0.6559509910248267
0.5838041760048674
0.5669921894515296
0.5078495813679339
0.42774614747387324
0.4059539300689011
0.40191055058062675
0.4000728513738742
0.5201316149154125
0.4754812275745543
0.5512851033116453
0.39492049881278385
0.3995769404867218
0.39410904627311566
0.40081177537954815
0.41436194699823875
0.37013719317716004
0.3720272416639258
0.3449596887429279
0.3379545624136519
0.3582358145210082
0.4013105833600336
0.3278968479063768
0.3698862229722838
0.37940540417142327
0.3470913797318671
0.3804288598995002
0.3409019288981271
0.35455186776845493
0.3518473524183584
0.3635312717315227
0.3624396494824138
0.34915340759341773
0.3381004905490663
0.3692314569918043
0.345553508994717
0.3676834129068642
0.38397763923692785
0.39306279757516155
0.3723623186126887
0.4470241943921964
0.43936050009455335
0.4465323155356193
0.48069033108834647
0.43586844955006465
0.4365707442690222
0.4531585197277734
0.4483991031439794
0.44575880922662314
0.4480899855751173
0.37057796100988205
0.4325778238994855
0.4695785916878653
0.46863762868127185
0.41946051682871077
0.3886607979058346
0.43986202255188395
0.4509593189992892
0.45467531998048805
0.46019599202107037
0.46135175049211236
0.44961775726488856
0.44993988286573716
0.3763031064027118
0.3589711685341789
0.37583781121158305
0.4016526304235818
0.44367215395579945
0.34210731819933365
0.33676325257143586
0.349068254010009
0.31427825869469017
0.31189083336068496
0.30125268563818264
0.2885985825100416
0.2833620817932151
0.2971983377992091
0.30090067815638183
0.2866954551742357
0.291031890183039
0.30373640398204493
0.30755115752238993
0.3327089887256435
0.32368762483386576
0.31107975314062575
0.3166461432034481
0.3278236779012565
0.31213988021627864
0.2904540232565968
0.31655850053532847
0.3354740370401421
0.31050740084974215
0.30698528765111466
0.28917135457334914
0.3088085065173349
0.3112359177717521
0.3288834578778975
0.3293388643215097
0.324392075114991
0.30656014947043236
0.293177900330031
0.28828109927061873
0.29503088702696517
0.3437503104257547
0.30491044221219804
0.3247253455638966
0.32393616299585515
0.33429835897027826
0.34027298556148794
0.3557974897172367
0.37606834851352156
0.3452751898547129
0.34330235302693846
0.3220693695629622
0.3489963176165428
0.3336752520890479
0.35070036435082186
0.3547787625410131
0.3595309676925707
0.3487231195619624
0.3461004705730068
0.3342928354823113
0.3382853685331387
0.33335926315982
0.3065716751840106
0.30448497474709085
0.31365819205471096
0.30609229869739135
0.307488727188016
0.3407285157552636
0.34354760999515943
0.3755920167240219
0.31718379274705716
0.32157350621816055
0.3120752394314971
0.33140026412481394
0.38222883584103795
0.45058953526875467
0.4059687497889826
0.44484471580151175
0.4312663976687819
0.45797349328576875
0.394069272854493
0.36901469045596175
0.3586253143377128
0.375411916761859
0.374261032463483
0.332135620658717
0.3245716947165919
0.29942762199611866
0.2886529620402899
0.2978266026250936
0.31767128102191494
0.32284955672571164
0.32764391931337883
0.3335828388815473
0.31764864975108653
0.3112166292290723
0.29405912098932135
0.29093615465425166
0.42822800745314044
0.3582667545247427
0.47577380578480244
0.3754601767525285
0.4301387420119956
0.33694335611046417
0.44317513020375743
0.383703513218727
0.4079498043807843
0.2892842892381078
0.3122735995916374
0.2826076937977966
0.28571593323108874
0.28582894364143846
0.2900040208764638
0.2874262116518849
0.2913465593585718
0.29081935412445825
0.29004210597937174
0.2937283414883756
0.2904850784615337
0.28698274913443267
0.29275399135907415
0.29295895266637995
0.40126667372368946
0.41128635283133375
0.40951246992117846
0.4124018423312364
0.41561164812206525
0.4193962818957878
0.44410714572986715
0.43832556883104795
0.4152726880033572
0.4137542802106728
0.4211191663622565
0.4188709282584729
0.413929748281757
0.42077644786591917
0.42413600156739906
0.42568654705747055
0.4167285806901366
0.42162121923232726
0.4183003735622787
0.4317825970424681
0.43289463697750485
0.43623429147156484
0.43571622996234866
0.410352592768769
0.4133171333698931
0.41428733370784154
0.41571401411793124
0.4263471823624062
0.41786161983727155
0.41791529751826134
0.4428928106232933
0.4337988799540343
0.4335630018988755
0.42753209491224714
0.4226758675455977
0.4247256221151968
0.4137592286489343
0.4227508436888475
0.4175690600332645
0.42105676705091033
0.41812336794399324
0.4256487496870695
0.418953215460772
0.4188831653423337
0.4187827833198279
0.4137185322666738
0.4135818218461788
0.417720192024986
0.41961053974926243
0.41401523011313507
0.41210768052317376
0.4124384925950087
0.4125749814275696
0.4160547420737236
0.4185442729649421
0.4154786952648246
0.41845576427950615
0.4157704043214938
0.41763844095348523
0.414644941638229
0.4178312912623621
0.41898923675823063
0.4249640495779975
0.4207358196013134
0.42346618334578
0.4186973398465589
0.42305097059168345
0.4221786410969393
0.4229002300411286
0.42037583725270267
0.42257075677709705
0.42460340293888466
0.42410392761156296
0.42521396455845906
0.4211211280728525
0.42146552431793854
0.4190879135831805
0.41943272253477754
0.4232123028499199
0.42438353112130384
0.4233383982782426
0.42449490504472276
0.4192905291157643
0.4149949925039686
0.4333530051296282
0.44378843817110786
0.5429440923643055
0.48327167924556025
0.458394030129025
0.4988832944191008
0.48606088620252874
0.48443873520417796
0.5145216466075068
0.45036747630352186
0.448692067694094
0.44526994908399775
0.44846556448264613
0.4821151833444873
0.4688451004084215
0.4688181710112112
0.533337354769113
0.5057168525705654
0.4827770094765606
0.4817815733268166
0.46157560282825244
0.45576190561244684
0.4879209517387832
0.4954068207395044
0.4547544430778819
0.4888444224455114
0.47022698736994156
0.4610873787434645
0.4742374749636636
0.4798828665748253
0.4642204099557493
0.47830931307596253
0.45801143816380996
0.47546463971907665
0.47130776940841296
0.4546534563353587
0.4730484890281519
0.47670391901326187
0.4777312180280102
0.4626441024050669
0.49714656649307004
0.4595043875476236
0.4185459038789568
0.43524352863936666
0.4392122708640759
0.48574925602287833
0.4747503316067364
0.4682736557192141
0.484959843644302
0.46521726191204527
0.4912843461337063
0.4714485485505158
0.45369851288908225
0.40854668009515055
0.3927898985952483
0.40593742163956326
0.38298430932121724
0.3725551021137512
0.3982915853912394
0.3659332680556917
0.37443347309423447
0.36637700575525906
0.3773792654778738
0.3391151779164029
0.34647273297225745
0.3220076711805799
0.3298476288730364
0.3097295254174886
0.3163127492356873
0.31962983312260795
0.2963520582527957
0.29156991242184105
0.28713750987870257
0.28900583219564996
0.3156322824045536
0.3106992511300711
0.3134962215848141
0.3115840919436971
0.3149092266682492
0.3156376637907685
0.3154870464773368
0.3153513525985704
0.3149726956476747
0.315594693854406
0.31484375598083447
0.31549024882654636
0.31486861746774963
0.31548421476662375
0.3148989197433597
0.3148578372552109
0.31542117158992566
0.31536867798431617
0.31541628683202977
0.31546202758091313
0.31494367759489117
0.31485740245678695
0.31540797397949344
0.3153621433158609
0.31542577326273163
0.31487943762816145
0.3154168175451764
0.31488584311964085
0.3154085817801909
0.31559719503536965
0.3150036129271286
0.3156214864791496
0.31506580406481155
0.3156110314618072
0.3154412844372069
0.31565261764468033
0.3154499616570973
0.31565488115855694
0.3149975171566902
0.3154210978402117
0.31503420414877825
0.31561920890117817
0.31499202713624064
0.31561189105371634
0.3149891446405891
0.3155243082434312
0.3150320804631797
0.31561792097512475
0.31544332900357497
0.3156531358318319
0.3154502723293888
0.3155684330224692
0.31504084738919164
0.31562095300311166
0.31499241640683134
0.31561207872228036
0.3149891871860619
0.3155243427526847
0.31503204575578764
0.3156179194282403
0.31499139771235257
0.3156116873918141
0.31498904556860213
0.31552426856275234
0.3150320452736463
0.31553130984023053
0.3154934049313218
0.31566032470562544
0.31499965034926397
0.3156145297942157
0.3154417552194601
0.3156526114173135
0.31545002774475256
0.3156549021871849
0.3154509901503029
0.3155686533536382
0.315040896483992
0.3156209900213819
0.31499243565940527
0.31561209553500286
0.3149891701908026
0.31561085030951463
0.3149887533294271
0.315524176551857
0.31511124959917797
0.315618388799858
0.31499218090758746
0.3155255697545851
0.31503239609625305
0.3156180674753369
0.3149914774855042
0.31561171123757936
0.31544052977702114
0.3156522635564826
0.3149966367090328
0.31561340429572354
0.31506620744055674
0.3156115074255591
0.31498956878651063
0.3156111150566127
0.3149887796729875
0.3155241990585243
0.3150319630906907
0.31561791358290797
0.3149913874531563
0.3156116871195781
0.31544050870613183
0.31565225649314504
0.31499665795984044
0.31552686713144945
0.3150328699846251
0.3155316604613934
0.3150348008121854
0.3155323646007878
0.3150350573912533
0.31561905126213746
0.31499179718509435
0.3155253207911008
0.31503242130443165
0.31553145739556343
0.3154934124080166
0.3156603564048845
0.31499962761670425
0.3155280110535601
0.31503328966325644
0.3156183828172208
0.31499155943419066
0.3155117719245835
0.31499025108109435
0.3155116655458853
0.31499038097318693
0.31552521885314155
0.3150325940761359
0.31553146604832794
0.31503477946121855
0.31561891929588254
0.3149917733144771
0.3156118060309831
0.31555666336567295
0.31556616422221057
0.3150406477747369
0.3156210220380643
0.31499237090766924
0.3156120811261531
0.3150657635788357
0.31561135305104726
0.31498952698664395
0.3156111063605302
0.31498876671596815
0.31561073672798007
0.3149886664206959
0.31551046987082015
0.314989843354334
0.31561157539697676
0.31506585079420424
0.3156113079574464
0.31498954802804024
0.3156110936935112
