0.1633012822878266
0.18895741922604378
0.250534790353435
0.1924890558945972
0.270723239095109
0.31105886921757414
0.2454052599428517
0.10703478912228473
0.21955097997432033
0.18698080769810912
0.1422424693517091
0.1278378290554307
0.14047879719754555
0.12185504023586136
0.12424806171421689
0.11168080723587515
0.11234327340704425
0.16872086611582388
0.12063172385077463
0.09822800582368281
0.10939858864168481
0.13401905016558466
0.0960317985548593
0.09820118977896054
0.09466469548172728
0.10137962418399177
0.121427786368495
0.10860469847492255
0.10486812390305027
0.11347596788260611
0.11575500068936292
0.09509662313277666
0.12920345376915468
0.08823001824921287
0.11710075105093438
0.11083619228625925
0.10290108060593398
0.10704856597481571
0.1061986728139591
0.18248302884034576
0.1086498076637054
0.11465816396413879
0.11520462771285761
0.10940171020013925
0.08737539725032946
0.09913630773415154
0.10828660720314164
0.12163347985326643
0.12070259590751614
0.09876021976105964
0.1124598872806589
0.10364793537064279
0.10535339941166748
0.11794298755781853
0.14032120333881873
0.1071328226358685
0.11669225969132918
0.12275697242026462
0.10529773409347694
0.12892126423138128
0.08795406374677281
0.10397558008323457
0.15888026357160862
0.11103309398660156
0.12084543722650844
0.10633146929889029
0.10224213676436007
0.16922084448097913
0.10347236748625503
0.10422576264236276
0.09400032750530438
0.1257814824887115
0.11427696468592842
0.21411133192439027
0.2036189536504587
0.07951599511717497
0.17150073633829188
0.16709845229751022
0.09023096988154741
0.0885469296172963
0.0841594730977008
0.08667061466139712
0.09010768433533647
0.09088016063121589
0.10322451584986829
0.09868223107149342
0.20564382402643902
0.21345137079207338
0.08497103314574121
0.1006054040613703
0.24489041724574595
0.14067754214163616
0.20834134662819773
0.08181800239064183
0.1027276981006815
0.09634343311291224
0.11408233596228899
0.11579946060327728
0.33734819733633
0.21102816466586183
0.23991800123088902
0.07805785797264361
0.08433113510721664
0.30535744600850534
0.08959943132299215
0.09595310101175468
0.09788240023260833
0.09968300741323842
0.10353400189637851
0.11570099210690045
0.11878088630183237
0.09304207742629339
0.30491491852420044
0.10083867895021642
0.08319172933310862
0.10809485295070478
0.12034599910254404
0.1318715629899303
0.1060623125789433
0.110653056007214
0.09938590048760948
0.08842678673537246
0.1845143923650845
0.08995367498867897
0.08250351483837705
0.0894832567680094
0.08841078388714285
0.08516577737344624
0.08941773305381742
0.1286882039775416
0.11353530259337526
0.09410793069359152
0.09409446132248164
0.0924427152678859
0.105900999724515
0.11686335874437681
0.120756468393475
0.10732017616448641
0.11218983569452735
0.10302049964691307
0.16701667779311302
0.13151745236335313
0.10140362950087643
0.10548394038041949
0.11390865937105933
0.09070793848845178
0.11657771662051516
0.09286489166896718
0.14394246231314736
0.21433055413128616
0.08196499632741375
0.08640235811654408
0.09857067225438826
0.12275966068223419
0.1912168264458113
0.12892770746033824
0.12366886885959089
0.2073068223274028
0.2254782858767215
0.22572668538101817
0.07453818231456735
0.09716663265558897
0.08520865592896863
0.10283105391218905
0.10346466746594324
0.08519733422298278
0.09142335758491094
0.22964508001486997
0.18365387138736783
0.19982707323424267
0.2098733754976096
0.3196362157578395
0.22290120300227684
0.2712429286684625
0.21369084831783342
0.2273302968437817
0.20956485743043382
0.22841281892131682
0.22479959231816782
0.20850653599274524
0.21051829681541034
0.2294524922413838
0.24866419862126507
0.21477362595495242
0.2410391273397723
0.2124718776534344
0.23809711019804028
0.21469848490336735
0.2362081301445815
0.0855911354946116
0.09695309259010701
0.29429621411285306
0.19610805409282
0.23932894466590213
0.1963180740499232
0.19518998811584384
0.24476720241720376
0.2482332237672414
0.2216865690833775
0.1960854044954182
0.22681734190557712
0.22740722911049174
0.08108676365429666
0.09173438582057092
0.08690637265469592
0.2678751086304025
0.21430435584761381
0.20614537372655653
0.24005278826777926
0.2152771876212939
0.22052162261052635
0.1988778503423125
0.23338519983720435
0.08244744813026056
0.09434323011882832
0.11657893284022204
0.2728774042218533
0.21121798218988566
0.2791161619212735
0.18256100174844464
0.26726446252724123
0.2040065986562816
0.2461597310306771
0.19147382636589866
0.23917542625468052
0.2490746932788302
0.2163449586897647
0.21019512782700533
0.27492543125242125
0.27067527576125594
0.2789361138188846
0.22097442746757903
0.2803343625149582
0.27392001668382265
0.2705529421892536
0.2800250584774038
0.27474478942978336
0.27122946164408
0.2601518638491455
0.27147952839843276
0.26140212818563097
0.24526615191616563
0.27472670673842986
0.2279291726228816
0.2771035974515252
0.2271251371303752
0.27508506107912145
0.2312965652239761
0.27548089905826173
0.22857375713373193
0.2347004403382339
0.2258987532312136
0.22751017663211395
0.22814576904702608
0.22392673637360913
0.20874510640817073
0.22797660890089053
0.20965551335730356
0.27925936719451305
0.2665991095138204
0.2608627010122113
0.2118615129990371
0.2213423888250016
0.22848108617040952
0.20703890880058506
0.20984548799973643
0.1839157565601965
0.08316835889444543
0.09393381082220503
0.2535639963601544
0.10178953469728809
0.10447982983186992
0.08683285328993352
0.14438203380652934
0.11617764397258513
0.0933409756083776
0.10187252981078149
0.10670951905371097
0.11617784186655039
0.135030149875011
0.17171658237654427
0.14867739775798108
0.15232652372305208
0.1850298067364692
0.17417327907327454
0.14531022533620006
0.1475854869605493
0.13752791447694723
0.13593113706522666
0.14170040158391004
0.15036294527188207
0.14852208855085175
0.1272663395040857
0.13798258268850006
0.13596462284028238
0.14758368113417852
0.13587035328038063
0.12013476283338109
0.1383749729540757
0.10571660349698254
0.13374760793335772
0.13682116819193946
0.1594910117822939
0.12609750500830208
0.09777253793749924
0.11820203299144769
0.11709806207939234
0.1274052502831243
0.13639652897230467
0.13563090130835256
0.14885000776628274
0.14673265886939893
0.13271991354521717
0.13334123714590604
0.13349358392765806
0.14075003257518315
0.13021537327213684
0.1489940270676693
0.144606721701629
0.1302177633262607
0.12672372850182959
0.11527935034552265
0.14684277847825755
0.15069928742770206
0.12595881044639265
0.1408930757500911
0.12342445610364586
0.12376962883663176
0.11747211543875638
0.12148310382344077
0.11402866916289973
0.11366427430283195
0.10433094016349573
0.11685979603685258
0.15833474961376098
0.11436340445650611
0.10301565429736743
0.2321404601085145
0.251163345733257
0.20504774679160784
0.23226687793729586
0.23886281374936974
0.24308336972505937
0.243109306167992
0.2449360068354673
0.2509142782822699
0.2501439787337117
0.24929600995620801
0.24893329455108332
0.24667116428650512
0.2462551724155694
0.2442708719050474
0.2454734443621514
0.24577828538115565
0.24410079108037155
0.24542932301702974
0.24575253403716682
0.24694253582749218
0.24594117853763564
0.24440538312485252
0.24815804248494064
0.25019283525837094
0.24762812702510514
0.24399694020304302
0.24601347634159793
0.24644787809324803
0.24789921804994036
0.24433731504747522
0.24739343699689798
0.24590528517136626
0.24784358745647372
0.24631084401948572
0.24579473676320637
0.246213303246576
0.24576686228687036
0.2482859715849778
0.24580773160139527
0.24853047341905626
0.24786639867453214
0.24627627186366835
0.2508272901505388
0.24638706668440033
0.2457722491755829
0.24622584895408192
0.24774909639448847
0.24814142717120746
0.24584270470741726
0.2463118849665182
0.24780591812061387
0.2484828123466059
0.24581443022929406
0.24649114859149485
0.2479788544310988
0.2471880784188081
0.24579057899943785
0.2470361754347139
0.2457101303686745
0.24819378435161538
0.24791979438476813
0.2512392484520046
0.24576717473423518
0.2462231818791064
0.24570715340399654
0.2462077145205169
0.24591913059814993
0.24925391599608507
0.2459840562340162
0.24654812244142701
0.24587774193430598
0.2531037935122481
0.24572891883328987
0.24847390494167135
0.24580832492804613
0.24649010005114452
0.24582782637425438
0.24649524861942404
0.24604699929220183
0.24638262369550948
0.24578885834702177
0.24623033708372769
0.24571016572714108
0.24620842030442588
0.24570066769111715
0.2462058927211903
0.2459183865561261
0.24837327048778246
0.24583476734473317
0.24826786471116294
0.2466972093804875
0.24631648011619997
0.24576621715472982
0.24622355288573308
0.24570731376051297
0.24932823091373657
0.2458056239138236
0.24831099257199052
0.24572027746149344
0.2462116874703612
0.24577157783746748
0.24621031003951047
0.24570205212270785
0.24701220351361927
0.24795922537336626
0.2463881456358582
0.24576505054553507
0.24622313254904474
0.2457071296610822
0.2503388288992354
0.24784638200050615
0.2462702550315842
0.24797990991727617
0.246317713350208
0.2467914180255346
0.2483706560193533
0.24881602377653148
0.24633140811640428
0.2458504575949101
0.24622574507351486
0.24592713411570666
0.2483549173632131
0.24598502727835703
0.24735446095205027
0.24587789210189592
0.24629000247224367
0.24587123167400937
0.24639678306265153
0.24576869525979503
0.2462243561034752
0.24570767369909347
0.24627676895997702
0.24782192210878345
0.24627639804299112
0.24672801322126553
0.24639006054218426
0.24598486172424017
0.2463293093810303
0.24871398612437598
0.24622543809213193
0.24570809704014562
0.2471967908611014
0.2480174134759786
0.24835892058546624
0.24586502849185096
0.24623012819868534
0.245710013849697
0.24824941014123894
0.24577033848404872
0.24620990929392933
0.24570187731481982
0.24620623081328724
0.24569956681578545
0.24628213897179904
0.24569931762047148
0.24635067532274235
0.24578016609549558
0.2482478800169597
0.24781049885110418
0.24620968640436666
0.24570179014747373
0.2464251217924987
