0.6494775626036936
0.6346139910397243
0.6337560435154516
0.6108642220654785
0.6108447113515565
0.6117718542916969
0.6136611071074294
0.6267710416320424
0.6121394008839642
0.6122574836427234
0.6115508609863655
0.6132792695035458
0.6107273433746256
0.6169309881472563
0.616437100667075
0.6208360213027111
0.6138448734496436
0.6168198475304214
0.6206316601164577
0.6186975124026909
0.6197536270453835
0.6252197066461151
0.639888865877058
0.6177412069366233
0.624806264693994
0.6364246886385865
0.6202677323072471
0.6167333603959636
0.6190856812992407
0.6254146814625192
0.6394823859497573
0.6229968981875326
0.6140026061703768
0.6192228111774007
0.6220864235323647
0.6163243728915817
0.6224783135014064
0.6422360919276584
0.6152743524432168
0.620564919562979
0.623613649267324
0.6160447749037345
0.6224463369567603
0.6262305767778444
0.6401371634794388
0.6230008524977179
0.6274190848122913
0.6412917130227184
0.627451811792939
0.6177321929691877
0.6191815748294243
0.6210906892931077
0.6302202055390089
0.5269880898970263
0.412092795872629
0.5478872075171097
0.5272725696913132
0.4738145843140911
0.5378014943311585
0.46763573192166014
0.47683663839807305
0.47860486305069566
0.5252079386379055
0.5756302946012525
0.5279685025386434
0.5080534709162756
0.48376864703736505
0.48299949342244397
0.48853549297597165
0.5355632617668109
0.49937665258977226
0.5232768806848824
0.5287941084295278
0.5462763190976744
0.5404727223285493
0.49768300171257523
0.5091928727020535
0.47793832716209395
0.4875476017183399
0.4955584276732402
0.5249932901066839
0.486461431000062
0.513782487671866
0.4996997107134411
0.5040277195720553
0.49117472893001746
0.545626783704974
0.6064633810556506
0.6130630431183526
0.41463474159820946
0.4604773957904373
0.5927818008078298
0.492291555890309
0.5859346502012812
0.44357551858121547
0.5605190428857154
0.5546466851519443
0.5311410303145773
0.49858850071046
0.5085446563923288
0.451253354377507
0.4619470442782137
0.45899274963560505
0.4991181436578037
0.5208545246086426
0.5041823948738652
0.4500068972278233
0.49239752328003633
0.4934935998530258
0.5136371612085358
0.4500475803820233
0.46926501041665336
0.47887020940775193
0.4359313562980385
0.4574294515809154
0.4238041849849481
0.4453027193902973
0.4350311644839929
0.3938644668540163
0.3904798731912425
0.41641469660644465
0.40822837335679785
0.40398605395147713
0.41392044530377053
0.4267631585923039
0.4332959431266126
0.4078582476593503
0.4271482892801415
0.4331612569125723
0.4022725808594354
0.4162934079661995
0.40389118050134376
0.4091285578916474
0.3994203588278705
0.43787358233748874
0.4507026644391427
0.45442735674505275
0.45831170754569195
0.44839054193423733
0.4505242625099822
0.4235412778592409
0.41279377925699656
0.4388325112302961
0.41704571554148606
0.4501143943157263
0.5620209083580228
0.43694645315999525
0.3804152781624047
0.4079062489904254
0.41143619152969924
0.3738340921416025
0.4168427421650023
0.41251714844114795
0.4311186648007292
0.45222684587712947
0.4528315766283719
0.458343386086154
0.44845675914932104
0.4555109270793931
0.5005220764368988
0.5029791970763187
0.5002254036034027
0.576350112657007
0.464394704291239
0.48250428262681033
0.47070973804124516
0.4311655419033792
0.44402268141682977
0.45014998582226406
0.42369055893069985
0.3753306844033676
0.4836276377868879
0.5105167393693872
0.5022688143961089
0.5059515339099233
0.48830637032867763
0.4674960068867336
0.5157641589214774
0.496713354946927
0.5415124244279699
0.5221383860801894
0.5615358689296196
0.5233615587741247
0.5934927121267385
0.5187466770669437
0.5273257513494746
0.4912520796777801
0.4571620394165935
0.5528344244338421
0.5338401825885465
0.5058211974376102
0.5063919254585334
0.5356150927978371
0.6063080249910031
0.6289102212731195
0.4906155871456064
0.5096617655289795
0.5163664849563013
0.5476277146098701
0.5598875300973534
0.6109402707428719
0.5771307114510833
0.6146341935690292
0.5637222533773409
0.6117004251976095
0.490495185861155
0.519118055963116
0.5389056274931681
0.5391791742143647
0.5602351606342656
0.5247427353728746
0.48602710285359335
0.47852144117259376
0.4937900586559837
0.5161732217868724
0.5655387223435229
0.5262976574129234
0.5629647601061278
0.5280652135439587
0.4917522577835892
0.569032026485254
0.5383925725727293
0.468100511614044
0.48978523770833715
0.5626595803655983
0.5225407920708155
0.44389324826066767
0.45194088552599343
0.45537477075875443
0.46288926398501423
0.5623258989582824
0.49997976768256047
0.5143997692092599
0.5165151530539291
0.49718681164073575
0.5297599487200711
0.5385105054751825
0.4783267820711275
0.5685498396538662
0.521465662653101
0.5774376990958783
0.46818723651320115
0.5567873515439643
0.507019943379528
0.5367432425553131
0.49058507351554853
0.5249325991541234
0.5130912278077848
0.5104884596818514
0.5201309963032307
0.5085100356971948
0.4663100749322532
0.5365388934836897
0.49251393776111774
0.5179650931963309
0.5417990006297981
0.5377883790566729
0.5576643622630604
0.5259729751412576
0.5415617349092667
0.5087163004444291
0.5507293360537172
0.5194005596376507
0.5811889223891102
0.511671781174065
0.5648273124519471
0.5184651154275131
0.5541852245772751
0.5676934427945693
0.5329880347144406
0.5589651310503276
0.5185790309253924
0.5635740379282022
0.5272303065659851
0.5628494800252605
0.5307469891181034
0.5617974627885207
0.5237900809735182
0.5454019584084856
0.5000325356283872
0.5423189683692022
0.5653403827326982
0.4927870320570773
0.5853239006019569
0.5669775726937281
0.5233137288506479
0.5623444434863194
0.5266887585928717
0.5471275235738569
0.499110499888351
0.5859993301246886
0.501272714072256
0.5335195264084169
0.5293393137308807
0.5307402770638918
0.5369083201516758
0.5105357685429641
0.5382587354069999
0.5095674011335082
0.5469938099506595
0.5969034637527588
0.5398652993459839
0.5704306664541154
0.5572415845469408
0.5669707071508661
0.5699056676637304
0.5173788424462342
0.5490064173251701
0.5313151928624831
0.5575461537768479
0.5431252761198365
0.5773582024204735
0.5310991500047224
0.5835682423575961
0.588049420300346
0.5283713584172036
0.4558085321159567
0.5577690133962152
0.5406818169861003
0.581147613067932
0.491861202469722
0.5655268535628113
0.5081124830412315
0.4891942393650111
0.5004556480176439
0.499742922223281
0.46544626717056686
0.48852769053699985
0.4633309033314541
0.4556579252195856
0.454579223014577
0.48791942864534976
0.49143378107539937
0.48922938795033366
0.4952897489143612
0.5445421015044313
0.46380064432758406
0.5567012020282158
0.5609961823505998
0.5308769654053519
0.5395596310630286
0.5071415512286165
0.5621094604120818
0.48110018107287666
0.46087959991965943
0.4650581465370502
0.5111019604342979
0.5054783482701181
0.43909666698250094
0.4926699676278716
0.5439952289918997
0.5656926822117816
0.47736316926513234
0.4531924753282618
0.5523444714347597
0.4955005678943847
0.5428384900735617
0.5761858788627559
0.5095656474432986
0.5190435168906
0.548035670468004
0.508756622952572
0.5316126417881142
0.5019857652312176
0.5150344076850234
0.4725046610922345
0.5094728829279587
0.5134813907801896
0.48394586674232903
0.4812449277595926
0.4627012140635345
0.48036474317754474
0.5549212548366778
0.49941524891332245
0.4949969224064079
0.4921446318139603
0.5267262023270778
0.576822576996298
0.5611723402430755
0.6045730159400853
0.53936450786984
0.5688185479650119
0.5086280713927716
0.5570548942007729
0.588204981206243
0.5676352796423811
0.5226811282935077
0.588319757103172
0.5574777251697398
0.6038323554043044
0.5695442134865407
0.5732411499595531
0.5901960027662057
0.5812877961556109
0.5802352102253503
0.564504743776266
0.5421919620319275
0.5258116428607167
0.5382694297381377
0.4903190981753047
0.49394880298308413
0.4857622096042462
0.4926152604224547
0.486975369086611
0.48133491984052956
0.47668787715654803
0.4821381515064558
0.47945041193488414
0.48965929596168706
0.48370216057857673
0.4887158919934441
0.5210326254764425
0.5439340148310359
0.583760041505405
0.5630590447255264
0.6117647630740546
0.5171787666669528
0.5265596360689314
0.574814649384225
0.4793615214875991
0.5255043498403801
0.496140386743412
0.44396241179801854
0.48637367530539377
0.43386236379937804
0.47013763142771203
0.4684982477758342
0.4686038413886399
0.43676103755791795
0.45775520557224136
0.4517967473082197
0.505371139840536
0.6453162584416496
0.487341366953024
0.4778064280586407
0.4591817800606798
0.4928359947684055
0.47963451429674553
0.5007414791698576
0.4467046235129748
0.4867460828296689
0.47390577880979357
0.5242761331318826
0.4892939869192169
0.4968678717314008
0.44925001874478787
0.4642552295012251
0.46906591659772984
0.5118760125409008
0.4508182415372421
0.44327227422519644
0.4728683355640825
0.5322689050156204
0.6027081452921035
0.47467206091956465
0.48690839083292237
0.49386677973231496
0.500295693991373
0.47330619833776616
0.5496842451101056
0.5086124727108076
0.5077862767450917
0.521046025103286
0.47620132213575284
0.4756884305703112
0.5033352421649485
0.5466934640467616
0.4613958852032509
0.5093950835878358
0.471501526617986
0.4911023703365678
0.4852075725067365
0.5140934580816793
0.47845003438329187
0.47232755460125186
0.4659678907479893
0.4895231837432361
0.5755039621487266
0.5543401350421447
0.4667668030306612
0.43794987364717514
0.43019272040646717
0.5395539059850294
0.4972153669905991
0.5535011415465863
0.4728584582224502
0.4756573073477385
0.5016969674225547
0.5011022025053957
0.512088344327072
0.4911997914955537
0.501265976351112
0.5109914830543387
0.46896339457901226
0.5146751411670896
0.5027547595684235
0.5328259314125328
0.5721997555619662
0.5346769874861205
0.5392544403532497
