998.5370232227389
766.320248245034
733.298140693508
575.4731938908054
416.41149922932163
357.12912490039884
346.4931821778961
353.78272970035465
625.1061126739074
460.3191140657074
637.7151751287382
290.1845236098291
291.72138703668145
275.3615362538981
254.4373355482989
253.08684325224485
220.30111495953815
212.69975080209377
165.70553855014987
169.17735949228995
190.89149013113638
267.35981072530035
151.6270784650986
219.32344216405613
225.71375788292696
165.98949665775183
202.3307347857676
158.734053012094
170.24443602043797
176.0221987816342
183.3922217961511
196.86582398374117
194.52595481307208
182.69941281655096
247.49133632103135
184.85447257139617
226.456457215254
219.09816065712127
251.01986130495416
209.33062588037185
218.95690134118823
288.8518861445486
315.2107405026001
374.3185092512283
305.57860369943506
319.0779475868988
341.7526580029573
333.8777103280803
330.55955859321955
315.86883121425905
189.05917499483272
295.35476460037086
352.7875050725188
386.7788764352
208.4808519354956
199.103127152154
301.8813136035174
321.4183345201182
343.0159932616918
361.9519445960573
341.90773722764783
378.3201392630491
374.755478209393
143.32499950085855
163.84953203862653
170.89906324797292
200.05730916763537
273.7944411891563
159.3135152684612
162.5284953205016
170.54134700574892
141.41692263168835
135.6987772447677
122.6885744838901
126.20939701158952
122.52876042548105
145.70638042559082
139.16618774360725
125.20901543009461
129.05380893820578
136.48260842057383
134.33676347909136
150.93269237167183
154.6536107845752
150.2543887188516
154.20854345415609
152.55948649587563
143.13741287491607
126.93081674261865
145.38792809208465
169.2450328077798
147.71504372017284
139.92488503061918
122.96869389674829
143.49056584358803
150.9481140820515
166.9856744307981
162.01876994590612
145.2085448773952
151.6601638066462
138.4093326376681
128.31928412751594
127.80395675366921
188.03535604757732
139.25906460810205
161.2120955348799
145.50582255965247
168.3641385847538
150.92053273643847
178.03444761667004
191.6513301582365
159.97027597432594
164.3605533816319
150.55864854093713
191.97962484787433
175.3849597941732
189.54922998141
206.3932288486799
201.36790013792245
167.39896147438404
176.5190082883917
171.07615324907047
170.1143993257642
160.74630360326742
136.9666014771366
136.1346462436176
146.29920715958653
118.76419295433536
142.0641909528569
169.17889470871646
168.46294424373156
214.21556254616883
145.76431596940614
132.3504118347639
151.19776650700413
164.5983110617892
231.51945222186987
340.2680610588366
290.37407017707426
365.3252310433617
339.41485590409843
231.31130429460887
218.18035878626668
183.3995977620865
166.70770620937168
208.04800734461404
198.05202736231826
167.22081857532862
150.8985666086742
141.64041808286836
128.15040403875798
145.30082338108156
154.05970705065906
168.34818790918337
153.56068956157804
152.937252133641
134.58409876197817
130.7577870760402
131.53480640865058
128.4905054187933
392.25213158881894
206.81974803830553
444.41417158750465
216.6649677941483
367.60639147918806
164.07087995076745
368.74853074609814
228.95161127362653
333.9194129440728
127.02467453604525
167.19987921970196
122.5220049744985
132.8205747712764
124.62669240145483
132.15294935013137
123.35392855307893
127.6604594498638
131.92017004179175
124.08153571849375
130.01094806087286
131.44489475673342
123.44237762699412
128.17457718662527
128.3848041078654
339.53276538377395
347.84173437881356
357.3416476021252
351.577942020435
375.36233826918664
371.0927819109754
419.6516680217238
383.17381587084003
353.0416455723073
368.1277020677967
383.9368505503497
401.0396006169429
377.1865449280035
392.27705694246947
392.53450057760233
376.33009214949413
391.5759272105844
384.6368219461136
374.03632672935726
395.2158051234919
384.9189040157347
391.5903295726608
349.36852051096866
358.70776933057505
367.1392002994027
373.8495937838455
372.86581912517863
377.21810800024616
390.1512987290283
372.6451338238335
421.62058886313713
372.51246720200993
357.501692995385
382.7635094914131
375.0384869266925
395.93815522115796
379.77529003045777
390.4130694442293
385.27596971129367
389.1753065090098
395.90414673597195
384.5210319814297
388.0773915329299
373.6353943399704
378.15671889373095
373.9650446643071
372.2735909697358
381.2243146497131
383.01178391971
373.8735256436631
369.1607793060869
369.9652930383031
370.2480434302577
380.7655159878258
386.04854356738093
383.1332626628622
387.91332102532573
384.5566173179403
372.0490122631423
385.0658588329145
384.06883070421
400.11683995499703
390.4273614372811
403.20636762314655
389.2010470408311
400.971331592995
390.5924409726029
404.52584197751423
390.7067041767357
384.97250512804266
382.8735069646526
384.3393574455733
384.30386222398784
384.2696425971912
376.1829154436862
391.2973834592718
397.17234066930905
397.28707861578533
392.686970232804
395.56410035215765
385.8324045558413
399.1140731907649
376.642965609485
369.84095537664984
400.7546119274169
406.8843308177518
744.5479428450922
495.68334210199663
404.5682118839223
479.3108493542701
418.6747105983115
391.83107292235
427.1649001887725
391.9708166884096
407.16363322705786
398.1859875857668
371.6707444639152
388.1133666654608
446.5779378504355
340.60356904114303
452.00059268067037
388.6150935525596
374.792292827542
328.2329294749899
358.29490668277094
346.1576772891645
384.70832975302494
354.40292069072285
336.8323258881575
358.977673831814
377.3551412489932
299.8631773497214
357.51411380684704
343.21257690498754
349.9219911064325
362.7910210586044
348.10346084219
401.1126820922616
404.62318499328757
358.2241162398403
372.5324601475176
387.06918192484153
388.5262803595915
439.4057265637515
528.6272430093085
385.0207341911586
240.9955065251577
296.0817318946051
298.9204618717412
344.2292803893436
323.2812252704409
282.6539403882448
341.39403272818043
247.40875895556374
298.3765156296009
187.62775553866848
221.1855007480094
218.89839416015263
174.88802429979305
207.9101679406508
182.52785449272665
194.45631367721458
215.83355769686455
176.25272166520236
170.77579810771405
178.08751120283455
166.40174039298398
152.30668476927633
154.13770849590387
148.91976986803886
155.32196592610708
153.50379669633298
156.67126607366262
144.56082053687646
133.9999906540711
136.3970000065186
135.77856505207615
133.96167599484255
161.4028297155872
156.827326103951
153.07952171785254
152.96003344346374
155.2842587634489
154.19044732071657
153.46899805138784
153.02819673885705
152.81140889894468
152.8014272218373
152.66958888514105
152.7812602722836
152.57441164512926
152.70363574580992
152.63010130983474
152.56295964733778
152.6849500591373
152.64662969179798
152.734518638859
152.75307869242525
152.65172654692353
152.53589529532118
152.66991630090865
152.64355377321854
152.75362365977273
152.6008195890536
152.70028569233446
152.63119174282187
152.69507193452264
152.79698766294553
152.66691681153713
152.75124928021958
152.65027694442335
152.74056930115194
152.7042180793266
152.8126700503687
152.72117497911435
152.81837722405484
152.6625619981655
152.63914503986365
152.7225615211943
152.758314658891
152.64940132908228
152.74081462247162
152.6430441638333
152.677024077009
152.71786894779484
152.75593954770673
152.70892471841458
152.8142591073794
152.72184632866552
152.75688543452475
152.73839642576297
152.76317852514904
152.6510156490525
152.74144367750156
152.64325879135072
152.67712180212501
152.71787176092704
152.75594340954888
152.64843930636522
152.74048323058156
152.64291071604862
152.67697505540372
152.7178340022415
152.69433864558553
152.7855515499131
152.83207192244697
152.6675083117875
152.74719532391347
152.70576839738678
152.81310680244687
152.7214109374687
152.81845386119255
152.72332526396062
152.75743086164093
152.7385767242871
152.76325622930875
152.6510449862704
152.74146271282908
152.64325437537408
152.7385688124653
152.64221638206277
152.6767304851587
152.7237902025518
152.75789109467956
152.64980353977447
152.67961730195788
152.71872688302057
152.7562716431753
152.64857387393857
152.7405285220852
152.7033391539448
152.81223377770405
152.66038502836318
152.7445691191043
152.65042726343154
152.74096367219957
152.64371991154957
152.73884887096142
152.64225499658923
152.6767562959836
152.71771878575984
152.75590810702639
152.6484194685663
152.74047630673425
152.70331579580838
152.81222362461014
152.66040180472706
152.68307113254144
152.71998249152708
152.69515753312737
152.72436676382497
152.69675078691117
152.7249557985613
152.75856215927527
152.64939165852434
152.67936927322026
152.7187138163841
152.69466788233933
152.78562950377457
152.8321274274417
152.6675046894295
152.6857023189297
152.7209546734287
152.7570869824663
152.64884768388458
152.69806390000815
152.64524924334032
152.69731278372728
152.6450602143255
152.6783685588371
152.71845575510298
152.69453179928425
152.7241618153243
152.7582505622676
152.6492918854962
152.7407798855172
152.73096462676043
152.75254848894562
152.73747440659548
152.76294688497478
152.65087031487224
152.74140520702662
152.6493185775895
152.74056099503747
152.64358220839807
152.73880120050214
152.64223112657396
152.73821980429065
152.64204895369056
152.6954869716638
152.64431931461837
152.7395747199501
152.64875259793607
152.74031673000263
152.64351377272698
152.73875805027345
