0.32086818999844147
0.3180301591938086
0.31899901530146785
0.31504018717787274
0.31834048626308725
0.3213917605132904
0.3260123382994545
0.35892883821898114
0.3134720815999602
0.3293887001200588
0.3313415354742892
0.33429978594202175
0.3177834906964037
0.3352438587830669
0.3394662829113187
0.3499601065881927
0.3215474492621368
0.33826587660164426
0.3474945253056826
0.32495588567978917
0.3419590622326949
0.3550126735634468
0.38859432350606216
0.3403093488090861
0.3544159765565256
0.3833344950587301
0.32436002952831333
0.33318173800508605
0.34193544910115153
0.35543921756581937
0.38716696011803714
0.34575273461315076
0.3212311868344505
0.3412018250463921
0.34943019821011717
0.32458464419042565
0.34699098862665084
0.39321818579456064
0.3332542215339779
0.3429006333910172
0.351819415523052
0.32527580950665663
0.34514686270580625
0.35628309194823576
0.3867088208613076
0.3480189428376927
0.35632280422160956
0.38866022204997164
0.3543499166286163
0.3318009748385543
0.3390550394808715
0.3440159525928348
0.3704335174162309
0.2983424262174836
0.19342240732967755
0.31215870885790525
0.3015218344267877
0.2546451329302825
0.312247113968053
0.24260718154888833
0.256081899881469
0.26689589118683893
0.33687596513784057
0.3219984396331845
0.3145639977472029
0.3239502074202234
0.2763913600722685
0.31239076681280914
0.3236069577825439
0.3506940725068026
0.31837749576869645
0.36755328521244907
0.3475706276513954
0.38804540779795244
0.3749753882784702
0.31679706303259303
0.33911253442752165
0.28568080745999586
0.32240127555648534
0.33344413551746765
0.34275401363541247
0.30796225164121166
0.34141947837221864
0.32286901319003963
0.33827695180918327
0.32524657415499725
0.39836764780864714
0.468260466415267
0.4771175667530711
0.230204599887765
0.3013154784138058
0.4362719775227902
0.33412523922714804
0.44887108528331426
0.2753735829826269
0.42851069644889606
0.3896020953739425
0.4095183675983049
0.33600054986098055
0.3239666971854373
0.31358844059815427
0.3278808773790853
0.34838116348478393
0.3709663682579155
0.34008868995585206
0.32646659963103464
0.3410962718625548
0.42243225501104664
0.4046158566007468
0.4229294063232647
0.3503450869899942
0.38948720461345404
0.3520181421568218
0.31607307365779636
0.33063743017452324
0.3111789484065752
0.314735441737762
0.2834772000623113
0.29463217464432306
0.2597076345402746
0.3017151017131274
0.30309376617841954
0.3096840515775664
0.3328688953125706
0.3247231432551058
0.331649666683772
0.3060155727129394
0.2911287369978323
0.3022305822510456
0.3044506062218526
0.30525070305147
0.25956537754483267
0.30425309769924436
0.27906701009234763
0.3202538715768494
0.31130445846258226
0.3169064582433539
0.32779794502229936
0.33508842758097274
0.32698513166918514
0.31460311708809463
0.28921945275092276
0.29917860558433107
0.31822766375047234
0.3674583657095611
0.4141095634688537
0.35900738695882295
0.2974293355624988
0.3438463310761815
0.35456640733484934
0.3099366773720111
0.32802653930695597
0.3119293257610096
0.30856967454501805
0.3188081476057956
0.3291643552451648
0.33703445503455115
0.33218886659493274
0.34857487789298425
0.4199137970207009
0.4105556871477756
0.4330668566479359
0.5200816359927293
0.37754246627107096
0.39719836339196707
0.37305037218517484
0.36465088060899153
0.35247723661546926
0.3685128379275073
0.32830250807182304
0.2953906546950313
0.35355472493868284
0.3682035802626782
0.3833453365770315
0.37695178015593206
0.36552074716108296
0.35517332922521294
0.3772741441422293
0.36237522017381507
0.4273268114651496
0.4318409691025355
0.5141578104009227
0.4721185231716617
0.5320982740771311
0.40372167609279724
0.4287909041023702
0.403089362637041
0.3620838236217741
0.4225035068552102
0.4321400628413453
0.4130850056053089
0.4472852675747398
0.47424955936188784
0.5813027437709793
0.5872278251680425
0.4565415156354924
0.4800573621165644
0.47063725302671816
0.5087870284203907
0.5420094375824956
0.5780305042389082
0.6254079764836238
0.5358451326390973
0.5593032762215209
0.5651002260565643
0.44586548691684746
0.4015109053723487
0.4072966663748404
0.4261174716400495
0.4398217595365236
0.39892268894535743
0.3586092629521805
0.3658421103989886
0.37321001205141097
0.39669893852750104
0.43115172997379186
0.42145855148690464
0.46045484247619817
0.5035439382078584
0.45499153829837236
0.4760064756023776
0.45160738528276373
0.4174676455967414
0.435308153047714
0.4960262569006526
0.41057496352568906
0.360017386886212
0.36351046259941894
0.37430760584051564
0.37482985302758853
0.47844869325536227
0.423520937413617
0.4491987248937399
0.42066956734729716
0.4551182914040864
0.4571544697618848
0.46677199597595764
0.4341590472957696
0.4856021818472116
0.46990986016445047
0.5009713448135701
0.42945139886548184
0.48221060477650474
0.4612357024382567
0.4605078126771085
0.4192571042701216
0.41426443905891963
0.421319915387478
0.40015615100624713
0.4263167393279567
0.38727077994849857
0.35821632233113576
0.3895986110683627
0.36267283165704595
0.41032147020821436
0.4467435345837883
0.4428745577504526
0.4437434719659381
0.4314144852824733
0.44840661976043056
0.40481697942180717
0.41726728561271503
0.4347544150148469
0.4567479574622751
0.4197212695563519
0.4509758036026791
0.42031158928059464
0.4463348233099767
0.4596610304300304
0.4533336619743326
0.4406906262616128
0.4470009191819399
0.44939831620001963
0.4508438912841728
0.4507917662172011
0.44852472212944994
0.44750125451923717
0.43245376416303083
0.45099477168530266
0.3988349095082793
0.454638941878103
0.49016987096130493
0.44225502429278735
0.5069864056358783
0.47964318439194004
0.4404021025266409
0.4617328259375705
0.4431589652406992
0.4418546840175807
0.43511680951739296
0.49580162610560746
0.4469713605187127
0.4571635752540821
0.43306953260461856
0.46947757342718194
0.46005006646102287
0.44567334729683206
0.4367799381188928
0.40221641132663033
0.5245784578739655
0.48666933398685713
0.465954873126149
0.4731827498680326
0.4576960340920434
0.48619702618882726
0.4758838123564973
0.4669274713709748
0.44513663416522287
0.47451557417085927
0.44867604984463055
0.4839785077222728
0.4723162938309362
0.4609590402055479
0.49873810579586686
0.4798340957527684
0.4207244386336331
0.3925497945424714
0.4188300540279046
0.47626860759546197
0.46929516451479125
0.4364726582668507
0.47250702768716374
0.3973831474677106
0.40226989776568245
0.4061562447957584
0.40654125111308936
0.33714184253772095
0.3566004078981357
0.34335286674984455
0.30130065979597787
0.3332912593245803
0.37417433542279877
0.3281197182739153
0.3698897813533535
0.37547833881362974
0.39558920069815834
0.3556067098940321
0.4326607198882535
0.44653765704062953
0.4341893025938424
0.4110070328282586
0.396405328233072
0.39972230837749134
0.3485119929298505
0.3432524013749492
0.3556398455164602
0.39538734766901285
0.3704537708555859
0.3549085509074031
0.36618202338105577
0.42605520759923105
0.47600353160176634
0.3953990829643714
0.3636291867790275
0.40520444313460696
0.41697852361252996
0.4511729781116635
0.45327803338274064
0.41071744465922794
0.4134265028917211
0.41546485058476607
0.39977103534060404
0.4103993237552565
0.42152155976916306
0.4177312262764882
0.3859649970917429
0.4380732893239418
0.4265685653271802
0.4051001273941008
0.37941194419878405
0.3880082408032523
0.39724729512714496
0.4724589821447816
0.4389143662180253
0.4882552181789392
0.4899429526647253
0.4703541160654712
0.5009339512555038
0.4944093623417477
0.4988581961461473
0.48389971496227674
0.5081849568895066
0.409935501165365
0.5047069902092322
0.5050910573230417
0.513146479239823
0.47157163207040403
0.5291329060908
0.4973124573717442
0.568512161841312
0.5222133115155955
0.549734617245331
0.5324452125979485
0.5417191341131784
0.520202041426822
0.5539372628469234
0.5043783433163346
0.48647594539486794
0.39537663844859994
0.388953840370909
0.3773210320694014
0.380060728703855
0.3940010293560931
0.3811833977710473
0.38385786852234083
0.379771523784164
0.3787603139693191
0.3738794756674727
0.3907500791222202
0.3845315261436592
0.39538376223323596
0.46703614992658216
0.4723964473059034
0.5455505103481222
0.5454476656127402
0.5829541229411649
0.5101284388893812
0.48203445892558683
0.45207054706483646
0.40438880613101824
0.408890393969914
0.3967972098225873
0.32581041296374663
0.3714733397030513
0.326694518927324
0.36065259791080223
0.3388239971926852
0.36903032044827805
0.3241976202278337
0.33691967587628485
0.33923980629835615
0.4112861066605797
0.5493102099505587
0.4063744674186258
0.37271761104710754
0.3297421781510661
0.3842514912691312
0.4005724723650002
0.4455969483549287
0.34337067647044667
0.37744441676918433
0.34822376782020276
0.41025759736938905
0.4091346252761824
0.4079121857103962
0.33195169411249065
0.375494116713504
0.34567148428347877
0.39944030948431686
0.3347370177349105
0.3529881670790062
0.36332462081659583
0.44437986446981187
0.4900232123955933
0.38937337765655733
0.38607117563418625
0.4040340531024522
0.39799796228401557
0.40787390221049263
0.4333050351505019
0.40091505586082904
0.397093033097476
0.39572832240337114
0.38688653463363887
0.3798953559138456
0.42539147073898603
0.4070070582993336
0.3833100652015386
0.3744212465570217
0.38423009665511215
0.3737130853167439
0.34785788089520703
0.37813412419731657
0.37533445051391634
0.38341194650995664
0.3851686079689814
0.38775414827804183
0.48167189309736225
0.47877263400406445
0.3785931070657378
0.36813351569037167
0.3459287512492816
0.41364593631281055
0.40584010555923306
0.51763716084107
0.3737923589376825
0.38785950235497907
0.41098544293783573
0.42124986422137933
0.43686307234476685
0.4300531063746446
0.43888428894642995
0.46308484585041676
0.4472309873661182
0.4547828095638696
0.47032184538496336
0.5059790540906817
0.48999671096416136
0.4521380422644923
0.4688414437223395
