999.7707532735031
980.663301601693
978.0871883817339
969.6622346372641
976.7796522388358
982.3866267613786
992.2486566372061
1015.7586492977547
954.9732984134073
985.609226779035
987.6645089747146
993.4594876578956
949.519903914614
985.1296264562267
995.3766207257421
1016.7756454277231
953.267046935636
989.8017274673422
1009.6918828171925
961.6162653452741
997.078343294997
1021.8454318859198
1050.972791475839
993.0074266590958
1022.7668583731098
1043.0496091905125
963.7670318877479
970.3852712062246
990.418308330371
1015.0188854503036
1042.0762117333427
1004.1541536345899
952.9110934433618
988.7920070162268
1015.4964230124211
957.3772750235462
997.139477080888
1046.7351350146344
976.2991434936299
1003.530271072368
1014.5503414662468
960.5339147185833
994.0714236562542
1018.65085441653
1043.291886210059
999.3676799293871
1021.9169897666973
1046.7291638216363
1013.2979852979454
975.8293961414358
992.6345623690257
999.235733036316
1015.3399513444078
642.9934012598484
451.31891991209494
676.9020864366379
671.825543898764
513.5310113513184
635.2066813989042
452.8563647414617
466.39111884839105
470.39824248384707
601.4674441074765
699.0084789924546
569.4772623697532
553.7065463219825
484.793511459447
504.7422857076883
514.3928939577544
598.9734862076889
539.7673656592456
583.8658820835446
579.3682850255391
621.4643547028068
607.6024227282021
507.6182494162148
554.1162008465859
472.34690658155324
508.1413007778125
514.0288313684217
573.2252134841599
492.2534381513792
553.9086613920136
515.0437813367031
532.7185312261869
512.5678792503934
652.9586065570611
834.8686390184662
849.8981368950543
362.7443358766304
470.63725196399884
766.5488676413308
519.8330276701785
752.3955189314034
418.45812190305026
706.7481506069372
715.3290683698476
637.2317475805735
574.1679488108181
557.3516161682392
455.326456026073
497.52637186575294
493.009405259375
570.6335414381068
619.226563743598
563.8107851486548
502.6676642793151
620.0841745284193
634.6598000640496
665.4289631151054
492.01577368655796
541.5685433703277
534.8398471714747
421.3655941075194
468.65287952501353
406.3226452496806
441.6402591432185
405.1878608345466
341.2756503268405
337.5894147473135
388.5169409034641
372.6122981629245
376.8215008447955
380.76827405196485
417.98886254273623
411.1489760239647
370.04437104490523
408.7689533759336
414.1061357186287
389.16843641602395
387.1765615428834
364.7336454082094
378.78005433886955
372.40501365236895
414.9852533182318
466.01530931168463
463.6715961181169
479.81905295113603
475.1167832152014
464.6707753691728
432.2083091653317
368.7887361056451
433.44747815027245
424.0128864651764
474.9631385375524
709.6063968513379
447.44323073343287
313.8378815258869
373.5555122034699
400.5201357749878
298.5996857649149
395.9903278280438
377.70518493194425
433.4080136812974
452.5763710897154
476.2477798710332
500.01517505084905
468.25317833966017
500.8293667469821
607.051614606084
644.3588183342398
637.2854358403721
818.6359227219812
499.494721543044
558.3521063573792
529.6980182361744
442.8798933179104
461.09531754174384
513.8415183772587
408.4362928483184
339.26926292706344
531.4011128105928
595.7051469454601
605.078131409258
636.9705234927593
567.6592776033158
524.7089548582574
628.8246093273314
557.0367328687196
684.9309880538193
677.0470795104579
819.7422576624856
705.5372555940777
852.573290533652
628.9247015952087
626.5489516014698
561.3083111340375
468.6892695636624
719.1937140414755
676.0679616367264
588.3125840842687
671.3139034439527
703.9459215034702
932.6425308150543
1036.651412926646
591.2189500708826
613.3103189824487
639.1476613678772
745.9845976175096
815.9011146835121
926.9026040119727
881.6922305273922
935.6919432701615
858.4606095461348
906.7017103970007
610.3728686560265
618.3039166367781
659.0171275097548
671.4375506451339
756.1859128142966
632.4663684838376
552.9568409885172
543.2695256234495
594.8026278496992
646.1773571678991
791.4532133876017
678.4872539601536
831.185113555109
714.8802814119839
609.9831884642587
820.5329942321234
744.7996530980269
556.0690236379638
609.3735273364457
809.8551384598663
629.5104554707511
452.96617850012643
463.179136385228
494.78492192965984
533.667780601976
781.3962916462831
597.7391353016379
656.392205602665
651.1700118421073
628.2796889649007
699.523681716102
708.1859810303911
590.8038909329061
814.818739723844
713.034569699432
852.5469579717083
559.0264320087051
768.5654172911508
658.4120193911862
721.1302884961501
607.9898099089697
663.5718332766581
657.7606660165939
621.7448182505159
663.1290895772876
622.5087791407801
524.4381482150409
689.0261934639111
573.0354384141398
645.8307429897983
721.9194466087216
742.7532299739726
772.8742734927431
704.3600281253398
708.3931212958332
648.7844623140569
748.3373255696491
696.5250085872831
827.1330051654243
666.5094227572637
792.6565151029864
677.6308108432223
779.5784900739649
807.7812119093902
737.0192263256364
772.6605573179412
692.643555667653
788.3107932548273
715.8895843292814
786.4051397965802
722.97110259984
779.6223316056236
702.2764818507968
722.1237888350067
621.131828174535
778.8376083460332
805.0939272751076
604.6046002978069
908.8781227505349
793.2152779907957
686.1450931753191
789.8162087483865
691.752825821229
728.0385130461242
645.4898771752719
889.5745648845408
616.0288752740371
705.2348631059903
670.0900192355106
724.4402021157952
682.0592952750362
665.9569212051774
708.8942514399387
632.8731467372519
822.8999410595371
854.3515054481261
740.8225823479413
820.596313413785
772.9499929276338
827.4727529167723
812.9207501713705
671.457317003978
734.0275952979578
728.3327007804259
746.3389415666654
770.8738721798536
799.3457983006267
731.3654240170731
884.3061780020375
861.5071688122774
684.8844748739256
501.07252756572245
737.5964780680773
748.4798274652029
837.205856095429
623.1335684433138
840.1486831588448
591.9022177852185
563.8665384794181
599.6716417668628
598.5527143347139
475.975132324591
533.1497222206442
490.19529327512015
448.6980105675355
488.46691518986546
569.962100379498
539.9803511865746
577.9536902344668
603.2013848115797
725.4591442808852
509.77713227400227
762.698120101659
778.2468558398358
731.8248055174568
740.3953374301933
658.7897231532388
737.1187821401614
561.0959590880517
496.68898099008624
530.7957365249349
668.9494696207025
613.7502356700694
465.24660301129524
589.5136250270799
729.6162841367036
781.2809125986397
541.079380016501
500.40898837621444
736.6417502762085
611.0690939294371
770.2873823843571
798.1731721075
661.0991834662946
706.229940540818
740.7328257880795
647.3266661811338
736.2800884005997
678.0853179033825
670.3201387346405
566.106112506264
680.4507116139557
633.8167190266997
613.5468282387105
560.7534010556681
528.7740619025562
547.6889548692518
727.1201088705805
642.3307926669886
621.9670614248635
621.9315800639065
718.9052930588937
787.7428541898238
786.871239125311
908.883543174966
714.6278041152847
862.9705788167873
605.7373818963263
783.8924021185672
861.2721875501744
841.4537291896437
677.5969021775577
894.6523674990558
807.0271040745661
944.8332872753899
807.2495944470693
852.445563041801
871.2390393948152
858.3984010848261
859.6952873826605
822.127757743938
734.942237150931
714.1801052634124
664.1801398496411
566.0815530674669
581.9114621685108
542.939079948996
558.7795544555012
565.0329416795058
549.0533282151525
539.8330280592115
545.3398815526276
540.9602883902005
551.228087810635
531.650251754232
575.8412700829733
675.453354990512
738.5698124075604
882.8895542632924
854.8673216307648
918.1577026858567
714.0203459497214
724.6688561778656
771.6777416603476
575.2179660165535
664.1916932709829
596.0524606920627
452.0507828555041
545.1094721745768
428.6244581348088
536.7138819633986
519.5951312661306
525.5916430152457
430.43085426773314
469.4528521394161
480.5585421015624
633.5680192941169
992.4637495581547
559.7777131172253
532.2221875690622
493.92103752917194
590.6633903864363
549.0149893715947
649.0999400592498
460.3295589199179
553.2898360369413
535.4537671002281
684.418698666005
567.6474892123364
628.2178457305921
453.82646658654073
494.0689460413744
509.43701975051374
633.1680099555651
447.97360549270985
442.8995810225522
518.3111182135747
699.3054300922863
895.0943635697439
556.4337866154488
576.8325242535448
599.5780695599816
641.4417213512537
533.9364334819315
728.9080030577892
625.8720973477385
654.4476058508852
660.543669903278
555.1032618597607
529.5102224518167
673.9443463818442
726.2872077557148
537.5056164767577
613.0687321666171
550.5434235999084
575.4319684494967
546.7873831740483
635.2277016007891
525.2850088487857
520.810341253824
506.709992507784
578.3485864424016
833.771098185614
798.0416743101514
505.265396346625
469.19472607155313
443.7125063409411
705.5482564365957
585.4752116140519
826.298589677991
523.3962670437879
554.2771489202322
610.02699177526
602.1711863990008
641.0283904107428
585.6557768555531
617.104249155662
641.6534152988316
576.2858628397382
643.8944312622847
622.6129055856102
773.8392374740623
842.6574645007254
730.860897722164
729.1961508201596
