1412.9685518272959
1448.8950672871358
1422.4744561036273
1451.0848810062764
1459.8468100118234
1462.3613650086475
1463.1847198870962
1439.4441255031531
1425.3875697423734
1459.1231411258075
1462.3206552142917
1461.4675192106758
1423.0723271101765
1451.2734675718325
1459.8068105602802
1466.47295022538
1423.3362244263276
1458.7035393132267
1466.3296693839918
1425.7038108027239
1458.026901355759
1466.840537573957
1434.7186885060994
1439.341491205933
1468.5977788904263
1435.9486723010903
1429.264980300566
1435.739937954276
1461.2992042897413
1470.359284782504
1436.8415979203933
1442.4209255699475
1414.6893316425603
1464.980318410701
1470.7574758258484
1422.511264329723
1467.8074510762158
1443.498513245391
1437.175300363281
1464.1462779027452
1468.9081902160278
1426.8173101160114
1463.860283408604
1469.0643964211454
1437.934762500539
1444.6594540137096
1473.78209224245
1441.2712459442746
1445.8715574882422
1427.9889089456376
1463.2122407287955
1471.020554274115
1498.0027114813442
1526.370601914425
1501.7465370297853
1504.5637891569716
1447.521800189451
1427.2137629754784
1445.7529129356785
1420.837573156542
1429.3941043418051
1402.110156337373
1493.769017699431
1455.9081895132017
1451.246176587411
1474.0723671711037
1463.076167098027
1463.0581756465979
1496.3747182282043
1436.3376944711808
1422.2816543906285
1450.3895278800717
1461.2712718370817
1464.2297659941976
1462.1845322433592
1437.1687455521446
1460.5616214239974
1465.0560413079925
1504.4768105345688
1465.7556397808466
1456.4289853466407
1441.8412083128603
1480.0138249133495
1457.007651251939
1474.7185208691699
1529.7563357252322
1487.6748632317522
1560.5855639699294
1442.9966313091377
1440.5378815394429
1446.5404368023558
1441.0086240877554
1446.2528967359813
1429.3371837514626
1428.3016467256562
1439.692276195358
1429.3343353673274
1399.286394917075
1489.006114892929
1424.7780987383235
1411.4896127981388
1459.236236312798
1446.8405785608238
1456.912455437873
1428.7350006391146
1450.196217246688
1504.8404251931856
1476.4879692541144
1497.3967666771764
1494.9368292496927
1474.6838679615098
1506.9065597203012
1460.3361477951573
1442.4364915316287
1407.0919011244123
1460.9943202636111
1437.034460910402
1413.2085504816753
1428.5606036966951
1443.8701653489934
1415.7600507718728
1419.1511548656142
1463.546283704242
1417.9381335462715
1475.0241313793822
1412.5263170906317
1427.8321625154342
1475.2866018173163
1435.6299317895653
1528.5913622210007
1449.4239683319915
1459.2055307046878
1462.370444520259
1491.1647132488615
1423.9036714865047
1461.234553282811
1454.2280353003625
1457.7139784087592
1493.0099391063711
1451.7355616715315
1514.0936793729613
1408.5444772269188
1429.5314737576161
1497.4416445827671
1491.815594802419
1462.7023716080391
1465.5871748467234
1412.0372987964506
1445.681829672304
1491.9657845367938
1418.449609528794
1466.2335726985762
1439.9612977806069
1472.8998059245414
1399.7832648101808
1431.7613716842345
1452.3878557452406
1427.4476662438753
1451.59086393858
1496.572033658015
1440.6008325437228
1472.8110192716376
1467.2667841742298
1412.837711526739
1411.8918390814842
1438.8776712383965
1469.5680804079266
1391.879563240932
1460.1214218414834
1425.012534392801
1463.2582297128115
1487.0768596819428
1457.2650182731395
1450.1913771506959
1480.1871515768407
1492.76218997284
1477.5036479166013
1479.43550079523
1447.0594414686552
1452.7812616292997
1472.8701780520432
1501.9563827696095
1466.3871764359053
1491.556992705706
1460.3395081492422
1424.9214686003431
1451.97634087581
1432.4682459009682
1449.536202807815
1427.2793167725658
1434.4406100628514
1526.5571794027755
1455.8093308648088
1526.4599678840495
1497.9658813268366
1495.8224377537942
1426.4302230074736
1426.9538709660978
1424.6418083597969
1433.095273675457
1438.6253328533553
1458.3615375891152
1449.038771265332
1479.9170578702915
1425.8121423520377
1482.9081312781543
1443.48052111363
1424.4135112576737
1409.6802969606968
1428.1626004429484
1410.8883025067305
1413.0979902303386
1420.6888196502778
1474.2057385400346
1482.277188277052
1467.8498584897093
1460.3885508284761
1508.5996472825643
1508.9939410640395
1493.7888863922954
1504.0785177962355
1495.2548613554613
1447.2674497949852
1527.4871242060929
1500.9280563664952
1467.151295570323
1458.9607491376162
1455.5764944079099
1474.805789374893
1542.2043390709853
1511.859427544791
1475.4267196130215
1465.0053059695658
1503.235014159765
1519.4852123473715
1468.2390104389033
1457.0954282430896
1497.0859109721396
1498.1172638694027
1497.2432344321667
1498.6264424356534
1465.1393794017579
1492.5801023670379
1496.6689013928187
1482.0056906609377
1480.3536111420958
1475.136619240308
1497.774834757889
1457.619977734852
1462.9661818948762
1453.3766670710236
1492.7079241449446
1499.3240370165022
1462.0573227593202
1468.9985022990304
1470.9560388333348
1499.7557929524537
1485.7278555411044
1489.861457345873
1460.7604890944433
1486.441846387691
1489.7819544861034
1498.7009760801247
1476.4678555953014
1495.446225048344
1499.590210590219
1489.9818598409192
1496.8058220915652
1505.4064449118453
1499.8908466338726
1487.0733007767833
1503.3880705392917
1482.853279124039
1495.9350352344914
1486.6626828169115
1496.1752595815572
1481.9575716836985
1489.227154594126
1483.0225175317785
1484.0967931907824
1549.2062252330418
1505.47089305116
1486.244831513278
1534.685097001256
1470.051721088864
1469.8939457013357
1493.2817716876646
1492.066598171941
1477.3559004379179
1510.1153282458358
1521.2819506924352
1467.2789628105972
1457.263534365447
1459.3134677618139
1461.9550596024767
1455.909278232476
1468.348726888562
1482.8254487446557
1483.0717076285687
1528.2638004761652
1486.1491050960149
1512.4842158368704
1489.0701163184165
1500.829929433414
1500.810730819089
1493.7017224884596
1469.9223069712032
1475.4592057011519
1502.2159138718998
1475.7124355557476
1505.040359683952
1493.6860796098563
1513.2948011508488
1516.20609486618
1488.3540955504852
1474.2292369797374
1482.2935085465429
1458.3970080471604
1493.6377288743618
1474.48484188292
1500.0679734183607
1556.6387941848768
1433.6626592752268
1486.0296320857262
1462.3282025477984
1494.2943065174115
1441.8677306327859
1435.4480251709504
1453.7088662643566
1425.4537347954965
1504.7339128402232
1466.5483254903754
1492.4610298152227
1469.2994402373947
1502.0620936361572
1470.8080979546162
1448.6778471371226
1482.1455060862656
1442.2479535617708
1491.040961075328
1479.156625215666
1493.2210988184247
1457.777745105599
1465.7586553659648
1473.187626144863
1510.6980890843877
1491.4702099665465
1481.5805132781688
1461.1130597013157
1500.390270015628
1511.8719697687511
1442.8291032068653
1473.269167766424
1552.894061920334
1497.2448113207845
1499.5945782153074
1499.3262045543893
1504.4275702368077
1503.558019538518
1525.9813597273023
1461.164115504579
1473.9824794694518
1495.1826946279552
1529.0592333327959
1479.8660461965903
1508.1379563473588
1520.242506289489
1475.9904017119338
1535.7380168991767
1476.9925890747975
1526.3553050822238
1512.500483688556
1458.8446171625906
1477.5990037156973
1493.4655980992886
1479.058702729451
1475.5163658205727
1466.325991314703
1455.1536747655011
1431.8956474244853
1441.3733542695688
1475.5679476938922
1430.5335973063402
1468.8226845821832
1459.2770780565245
1472.550633167788
1461.6007554742223
1439.4194144828095
1480.9369152027045
1456.7416852610022
1466.3729045361456
1457.2339681115723
1465.0977331053884
1422.3610458594408
1458.6257674209457
1485.2616142229513
1484.4727485786523
1447.9307335932983
1415.9276499243424
1437.1152713682288
1493.1253404220067
1443.3490834995732
1450.491692492547
1477.146377475111
1477.98981456503
1490.8424411997407
1473.3535357579856
1482.8588576992486
1465.4563502117585
1459.5526570312943
1497.737501585593
1494.202150707226
1464.0040957907968
1477.6334646863866
1476.6835665968754
1429.883238012752
1498.8176282277877
1479.8341894921048
1438.8716661859748
1470.29588062819
1443.0985900270384
1470.225139590594
1451.479548142259
1433.780076170513
1460.0707416238408
1499.6283399176093
1486.9098423149408
1474.668527580731
1439.6590937557382
1431.618210421715
1490.2043948550709
1534.666765003285
1459.7257146593684
1462.8218241934876
1455.6184096682766
1500.8386873871245
1534.063820411902
1482.6845568306724
1499.0530187353093
1474.7783070060173
1477.626983552347
1511.7061604972753
1524.9935042990319
1485.7000676934058
1487.0956767500466
1458.2055619080027
1460.075056595272
1483.1187910220463
1527.1057430999913
1465.16721977799
1447.2812379081204
1478.4719788106445
1535.0657081593397
1502.3958564803925
1493.0715275014181
1488.0174226650997
1519.5014954349522
1540.5779168647055
1497.8168015082997
1471.5840803297826
1480.4772623990295
1523.284563383898
1488.6540378339628
1476.6946692003576
1470.8742283634388
1547.7997591785625
1501.7001477579447
1509.502451288026
1479.1211039413586
1495.3195386053042
1452.674291008726
1487.112660556493
1509.3324989762177
1453.0300050878345
1442.8757604484351
1455.4493236844603
1479.567365598892
1498.720377423904
1511.7838303404858
1445.784664180423
1496.8832348693466
1531.5019148125798
1497.6196006082996
1478.833456825
1492.3570921349174
1463.626377012609
1504.0500471123241
1501.296560229293
1506.9163709831814
1517.2131106441147
1529.8798524300207
1523.3712572131622
1508.1315626523467
1569.551682585934
1514.7842341970838
1498.1036337444377
1553.926736419669
1537.4617676883654
1523.1847147006622
1492.6271541900185
