0.31975071030266633
0.2627176275795768
0.2671732678157372
0.21741814401410342
0.1577787259174794
0.14375497905742976
0.13296015110032494
0.1399467166621133
0.27560266436019903
0.21991178005123765
0.29487506447411693
0.16316778958676165
0.1611285464478392
0.14850865395272916
0.14220528971288937
0.14486284406855515
0.12565612507398677
0.12493062710313949
0.10541081910514292
0.10100722387088176
0.1078604874661865
0.15924599122353433
0.0889189355587197
0.13182836513341795
0.1306367716531029
0.10099530316238987
0.12716689066369374
0.09657386499314252
0.10601069681547376
0.10694803707142099
0.11267289180372689
0.11633003836520937
0.12106515518078645
0.10958210736701401
0.1466580718275164
0.11567629096497095
0.1334493006582028
0.1377132316909058
0.15650670312007803
0.1322782913997237
0.19434278598625576
0.19772463260677484
0.2100564598597818
0.2244370851463159
0.19534527513079708
0.19009627694209028
0.21119654189970513
0.2042072765572528
0.20744824506450127
0.20765685692378427
0.12498793185960229
0.20422650741804266
0.22383746640091814
0.23621697894832938
0.16144738511855872
0.12820284751307942
0.19149179548960482
0.21850019809445836
0.19868954377649223
0.2162046575316021
0.20811256574521803
0.21794909488462735
0.21765689480313727
0.11583547688988496
0.11180467202983273
0.122401132588051
0.13599450040485792
0.1856667686407644
0.10251719387690486
0.1003395138393563
0.10599003587162115
0.09089297102697685
0.09023351386891952
0.08504053485729837
0.08102153230096631
0.07962749906895467
0.09103654739271393
0.0965895223665445
0.08223183216960754
0.09288909336754116
0.08817235879145437
0.0899980969939488
0.10304372432015171
0.1064765310047693
0.09571951191313596
0.09931960762932197
0.09784417039745205
0.09585017649136054
0.08407563791087318
0.09572323325529021
0.10531346995778744
0.09500910534999008
0.09502697247812723
0.08292584502374159
0.09345089044398935
0.09521692055429525
0.10075740269157717
0.10190646754853715
0.09909544505823999
0.0923225637756916
0.0885377338089132
0.08203179710312705
0.08877671479512288
0.11070857563330444
0.08988003270760772
0.09795110313752518
0.09444590576643616
0.1032826005784457
0.1030390001607887
0.10815800591015094
0.12871211387174147
0.10239352646067626
0.10268696804072772
0.10289101124324594
0.11339580152058264
0.10094981357819821
0.11682871194725891
0.11952951602424426
0.12251972387530585
0.10551333912429467
0.10632685395329369
0.09960998027178466
0.1044768818343905
0.10160900808879904
0.09317626523668754
0.09122365707075286
0.09936830387957139
0.10007249162395228
0.099214674491468
0.10529665323664592
0.10680030034664724
0.12309051407402859
0.1015486962476785
0.09901530787262389
0.09888765686976046
0.1003025686990224
0.14757911877807603
0.21870413285409285
0.1582567572548708
0.20899676776513115
0.21408433054886586
0.1699884616967134
0.13870198784696194
0.11447981197308985
0.11064131769371631
0.12810132516271297
0.1210436591643793
0.10746067974676449
0.09944566760538856
0.08678864200242344
0.08171845950339067
0.08565448192765183
0.09227264540943629
0.10356085250397695
0.09490639758617343
0.09857697826398602
0.09305748084746461
0.09303075651577133
0.08283160802780248
0.0812204343276852
0.21183090219015854
0.12065103238814415
0.2510564560509062
0.13974691035856004
0.22261295187074112
0.10808435515197384
0.22869885581515562
0.12843125854848925
0.195667410169465
0.0698175698186744
0.0805166155175001
0.06861593721615254
0.06706927243351779
0.06713384360473887
0.0676882161275338
0.06776011091020628
0.06887572093557684
0.07056403938470006
0.06828871532045223
0.06957287990053082
0.07028616611907366
0.06777816980276927
0.06924952751638734
0.06857930306710647
0.1828221904801127
0.19246370663900958
0.19274517273594668
0.19388903111743175
0.20508576159602165
0.20675809689251268
0.21928502508108164
0.21380997921574368
0.20385101698259536
0.20223738707906697
0.216255439173922
0.2182894179318447
0.21339140232850404
0.21507293665067098
0.22069902122464424
0.21625434496554752
0.21745575792471358
0.21349249259882558
0.2086548563182967
0.2158228834789149
0.2120089201385679
0.22517208898328045
0.2080129631767612
0.19932890724066324
0.20633489754169065
0.20157330877711296
0.20516084937436424
0.21770966283066542
0.21606548543590862
0.2067059738441623
0.23059517611034705
0.2108435355477692
0.20265053341287548
0.21791826489228744
0.2148715817171959
0.21959492885527082
0.21478659834170127
0.21687776284000657
0.21155483400978037
0.21511898125380155
0.21550103508233767
0.21780167883146723
0.2132420138736307
0.20938272119183127
0.21118892659147986
0.20470356245465393
0.20382178696371558
0.2093447250450489
0.2127486722869506
0.2044495537907761
0.20160421276356927
0.20336437985002367
0.2028388322642736
0.21083908351414865
0.21239771239315544
0.21356067241863075
0.2134990342760804
0.21425928427126303
0.20828841112318597
0.21268574258899253
0.21497871652180986
0.21760709098533482
0.21824508420102467
0.21871106322001657
0.21801689668206764
0.21898444019119614
0.21825601598512478
0.22064114561064377
0.21634942496289084
0.21512480406397352
0.2151617811678314
0.2164064805882035
0.21632287493409127
0.21625174744272246
0.21344043431934592
0.2153286821219261
0.21679887100681242
0.2159592925835067
0.21861745825952233
0.22040285929620043
0.2189754961113356
0.2143257247017501
0.21269162685457346
0.20793975054874908
0.22119129928660483
0.218460500593546
0.3305197889664277
0.26919554071855584
0.2651525434762518
0.29261177870451494
0.25614843904666834
0.24382560005272522
0.28052030481992524
0.2427171975316286
0.2337895444353954
0.23070437882016503
0.22788402276216885
0.25713854090459687
0.26717615880686935
0.24787393339731842
0.3128529270792091
0.27453095709799524
0.25722119798411053
0.25510177681652824
0.22455308630143772
0.23166373857409292
0.23126723262826523
0.24814141877396317
0.22308860380717682
0.25804659869134217
0.23508382915972828
0.23463807934856562
0.2462289440262085
0.24820245780834274
0.23714232253722672
0.23784424382659702
0.2529695519873229
0.2642178920480732
0.265411391829487
0.2315240771877881
0.24972251312599628
0.2560048906375773
0.2518923127677236
0.2542790111652051
0.2621661333362634
0.22850956640702763
0.19035731192986222
0.19951570336655786
0.19915768909748377
0.23797918663580003
0.23801176532201124
0.23122623263963918
0.2551127435840869
0.22209236759430065
0.238626194130404
0.21290831646226707
0.21066226915507572
0.15147460893174505
0.13564201412272442
0.14163554914730844
0.12043275733254304
0.11506380179093012
0.1522812428903041
0.1124802304053588
0.1240350036431932
0.11491802810588167
0.12460072296301487
0.10668937424811849
0.10660746909020913
0.0949335681353474
0.09201197837357958
0.0914849493824123
0.08933764799829254
0.0880236011420299
0.0831991473289874
0.07886742531043114
0.07324952794068543
0.07026336933776263
0.07931961556212766
0.07573637352157646
0.07572746519731134
0.07606019775022205
0.07654083092722912
0.07635939048242597
0.07618358251866574
0.07611864939216981
0.07608179188684404
0.07572778706041007
0.07599491188629036
0.07594955893559512
0.07581242537786706
0.07586650974563214
0.07602896012173567
0.07581076165078474
0.07592320233101761
0.07572996218069236
0.07598633083077698
0.07601296987663125
0.07603518481562713
0.07578869452424236
0.07591985662606318
0.07573142589369432
0.07595473750752144
0.07583718316139887
0.07586858207468232
0.07601950632699514
0.07592608580207795
0.07602127886696412
0.07603233374392372
0.07598997693958572
0.07601508934490574
0.07598735934801301
0.07592200107046797
0.07601140560121436
0.07592723029364004
0.07601319281908485
0.0760220060289284
0.0759929866623351
0.07604185138149411
0.07599306209381876
0.07601747404295116
0.07598734872572535
0.07601528719377777
0.07597103069023044
0.07604036423443755
0.07599224604748714
0.07592335093873787
0.07601190106569446
0.07592742142664408
0.07599746592380115
0.07604741862009046
0.07599450742788613
0.0760180503045324
0.07598752844542604
0.07601536999057025
0.07597105972842144
0.07604036844788453
0.0759922423408498
0.0760171740757797
0.07598723041284346
0.07601525199275698
0.07597101272528904
0.07604035321954768
0.07597660561811641
0.07594735799384016
0.07601766382405692
0.07602370457323472
0.07598932719388386
0.07592228155567378
0.07601154391922316
0.07592729413512965
0.07601321589526751
0.0759278848024475
0.07599763407332123
0.07604748324813605
0.07599453016636387
0.07601805959368009
0.07598753556232853
0.07601537164907045
0.07598663520130156
0.07601502548883464
0.07597093518853969
0.07603939615124393
0.07599292316960132
0.07601780025043746
0.07597183583615211
0.07604068349326094
0.07599234944699228
0.0760172277589973
0.07598724358248855
0.07592152546482728
0.07601127079177032
0.07602125783097512
0.07598850827099936
0.07601552977738538
0.07598744714751575
0.07601569678224154
0.07598672957054481
0.07601506456957104
0.07597094353587393
0.07604032437395075
0.07599223472632365
0.07601716966829877
0.07598722668996322
0.07592151875140968
0.07601126718472394
0.07602126650234038
0.07597290461573811
0.07604108874600583
0.07597686360752705
0.07604262101775573
0.07597735331280266
0.07604281189332827
0.07599306295513623
0.0760174883408607
0.07597175449430398
0.07604064511393141
0.07597671215429978
0.07594737719849798
0.0760176843224905
0.07602370155204578
0.07597372124182437
0.07604141212122215
0.07599260571920562
0.07601731115294613
0.076006633803171
0.07601594178222722
0.07600649157402986
0.07601585089020974
0.07597153718900487
0.07604052150796899
0.0759766841944635
0.07604253344608963
0.07599296816546676
0.07601745053775735
0.0759873219505074
0.07592283832100197
0.07599619801712505
0.07604728176936866
0.07599444097315257
0.07601802668149829
0.07598751789420578
0.07601515752446275
0.07598732435337291
0.07601565120842385
0.07598671477465048
0.07601505701910138
0.07598652672871649
0.07601497188479328
0.07600587255276846
0.07601563608143486
0.07598702063721319
0.07601491285415925
0.07598726119284353
0.07601561702696163
0.07598670294631596
