0.0
11.466436609982297
11.466436609982294
11.46648430158852
11.466484301588522
23.99964991519902
0.0
46.24268527731397
46.24268527731412
45.84853641146685
45.94263275092436
63.66012119721174
0.0
99.99999999999999
100.00000000000004
100.0000000000001
99.92778871989334
99.99999999999999
0.0
86.34978826881841
86.39739538246887
86.93555814352997
100.00000000000003
100.00000000000001
0.0
72.07674147379906
73.86108993640208
58.91477285382913
71.39959597946479
100.0
0.0
0.4933206536713537
0.5891582395117179
0.41438833232331185
3.342477535957372
24.40634674050277
0.0
0.0
0.0
0.0
0.0
0.0
0.0
0.0
0.0
0.0
0.0
0.0
0.0
0.0
0.0
0.7442784454267088
0.0
0.0
0.726675378825636
0.0
0.0
0.0
0.5594989893538634
0.1864996535980615
0.726675381967159
0.6675554229999601
0.0
0.3632947622663109
6.508022935521956
2.360947042778325
0.7869823415089473
0.0
0.034858712293062234
0.034858712293062234
0.034858712293062234
0.034858712293062234
0.034858712293062234
0.0
0.0
0.04978571514179003
0.10268287836794095
0.0
0.0
0.0
0.0
0.0
0.0
0.0
0.0
0.0
0.2666556230966878
12.799749699297841
12.799749699297836
12.799813288106138
12.79981328810614
0.26664767449564997
0.0
24.057152630906124
41.965921657081225
41.96592165708148
41.60452833165273
41.68686262867805
23.969374182390926
0.09409633945763883
48.556534315928545
64.71727323865416
64.7172732386543
67.7839455086082
75.99402484153394
35.028631819663936
0.5243828832624234
52.527936318845654
75.23790315906314
76.17723081436269
70.03487123925191
68.2078605687937
40.774288376461875
0.0
52.83779560336883
60.600031277353985
62.364811150866565
65.69309072882895
58.13687232739217
58.905817966082346
1.2929095151002619
3.540531059904631
3.895924992037972
4.135313355295492
4.122829790496315
4.331979019327325
3.2399215601511866
0.5759860490857712
0.0
0.0
0.0
0.0
0.0
0.0
0.0
0.0
0.0
0.0
0.0
0.0
0.0
0.0
0.0
0.0
0.0
0.8506039376305242
0.0
0.0
0.7266753849012872
0.0
0.0
0.0
0.0
0.0
0.0
1.060401443088354
0.0
2.123460974537442
14.424468997290278
0.415194014018641
0.778488776284952
0.778488776284952
0.778488776284952
0.0
0.14888411994222514
0.0
0.0
0.188261263503812
0.18826126350381184
0.0
0.0
0.0
4.070941630019199
4.070941630019195
0.8806916587609153
0.3218932525929724
0.08498829494955953
0.07332661441444459
2.3372866119710256
2.3372866119710283
0.0
0.0
0.0
0.0
3.733178723353631
3.733178723353631
3.733178723353631
3.7330674429391006
3.7330674429390984
3.7330674429390984
0.0
36.08572894635924
36.08572894635919
36.08572894635919
35.68941531886176
35.689415318861776
35.689415318861776
0.08233429702543398
49.31256589678015
65.27860572938445
52.81897397075649
42.40274622572056
39.43977508980418
50.1206620912441
0.4588350228546205
66.10084841780208
73.65806038856914
69.51241175306541
65.49197232938552
61.22443942002931
60.84801264728472
0.0
57.53287186591588
57.53365339873819
56.92508132800248
58.239087417140354
56.504981356345446
51.54259072032205
1.131295825712729
0.3337260653907503
0.0
0.10268287836794068
0.0497857151417901
0.0497857151417901
0.0
0.5039877929500498
0.0
0.0
0.0
0.0
0.0
0.0
0.0
0.0
0.0
0.0
0.0
0.0
0.0
0.0
0.0
0.0
0.0
0.0
4.004056842813177
4.00405684281318
0.0
0.0
0.0
0.0
0.13349193770389534
2.1365539599194046
2.136553959919401
0.0
0.0
0.0
0.0
0.0
3.903728817299257
2.4970161447706216
0.0
0.0
0.0
0.0
0.017113918737377075
1.712428068910906
0.293528836350231
0.0
0.0
3.9699869924733537
3.9699869924733586
0.0
0.8753799310599132
0.31658153239607056
0.0743647580808646
0.06416078761263902
0.0
0.0
0.0
0.0
0.0
0.0
