0.0
0.0004504821304701369
0.10860914708169611
4.623828186265892e-08
6.95136859251154e-08
0.13217068323108175
0.13826362441836143
0.13727415287175504
0.1382625217160757
0.1931686805798477
5.4869414213176
0.1348176870909551
1.739632060673674
0.21257121033377496
2.4997572425319095
0.0
2.9797868082857173
5.231540766489326
2.2879710756179783
0.3967242493273504
0.7942619132244116
1.262327293315979
0.7941934507388136
9.84299083666319
257.10145335516376
0.10940984488005467
125.99365481828255
2.072714182743521
0.03215140431765687
1.5962391904616862
0.0
1.5962389954052492
0.9911272283972725
9.481143561116216
9.457169182036862
7.385573877724283
9.457236269504502
25.546554906259715
99.7480422035679
19.47598806910533
191.5096523878452
0.24499034610652992
0.008717382709945268
0.006864400921285709
3.268240724136189e-08
0.0
0.03866654649775944
6.968124386074324e-05
3.907421624924681e-05
0.0006496634772767767
4.130038219170109e-05
0.0001614039279738167
39.06844717373011
8.592802168394035e-08
1.57748458706415e-09
1.7276055537103747e-09
0.00019354590714932353
0.002959673490869456
4.078569765847451e-08
0.12665561892361465
0.0
0.00032764611403622926
7.511904908010689e-05
5.88954952656541e-10
7.957146283824545e-05
6.443117582150186e-05
6.8569758994308555e-09
6.435095387596261e-10
2.3047644730816453e-09
3.580759107304284e-09
9.629543283335001e-05
1.8193808132786637
0.0020479778892797643
0.787266685667448
0.0007708934231026178
0.0
0.0005541062883596358
0.00045278260933368755
0.0005101636543019031
0.00021638620229580408
13.438452815106091
0.00038475577462950174
4.451606503929971e-09
9.129526598923686e-05
1.1104626852367509e-08
0.0067361116545699385
1.1117637963211704e-08
6.617874446921897e-10
0.00011926741289265928
0.0008246155998802706
0.0
0.0007612345124400481
0.000114744415765602
8.922830694294046e-05
1.5945628293776158e-09
0.00010261556124059201
5.527623745473171e-09
0.00010747812199322561
1.845296402743785e-05
0.003841515113450579
1.1905464218701598e-08
0.0010621592394609064
0.00010000531871036313
0.0003497256704859936
0.000930335302380867
0.0
6.532860464015784e-05
5.2834486367650516e-05
4.080315513778181e-09
0.00015847603605090044
7.138827766352321
0.00012756909558745149
0.22810476289553916
0.45639723268593696
1.3409937844244302e-08
0.9975453978258022
1.1345695057481626
0.00027788979298092595
7.521579120453374e-05
1.697032493257128e-09
0.0
8.956353571981123e-05
1.3794180934792993e-07
0.0002336715717148369
29.244812887175787
1.1733838614271428
0.6835828764982632
1.3673533008326089
3.1831565685716965e-08
0.00045984632156625125
3.4030652597199538
0.0003285215956295964
7.493508458403471e-05
0.0010594630732574232
7.940721714480647e-05
0.0
1.9376180637627693
2.3753061933627125e-09
2.370378119809762e-09
3.5836562454004933e-09
0.0030843472597834464
4.5325875577023225e-06
0.0016549937290126664
7.788636018126577e-05
6.394586974273371e-06
0.00011828625359630454
5.994070274327691e-06
6.870374554792015e-05
0.000640466057230631
4.884037942523625e-06
0.0
0.0010135394146196606
0.44617660335496423
6.522165956564566e-05
0.1199850530755872
0.23990487452776207
0.0012212618809017575
0.0006482189723094688
7.041458095692866e-05
0.0786128072132293
0.537685487329874
0.00011353866224981266
0.000688056921801297
5.4092118740865756e-05
2.3044598193164383
0.0
5.69036697578798
0.00012810027071647557
0.0016159552353167523
0.0016778189817283672
3.027258598415194e-09
1.0646597746070779e-09
3.1579411148366516e-05
4.8863963828956414e-05
0.0001045308954483552
0.000398525416388394
3.0037990335068754
0.06521954646843656
4.045863509657747e-09
0.00036535504551815293
0.0
0.00022408887056757902
0.0033559774329299935
0.0032781796508776426
5.045658981199847e-10
1.3515056760190632e-09
5.618602200356382e-06
9.045569379881961e-06
2.21279265708098e-05
0.0005020067793081553
2.6511785863692782e-05
4.480070140763034e-06
4.993237970606218e-09
0.00030244684914077885
0.0013631718418971707
0.0
