0.0
0.00026198551778599134
0.001045282876790584
1.5677755101320427
1.5959634753529586e-09
7.579443590347193e-06
4.044255876407152e-06
4.787744015955415e-06
4.289848012007332e-06
2.628816368073595
1.9335426056140656e-09
3.6586492603688854e-06
4.913149521270418e-10
2.480263884229122e-06
3.996460021403752
0.0
2.748340087932707
6.70038464093128
3.996520626636813
2.3421264611252504
2.410437711079743
3.656637781086617
2.3712972572455304
2.275371700165724e-05
308.3402713562837
0.08481286177857873
56.25567218472598
0.7040668021641294
9.63851495656306e-05
1.3788463023415873
0.0
1.3788461464084878
1.583676067641502e-05
12.92035058100168
11.038004636789063
7.586938377768409
10.68894157293026
24.441767980124105
41.95496656803275
17.8141218487849
250.4157010364066
0.39521005058334374
0.0010640981079884538
1.1876827759226858
0.000135877691987893
0.0
2.376071923504136
3.9655569842307813e-05
2.249293703877978e-05
0.0003546927566973547
0.38822923017517186
9.882743822624419e-05
24.130771124749085
2.249614484280165
3.56228603733323e-10
0.9777866604052923
0.00016404717993404402
0.0008368885917594924
0.0001341544437171621
0.0014686209622247093
0.0
0.0001891720154468998
4.333191720883793e-05
7.344374811914013e-10
4.589688256955544e-05
0.0003563219081676409
23.60121722144917
6.789167831875634e-10
7.309633058863189e-10
6.096478497831283e-10
5.6061101683375625e-05
7.236801460192314e-05
0.0007158856942799636
3.3292678665062456
0.00021372253406518242
0.0
0.00012758281976559983
1.3580815927533001e-08
0.00014382634571328341
0.00010098276855700927
19.00565031037879
0.4297161840102265
7.200482249060255e-10
0.17949198350950152
5.6034149089303964e-05
0.0018681083106253627
0.41176627424414497
0.2628015679466978
6.75690875580431e-05
0.0003721378993061834
0.0
0.00034636095028883757
7.301619113339372e-05
4.91126180571239e-05
5.942724136710944e-10
3.805298984222158e-09
4.5282628620601927e-10
6.9055796899488e-05
3.2010632780057506e-05
0.002205640279219634
8.669264894352449e-09
0.0006238914110993064
3.727455710723648e-05
0.00032198352840472977
0.0005403232259931153
0.0
3.964869311863066e-05
2.8616099496216426e-05
9.307623185915282e-10
6.011300345383665e-09
9.023005860439607
7.861593400686003e-05
0.07709040360270646
0.0007143387617015808
1.647855446734433e-08
0.7666084881882931
6.784659346018764e-05
0.00020586344990940008
4.3565823964207526e-05
7.177076906011406e-10
0.0
4.929908879194121e-05
0.7219861707779756
0.0001356129858295086
23.95905057450618
1.7648366406894762e-05
0.001294852795870763
3.142075352825464e-05
0.00035753236356281286
0.0002661193410491665
4.6197823081171584e-05
0.000190177300118722
4.3246344180014525e-05
0.0005854074443023961
4.5800907841624706e-05
0.0
9.153122481043735e-10
7.266866610629675e-10
7.529835187264646e-10
7.002305291827157e-10
0.0017922567046787922
2.6074688684545473e-06
0.0009625469405332232
4.5291684672370635e-05
3.6828009737429057e-06
6.862551501564413e-05
3.474365539168408e-06
4.1819357585091034e-05
0.000372032749995932
2.69560978797038e-06
0.0
0.0005892491102150914
0.5639378609001048
3.964377800073834e-05
0.0012484560742337604
0.0006432414656151039
0.35240121215182724
0.00037694668041978005
4.047670731394292e-05
0.00022561712898219873
2.1154990278181757e-05
7.015167628083766e-05
0.0003979872442293484
3.0012949338698388e-05
2.7761793864768475e-10
0.0
8.654660042737364
7.885811885098557e-05
0.0012968725480047925
0.0009823394731147544
3.1695118064320037e-09
1.920264910843051e-09
1.806927465779282e-05
2.8628614932139888e-05
0.4800081081993247
0.0003393390719545531
2.2238865087600406
1.4246209137557003e-05
5.062390974784003e-10
0.00020990026920273823
0.0
0.0001691875359728599
0.0010293034185500935
0.0028836257033147293
5.281732326650998e-10
4.869845799222511e-10
3.215948203942869e-06
5.300902424256443e-06
1.2867901347650547e-05
0.0003071095064403381
1.545730997906038e-05
2.4989161806846374e-06
5.801522593864805e-10
7.518283772676502e-05
0.0007939129966103412
0.0
