1.0712494135122834
12.187957275953822
12.270404164578023
12.131061586258328
12.131061586258317
0.448203522436708
0.0
25.898258218824108
44.060204455898
44.10088308830817
46.07810047645911
44.84115975036259
26.5709144873896
0.0
41.90861857072423
93.82025453212601
93.28681779484185
99.99999999999999
99.7709756456305
50.835877078833136
1.2116434653545585
49.58307909629595
94.80901866888529
99.99999999999999
100.00000000000001
99.77617548066853
72.04135427406428
4.79685053404756
55.26940538046027
91.79177820752854
91.96812585967771
99.99999999999997
100.0
77.33050693164932
4.815270415665522
0.0
1.9861015425073247
1.9861015425073245
1.519556289490891
3.619666309738759
4.626295499362758
0.771049157943377
0.0
0.0
0.0
0.0
0.0
0.0
0.0
0.0
12.187957275953822
12.270404164578023
12.13106158625833
12.131061586258316
23.992028587920046
0.0
44.06020445589802
44.10088308830816
46.078100476459106
44.84115975036259
63.90080240562436
0.0
54.73312954707504
54.19969280979086
73.25254792125313
75.5636425757348
99.28651854549415
0.0
67.37283865955557
62.58253165108674
52.11220743238283
99.99999999999999
97.01676566649238
0.0
36.576503317576204
36.752850969725316
6.344898762361289
47.41993785158901
72.73965511910787
0.23365858822404448
1.9861015425073252
1.9861015425073247
1.5195562894908912
3.619666309738759
70.1629248993565
0.0
0.0
0.0
0.0
0.0
0.0
0.0
0.00041101691358229407
0.00020550845679114703
0.0006759583907787585
0.00909919163982066
0.0
0.0
1.8035504094092976
0.0030202086295333212
0.0060404172590666425
0.18952361520086086
1.3104250694603108
7.129999589779043
7.129999589779044
2.287898034643308
0.053727397715104375
0.0
0.0
0.0
0.0
0.0
2.6794505358663585
0.13976487341509028
4.903225623934444
10.284855720564625
0.0
0.04774790440823692
0.04774790440823692
0.0
0.18704943995428033
1.8049934616428045
1.5034734332611877
0.4954312198351537
0.4429803956677254
0.4429803956677254
0.05245082416742828
0.16829456155133762
0.0
4.054428602572776
4.054428602572775
1.0325220175459329
0.38059507186772
0.10926427393673635
0.1288784679817194
3.82687654306619
3.82687654306619
0.5549898009761944
0.22199591204908758
0.0
0.0
2.5039164560797342
5.295441701423991
3.426332112679561
1.8679835576163653
5.2932853823800246
3.6393384452124566
0.0
19.463794547727716
50.286138798848484
32.00044315125878
21.71082202506717
51.277834638412735
33.52885504638949
0.0
51.77518240897032
70.31503740382865
75.28507755360583
49.88851405886493
46.598903662108235
46.598903662108235
1.2116434653545585
61.41642445486616
93.13611094398235
87.19050683923773
85.85468767275067
80.65672128022443
72.79592438390084
5.1010339415471435
56.55674292423425
59.39747811970758
58.44950188889591
86.50731624181944
86.3526479910025
76.57593682181276
4.511087008165939
1.5295791449379446
0.0
0.17430071881144094
0.6391117809275367
0.2130365901905084
0.0
0.7710491579433771
0.0
0.0
0.0
0.0
0.0
0.0
0.0
0.0004704499339876115
0.011114602466995383
0.02475535653607637
0.006821061141987387
0.0
1.057996421326318
0.032486389137154285
0.18952361520086086
1.3104250694603108
3.7108215603842165
1.236940217526179
1.0668735167236507
0.09299740242144454
0.0
0.0
0.0
0.0
1.1742187394435981
0.0
15.765361762009338
0.5381837887652231
6.198997603477477
2.1188961128749266
0.3112564318545124
0.0
0.04774790440823691
0.04774790440823691
2.5275284386199965
0.5467632445954684
0.09549580881647382
0.0
0.3939825318779179
0.49856333836335115
0.5804015536784918
0.30152002838161784
0.30152002838161784
0.0
0.0
0.0
0.0
0.0
0.0
0.0
0.0
0.00020550845679114703
0.00020550845679114703
0.00020550845679114703
2.095390444025083
2.0953904440250843
0.0
0.0030202086295333212
0.14574719061427685
0.14574719061427688
0.0
3.9347898589658366
3.9347898589658366
1.3104250694603108
0.053727397715104375
1.9222438009547562
1.9222438009547562
0.0
0.0
0.0
0.0
0.13976487341509028
0.04774790440823691
0.04774790440823692
0.04774790440823692
5.5164868055043375
1.5295791449379443
0.0
0.18704943995428033
4.5969124097685246
4.596912409768524
0.0
0.31236321834343383
0.18649110608346856
0.052450824167428294
0.16829456155133762
5.722015398473197
5.722015398473202
0.0
0.9195964097348969
0.26766957397410635
0.10926427393673635
0.1288784679817194
0.5549898009761947
0.5549898009761944
0.5549898009761944
0.22199573290983662
0.0
0.0
