1.0712488132733577
12.187953805030128
12.27035380183078
12.131089323619559
12.131089323619566
0.44844881804789605
0.0
25.89838554364281
44.061343216793304
44.11490989746543
46.04942399672412
44.829157057927944
26.466183139216014
0.0
40.87774857601156
96.0868604963549
94.51586949376797
99.99999999999999
100.00000000000001
43.74844007873599
0.856338880593159
47.72068600563322
96.69853390932175
100.0
100.00000000000001
99.26767629169836
59.30618730802991
2.115411755622166
53.39130975783711
90.25030755949409
90.43613257069154
98.67001174689997
100.0
62.157154410674195
3.0266867329841833
0.0
1.9636529688147457
1.963652968814747
1.5505022797916546
3.6299814946563296
4.626295256393183
0.7710490919112185
0.0
0.0
0.0
0.0
0.0
0.0
0.0
0.0
12.187953805030128
12.270353801830778
12.131089323619554
12.131089323619568
23.9920292596156
0.0
44.06134321679328
44.11490989746543
46.04942399672412
44.829157057927944
63.90612009417133
0.948215584040182
55.45271518949187
53.88172418690495
77.0306059032007
72.1253591800813
100.0
9.447839212182986
68.78836530997602
64.70579866195902
56.80796742360172
88.38722990992241
100.0
0.0
36.8724590614906
37.05828407268794
19.90848905776589
27.249108826501754
100.0
0.23270870681981343
1.9636529688147455
1.9636529688147475
1.5505022797916552
3.6299814946563305
27.450463654125414
0.0
0.0
0.0
0.0
0.0
0.0
0.0
0.0004057283254966778
0.0002028641627483389
0.0006696128239459421
0.009028352497409499
0.0
0.0
5.655567457286925
0.003006558612873601
0.006013117225747202
0.18371430994215857
1.6290990398922793
6.385896694117889
6.385896694117891
3.1616249558610643
0.05385158354257295
0.0
0.0
0.0
0.0
0.000802445083303503
3.9999997394331483
0.027130366513637916
0.9224322571734853
5.325705926193934
0.017578148257864516
0.15870776652283938
0.15870776652283938
0.19114460820162787
0.09129030157382843
0.0
0.10555287397199453
0.10555287397199453
0.5215743452860785
0.5215743452860784
0.21110574794398906
0.5799165450469655
8.094082030794626
11.514534220743384
4.000368734995709
1.144231096030131
0.5799165450469655
0.5799165450469655
0.12887847717761777
3.8268765543142718
3.8268765543142713
0.5549897583167622
0.22199588567046374
0.0
0.0
2.503916776602191
5.295434107593504
3.426231365059455
1.868091139125822
5.293326534441301
3.6393139959563214
0.0
19.463782974110707
50.29058271981757
32.04334068336371
21.660800624472323
51.25200995186154
33.43993710223804
0.0
52.356585302305696
69.3436897566543
69.38700547003714
49.9556566233475
42.680012816958595
41.79597736392365
0.856338880593159
61.11713568311897
85.5180595409798
72.55047121510142
76.91916061490072
70.97278294526437
60.07599563481897
2.115411755622166
57.74505903549079
62.478319639453126
60.513173196625445
99.83776994745004
77.66411793352995
62.15715441067419
3.0266867329841833
1.5815314751279523
0.0345283245285346
0.23917644355887657
0.7000451759301302
0.23270870681981354
0.0
0.7710490919112185
0.13270782180914986
0.0
0.0
0.0
0.0
0.0
0.0
0.0004667486611976032
0.011106859424038797
0.024877287271675878
0.00688603748647764
0.0
3.1419825447619005
0.031490181085782394
0.1837143099421586
1.2702576897562161
3.6608004876563482
1.2202667490635188
3.1419819448895163
0.08801185243797469
0.0
0.0
0.0
0.0
2.48273595251152
0.0
0.47871952024604764
0.0
0.008008145329662902
0.008008145329662902
0.0
0.0
0.10555287397199453
0.10555287397199453
1.3520343874062264
0.5070121792962368
0.169003526329157
0.0
0.28383524022599405
0.4307469438425739
0.3860881471754568
0.058651018546422656
0.024122694017888056
0.0
0.0
0.0
0.0
0.0
0.0
0.0
0.0
0.0002028641627483389
0.0002028641627483389
0.0002028641627483389
2.093208971743969
2.0932089717439717
0.0
0.003006558612873601
0.1457479661101662
0.14574796611016616
0.0
4.122969062473858
4.122969062473858
1.270257689756216
0.05385158354257295
1.9266865589811217
1.926686558981122
0.0
0.47410779202009107
0.47410779202009107
0.0
0.027130366513637916
0.0
0.0032784825807886733
0.05601294468846837
1.5815314751279523
1.5815314751279523
0.0
0.09129030157382843
3.1038709639543267
3.1038709639543276
0.0
0.8440368076464821
0.3691034388795822
0.0
0.5799165450469655
0.6650640492889058
0.6650640492889052
0.5799165450469655
1.1475870254989538
0.5799165450469655
0.5799165450469655
0.12887847717761777
0.5549897583167623
0.5549897583167623
0.5549897583167624
0.2219956889750976
0.0
0.0
