0.0
0.0002716810650147293
0.0010839542607304195
0.0011533606723337045
7.962856191243222e-09
7.911027264510907e-06
4.226002044181325e-06
5.1142477322389616e-06
4.485808368023973e-06
3.6120484084032556e-06
1.6578728059415335e-09
3.823925723332774e-06
3.6823963364782283e-10
2.4308415106134544e-06
1.8259970634298037
0.0
1.8259791274428872
3.458734673862285
0.9130888614189718
0.6530844118626178
1.0458111115434356
1.8612730758784863
1.0455573344804256
2.471043498940381
333.57633145983027
2.4431742803692975e-05
46.99310988537013
1.0847063630188676
0.00010155438335018429
0.6893452769374752
0.0
0.6893451749113718
0.43565765529740963
8.794431117991218
9.223329650558998
3.7233471030794436
5.909750493093122
20.45458771039459
54.35774165833825
19.84072249931958
264.1343563700937
1.815087084861088
0.8651842396239822
1.728330143926268
0.00019337443496717595
0.0
5.500066917845792
4.119327190114019e-05
2.3445195396488442e-05
0.028504704961985563
4.320384309897143
9.682719450429047e-05
10.674536540897464
7.736628730794573e-10
2.7065327650852016
1.008039996262106e-09
0.00011627998168637285
0.0018880526258487724
0.00013298139411358552
0.18756314685649148
0.0
0.0001963758892196951
4.511103487626362e-05
3.0074826476174096e-10
4.778912818419544e-05
3.8723495092465744e-05
2.257558443050832e-09
2.4980604051801537e-10
1.7710016691847766e-08
5.265023609738527e-09
5.8035626056692594e-05
0.00020130534457594784
0.0012355697012804776
3.936325648954534
0.00047686107044303105
0.0
0.0003338894227994803
0.00027306464446240364
0.0003072893265015776
0.0001305041794107332
5.157077214843772
0.0001092385944137503
1.0331721215104264e-09
5.4051351235386636e-05
5.669221403293743e-09
0.004001746395378269
9.327493074411037e-09
5.611409455855404e-10
7.175652658952678e-05
0.0006057914082736494
0.0
0.00043570392281057276
6.89456703552599e-05
5.372978437080247e-05
6.619289153416236e-10
5.715970832731509e-05
8.889146605349125e-10
6.388205610329385e-05
9.432324932031728e-09
0.0019548538078416325
7.080920640064852e-09
0.0006429528728284263
4.0587817456174335e-05
0.0003006915382156439
0.0005593417660775114
0.0
0.10779769141734256
3.1801399773582506e-05
5.213230516842197e-10
8.823239194326893e-05
11.010600360029695
7.557837651264024e-05
0.0006702632452111338
0.0003616059221130518
1.2456414228316697
1.7158434679241523
7.107549764590098e-05
0.0002165088633309275
4.532612209214235e-05
1.044183177975074e-09
0.0
5.3920874726358396e-05
3.428620488394981e-08
0.00014058369018421117
19.174932231311157
0.7030779111425793
0.001015847217318577
3.266721051585715e-05
0.00013408424442908117
0.00027587242861327034
4.811192248517232e-05
0.00019689970132587522
0.0012790195351126648
0.0006082881342867037
4.768527761851248e-05
0.0
1.2963522908870226
1.1682592715956688e-08
2.58239178109944e-10
5.320470741025909e-09
0.0018458079285542262
2.7097196276243067e-06
0.000998365595522956
4.6990942449745844e-05
3.830568474693601e-06
7.144278168807759e-05
3.613888856157111e-06
3.970915798216625e-05
0.0004109835615475916
2.921280369797229e-06
0.0
0.0006105975285470853
0.6699148547072341
3.879096996508881e-05
0.09898914104038635
0.0006692081782334949
0.0007366165352683695
0.0003912059746902128
4.237456297727757e-05
0.0002327433412206788
2.1998700941003138e-05
6.49133360701155e-05
0.0003646608505071154
3.254827074482393e-05
2.884954955575048e-09
0.0
10.975685065080576
7.588372325490095e-05
0.002000517759172926
0.0010166664523574562
3.403033752950491e-09
2.890677391105423e-10
1.898280311487011e-05
2.942547771538191e-05
6.302048733571963e-05
0.0003490383336646955
1.443794634201003
1.5345189298441613e-05
4.6433906689998133e-10
0.00034329340846555776
0.0
0.00018190433128848133
0.002037659653019018
0.0019779493496345996
5.671770785714425e-10
2.933348654443508e-10
3.379613628532141e-06
5.445899988693657e-06
1.334262294800682e-05
0.0002940641004015668
1.59891705776675e-05
2.696987039492377e-06
5.249386342198574e-10
0.0001685722668786543
0.000822082748472544
0.0
