0.0
0.0003880624828286297
0.0015489814173980073
8.24455014853073e-08
1.4519330923365171e-08
1.131351720625575e-05
6.04278274150726e-06
7.312112789718288e-06
6.4143860532742905e-06
0.5256862567260923
1.1446611877528822e-07
5.473181307040371e-06
1.9789594904357976e-09
3.473152992880217e-06
0.893683364874778
0.0
0.44714075668922204
3.173723591490872
0.446970598040177
7.782861142529456e-05
0.2647426048292435
1.817733952938716
0.31755417908231326
3.170612413216689
281.58877944248394
7.825326746519917
102.82619212385919
0.9514051067215152
0.00014503043132060343
0.93299852770009
0.0
0.9329981928688812
2.3527905275528216e-05
8.558311968726539
8.063900482665531
3.3020914300287134
8.144617389792717
15.894014968934698
116.99511460702504
10.336884522510383
211.6287568335732
1.4433246494478178
0.7084339989291384
1.4137276787002597
0.00020126996513883868
0.0
3.6037373902121574
5.886435910471634e-05
3.350399937582882e-05
0.0005250915261827302
3.540487586618945e-05
0.00013832000514126232
15.087163877350223
2.5863807555802056e-09
2.666572533565962e-09
3.1616898521692295e-09
0.00016622098178453167
0.0023037718022442828
0.00019958923669190966
0.3047588182396167
0.0
0.00028113893144902994
6.470828436217541e-05
4.790614499870559e-10
6.830194671501093e-05
5.534447998778798e-05
4.531313423187992e-09
4.5273762663707263e-10
3.6899061957716613e-09
2.557606976649431e-09
8.294928615354855e-05
0.00028783730154139167
0.12592898257034776
2.019278091462466
0.0006645178916887639
0.0
0.00047728594065070846
0.00039013567093400156
0.0004392362399133193
0.00018649854178552768
1.9785422219947038
0.0001561680180393503
1.485927991988162e-09
7.717094585048517e-05
1.9073259358536637e-08
0.005203119890736166
3.238124823857946e-08
0.055966897646009595
0.0001027050273079338
0.0008091642827593594
0.0
0.0005769142339351798
9.874152866547222e-05
7.681604518120707e-05
3.6437514550339495e-09
8.162366719620645e-05
1.4469060375008413e-09
9.127392808767033e-05
2.22709969849009e-08
0.002787429047468457
1.4659692556547698e-08
0.0009185553694918747
5.8098437202968665e-05
0.000438826540107663
0.0007991141424551591
0.0
0.053743599461496185
4.547363643660003e-05
1.056732984807197e-09
0.0001259897781912724
10.797951829632266
0.00010791778138954164
0.0009575705621406252
0.0005166815700049761
0.5659170686152142
1.4470905741790678
0.00010164640206808128
0.0003097418098255678
6.479607000424042e-05
2.6267827247110145e-09
0.0
7.709038873983963e-05
7.0291013555579e-08
0.00020098547541661844
18.871862109866793
0.1575230923042488
0.0018688084732862743
4.668847550718155e-05
0.00020071894765921316
0.00039426233055351255
6.877003222997216e-05
0.0003504793250022149
6.432599516458487e-05
0.0008670108131547117
6.815441801008737e-05
0.0
5.461231476876642e-09
7.691624961821765e-09
3.312969869934742e-09
2.786733020425673e-09
0.0026364957233932095
3.8740522369058186e-06
0.0014262518822825618
6.714054471723589e-05
5.477696574730034e-06
0.00010216718620783169
5.164099376522811e-06
5.77091824759101e-05
0.0005881089038436969
4.180995723267914e-06
0.0
0.0008724742684196597
0.6572346848686158
5.538456678282239e-05
0.03784267960689075
0.0009526338816462917
0.001052874218368192
0.0005589298276211666
6.061784617390686e-05
0.00033850711721521224
3.14553107248583e-05
9.473518478338291e-05
0.000520687502777433
4.654857299615873e-05
1.3242379644713163e-09
0.0
10.760505001892463
0.00010834979785055558
0.002852491848318368
0.0014525503491082752
7.191660935787071e-09
7.758525572198819e-10
2.7181025854389196e-05
4.2072046707602236e-05
9.006676201481655e-05
0.0005072441019080109
1.6804905930812961
2.1945341856359126e-05
9.815336817508722e-10
0.0004909664453485328
0.0
0.000260078986101101
0.0029091762072719343
0.002825523584317044
1.1959025516537995e-09
9.473849542289133e-10
4.8395729520380965e-06
7.785988138029138e-06
1.905996818231581e-05
0.00042522272734601453
2.284188170815244e-05
3.858482288841883e-06
1.0969775956342436e-09
0.00024046263058547554
0.0011746151270762856
0.0
