0.0
11.466516554922816
11.466516554922816
11.466547642383208
11.46654764238321
23.999771509531552
0.0
46.25092131389723
46.25092131389728
41.58478509949903
45.928269968857904
63.63452284305761
0.0
99.99999999999973
99.99999999999991
99.99999999999999
99.77358057079135
100.00000000000001
0.0
76.75221442326828
76.16141572633646
84.8362851470553
100.00000000000007
100.00000000000003
0.0
59.9584636178679
59.97104952920922
60.35861015881015
70.00378222819815
99.99999999999994
0.0
3.4651338524350566
3.4651338524350566
3.4651338524350566
3.4651338524350566
30.478365452154094
0.0
0.0
0.0
0.0
0.0
0.0
0.0
0.0
0.0
0.0
0.0
0.0
0.0
0.0
0.0
0.8003345311878138
0.0
0.0
0.9129410470443409
0.0
0.0
0.0
0.0
0.0
0.9129410473895087
0.6699952503531921
0.0
0.5814015759436444
8.09112364504399
2.5923017450935633
0.8641005769404264
0.0
0.09806507794060476
0.09806507794060476
0.09806507794060476
0.09806507794060476
0.09806507794060476
0.0
0.0
0.0
0.0
0.0
0.0
0.0
0.0
0.0
0.0
0.0
0.0
0.0
0.26665945251188455
12.799836688469638
12.799836688469636
12.799878138416826
12.799878138416828
0.2666542712684852
0.0
24.06145714639066
41.973397221309604
41.97339722130953
45.827086622369535
41.673320527676346
23.96706765347662
0.1011833464883578
44.63380240975338
65.21345265205704
65.21345265205709
68.90124574550589
77.86726741855956
33.72248428690202
0.27376911846388136
58.026515808722245
87.35825840317618
87.0361160513379
71.77343248196289
72.02025874219785
40.82563052208913
0.0
52.339571851567136
65.10958077511339
65.12396467378844
70.64362272621062
58.20341074699506
59.66691554517071
1.5466149448568483
0.0
3.4651338524350566
3.4651338524350566
3.899820803670538
3.899820803670538
0.0
0.0
0.0
0.0
0.0
0.0
0.0
0.0
0.0
0.0
0.0
0.0
0.0
0.0
0.0
0.0
0.0
0.0
0.0
0.914668035643216
0.0
0.0
0.9129410496685241
0.0
0.0
0.0
0.0
0.0
0.0
1.0609717673069057
0.0
1.4437043540061434
14.390376552305112
0.6644589439355938
1.2458605198792374
1.2458605198792374
1.2458605198792374
0.0
0.0
0.0
0.0
0.0
0.0
0.0
0.0
0.4040209704939599
4.4749626152763025
4.0709416447823354
0.8806916811820039
0.32189329990331034
0.08498831848773204
0.8060948408322679
1.511427826560501
1.511427826560501
0.0
0.0
0.0
0.0
3.733232335166384
3.733232335166384
3.733232335166384
3.7331597977587916
3.733159797758793
3.733159797758793
0.0
36.09218571958598
36.092185719586
36.092185719586
35.666023318216396
35.6660233182164
35.6660233182164
0.08853542817731308
53.3897180895494
62.24387751448065
52.436731667757044
43.21868818649938
39.05713431928468
49.77705853136622
0.23954797865589617
61.42542182358718
77.24664669640116
66.59899348802489
63.50818855653225
60.19388252192743
61.23844573199059
0.0
58.35829507890098
58.103929110545884
62.64229337637527
60.16350207960936
57.36846217020792
52.20855110202437
1.3532880767497422
0.2585487949056463
0.11051807510476583
0.4346869512354815
0.0
0.0
0.0
0.0
0.0
0.0
0.0
0.0
0.0
0.0
0.0
0.0
0.0
0.0
0.0
0.0
0.0
0.0
0.0
0.0
0.0
0.0
4.305626702449162
4.305626702449161
0.711737799742384
0.0
0.0
0.0
0.0
2.5830900660947633
2.5830900660947567
0.0
0.0
0.0
0.0
0.0
4.543823189799838
2.072430077212327
0.0
0.0
0.0
0.0
0.0
2.687764314044932
0.4627965806644566
0.0
0.0
3.6410236554858035
3.6410236554857867
0.0
0.8753799392064574
0.3165815581782746
0.07436477867676555
0.705332985728234
0.0
0.0
0.0
0.0
0.0
0.0
