0.0
2.7392262709907486e-07
3.134046725029078e-08
0.6970603896740538
6.099448265055615e-08
5.860282229114106e-08
6.912811342519976e-08
5.939536310129684e-08
5.986354862743494e-08
1.1805693341011843
4.991935080812257e-08
6.502431405546973e-08
6.048306349739736e-08
5.735598075240888e-08
9.959294053162957
0.0
6.934738354588396
13.737725590669868
6.3719417542782475
1.5997718264878247
12.129833226276856
26.136691968357187
4.453477791033003
2.792974350450048e-08
210.58063037034148
6.037145121309236
105.02930684025688
7.070379172369002
3.9906889806974306e-08
2.6821864519023966
0.0
1.8471702069813336
0.03221599226134283
12.0079031272506
8.65673046921643
7.7440630578227125
9.242571069961548
45.71474599081252
11.58907041234173
26.59011653520929
234.80155024950136
5.145080292757107
3.573240114068426e-08
0.4716915108417108
2.9635378951677437e-08
0.0
6.307622825357143
1.12928909755493e-06
0.784389028943936
6.555325968555668
0.7885774088776809
1.3593948446232887e-08
53.47764211656489
0.2538967016630252
7.621593853121599
5.878903095366788e-07
6.224824191622449e-08
0.0007759611413230979
4.267464925882291e-08
0.9515676192095561
0.0
0.0002452832291367648
2.3978752075252505e-06
0.05460172441216077
5.8551102330675825e-06
1.399784233181045e-08
0.05600794398304318
1.1052317564382744e-06
0.0423843638806761
8.833744846327173e-07
6.352383406564217e-08
2.1349594765772224
0.008935306420145037
0.0988922439936419
0.0005674160040080923
0.0
3.02340287940226e-06
0.040830855561365974
8.851620263708429e-06
1.0982499770067575e-08
3.9614270675940406
4.0074118872427795e-06
0.034656897767701714
4.087517356832167e-07
4.26087900272574e-08
0.9207061772489472
4.85382089170585e-07
2.297519845771071e-07
1.701773500085573e-07
2.979048575025224e-06
0.0
1.214215632664413e-07
4.6550971378543814e-08
1.07700509779355e-08
5.3672959871260634e-08
5.3091788838682005e-08
35.46339625510076
8.979866623658297e-07
5.3950692082374416e-08
4.193476309202308e-06
5.913935808223816e-08
2.8781206687205307e-06
4.609854389122726e-07
0.0001351217005126767
7.0767800866867935e-06
0.0
0.044431258085683455
1.1846526599373326e-08
6.554147404792615e-08
6.349228113518798e-08
5.867646129522544
1.0639975452154922e-06
3.4042236328605364e-08
0.26516726062915913
0.7831997892962674
0.007555740527593074
0.007667977412944723
0.0005296268987485963
0.007662943003057143
1.3091492536098966e-07
0.0
1.1114856130828055e-08
18.122132416016374
0.00015937947354743525
2.7854776551120107e-07
5.265205463890974e-07
0.1626589887492385
0.9268810656422946
4.2039704791120835e-08
0.0006078543878544179
1.9370029404916886e-06
3.0059269338007393e-06
1.9938527500720685e-06
0.07559641375152343
5.80799152715943e-06
0.0
28.164477040297296
1.0638906227611647e-06
0.05446689932363821
6.658474899838571e-07
0.004522284634854883
3.1208587192816684e-06
3.9688127276060566e-08
0.0004132550485251396
3.6577574911509475e-07
1.7080030632516037e-06
3.643799402673609e-07
2.6675605413268296e-05
0.001115254396026777
1.0442076269833042e-08
0.0
0.0014715151059993645
0.09083368501949243
1.18464347201127e-06
3.513728419870145e-08
0.013192235249214326
0.1478080312584314
8.600596230125209e-06
0.013520605522243094
7.420297573129205e-06
0.12108211754376433
0.011734104030843663
1.4357044529897915e-05
8.760457556113536e-09
49.94798185037329
0.0
1.8753000688845307
1.0126282016042178e-06
0.18208286706340077
0.1545522559643276
4.904886691198021e-08
2.4189368633145538e-08
3.6186241550749737e-07
9.019820279317805e-05
4.229547129519752
0.0002674860508071032
0.8025668685105272
1.0201449209961985e-08
3.7643248854328734e-08
0.000276541477673092
0.0
0.0008984491907580385
0.07769545274202448
0.07124443933142809
3.2691270655654904e-08
0.0003610892263856727
1.1341821088649678e-06
2.6168397914027233e-05
0.20564582668223041
1.3485341895770401e-05
0.09348035051691048
1.112688967265295e-08
0.005387944197783308
3.6403730857187294e-05
0.0011499565832286444
0.0
