1.0712491419978827
12.187953897702316
12.270320365329512
12.132430464904914
12.132430464904928
0.44667203706951253
0.0
25.898658975752156
44.0637754183587
44.144849623573464
46.06340814692197
44.83518566256695
26.547982937130435
0.0
41.469766060797184
96.11525031980635
95.35012475732536
100.00000000000001
100.0
51.138246894874705
1.3604006533343653
49.3052307149576
99.48847504228671
99.99999999999999
100.0
97.39371290042595
70.34727149878653
3.801493289386304
53.27503508230358
90.4035322832578
91.58103596701845
100.00000000000003
99.99999999999999
75.66464963568015
5.092335593601419
0.0
1.9902449815394703
1.9902449815394698
1.5583053805473752
3.6325830094925404
4.62629592310468
0.7710492764112374
0.0
0.0
0.0
0.0
0.0
0.0
0.0
0.0
12.187953897702318
12.270320365329514
12.132430464904916
12.132430464904935
23.991153444567782
0.0
44.06377541835872
44.144849623573464
46.06340814692197
44.83518566256694
63.90177497744322
0.0
56.55506716265725
55.78994160017623
72.60986341512042
78.93564109605501
99.99999999999999
0.9076140735703129
65.03712193458668
65.80181019385489
53.13099906206028
99.99999999999997
97.61414600290618
0.0
37.287124350275434
38.46462803403628
12.136091071898317
54.68212850700546
86.60707699757114
0.2371612968834402
1.9902449815394698
1.9902449815394694
1.558305380547375
3.63258300949254
71.62028181391415
0.0
0.0
0.0
0.0
0.0
0.0
0.0
0.00041700780955569706
0.00020850390477784853
0.0006745173796040761
0.008960761897902354
0.0
0.0
2.727970496883819
0.00391149763343336
0.0
0.15870743262898618
1.0973511150834738
5.353070388155949
5.353070388155951
1.612188988564537
0.05375004602628762
0.0
0.0
0.0
0.0
0.0
1.6035895728882683
0.12048159623635372
4.243748211924759
4.624197001209204
0.8403958369716527
0.26063563656426636
0.26063563656426636
0.26063563656426636
0.14845006940411326
0.0
0.08886562547240813
0.08886562547240812
0.5098416598106154
0.5098416598106154
0.17773125094481623
0.3597432243229779
1.128931622356154
4.796495058443661
4.027306660410483
1.08812746553948
0.4826234490872986
0.3597432243229779
0.128878444724423
3.8268765281403687
3.8268765281403665
0.5549898963283494
0.2219959551963127
0.0
0.0
2.503917006180088
5.29543089238832
3.4261631433854096
1.8682060730779104
5.2930469452033
3.6408416456515225
0.0
19.46375822630112
50.30015689183721
32.13498737615245
21.684667367678962
51.26744300982323
33.51259457125495
0.0
52.03010452955491
69.67193510400278
69.16250033171937
56.90562512003571
51.51698452895158
51.1382468948747
1.3604006533343658
61.31767883772783
93.45802879277755
88.09112575967478
92.64528211663925
84.91592620419976
72.02625124449565
3.811082596458328
56.7616031036555
61.496477635486414
58.16899902656421
85.81988156892051
82.3177448690288
73.98566988997105
5.082746286529395
1.0269987652651147
0.024844497014792286
0.22210238787146527
0.7149018440467988
0.2371612968834402
0.0
0.7710492764112373
0.0
0.0
0.0
0.0
0.0
0.0
0.0
0.00046601347482622753
0.011031544666380838
0.024947760428494656
0.006958544010848537
0.0
1.5302511101636622
0.027204153726367468
0.15870743262898618
1.0973511150834738
3.684667262687703
1.2282223594019115
1.5302510332957424
0.09208576678903968
0.0
0.0
0.0
0.0
0.6435473348047092
0.0
26.608136718050087
0.7033160655184654
6.900347075449967
2.3271743727474288
0.2548021263734126
0.0
0.08886562547240813
0.08886562547240812
5.052591093581779
1.8278093300832832
0.6237705389812755
0.0
0.28548191041144827
0.43140186837589406
0.36802234583591137
0.0524096622011372
0.02756516518634491
0.0
0.0
0.0
0.0
0.0
0.0
0.0
0.0
0.00020850390477784853
0.00020850390477784853
0.00020850390477784853
2.088461359556457
2.0884613595564576
0.0
0.00391149763343336
0.1461559270296794
0.1461559270296794
0.0
4.025886814172204
4.025886814172204
1.097351115083474
0.05375004602628762
1.923056326315674
1.923056326315674
0.0
0.0
0.0
0.0
0.12048159623635372
0.011433108542152766
0.011433108542152766
0.011433108542152766
1.6633910069909539
1.6633910069909539
0.0
0.14845006940411326
5.047302513138965
5.047302513138966
0.0
1.6371668253656981
0.4943146349882117
0.0
0.3597432243229779
4.555737867009633
4.555737867009631
0.35974322432297784
1.0881273212183697
0.4826234285103262
0.35974322432297784
0.12887844472442303
0.5549898963283494
0.5549898963283493
0.5549898963283493
0.2219958728536166
0.0
0.0
