0.0
11.466546921453949
11.466546921453943
11.466571719952187
11.466571719952187
23.999817731430326
0.0
46.25087939042858
46.25087939042844
45.82719585264198
45.92834311443409
63.634653198634474
0.0
100.00000000000034
100.00000000000026
99.99999999999993
99.84122419860202
99.99999999999997
0.0
76.74243667400724
76.15194475331464
85.63824329613728
100.00000000000003
99.99999999999999
0.0
59.91966335815604
59.933910422490115
60.353453051184
70.01000117414726
99.99999999999999
0.0
3.4642018791035443
3.4642018791035443
3.4642018791035443
3.4642018791035443
30.431199129426695
0.0
0.0
0.0
0.0
0.0
0.0
0.0
0.0
0.0
0.0
0.0
0.0
0.0
0.0
0.0
0.8000490649899749
0.0
0.0
0.913526804644563
0.0
0.0
0.0
0.0
0.0
0.9135268048517079
0.6680089974857774
0.0
0.6313829664005333
8.074628567653019
2.5870169164313985
0.8623389691241896
0.0
0.09954695324393649
0.09954695324393649
0.09954695324393649
0.09954695324393649
0.09954695324393649
0.0
0.0
0.0
0.0
0.0
0.0
0.0
0.0
0.0
0.0
0.0
0.0
0.0
0.2666609117010787
12.799869725431854
12.799869725431845
12.799902790096171
12.799902790096171
0.2666567786180378
0.0
24.061435229412417
41.97335916846337
41.97335916846314
41.58488563939968
41.67338949346777
23.967079409267615
0.1011472617922293
44.63500007123021
65.20486004711438
65.20486004711427
68.87982897282569
77.82291154573696
33.71543345291816
0.2718068553270872
58.01723021283993
87.34532192140128
87.02228703634414
70.91263977760833
71.9386028383395
40.76104532271876
0.0
52.339715019387285
65.06231501910919
65.07859737834768
70.6383889667113
58.19573242662053
59.66325885159198
1.5453960474219952
0.0
3.4642018791035443
3.4642018791035443
3.9029546889215836
3.9029546889215836
0.0
0.0
0.0
0.0
0.0
0.0
0.0
0.0
0.0
0.0
0.0
0.0
0.0
0.0
0.0
0.0
0.0
0.0
0.0
0.9143417885599713
0.0
0.0
0.913526806313602
0.0
0.0
0.0
0.0
0.0
0.0
1.0610832771546452
0.0
1.4253665917265397
14.35935729959929
0.7215805330291809
1.3529634994297148
1.3529634994297148
1.3529634994297148
0.0
0.0
0.0
0.0
0.0
0.0
0.0
0.0
0.40515233884392743
4.476093988804511
4.070941649960581
0.8806916918937753
0.32189331861192855
0.0849883276107629
0.8057119002104901
1.5107098128946714
1.5107098128946714
0.0
0.0
0.0
0.0
3.733252763815104
3.733252763815104
3.733252763815104
3.7331949006525287
3.7331949006525296
3.7331949006525296
0.0
36.09215284411863
36.092152844118615
36.092152844118615
35.666142440110775
35.66614244011078
35.66614244011078
0.08850385406820063
53.39705216187349
62.23895948536041
52.44028527649825
43.22156637041109
39.05751464303019
49.74565873224882
0.23783099841120128
61.42224229418631
77.20662547098763
66.55413073533612
63.490843218307596
60.17914709984182
61.14156795022139
0.0
58.36217107567511
58.108615693127746
62.71024490603641
60.14850503813344
57.36239662127887
52.205351495142985
1.3522215414942458
0.2576214811268362
0.11006500889603722
0.4387528098180395
0.0
0.0
0.0
0.0
0.0
0.0
0.0
0.0
0.0
0.0
0.0
0.0
0.0
0.0
0.0
0.0
0.0
0.0
0.0
0.0
0.0
0.0
4.304091014599977
4.304091014599974
0.7107515777799753
0.0
0.0
0.0
0.0
2.6045461666919576
2.6045461666919545
0.0
0.0
0.0
0.0
0.0
4.52848178137203
2.0657906112311855
0.0
0.0
0.0
0.0
0.0
2.6752972549716723
0.4645918507769595
0.0
0.0
3.6425718541285943
3.642571854128582
0.0
0.8753799392087246
0.3165815660861103
0.07436478665941754
0.7049979126841793
0.0
0.0
0.0
0.0
0.0
0.0
