0.0
2.8423269060095745e-07
1.0814232946410685
1.1309978866059448e-08
2.380047629868261e-08
1.847773848190799e-08
1.5991926127902734e-08
1.7372768143795104e-08
1.825224857488634e-08
5.322084209958019e-09
1.5269891705372e-08
2.0196554429498097e-08
1.909225211159657e-08
1.803648805350846e-08
5.740705427656343
0.0
3.3543895870529576
7.158176689044732
3.4799031912856546
5.885788725029369e-07
16.112962538507862
26.37244206267495
1.100537652013897
4.540645393445463
183.9178273592955
6.130929114663728
156.7506634967811
1.6599833863858448e-07
0.30866097770124334
2.7530355216970612
0.0
2.203493717756832
0.31906299775527147
6.11534636286044
0.9882646677911933
16.62556984598518
6.101902023745386
44.30833268220435
11.052915732653698
20.77599257211712
240.9114569774947
12.247032969838443
1.2322173567635746e-08
0.9516492927832971
1.3367316828132955e-08
0.0
3.106289986343876
0.14417123024619602
1.0005354542703975
7.103978241491276
1.03842727598727
4.002526914112854e-09
73.13840061586973
1.1566119560949382
7.355652216849647
1.547148718097585e-07
2.48860225931022e-08
0.0013330473243890473
3.9987470327422555e-08
0.05619578553060636
0.0
0.0003971671551456737
0.0012501970787348266
0.054636683293865944
7.822532235906593e-07
7.157537220555367e-09
0.056299972887923724
3.1720770787875593e-07
0.36004854824551674
0.2730775984280498
2.337765519166539e-08
1.641010963585701
3.274075430138635e-08
0.09425947485414188
0.0008590350578835939
0.0
4.777326852276583e-07
0.04245693931126987
1.1460514517693423e-06
3.2282549901570092e-09
12.048711310727986
8.423925610890437e-07
0.036593721673514684
9.338152863986371e-08
3.170904908016376e-07
5.292443727194263e-07
0.0012172719794451567
7.899328097364733e-08
5.527114496249497e-08
0.0002512973311953323
0.0
1.0502388945727276e-08
0.0002454774715863181
3.6693542971011316e-09
1.1804394944189834e-08
1.3515510516326704e-08
36.60309307351079
2.3172046396922012e-07
5.7721172788641473e-08
1.3901641438064718e-06
3.19245359621031e-08
8.626936576153336e-07
1.3597047044674863e-07
9.835684405274246e-05
1.4924798542422011e-06
0.0
0.0003337575070819031
4.5826311041729124e-08
1.3948483522617752e-08
1.5613500127245183e-08
4.895365195417534
2.5732998951284695e-07
3.901886093011983e-08
0.3726787261169655
0.0005801261241173667
0.00787647721695185
0.12918002298770584
0.0005339849884559923
0.11648927745847851
9.105908639208447e-08
0.0
3.672175188280688e-09
30.851249354032895
0.00010503305262190589
1.1118825586237584e-07
1.213081992320881e-07
0.001419849182478425
0.5117775398230647
9.873925637378012e-05
0.0009929396585106334
0.00014257689322322764
6.934290319424425e-07
3.287042017380729e-07
0.07600866246227105
7.802444780986498e-07
0.0
27.103099639952962
3.1751375863521914e-07
0.053118790668615204
1.5962370847349433e-07
0.003859055181285638
9.553598264381904e-07
8.180495645045631e-08
0.00044328373051292586
1.0684785974268264e-07
5.911646135502534e-07
4.677812171139348e-08
8.73646555355428e-06
0.0008482521822093674
7.259815713732502e-08
0.0
0.0012317353269169166
0.08356920789956229
2.7741673093546975e-07
2.992108990200861e-08
0.009053184509927613
1.7636088901081625e-08
1.0330423383320045e-06
0.00908637778509155
1.6655395576429048e-06
0.2033811580495435
0.012018230357040319
0.0001674765125431588
2.0938882093854955e-08
59.44560547820945
0.0
1.5003712317002846
2.3773971197276003e-07
5.658983192605628e-08
0.00044687474757574403
0.01869928639904216
3.056958165628949e-08
7.97735330214682e-08
6.202919815490954e-05
4.792866138854255
0.00022817752831448047
0.0003382140045260265
4.767827872415397e-08
8.00227272764577e-09
0.00023042381799155231
0.0
0.000753070884721379
7.837034906020267e-08
0.00018524410825118763
0.024665468884819533
0.000393237286823375
3.822015104257498e-07
1.0501497206416106e-05
0.3683594413252843
5.957703123467961e-06
0.0003146423424044508
7.28448752514207e-08
0.005489234752696682
1.3430870530242462e-05
0.0009405072956242592
0.0
