0.0
4.431915544716135e-08
1.5039506578307254e-08
3.1481614433641e-08
1.942526086366577e-08
1.3858520428040746e-08
1.1992514102528336e-08
1.571354336186954e-08
2.661180252454798e-08
0.9681686246824933
1.1203608173094306
1.4170201117993961e-08
1.4547203698821769e-08
1.3175868092153968e-08
2.423136757835739
0.0
1.5781891334285125
16.892003449206676
1.3927893028498293
1.108749862424501
8.006329948978555
27.079452293585696
2.9156901374083044
4.317608248239896e-09
207.87340857935018
16.48964874592688
104.77385061093902
6.419904886718666
5.304736577005275e-08
3.663965643313249
0.0
3.297166767000306
0.1540655999067755
8.47806704495381
7.379191334792863
15.592359313392528
1.7374011679548989
66.82902646109301
41.971864459220484
12.24806197669681
185.68381468762936
4.264210088084006
7.760940498982619e-08
2.243814630209145
1.2695547240930809e-08
0.0
10.981647314534895
4.392437825740217e-07
5.025467339366401e-06
6.4806915400828835
0.6041860354456403
2.6403658905050576e-09
16.570501470108724
4.4946596097524365
58.399795558564804
2.385934720215406
4.9680396899299975e-08
0.0006224669730430078
5.202914987742945e-08
0.37742723032333525
0.0
5.802863427335584e-07
9.425988792204015e-06
0.10121046681724039
0.0594531187279249
3.56474713347858e-09
18.344562033459894
0.05544639829420925
0.09557317686632412
1.0761476846484084e-07
3.7534198420084284e-08
1.9154526511280756
0.7988350606470349
1.8270980283581761
1.0129771103454764e-05
0.0
1.4226759332677484e-05
0.021842774982923675
9.774685507041148e-06
1.9850802276777387e-09
0.022078261008858957
0.008664919699252184
11.665311985211936
9.738397231434001e-08
8.50926243445853e-09
1.6119239721034575e-07
1.2746666155091084e-07
1.1069324143937945e-07
3.026595918226504e-08
1.1104393130912037e-07
0.0
1.1053825385642168e-08
1.1090232735998536e-08
2.170818262991142e-09
1.7181539847502637e-08
2.0766418814801977e-08
37.86654246977089
1.660941677720878e-07
1.2016251633756308e-08
0.010550469016299167
0.010628531837754024
7.781131436614439e-08
2.879837239103976e-08
0.00011728726574993008
6.305527657759197e-07
0.0
1.5288072079093244e-08
2.720274408082463e-09
1.9802136311890036e-08
2.336652188162069e-08
5.325396032365503
1.8426886459686606e-07
4.347398300965256e-08
0.9617896572774681
0.17246351253072573
0.21602028441392088
6.5938882851964645e-06
5.506149990362507e-07
1.644331853345152
0.15045047708125497
0.0
2.2502772914277273e-09
1.4000650893423002e-07
1.452331454172884e-07
1.4113876602155913e-07
5.805864362677862e-08
0.16175941765275853
0.2505141147740465
6.007860317631283e-08
1.063890088771904e-08
0.1770078691565487
5.80396373369613e-07
9.359948970749615e-06
0.10514552343239723
0.05135539937275915
0.0
0.10723906693524328
0.05050586870686264
0.09492140224011619
1.0900251151181556e-07
2.2632136782394186e-08
1.009574558672462e-05
0.0023519078849680275
2.0525888626161164e-08
7.094957238204259e-06
7.679737530389098e-08
8.21300936935859e-06
9.7013548144068e-08
0.00037862571326242986
4.058399558255539e-09
0.0
0.0008630485820723268
0.32917570066697543
1.4703325027960833e-07
2.5710527216251607e-08
0.2818425993206746
0.007059351758447228
0.007060523616025485
4.3152708391432525e-06
0.17923123913457945
0.5652978546844101
0.0029678229679242106
8.620653452843634e-07
2.4151114000558624e-09
25.262912492799796
0.0
3.671897351263585
1.7303819195214513e-07
1.053379091272635e-08
0.24238032100335025
4.519998971107895e-08
4.899718873703332e-08
1.6844300989926808e-08
4.820627410640068e-08
3.1813859758216525
0.0003118553564825748
0.00024666363450294134
2.157721466196262e-09
2.4520541522477206
0.00031196002798976596
0.0
0.00028982815941772203
1.0060083907193335e-08
0.011371002078131222
4.618392492362426e-08
1.6981945166323438e-08
1.752757754246321e-08
4.708887803749644e-08
0.24946353527811765
4.4197599709218954e-05
3.6165523749898625e-05
2.239152003551413e-09
1.1915600310159265e-07
4.430292681185179e-05
0.0010516319311336725
0.0
