0.0
11.466360044726716
11.466360044726729
11.466424140771725
11.466424140771725
23.999534708786406
0.0
46.23214319213296
46.23214319213287
45.871023973021885
45.95228080561313
63.68763434027754
0.0
99.9999999999998
100.00000000000003
99.99999999999994
99.99999999999999
100.0
0.0
85.2822494114231
84.30311061243961
83.83697570260556
100.00000000000001
100.0
0.5191573959539496
63.619968197038176
63.815425525694536
60.995000784513365
71.9496842769186
99.99999999999999
0.0
0.2808488986490854
0.3237411445972934
0.2823615384636435
3.097834146193181
27.765112365301874
0.0
0.0
0.0
0.0
0.0
0.0
0.0
0.0
0.0
0.0
0.0
0.0
0.0
0.0
0.0
0.6725278125222552
0.0
0.0
0.0
0.0
0.0
0.0
0.00842737725959439
0.00842737725959439
0.0
0.6611949156651843
0.0
0.26801451455690545
5.075005486919969
1.8721165206560024
0.6240387605374367
0.0
0.04292073618375886
0.3113315321945374
0.04292073618375886
0.04292073618375886
0.04292073618375886
0.0
0.0
0.022282561461893745
0.045955646413292466
0.0
0.0
0.0
0.0
0.0
0.0
0.0
0.0
0.0
0.26665195934557173
12.799666383292738
12.79966638329275
12.799751844686082
12.799751844686082
0.26664127667140547
0.0
24.051642957935528
41.95635297798718
41.95635297798723
41.62518168367004
41.69628141218738
23.960927877523076
0.08125683259129633
46.46620855879909
64.8505798359765
64.85057983597639
67.97213918438531
75.97355821814608
34.7455076738707
0.41597161960597434
45.25209252453027
82.9338571447194
83.91299594370278
71.28069163410157
72.47416861272237
40.60906344501386
0.0
51.723030658011574
63.306294750370505
63.50175207902686
67.2487248544614
55.48438129405975
58.90514773050027
1.2926923349040615
4.3802048938070905
4.400265529424881
4.403329261278327
4.400373575125922
4.6014787613923165
3.06253377179758
0.5444504366435137
0.0
0.0
0.0
0.0
0.0
0.0
0.0
0.0
0.0
0.0
0.0
0.0
0.0
0.0
0.0
0.0
0.0
0.7686032143111486
0.0
0.0
4.054029985193968
0.0
0.05904080709395733
0.05904080709395733
0.05904080709395733
0.9827365150659342
0.9236957079719761
1.562608613170329
0.0
1.896740728616822
13.950927583988515
0.3063023023507492
0.5743168169076545
0.6022392924299684
0.6022392924299683
0.0
0.4602809238833776
0.0
0.0
0.05448690550938466
0.054486905509384696
0.0
0.0
0.2650315755703953
4.335973180345527
4.070941604775123
0.880691609842329
0.32189316164487974
0.08498825207827311
0.06931190442774628
2.2093186902509885
2.2093186902509987
0.0
0.0
0.0
0.0
3.7331274308380045
3.7331274308380045
3.7331274308380045
3.7329778733996775
3.732977873399678
3.732977873399678
0.0
36.07746443690326
36.07746443690329
36.07746443690329
35.71285697462157
35.712856974621594
35.712856974621594
0.07109972851738429
50.38269465872392
67.37260011037229
54.40181518923923
42.54795301531981
39.29871632877802
49.87783583652028
0.36397516715522754
69.83377880723953
73.72574691647976
71.16188805274538
64.92742094665435
60.65977772663092
60.91359507967649
0.0
58.77385055492927
58.6897830764768
58.6897830764768
56.86116024953328
56.04249881249313
51.54200426418773
1.1311057930410537
1.5364132042473952
0.0
0.04595564641329237
0.022282561461893738
0.022282561461893738
0.0
0.47639413206307446
0.027922475522313882
0.0
0.0
0.0
0.0
0.0
0.0
0.0
0.0
0.0
0.0
0.0
0.0
0.8124021050716177
0.0
0.0
0.0
0.0
3.6341382826170383
3.6341382826170365
0.0
0.0
0.0
0.0
0.14010981605617487
0.6524664098417059
0.6524664098417068
0.2403250660271568
0.0
0.0
0.0
0.0
5.270855592392141
1.3443615537164708
0.0
0.0
0.0
0.0
0.004940719828977315
1.170485588700846
0.3909146573123943
0.0
0.0
3.9635081424233216
3.963508142423329
0.0
0.8753799274422587
0.31658149143727543
0.07436472056848897
0.060647916374277994
0.0
0.0
0.0
0.0
0.0
0.0
