0.0
3.527324359923323e-07
8.759954741066403e-08
0.3474629363106549
6.700056394014398e-08
3.285215521650018e-07
8.59160507625047e-08
2.599237291698007e-07
3.298145384992555e-07
10.929876108347234
5.3310150073069423e-08
1.1351182843338941e-07
3.3124838011004435e-07
3.263754787312531e-07
2.4257363548780733
0.0
1.959466722914347
6.098657086391846
1.5510410435817357
2.1479044226559537e-06
0.7680850093144946
8.791655305533894
1.9177439139039658
2.4627029454574438e-08
160.74233869881218
20.311871863409216
178.24885645485577
5.071272477862509
2.4545321103140916
3.694808576599713
0.0
3.4229514309223656
2.4810098108223126
10.28654610595757
15.378171904313541
19.489184544742677
9.584051861051009
53.61771805039403
11.678248777486395
24.392592053522183
186.82668342636953
8.614645795901938
0.04000677736929796
0.7878591192433437
6.306849023072195e-08
0.0
2.249469744904545
2.0874863817857475e-06
0.7436018620055271
6.5070029599229375
0.7435200968139125
1.3048767363728734e-08
84.57284883119821
0.2385555747788345
7.608146069843195
4.56527164374561e-07
1.543074054903638e-07
0.0003078089084141136
1.4017954921785283e-07
0.2891228704772064
0.0
0.00026296288204235554
2.0494214180142918e-06
0.06335203946470691
0.9558830550795717
1.2871279476062129e-08
0.06659784415343586
4.569026249820913
0.043796654493598125
6.202105552017235e-07
1.02870509716541e-07
2.419964951306734
7.067866428426811e-07
0.11388724504271311
0.00033333139392782604
0.0
1.636230657192729e-06
0.05140029549837409
2.8012636490656607e-06
9.594445768772802e-09
36.35381870346704
2.6861328341003373e-06
0.04125630091966277
3.436236348260091e-07
6.915637109833859e-08
0.2648314310604765
6.626767022790318e-08
2.2104571344645137e-07
1.9033566219308186e-07
0.0005757803975155831
0.0
3.911003246150023e-08
4.7065617348069156e-07
9.349307179836804e-09
6.007501017282415e-08
5.9306976694837666e-08
35.49568350192493
7.484245677018346e-07
9.608725585302478e-08
0.017727478922937308
1.676835261583526e-07
2.8254572696143583e-06
4.7310788542196003e-07
0.00014015826340010087
0.00021908698457344535
0.0
1.290991389547301e-06
1.3377215975786548e-08
7.65277670358736e-08
7.118164313278709e-08
1.6476454200714978
8.494186140322568e-07
3.128902972686626e-07
0.07945758024428219
1.7579217712467843
0.00948173361098021
0.00758460827677571
0.0008800375765027043
1.3511537410856196
1.1807167941609152e-07
0.0
9.692264786467067e-09
35.998902528582995
0.00013270161046705483
1.9578222340981618e-07
6.211591621787075e-07
0.03681614182362644
3.5732234179503766
1.3617759220677675e-07
0.0002299992585133382
7.2476436327184555
2.6193016758547442e-06
1.1258042062691167e-06
0.08899810662982527
1.9983597194574087e-06
0.0
0.09545868754758435
1.13813411006025e-06
0.05413418074762678
5.655608681507442e-07
0.002582493184562547
5.354576584751499e-07
0.01694680555447605
0.0005273622623034096
3.159507738470056e-05
4.846045086306281e-07
1.9247602957563918e-07
2.1760219972329118e-05
0.0008308723249070853
2.0908778214645177e-08
0.0
0.0015313754296102542
0.08970471139000488
6.264111848659181e-07
2.852120343051077e-07
9.832871047586237e-07
0.180928398099804
2.973696451794749e-06
1.0081281064937122e-06
2.8638968721825503e-06
0.09565891884942006
0.013517800043116222
0.00023087949032051905
1.2173900227333854e-08
64.70080710330049
0.0
0.7350113339506159
8.183018302538764e-07
6.330572078526598e-08
9.210279719463042e-07
7.654486578662956e-08
0.0006132539733629317
2.4057631216403795e-07
8.809379733755641e-05
4.2604070377517
0.00031118735136673295
1.059765242649104
1.4065974776370266e-08
0.5134164892372599
0.00031196755478572264
0.0
0.00024828406270768766
4.740110880912332e-08
2.04515946447122e-07
7.018152082897158e-08
0.0004615055779114877
7.877210869735432e-08
7.4852508088471045e-06
0.3626222949925909
1.0242125895886482e-05
0.06622756642223168
1.706029391499235e-08
0.02047398342528471
1.103173857273168e-05
6.848986957395299e-05
0.0
