0.0
0.00012763009576053193
2.5138734121241337e-08
1.3462294283443037
0.001826832030309606
5.69921016580974e-06
4.6619470014026675e-06
6.444649268261162e-06
5.302970466790826e-06
2.6000876604583825
1.3027122481614049e-08
4.428345634931186e-06
3.356719036349498e-09
9.358618321612889e-06
3.932304443822216
0.0
2.977485147407299
6.408061638520189
3.8962326860453684
1.302341392924093
7.389548928498195
4.231702557949015
5.0988226754197825
2.5818957204009654
279.02658264386173
5.146300573948706
79.58347957169869
1.507444518218658
0.013824286694083858
1.21410126968714
0.0
1.1407226071492647
2.7605046631977356e-07
11.192223884837766
4.291508895270587
12.232882561846358
4.835060768817306
16.431472591338874
89.2819544300375
9.461130062827305
230.36766488561597
1.8311841369451032
0.0007415698520961339
0.9781660267776658
2.452898417353556e-08
0.0
2.5211185452278304
7.040790111365085e-05
4.5613532486170105e-05
0.00015488281079233763
5.380631248112509e-05
5.9788679805220055e-05
20.38977230874584
1.5525254304498245e-09
4.22457111627401e-10
1.0057816516183929e-09
1.2198894574800193e-05
0.0008522897195209692
3.001457243490135e-08
0.0011045161883475336
0.0
0.0001252490941446367
4.08556814919892e-05
1.004678595717745e-09
4.518864547546147e-05
3.7306354034058985e-05
10.410463591524959
1.1081712645349103e-09
1.251644155718646e-09
9.447394388409473e-10
1.103462621223049e-05
0.8172658808833841
0.0004684164363279701
1.3868841501365938
6.976473398577563e-05
0.0
6.168558511528657e-05
0.00030521611644455774
6.853163310851568e-05
5.6566782302619576e-05
4.632293492054835
5.4027908038573806e-05
0.6737204630403187
2.892879941909606e-05
4.17147829891562e-09
0.15384737933104103
3.254324427720601e-08
0.0008164290251344293
4.813173512526708e-06
0.000252066154983187
0.0
0.00013674364911133878
6.049457859994001e-05
3.701256906779262e-05
3.989338508242012e-10
3.27971262093109e-05
0.0957487835429137
3.8469051901841054e-05
6.662161253220186e-09
0.001379601680807803
1.499886453891336e-08
0.0004112067499940043
3.803230053326099e-06
0.00023986421893183862
0.00035243645184100555
0.0
3.311082606027792e-05
2.199740961115044e-05
1.4564234591324587e-09
5.6966060236653335e-05
12.351283295689585
9.58870104520404e-05
0.22097464511388556
2.9452056412223615e-05
2.4040896337140808e-08
0.17600681416253366
4.762950796033616e-05
7.741352103065227e-05
4.0997085225666884e-05
6.323471998839893e-10
0.0
3.705608204440104e-05
1.5509578828290567
7.177897133349258e-05
20.20426454261826
9.397896778856187e-07
0.0006613445710178349
0.05912773458721546
3.125943281510139e-08
0.0001745027842021915
0.16191406354690918
0.00012503059958637956
4.052448972070005e-05
0.00038294400333487727
4.4785655147068024e-05
0.0
2.174870946049571e-09
1.1910023428660847e-09
1.0282213311862782e-09
1.0161919222005021e-09
0.0011630106845412751
2.295726487071087e-06
0.0005946981786605683
2.929892884288356e-05
3.332345430205466e-06
4.555286765367127e-05
3.016851154653188e-06
6.253073267168036e-05
0.00024457190672243315
2.0347263928748573e-06
0.0
0.00038490960080078663
0.7719551979651823
6.106513820643923e-05
0.0006326088601086338
0.00040060448667708854
0.2605585724703222
0.0002413288712878366
0.020110075216309115
0.0001619653435795304
1.8522498658418238e-05
9.085062769001958e-05
0.0002325240766941834
2.2765000731569085e-05
1.54393865112716e-09
0.0
12.091145637093739
9.599003202521506e-05
0.0007668481090888652
0.0006384840043691354
1.6138516968163553e-08
9.43437470088215e-10
2.2505528278892937e-06
1.9687737460911588e-05
2.107433674450315
0.00023263574384721128
1.115959517804388
1.0702045268903955e-05
1.4690235167809368e-09
0.00022089056294629085
0.0
0.00015104568137928485
0.0006743986645001891
0.0018586467512394784
9.78542469765602e-10
5.128914651624629e-10
3.652761805550966e-07
3.682728634079779e-06
8.52779831799503e-06
0.00018931334434867849
1.0675395774116928e-05
1.897125334325328e-06
1.6298703179052861e-09
0.00010790626310567542
0.0005193690753907619
0.0
