0.0
11.466501126962461
11.466501126962466
11.466535410882905
11.46653541088291
23.999748028245378
0.0
41.97351897507868
46.251055453098886
45.82673724197775
45.92803602029077
63.634105890227055
0.0
99.9999999999997
99.99999999999984
100.00000000000007
99.77376466054668
100.00000000000003
0.0
76.74834650714575
76.15667179359015
85.63145333356017
99.99999999999996
100.0
0.0
59.95972974902507
59.9715236946917
60.35879160461954
70.00413829239575
99.99999999999997
0.0
3.465093614660903
3.465093614660903
3.465093614660903
3.465093614660903
30.415732848689228
0.0
0.0
0.0
0.0
0.0
0.0
0.0
0.0
0.0
0.0
0.0
0.0
0.0
0.0
0.0
0.801247594476027
0.0
0.0
0.9130309185230089
0.0
0.0
0.0
0.0
0.0
0.913030918935887
0.6696879506657204
0.0
0.5820740598670829
8.100523902319043
2.595313476869747
0.8651044865075973
0.0
0.09818521218442454
0.09818521218442454
0.09818521218442454
0.09818521218442454
0.09818521218442454
0.0
0.0
0.0
0.0
0.0
0.0
0.0
0.0
0.0
0.0
0.0
0.0
0.0
0.2666587116884718
12.799819903170274
12.799819903170278
12.799865615064196
12.799865615064205
0.26665299770173123
0.0
24.061527257875614
46.2510554530987
41.97351897507875
41.58446351596261
41.67309994698651
23.96703007705011
0.10129877831297618
44.628188412994724
65.22456673648088
65.2245667364809
68.88218760205724
77.87478921376767
33.728900077937475
0.2740278089810264
58.02185344000816
87.35672053040952
87.03536432334788
70.92404070333976
71.94001950664078
40.75590229544771
0.0
52.338122932686154
65.10923101780179
65.12270981284928
70.64205588572598
58.202076951734874
59.66715465787705
1.5466946488401523
0.0
3.465093614660903
3.465093614660903
3.8999673795216636
3.8999673795216636
0.0
0.0
0.0
0.0
0.0
0.0
0.0
0.0
0.0
0.0
0.0
0.0
0.0
0.0
0.0
0.0
0.0
0.0
0.0
0.9157115365440308
0.0
0.0
0.9130309217107696
0.0
0.0
0.0
0.0
0.0
0.0
1.0615928682627804
0.0
1.4450685461541242
14.384074604543915
0.665227496990952
1.2473015568580341
1.2473015568580341
1.2473015568580341
0.0
0.0
0.0
0.0
0.0
0.0
0.0
0.0
0.40657422494376044
4.477515866665511
4.0709416417217605
0.8806916748502117
0.3218932888447266
0.08498831309531707
0.8060763469095198
1.5113931504553515
1.5113931504553515
0.0
0.0
0.0
0.0
3.733221963638605
3.733221963638605
3.733221963638605
3.7331419678242383
3.733141967824236
3.733141967824236
0.0
36.09229088681348
36.0922908868134
36.0922908868134
35.665642301569896
35.6656423015699
35.6656423015699
0.08863643102385416
53.392298748946885
62.230334762580206
52.42536512966583
43.21657754414089
39.05668342412978
49.77169088466782
0.2397743328583981
61.42382538408786
77.25088524522349
66.60080107975341
63.51588658730326
60.187610322152494
61.13385337827149
0.0
58.35602018774094
58.10149636166636
62.64276501675412
60.162995195398
57.368362949702494
52.208760325642416
1.3533578177351333
0.2590593815336719
0.11049743235450847
0.43487376486076057
0.0
0.0
0.0
0.0
0.0
0.0
0.0
0.0
0.0
0.0
0.0
0.0
0.0
0.0
0.0
0.0
0.0
0.0
0.0
0.0
0.0
0.0
4.310538749660552
4.31053874966055
0.7105130929934731
0.0
0.0
0.0
0.0
2.582225564632139
2.5822255646321386
0.0
0.0
0.0
0.0
0.0
4.563771547520546
2.0798672885082885
0.0
0.0
0.0
0.0
0.0
2.6878167946895015
0.46286415240397927
0.0
0.0
3.6409224172894765
3.640922417289456
0.0
0.875379939205509
0.31658155350430317
0.07436477395840244
0.7053168035458299
0.0
0.0
0.0
0.0
0.0
0.0
