0.0
11.466505573753844
11.466505573753842
11.46653893603944
11.466538936039438
23.999754795645345
0.0
46.2510464562764
46.25104645627638
41.58448509086076
45.928051716448785
63.634133863310794
0.0
99.99999999999994
100.00000000000009
99.99999999999999
99.99075562702335
100.00000000000004
0.0
76.74847020783393
76.15679277821802
85.63208020793519
99.99999999999999
100.00000000000004
0.0
59.959679773185094
59.97147233132574
60.35944097487065
70.0046277840323
100.00000000000003
0.0
3.464923022476778
3.464923022476778
3.4649230224767784
3.4649230224767784
30.420496136885596
0.0
0.0
0.0
0.0
0.0
0.0
0.0
0.0
0.0
0.0
0.0
0.0
0.0
0.0
0.0
0.8011863363682407
0.0
0.0
0.9130119952861867
0.0
0.0
0.0
0.0
0.0
0.9130119956767114
0.6695546297429028
0.0
0.5821192401473412
8.100618042135205
2.595343638503349
0.8651145406860572
0.0
0.09826428660407892
0.09826428660407892
0.09826428660407892
0.09826428660407892
0.09826428660407892
0.0
0.0
0.0
0.0
0.0
0.0
0.0
0.0
0.0
0.0
0.0
0.0
0.0
0.26665892511920514
12.799824741296732
12.799824741296728
12.799869224344192
12.799869224344187
0.2666533647382728
0.0
24.06152255450073
41.973510808898205
41.97351080889813
45.82676068174815
41.673114746223824
23.967032599361836
0.10129103470064899
44.62931760842429
65.22325365805074
65.22325365805078
68.88454841070319
77.65073418392005
33.719147988401694
0.2774862920652421
58.0217975225639
87.35681636074796
87.03548179309036
70.92411229689802
71.94303215401028
40.75546122621643
0.0
52.33812294881958
65.10919455413304
65.12267176343599
70.64234981093762
58.202113033081304
59.66714519813461
1.5466914956678122
0.0
3.4649230224767784
3.4649230224767784
3.899847276980823
3.899847276980823
0.0
0.0
0.0
0.0
0.0
0.0
0.0
0.0
0.0
0.0
0.0
0.0
0.0
0.0
0.0
0.0
0.0
0.0
0.0
0.9156415272779892
0.0
0.0
0.913011998306323
0.0
0.0
0.0
0.0
0.0
0.0
1.061587573615538
0.0
1.447103442008233
14.386960833780869
0.6652791315969613
1.247398371744303
1.247398371744303
1.247398371744303
0.0
0.0
0.0
0.0
0.0
0.0
0.0
0.0
0.4064619286716254
4.477403571303933
4.070941642632304
0.8806916767340227
0.3218932921347703
0.08498831469955245
0.8061269026158601
1.5114879424047376
1.5114879424047376
0.0
0.0
0.0
0.0
3.7332249516688716
3.7332249516688716
3.7332249516688716
3.73314710633582
3.7331471063358186
3.7331471063358186
0.0
36.092283831751125
36.092283831751104
36.092283831751104
35.665667863947185
35.6656678639472
35.6656678639472
0.08862965536306784
53.39213293973374
62.231134691559156
52.426127701107106
43.21725020111974
39.05686951530162
49.769743827885385
0.24280050555708688
61.42380623295405
77.25096114492038
66.600847822306
63.51597243492338
60.18751209005791
61.13319177783256
0.0
58.3558423943263
58.101284666668874
62.64303270502742
60.16361764065951
57.36856767245685
52.208752048367785
1.3533550587093355
0.2590892581342422
0.11051368033553978
0.4349242545040452
0.0
0.0
0.0
0.0
0.0
0.0
0.0
0.0
0.0
0.0
0.0
0.0
0.0
0.0
0.0
0.0
0.0
0.0
0.0
0.0
0.0
0.0
4.310209205156586
4.310209205156585
0.7105824400800653
0.0
0.0
0.0
0.0
2.582203209369046
2.582203209369043
0.0
0.0
0.0
0.0
0.0
4.5641355525036635
2.0800580891818345
0.0
0.0
0.0
0.0
0.0
2.688172156123998
0.46292896455997884
0.0
0.0
3.6409264227238
3.6409264227237865
0.0
0.8753799392056828
0.31658155489477335
0.07436477536210839
0.7053610397888775
0.0
0.0
0.0
0.0
0.0
0.0
