0.0
0.00021672157694083678
0.0008646801307393799
0.0009195195039090047
5.083053022415296e-09
6.309512009507584e-06
3.3706631284117163e-06
4.079226547036884e-06
3.57788112128145e-06
2.8811100624648514e-06
1.0450819071983634e-09
3.04880576182527e-06
2.3466354251470283e-10
1.9390333902260784e-06
1.8270971332126889
0.0
1.8270827989302572
3.451514589400983
0.9136206129403308
0.6487067420808382
1.0424826540307737
1.8584282812019097
1.0422297220139791
2.4627095392499063
333.5397859384367
1.948591036286354e-05
46.95671467134324
1.0835229938747308
8.100947975488129e-05
0.6887871711626067
0.0
0.6887871033325109
0.43407554191018244
8.817540606296916
9.219398790743453
3.735814662030231
5.907957265077041
20.45116894645741
54.35150527584193
19.834735109794966
264.1314038702212
1.814108684193569
0.8632263809838007
1.724826531709926
0.00015427101530058555
0.0
5.488749855412076
3.285649711944714e-05
1.8701535933562892e-05
0.029229507782476048
4.311714629398074
7.724202881895437e-05
10.661273667875601
4.950739605101193e-10
2.6957416946860087
6.451608708002969e-10
9.276549695167839e-05
0.0015057186010413043
0.00010607113512614971
0.18784086652774853
0.0
0.00015656686587999755
3.598239112819248e-05
1.9167584454551373e-10
3.8120108085948944e-05
3.0888857950579226e-05
1.4368372865085152e-09
1.5913857277274076e-10
9.157528437379637e-09
3.1408381975877316e-09
4.629796101981079e-05
0.0001604717883155136
0.0009860519801076204
3.9569211372508875
0.00037878684493743424
0.0
0.0002661631789474759
0.0002179619577266341
0.00024461685029355764
0.00010410889023787045
5.1385209301055825
8.713249522757796e-05
6.575035619427983e-10
4.3114353289550576e-05
3.647835215597879e-09
0.0031925616091470713
5.944801627992285e-09
3.620237664476439e-10
5.723942482712927e-05
0.0004832890171310375
0.0
0.0003473067605884589
5.493983990986806e-05
4.285782677323443e-05
4.243473890471855e-10
4.559268904358165e-05
5.653898581074044e-10
5.095810822301799e-05
6.18173414753357e-09
0.0015596098591232374
4.46797015458871e-09
0.0005129793825209075
3.23731577107259e-05
0.0002397558662785479
0.0004462184147458496
0.0
0.10807191025959927
2.53653973995175e-05
3.300624775646877e-10
7.037956937829604e-05
10.960984314294105
6.028681052537888e-05
0.000534769077722176
0.0002884853134422937
1.3529635059839096
1.7149252051320873
5.669535884151218e-05
0.0001726534913925071
3.615371143426249e-05
6.594686798256541e-10
0.0
4.3010160792732105e-05
2.18502988511785e-08
0.00011213695632677645
19.20414457508612
0.6993023643214575
0.0008105034470032019
2.6057934726324003e-05
0.00010696631178252332
0.00022006055361847922
3.8377489767707986e-05
0.0001569822486707691
0.001019241379072531
0.00048531342226664425
3.8036884713822133e-05
0.0
1.31475120488864
7.6844033972255e-09
1.6451409956687587e-10
3.1597041808558186e-09
0.001472767318041436
2.161258356666186e-06
0.0007965377922847547
3.748950433561712e-05
3.055390653527036e-06
5.698563409179163e-05
2.8822609002349428e-06
3.1674033422830064e-05
0.00032743665419131593
2.3299152640280353e-06
0.0
0.0004871055001408479
0.6680089974857764
3.094125824164623e-05
0.10034930280591021
0.0005340598909961059
0.0005875844972020483
0.00031211338728397695
3.380090727291154e-05
0.0001853381310993689
1.7547912542484245e-05
5.177964808544637e-05
0.00029095321284821273
2.596146630839689e-05
1.7344396976172402e-09
0.0
10.924700414068074
6.053055457272212e-05
0.001596042897098058
0.000811089667092614
2.168085206753419e-09
1.8525584373798118e-10
1.514083724992089e-05
2.3471010783742673e-05
5.027231026706881e-05
0.00027840166574879095
1.4254244517896226
1.2239740499616963e-05
2.944603395027967e-10
0.00027379065153800415
0.0
0.0001451083308470854
0.0016256489679673967
0.0015781979026516318
3.61362824158073e-10
1.879730082819954e-10
2.6954470421322403e-06
4.344004628377435e-06
1.06448386040008e-05
0.00023429548933263824
1.2756253096696875e-05
2.151126545667971e-06
3.32808744261065e-10
0.00013444805777632443
0.0006558222914237251
0.0
