0.0
2.3068846168074064e-09
1.9827194684729326e-09
2.7568682508001873e-09
2.3068790884732923e-09
2.2729045793551164e-09
2.034237785065634e-09
2.4852525098757303e-09
2.1856366861492524e-09
7.687286835282171e-10
4.139177850668339e-09
2.2379542449336716e-09
2.1243353305128017e-09
1.9330602969687983e-09
1.0507971316254119
0.0
0.8724247934785037
10.234014480411869
0.5732976388666186
1.2366107633764434
1.079207455565392
34.248719673607205
1.6741501080921115
3.8692931512349204e-10
256.69249419030166
0.5111960398078954
75.87859109498689
2.3019306500394085e-08
0.4916106739819345
6.796190280752341
0.0
6.7961902810212065
0.5604719632612064
1.221212081439336
1.6030070874585267
27.37589706683571
2.1792512542857567
120.33142847314647
87.82247104086916
0.6902050455609554
49.85162778536118
2.175124660189052e-08
0.13027407252168074
0.7939037175093058
1.1974699333156765e-09
0.0
4.483062297242014
2.4377883890560073
0.978378966305325
16.900267942163143
1.5582747959409347
2.0567653801858627e-10
24.2965551716827
0.499005931507092
132.19122445671385
1.941240209038957e-08
9.982551984579415e-09
0.00042336829678378237
7.235079479180852e-09
0.4365534287325589
0.0
6.553085403916488e-08
5.926543530558149e-07
0.12684838949411553
0.07858176968229749
0.486630780616939
0.12872914156203713
0.0634392093366149
0.12155461309663232
1.4215829727382514e-08
5.457792491148848e-09
1.4528230949014125
0.26028231063589324
4.457754461893117
4.933435932768264e-07
0.0
8.901356416940782e-07
2.5314316140209767
4.5147715121841364e-07
1.1551662830468305e-10
0.02364400191496539
0.014237532570898683
8.963229010841857
1.4281676220700838e-08
1.3475563601456518e-09
0.09153413342045275
0.08144062520050435
0.09470842100515645
2.165333493187029e-09
1.5216401125949605e-08
0.0
5.935957420434634e-09
4.505816875674466e-09
1.0510679977466437e-10
1.5482204958933025e-08
1.4195605328262957e-08
43.861136580970985
0.2398257977530462
2.5868127359407984e-09
0.0014728524436765254
6.045411826345763e-08
4.282152462822709e-08
7.884286607800538e-09
1.2724309666952187e-07
1.2773700761183164e-07
0.0
1.021699389660197e-08
1.4995712398742886e-10
1.6087518824433827e-08
1.4221456232939154e-08
3.9653893642898943
2.6276297612446384e-08
2.0526090633586058e-08
0.37011225584493135
0.3961914372920548
0.15693077005703038
3.142635184887719e-07
6.981649470217136e-08
1.6261979120062506
0.15018261673760774
0.0
1.0691555571525675e-10
0.6718750886891331
9.516229930253673e-08
0.39172605222272994
1.8089238550990257e-08
0.045445654410735926
0.06425176052329107
1.3037857430647098e-08
9.64891391404502e-10
0.06728863259280254
6.561758904075241e-08
5.887597689620187e-07
0.12016496501879753
0.062361466655890346
0.0
0.12249022275144936
0.05416188681307329
17.771727014859593
1.431163567656867e-08
6.07174566589334e-09
1.3212229394889786e-06
1.009647270169937e-07
4.499973024668157e-08
3.3639465878279865e-07
1.0966183850238936e-08
5.716527790776038e-07
1.779416378892602e-08
0.0002953458641802645
2.6055640116778657e-10
0.0
0.0006206340209908098
0.2434471741961956
2.1884333041898216e-08
5.162121567585995e-09
9.634444425072806e-07
5.611264287440306e-08
0.496388092635738
1.978293973531546e-07
0.12951822727956375
0.5601491915374418
0.0042211872812542295
1.2255766714462208e-07
1.4239973689565845e-10
3.2145015272356607
0.0
2.298196235009254
2.5513069547220848e-08
2.8583962020622705e-09
0.16290761889200547
1.5436544892963674e-08
4.952211672219141e-07
3.6480813855869106e-09
8.574700435158084e-09
2.7260647329903973
0.00020049902577497968
0.027308642243679702
1.8747996171551397e-10
5.9102809726226804e-08
0.0002005893754927383
0.0
0.00021345893768533295
3.054780124765689e-09
0.008977625057590205
1.593514972484775e-08
1.5575536180987257e-07
3.860763617219806e-09
1.621398242030637e-07
0.20227568212370248
2.8646060309326604e-05
0.0018196363793119635
2.3300836171704486e-10
5.69537111401642e-08
2.894611560332071e-05
0.0004806889555378978
0.0
