0.0
11.46646546576084
11.466465465760843
11.46650713170736
11.466507131707361
23.999693741514214
0.0
46.25108110202815
46.25108110202801
45.82667036063418
45.92799122871446
63.63402607459251
0.0
99.99999999999996
99.99999999999993
99.99999999999999
99.84904750785688
100.00000000000001
0.0
76.74779845577307
76.15595144570372
85.63161706960587
100.00000000000001
99.99999999999997
0.0
59.96011507131475
59.971958155850174
60.35803414264433
70.00322608179474
100.0
0.0
3.4654320430526426
3.4654320430526426
3.465432043052643
3.465432043052643
30.44228547903805
0.0
0.0
0.0
0.0
0.0
0.0
0.0
0.0
0.0
0.0
0.0
0.0
0.0
0.0
0.0
0.8014223936112977
0.0
0.0
0.9131498859486837
0.0
0.0
0.0
0.0
0.0
0.9131498865646602
0.672379797824139
0.0
0.5820165110067005
8.100185432272024
2.5952050319459112
0.8650683354261839
0.0
0.09736546044566885
0.09736546044566885
0.09736546044566885
0.09736546044566885
0.09736546044566885
0.0
0.0
0.0
0.0
0.0
0.0
0.0
0.0
0.0
0.0
0.0
0.0
0.0
0.26665699665847786
12.799781107545554
12.799781107545558
12.799836662140915
12.799836662140917
0.2666500523340584
0.0
24.061540675775777
41.97354225651056
41.97354225651052
41.584401955661356
41.6730577152316
23.967022869353933
0.10132086808048747
44.63098493379787
65.22882310388539
65.22882310388535
68.891436511138
77.56273778864328
33.537028969546384
0.2807062715107906
58.022904971726696
87.35736575250743
87.03606287356813
70.92606759649554
71.95839830650051
40.75708816573037
0.0
52.338296364133825
65.11059148507631
65.12412643883117
70.64218594694843
58.20325944509444
59.6674067030353
1.546778663209233
0.0
3.465432043052643
3.465432043052643
3.900264059605338
3.900264059605338
0.0
0.0
0.0
0.0
0.0
0.0
0.0
0.0
0.0
0.0
0.0
0.0
0.0
0.0
0.0
0.0
0.0
0.0
0.0
0.9159113069843402
0.0
0.0
0.9131498906598271
0.0
0.0
0.0
0.0
0.0
0.0
1.0617778250170238
0.0
1.480287025443284
14.42572398554126
0.6651617268648008
1.2471782378715013
1.2471782378715013
1.2471782378715013
0.0
0.0
0.0
0.0
0.0
0.0
0.0
0.0
0.40701885938810495
4.477960492828168
4.070941633440045
0.8806916577178218
0.3218932589236202
0.08498829850427085
0.8059658923239518
1.5111860481074137
1.5111860481074137
0.0
0.0
0.0
0.0
3.7331979532186903
3.7331979532186903
3.7331979532186903
3.733100732676817
3.733100732676817
3.733100732676817
0.0
36.092311013663654
36.092311013663696
36.092311013663696
35.66556936255453
35.665569362554535
35.665569362554535
0.08865575957042654
53.38812398520985
62.2325174639175
52.42318929988845
43.21608112026908
39.058078762970595
49.81615589594354
0.24561798757194178
61.42418548102404
77.25122767964193
66.60169179958172
63.51616865745801
60.188056782308536
61.13563215256725
0.0
58.35591352270834
58.10139940144352
62.642648573753654
60.16175893825354
57.36802437631889
52.20898086515589
1.353431330308079
0.25908501392334393
0.11045707567342378
0.43483201655269543
0.0
0.0
0.0
0.0
0.0
0.0
0.0
0.0
0.0
0.0
0.0
0.0
0.0
0.0
0.0
0.0
0.0
0.0
0.0
0.0
0.0
0.0
4.311479027490858
4.311479027490856
0.7110091969043222
0.0
0.0
0.0
0.0
2.581799564798356
2.58179956479835
0.0
0.0
0.0
0.0
0.0
4.566447063478131
2.080791135498883
0.0
0.0
0.0
0.0
0.0
2.6872048276031797
0.46277661987289825
0.0
0.0
3.6408157018729335
3.6408157018729264
0.0
0.8753799392025237
0.31658154085802237
0.07436476119123699
0.7052201557834586
0.0
0.0
0.0
0.0
0.0
0.0
