0.0
2.1628230303129656e-07
2.1574249417099898e-07
1.2729210351115193e-07
1.9244009116994737e-07
6.071347324795315e-08
5.6821570558600394e-08
6.705886156103019e-08
6.137126032201181e-08
5.0382571523845264e-08
4.4661974393781526e-08
6.858643999129294e-08
7.569409323677359e-08
6.373770969725325e-08
4.780015311524027
0.0
3.3245147761254614
11.033245398066978
2.8091991877383427
2.0591605737374605e-06
5.938036709327502
20.095351601105474
0.8484622925304895
2.9161450384238
143.45000485778007
0.2659315781923327
191.05903295414873
9.590378211897374
0.7683213163783238
3.1399146373380526
0.0
2.1477634384945676
0.7213851960874562
17.346842219630176
9.434974222321777
11.672996068893221
10.39095026599739
47.89444663516682
11.540325002361257
32.120904421620075
202.44177142831504
9.515398140153414
4.407645789196624e-08
0.9515282961473717
4.00058684611697e-08
0.0
2.8166332516475583
6.112551421037272e-07
0.8144488541558131
6.48230171226338
0.8143423980942301
1.2049779422089916e-08
64.7810016817991
0.26242897486502087
7.503320355450694
1.9784789116941722e-07
2.546463849961395e-07
0.0008032961833403157
1.7277258724362461e-07
0.28472626433297943
0.0
0.0002547514785227414
1.946161374406696e-06
0.05506446995433619
1.802375055442308e-06
0.06774099477250743
0.05692187591429166
9.91558658752108e-07
0.041677709582469497
2.912872996993083e-07
1.996561832532857e-07
6.272806732409263
1.3336077684083625e-07
0.0992384085776076
0.0010290994933051995
0.0
1.520930292261327e-06
0.04467135042291364
2.631366955828358e-06
9.152387093502663e-09
17.160351746166114
2.5321834311348407e-06
0.03803653862785074
2.864713225069968e-07
7.76006105451864e-08
0.36033273716974434
0.0025390157267069424
2.383868790108251e-07
3.1168643047385726e-07
0.0004223899642917363
0.0
7.270947805662887e-08
0.04627999723169919
1.005684412578184e-08
4.5239799049224935e-08
4.595840183358756e-08
35.42553966983151
4.461456207683876e-07
8.953049522688995e-08
3.693615940679122e-06
5.21769877021347e-08
2.4148200259289858e-06
4.3666767961777623e-07
6.920171184490682e-06
0.0007744273929861547
0.0
0.12620697879281045
1.2352095691461504e-08
5.703654359356384e-08
5.5162314197936494e-08
1.5585290719879505
5.292470354307566e-07
6.720220637744364e-08
0.22251296662730202
1.9905504313074638
0.00828880096292482
0.006957149306109555
0.00026901999464892394
0.00695530576705745
5.651118975648002e-08
0.0
1.0326929026874365e-08
6.173669762110787e-06
0.00017485548310324688
1.7394716464890179
0.8254938014944282
1.3994678223031923e-06
0.2824138337605537
1.0422433346977747e-07
0.0006284729097692144
1.062340653532356e-06
2.5342376400728613e-06
1.0411096745639023e-06
0.07698908733873217
1.8003025650913542e-06
0.0
41.979565363410956
0.33641089122596
0.05179164205663906
2.8419382653803894e-07
0.0023112126961644637
1.6632930830910288e-06
0.02883337162826216
0.0004620804660670215
1.5952725875319293e-07
3.318045860875949e-07
1.581143969084708e-07
1.852734168088501e-05
0.0007025236547294167
1.3855728538630448e-08
0.0
0.001076857148613933
0.09476623059260127
3.1833264818927686e-07
5.166190395559611e-08
0.0007286011971336814
0.30760875229468043
2.447654071649468e-06
7.95460875581098e-07
2.370844805750164e-06
0.09554229062704073
0.011098468961466865
0.00012232068137206297
8.631059896135343e-09
104.67152434016018
0.0
0.7562553729773169
4.888450017101329e-07
0.3776592408265474
0.3992610191465172
0.18113843679337766
0.07096418579063157
2.1941448413662995e-07
8.131134237693042e-05
4.550777598166241
0.0002779363072280973
5.1371270263349125
0.1044382896956626
3.459286444047805e-08
0.0002825724156073628
0.0
0.0002567633538842491
0.07249721777126031
0.07327311102199417
0.06483874112537409
0.04807575035896499
7.539220703174992e-07
7.091671780182569e-06
0.18959966570778025
1.0259869092199333e-05
0.33399832507409283
0.055407322996603246
0.00598264123602846
2.221006828204713e-05
0.0004037362342883803
0.0
