0.0
0.0003562495560964303
0.001421624169852499
7.117203247974974e-08
2.5517664397741098e-08
1.0383296448137377e-05
5.547668276010879e-06
6.712855696834222e-06
5.888850259711922e-06
0.5045492696985077
3.284420342609915e-08
5.022517870312646e-06
1.6590658367547655e-09
3.189058193309586e-06
1.6549574758177878
0.0
1.3839864672331192
1.4584101252764672
0.8275970737078944
0.08342055110470531
0.38407613964364057
1.7415150532358354
0.3840730031880504
2.1165127206021417
275.7170361665511
10.504181988740877
100.24815501484407
1.1083195762410725
0.00013314790297406156
1.078671735205204
0.0
1.0786715279449346
0.0341655906492761
9.396648772230483
8.464208235448881
2.750022205887856
8.464214074629197
24.936762955879374
103.53942898548567
8.941517205419917
213.67764243002838
1.6787663326923612
0.866899934569332
1.7309177688009398
0.0001848780468308705
0.0
4.749369196312234
5.403362113649699e-05
3.076476467817494e-05
0.6319897265192589
3.254968342172393e-05
0.00012698972423014058
27.342453958689326
2.395069776095478e-09
2.622769491350294e-09
3.07787871065087e-09
0.00015265975567467702
0.0021144326141287364
0.00018331595959423407
1.4716470176700631
0.0
0.00025804327963162597
5.9222811908033057e-05
4.4118956003409257e-10
6.271595914142711e-05
5.081939317744564e-05
0.18091415293147797
3.7984072275563295e-10
2.113540839605102e-09
1.5064335625665006e-09
7.618396591959619e-05
0.0002642158120572231
0.0016204020941976783
3.6510234867967863
0.0006085585921335836
0.0
0.0004382311869640634
0.00035800369225368864
0.00040339243393045876
0.00017122572304194273
3.0197244696640255
0.00014339556337941757
1.3755164311633098e-09
7.086546941804958e-05
1.1391852190898515e-08
0.004775213514206152
1.50212169544388e-08
0.1290169791131703
9.432409532662466e-05
0.0007430104161232155
0.0
0.0005293289438547154
9.064878660541647e-05
7.05387388473574e-05
2.188496957797616e-09
7.495297398228348e-05
1.4782417414642378e-09
8.38009922186563e-05
1.6234355903982492e-08
0.002558124099052466
1.0630173403897742e-08
0.000842984756349846
5.335667121411761e-05
0.00040295914828285403
0.0007336216707591657
0.0
0.198127072156846
4.175823217555128e-05
9.363894322571512e-10
0.0001156892414559067
9.440447901011012
9.909081915284113e-05
0.000878871500951339
0.0004741890794883064
0.5280341552952076
1.6846954590846006
9.33401751985832e-05
0.0002843070320712802
5.9493252601251054e-05
1.6714063602961737e-09
0.0
7.079059185994223e-05
0.05688615969276717
0.00018447995299509363
22.728793696676114
0.8650689473882717
0.0017609082362182598
4.2871758478839065e-05
0.0001843477135976011
0.00036196785919427913
6.314072081161543e-05
0.000258763470684001
5.9065592806545156e-05
0.0007956304372990337
6.258012594990711e-05
0.0
3.8093833316082894e-09
8.66082630587202e-09
2.0219137397328577e-09
1.6658258088133639e-09
0.0024198468113773596
3.5559818890225274e-06
0.001309011904551392
6.162125288576978e-05
5.027762339375382e-06
9.373149362373842e-05
4.74115457418933e-06
5.29913109788028e-05
0.0005397126799842504
3.83813810596639e-06
0.0
0.0008009734772713528
0.5851170066580367
5.0848079975726235e-05
0.04012662035412766
0.000874400894983704
0.0009662493832243034
0.0005129534643757482
5.566093674252713e-05
0.00031060769769197956
2.8875619191805675e-05
8.699029696313837e-05
0.00047802574355830675
4.274336455405843e-05
0.13144207060551952
0.0
9.415991640245275
9.948709990075735e-05
0.002618008028324185
0.0013331027460873994
4.9571830268629275e-09
7.058858022527677e-10
2.4953014154981847e-05
3.863490566803604e-05
8.269198640751797e-05
0.0004656882696405981
2.0851749503889656
2.0152222243040953e-05
9.729768719215929e-10
0.0004507111168691587
0.0
0.00023876691023587334
0.0026699988105869706
0.002593236627770323
8.256689845445205e-10
8.335773490937286e-10
4.4435418068069015e-06
7.148529990842159e-06
1.749430505550133e-05
0.00039040877020237835
2.0963971306257757e-05
3.542698332430543e-06
1.0831261527190988e-09
0.00022079028793425766
0.0010783448084713534
0.0
