0.0
3.845167240615053e-08
3.366101713371215e-08
4.477155358235644e-08
3.845079699378131e-08
3.711322646786465e-08
3.135498850529835e-08
4.0562506671810814e-08
3.7055195312368535e-08
1.1933359669694225e-08
3.8785447943409514e-08
3.490485890684464e-08
3.546210609310432e-08
3.097205719918974e-08
0.6187034841340299
0.0
0.7368689354539215
18.628523027045325
0.4667663254864022
1.052376276809389
1.0282347387742208
19.89926899433903
1.6226314558767536
5.629948638079662e-09
247.52918928031943
0.4778053104922605
95.09057014325165
3.702655679630361e-07
0.28677141531356914
6.784379387643138
0.0
6.784379406453526
0.4499846911713287
1.0552440096231013
1.530114585528484
17.44291355360324
2.104846681086345
120.32552301787798
88.85578033999366
0.6403154935110386
59.63499079669292
3.446406231799836e-07
4.179487583622941
0.7264538032798029
1.9680373155800803e-08
0.0
4.531274585074872
0.07148948021656563
2.52566210207127
14.162399797843797
1.647371544091126
3.408915960608092e-09
35.026368068887685
2.373868279160361
116.58667483584142
3.0936405386918206e-07
1.1208557911360382e-07
1.7378451841265193e-06
1.2287885771997047e-07
3.9983837051644002
0.0
1.1700310399836435e-06
6.0834369069463915e-06
0.12740412719033015
0.07890147985872104
0.5859417375847753
0.1291611765638282
0.0628276462623511
0.1220362497661281
2.3626727894293127e-07
7.899895763131616e-08
0.753795148398936
0.11774165616167438
4.89172696120163
7.032537425876574e-06
0.0
8.900445230200018e-06
0.024122857221600146
6.829016016653666e-06
1.9170335677298346e-09
0.024333323466446233
0.11979413884336144
8.80918336508767
2.3263498701254956e-07
1.8647859714539892e-08
9.819310867957885e-08
9.461155251429178e-08
0.13102851660545564
4.8646248442385685e-08
2.554639586216714e-07
0.0
4.9106942803834974e-08
4.715861939678541e-08
1.7507147836979046e-09
1.4268825408115945e-07
1.2988341207491248e-07
36.62541632244168
0.7280053919045051
9.494004822228804e-08
0.0012940121679309543
4.289722382942999e-07
1.4676211319187013e-06
1.4905535993935563e-07
3.0560159073248454e-06
1.8635993644630853e-06
0.0
8.121071867248136e-08
2.4742615876960277e-09
1.4706499307389976e-07
9.873925393347138e-08
4.018991029476391
4.270945289593953e-07
3.147954165453961e-07
0.10388855645877712
0.38699417437334604
0.44778238548694094
0.14465662274028662
1.261621440398689e-06
1.8543158183162616
0.4849003731787928
0.0
1.7740212672081744e-09
1.6416565246777104
4.849123942627234e-07
4.2742689167472417e-07
1.5652679114018612e-07
0.05450143275532744
0.06295347973470476
5.119758204734041e-07
1.6507366964504077e-08
0.06624225859946833
1.1778611921221176e-06
6.0521618674466685e-06
0.8300635680475217
0.06151805160591119
0.0
0.1215085563462528
0.0528789481184209
2.747114172492921
2.392413742819505e-07
1.2357634893224553e-07
3.509097335191658e-06
1.2450624438607815e-06
1.6638527556903821e-06
2.2239447692614665e-06
2.724284542629672e-07
2.7271275781977805e-06
2.6489588062012387e-07
0.0003748609143106493
4.2711335082069645e-09
0.0
0.000833012499232788
0.24693298267497932
3.4799510037433796e-07
9.319796028732834e-08
0.03136550099697327
0.04551075825873122
0.3078835016700036
2.8243092642644225e-06
0.1840794735111041
0.5597149567878131
0.004504802009546852
2.1676164248182936e-06
2.3117094064495672e-09
4.212310252037899
0.0
2.4143479603739895
4.149059829560071e-07
4.8371085712324765e-08
0.14323399301313072
2.1867229013606757e-07
2.7160742871366223e-07
6.261710230354658e-08
1.5392744166896472e-07
3.0913924049901613
0.0002545782497128031
0.00020234757922060368
3.100609279117351e-09
0.7722100614731422
0.0002549506686014214
0.0
0.00024855146427463226
5.354246707396285e-08
0.008579821685836916
2.3999039858082985e-07
1.0200390823108987e-07
6.955104415807547e-08
2.1920033969995827e-07
0.23687479309992782
3.626891666954652e-05
2.9999619232878663e-05
3.852041817658976e-09
5.144772978170963e-07
3.6663469116814816e-05
0.0008834489909404243
0.0
