0.0
0.000237972598145681
0.0009495928805154475
0.0010098680588666567
6.112364524168028e-09
6.927424855669301e-06
3.6999654126134742e-06
4.477899210272131e-06
3.927405853668678e-06
3.1624839789359052e-06
1.265807056809851e-09
3.346890664460471e-06
2.829275561565448e-10
2.128470266825634e-06
1.8240591453272117
0.0
1.8240434177245204
3.450491278440828
0.9121086975457819
0.6533783417982579
1.0456363112300453
1.8613288095880063
1.0453317674220288
2.461938336263381
333.5766734020722
2.13873983597003e-05
46.988651495433544
1.0842937495511946
8.893633534555721e-05
0.688660023570589
0.0
0.6886599441246947
0.43508496221559073
8.793336298812282
9.232625337964306
3.725506236659858
5.918601995562381
20.442804988508605
54.33892114192797
19.86807661162355
264.13124189329005
1.8140346894181503
0.8651517580292476
1.7285175128238035
0.00016934517924917765
0.0
5.500559229226418
3.6070525061806566e-05
2.052770185723049e-05
0.02852113796413442
4.320907771933318
8.479962790179898e-05
10.664138445427405
5.939976948041606e-10
2.706713118168533
7.798402786295804e-10
0.00010182475635950768
0.0016531308376536873
0.00011642847230513226
0.18719838221963414
0.0
0.00017189323550594694
3.94968563911794e-05
2.3129696922962313e-10
4.184247692909421e-05
3.390477707976149e-05
1.729966130789548e-09
1.9177039819388318e-10
1.3391012586669302e-08
4.044883960730499e-09
5.081748401012484e-05
0.00017619475320010235
0.0010824309920978111
3.935468233487314
0.0004161378569354159
0.0
0.0002922556493507824
0.00023936373090350453
0.0002686439243969728
0.00011429363716619991
5.143274384065057
9.564183394748347e-05
7.920883860500581e-10
4.7323916154313865e-05
4.3431696554105966e-09
0.003506079978933289
7.170509183315433e-09
4.3181693311539477e-10
6.283000631038548e-05
0.0005305321550789456
0.0
0.00038128722467820937
6.031617514678887e-05
4.7042891958212315e-05
5.085540371804842e-10
5.004480917370275e-05
6.802158389982432e-10
5.593383272982572e-05
7.241178618832611e-09
0.001712794718416601
5.445364793182001e-09
0.0005633895797572513
3.5535342379308875e-05
0.00026320887134798846
0.0004899228536557703
0.0
0.10719587817140862
2.7842512122621757e-05
3.9975186581188566e-10
7.725320331336633e-05
10.877601494730646
6.617472436403545e-05
0.0005872409018705814
0.00031681375700555085
1.2456701544797788
1.7125038968966022
6.223106177569969e-05
0.00018954073298320135
3.968484371576037e-05
7.992356003858221e-10
0.0
4.721009041066027e-05
2.6367964081824997e-08
0.00012310735229117232
19.079767533819435
0.673784689110531
0.0008901055344460077
2.8601724837262036e-05
0.00011741115040051995
0.00024159302066628142
4.212436826243278e-05
0.00017234809433532556
0.0011193103542420939
0.0005330277766558705
4.175097865577597e-05
0.0
1.2957529465186943
8.898988897549114e-09
1.9823184763158123e-10
4.087856822934138e-09
0.0016174058902467606
2.3723908097940844e-06
0.000874766512949503
4.1171219985517354e-05
3.353900361592393e-06
6.25521977886262e-05
3.164051312927459e-06
3.476689443732966e-05
0.0003595313368991715
2.5575574717598287e-06
0.0
0.0005348160066975297
0.6615806092682674
3.396305255260849e-05
0.10118435325234461
0.0005864898511916054
0.0006452740878223932
0.0003427809864650661
3.710243927110895e-05
0.0002034946393813785
1.9261887337182648e-05
5.683671971566968e-05
0.00031946063485195224
2.8497004477282987e-05
2.3337004732255082e-09
0.0
10.840257252003898
6.644256287552727e-05
0.0017527624881696676
0.0008907614312752206
2.6161754773030207e-09
2.2222237441844236e-10
1.6619048801682433e-05
2.5760375723903457e-05
5.518901287504381e-05
0.0003056634935881761
1.3473102787549998
1.343458118657194e-05
3.528430445877185e-10
0.0003006090835366265
0.0
0.0001593042725805014
0.0017853007892562364
0.0017332266580233648
4.3604353021015794e-10
2.2528633433946709e-10
2.9588164018647656e-06
4.768660681389204e-06
1.169018409790933e-05
0.00025711061872725813
1.4009372077796031e-05
2.3612287505043127e-06
3.988646161895804e-10
0.0001475863163133369
0.0007200562377686643
0.0
