0.0
0.0004285320968174667
0.0017096033931952761
1.2675195673076112e-08
1.1204503337005222e-08
1.2407660471684107e-05
6.625220763946728e-06
7.838705701791295e-06
7.027096986696657e-06
5.805325442311829e-06
0.760740543517026
5.995106554112516e-06
5.996971507514555e-09
4.054440190733655e-06
1.442999002711005
0.0
1.4429746715037886
6.195813257893374
1.299062821163247
8.653513595202425e-05
0.3199078294920329
1.3519740753712972
0.3323799792954935
4.395018365187402
331.81658403872075
8.81685149782285
37.89957643773247
2.35199716007561
0.00015764994085157863
1.1057932046173886
0.0
1.1057929248755376
2.5913971530296934e-05
10.126997414075666
8.682179594800838
4.500868815458912
8.705200439358652
19.435515641030907
41.7758856448861
10.873798898298288
277.44882790465545
4.129763728974822e-06
0.36852736830631877
0.9261297220013618
0.00022239635059840315
0.0
2.72780795586167
6.487553686168088e-05
3.6799223064775755e-05
0.000580035113720788
3.8867837080822585e-05
0.00015955086037946228
25.44127171597272
4.842663196851119e-09
2.012210410253383e-09
3.0458740382679394e-09
0.00018375618256388212
0.002034768614467656
0.00022073362040871076
0.12060124244946174
0.0
0.0003108229912466647
7.093314749091634e-05
4.463122665430971e-08
7.513047814348083e-05
6.233356109039477e-05
8.08629233840633
4.456438556872751e-08
4.4685876628961265e-08
2.266985148066723e-09
9.170040061998454e-05
0.8133156493749123
0.0011700657705048325
1.5362546663504717
0.0004064380039858087
0.0
0.00020869009640069427
2.6512221749139752e-08
0.00023525919555749184
0.0001631286402827758
3.5329299305331623
0.6947469394694954
1.8635930897906663e-09
0.27055704272918496
2.7815675791477596e-08
0.004605162808288942
2.786422864365692e-08
0.0016405681179891497
0.00011834447536057324
0.0010786509153856167
0.0
0.0007082916219066576
0.0001299107515751097
8.473170019206684e-05
5.163517534542057e-09
8.490852231144552e-09
3.721014673370091e-09
0.00011281342887562159
2.9729628165205322e-08
0.0032556887421327885
1.2747189485424966e-08
0.0010398739304791447
6.597590099965002e-05
0.00028281552989060986
0.0008871002913305112
0.0
0.040866865596266615
4.990241840546704e-05
9.561631878063913e-10
1.1233063154993206e-08
10.109563592268277
0.00012834785142076837
0.22951928105439812
0.0005690975110341011
0.3843595419512207
1.1651163198687486
0.00011338913216029389
0.0003364325494661862
7.126819060799808e-05
2.561159651893921e-09
0.0
8.493077665669261e-05
1.1142919684349901
0.00022176959557548522
20.784886614230167
0.5618639881213258
0.001597659421491433
5.1499323193815016e-05
0.00022178132275396927
0.00043543234646632
7.560471680995719e-05
0.00031235522959785283
0.004799745499947661
0.005819452632217496
0.004810998695884422
0.0
5.970613372544898e-09
0.004782982160226639
2.6877924554768503e-09
2.3871642660797984e-09
0.0028299381170139933
4.269803593276698e-06
0.0015740355247353928
7.402893792581514e-05
6.027221012824144e-06
0.0002708521423453062
5.683548199026442e-06
7.040762840484352e-05
0.0006107704419451302
4.605498288352718e-06
0.0
0.0009613368565645536
0.6163793671374289
6.468810405414261e-05
0.0015734387564444834
0.00110067031058537
0.0011620859338073804
0.0006157553091472875
6.78125534122959e-05
0.00028480634007466485
3.462207296903468e-05
0.00011914396741018516
0.0005787033674289788
5.124869150088652e-05
1.4894202674033196e-09
0.0
10.099656511265964
0.00012867482816580843
0.0032785347807229334
0.0016065533839347112
5.6811627227163734e-09
5.566844190968571e-10
3.085446544425942e-05
4.63965359878342e-05
9.937858027323504e-05
0.0005714022563122934
1.5694717407745453
2.417140039829736e-05
1.1083780578811933e-09
0.00034324755683449407
0.0
0.00027697799012872486
0.18218121374999696
0.003118524703576553
9.464603869661269e-10
9.814838162128235e-10
5.508860830130812e-06
8.580322288651429e-06
2.1000490968698875e-05
0.0003339488891811846
2.516217697075676e-05
4.248776291412121e-06
1.2252827672295108e-09
0.00012299814244418213
0.0009688440187285409
0.0
