0.0
11.475375319189283
11.475375319189286
11.457405600551493
11.457405600551485
23.986581692192033
0.0
44.02848338733612
44.842179145028865
46.050490958131654
46.13281877267205
63.992281405750056
0.0
99.15568686294891
99.15568686294867
99.15568686294867
99.90374587064437
100.00000000000006
0.0
81.02648219840606
100.00000000000007
100.00000000000007
100.00000000000003
99.99999999999996
0.9720061951774934
57.834831665667465
58.33214692551254
66.1921179883511
63.988253788928915
100.0
0.051963743296052016
0.824508663673918
1.0297634819278891
0.8039320471963144
3.8356735271182134
33.98461818608672
0.0
0.0
0.0
0.0
0.0
0.0
0.0
0.0012419675019675078
0.0001774239288525011
0.0001774239288525011
0.0
0.0
0.3060174574950414
0.0014193914308200089
0.0
0.14146650167489974
0.0
0.0
1.2635514413675275
0.0
0.0
0.0
3.05522869165024
0.0
1.8901814061640951
0.8908472043566272
0.010535774271234699
0.010535774271234699
5.7610032594940135
2.129337956866365
0.7745114513032905
0.0
0.0
0.0
0.0
0.0
0.0
0.0
0.08308285615923701
0.16371999627103717
0.29640638038454636
0.08308285615923701
0.08308285615923701
0.0
0.0
0.0
0.0
0.0
0.0
0.0
0.26714836176296963
12.809402237058643
12.809402237058652
12.792843569169086
12.79284356916908
0.266151412532475
0.0
29.986063469259406
44.63041856865055
44.2137738916672
41.78742586421637
41.85946270193922
24.000000068861375
0.0
51.18970500279992
72.61414822961649
53.10469305659794
59.24573912384792
67.51911047121412
29.423058338087497
0.27701865360946204
52.25878888647175
66.38820164132858
77.02116830156506
69.5991809306133
65.91397609086464
48.347980893895084
0.6355521480462897
51.717135864526405
67.10200535315074
68.31974288286182
59.699236855236634
59.94181105133169
58.00116756350593
0.6666272197018558
0.0
3.4297472315836304
3.444408290030343
3.428277473263802
3.6448304361153663
3.468210319474128
0.6165707164513456
0.0
0.0
0.0
0.0
0.0
0.0
0.0
0.0
0.0
0.0
0.0
0.0
0.0
0.30601742751812405
0.0
0.0
0.0
0.16167600191417114
0.0
0.06922772784292583
1.2635513909646334
0.0
0.0
0.14750083979728576
0.1475008397972858
1.8796960959465194
1.879696095946517
2.2087584068526365
0.26034306270943447
8.40607916942355
0.10764379113939598
0.07176470900493957
1.7941181162773012
1.7941181162773057
0.598039336103908
0.03600721595869417
0.2970170008006254
0.2139341446413892
0.2139341446413892
0.4617604172564749
0.24782627261508522
0.0
0.1511638531698814
0.9093278405133288
4.300338139316568
3.7465421985438314
1.0220240559709564
0.3735473216058129
0.09862312684643623
0.0784932966044875
3.124780290999161
2.501974632012416
0.0
0.0
0.0
0.0
3.740077064681575
3.740077064681575
3.740077064681575
3.6915221093284236
3.7309488784325415
3.730948878432502
0.0
28.14102496701557
42.338842694337565
34.93321558823037
35.837910620428076
35.99228107951787
36.09992487065777
0.0
42.66189325290906
70.22756337923325
57.7080583072181
41.733579784443634
39.28105978735381
53.534615250042705
0.24239132190827928
62.48013299850368
84.14170590709675
67.4318555210459
61.87848266898451
58.19107498480075
55.2826706411557
0.5561081295405035
57.417516727470705
57.11010743734568
57.539960609994225
58.26442176496305
58.12232392794294
52.62375331399544
0.5832988172391238
0.31201157227917303
0.0
0.24191110916241462
0.10922472504890555
0.1092247250489055
0.0
0.5394993768949274
0.0
0.0
0.0
0.0
0.0
0.0
0.0
0.0
0.0
0.0
0.04106067470268763
0.8618765011991469
0.8618765011991487
0.0
0.0
0.0
0.0
0.0
3.9892959966561743
3.9892959966561774
1.4383825748831773
0.0
0.0
0.0
0.34215957771106725
5.272089777307413
5.272089777307425
0.0
0.22780017987075535
0.0
0.0
0.21529407654454674
6.530757810362262
3.0813181944246217
0.0
0.03150631396385739
0.8507160826380566
0.8507160826380576
0.0
1.8713392670863915
0.6461642803757468
0.0
0.1322683715236458
3.936918985174261
3.9369189851742816
0.9777127242866097
1.0158608714451078
0.367384216645075
0.0862952359906317
0.06868163452892655
0.0
0.0
0.0
0.0
0.0
0.0
