1.071239311705246
12.187893254912343
12.269375146128553
12.12608856314211
12.12608856314211
0.4450348825657564
0.0
25.899365135516575
44.070083027035174
44.222532373897
46.19076277959436
44.88695795452123
26.744549568887397
0.0
42.06763649567562
94.79092973311865
94.37678444273317
100.0
99.99999999999996
49.08618303896742
1.1074787456203325
45.87465968509585
100.0
100.0
99.99999999999999
98.66818901458608
70.54603298087002
4.293341572834932
54.25792752064
90.6401668161497
91.40640052052652
99.99999999999999
98.93979411652006
73.21820205159712
4.6844404436900335
0.0
1.8359751637678774
1.8359751637678778
1.4810504000031772
3.6068315696774698
4.626296240157239
0.7710493648977499
0.0
0.0
0.0
0.0
0.0
0.0
0.0
0.0
12.187893254912343
12.269375146128551
12.126088563142106
12.126088563142098
23.990891284790834
0.0
44.07008302703524
44.222532373896996
46.19076277959435
44.88695795452123
63.89347143090575
0.0
54.709000235585094
54.2948549451996
69.97806520214338
77.23270671292691
98.68675623229612
5.588451854816299
62.09805669632153
63.55968676386897
57.67989908435752
92.7876595394911
97.2925903037817
0.0
36.46072262584361
37.22695633022039
9.38379175762412
55.1687968324879
100.0
0.19772244316781726
1.8359751637678776
1.8359751637678778
1.4810504000031772
3.6068315696774698
50.71116917040239
0.0
0.0
0.0
0.0
0.0
0.0
0.0
0.00048818349191222504
0.00024409174595611252
0.00024409174595611252
0.00814509450476205
0.0
0.0
1.0340050135379708
0.03263403148080734
0.032634031480807346
0.09876326724802677
0.9001906337842387
6.544197137868295
6.544197137868295
2.1680711222161975
0.05355612710961317
0.0
0.0
0.0
0.0
0.0
2.721973729486998
0.2854893431667114
5.343630239567687
4.9589468654803515
0.4433682453597754
0.3999110613697888
0.39991106136978877
0.3847128009755807
0.3167767164464731
4.726677202361957
3.9267875372125163
0.9645695009539116
0.8960599993257892
0.7590410581636737
0.2530136685792179
0.15250099586644292
0.0
4.070953402264314
4.070953402264315
0.878048769183114
0.3192904134843564
0.07982259045531429
0.12887843027341447
3.826876513491026
3.826876513491028
0.5549899620290155
0.22199598462361136
0.0
0.0
2.5039230538011514
5.295298068915384
3.4242786887354555
1.8689684326637477
5.265943470180201
3.6410672671356497
0.0
19.463694073891652
50.32442366750193
32.372213978805945
21.911414415558383
51.35731379310668
33.651437232286696
0.0
52.21291009209653
70.10628787336606
73.03939967050118
51.06908597892005
48.11916800854917
48.11916800854917
1.1074787456203323
59.89525304856172
97.42206835387184
87.95756926214906
86.33499064008586
81.23171525077707
70.68272144034289
4.430030032307763
57.148096072886766
60.61840028015774
59.20496190845033
85.03835057834486
82.41009933931774
73.0815135921243
4.547751984217202
1.4599973219379947
0.0
0.13692730677909717
0.5724563188386074
0.19772244316781737
0.0
0.7710493648977499
0.0
0.0
0.0
0.0
0.0
0.0
0.0
0.0013385462176801807
0.009807016641179923
0.028024890008980667
0.01093075998728839
0.0036434850626257315
0.756483299802103
0.011522418987950426
0.06612923576721942
0.5393988277252797
3.6417149382720573
1.0341053433475698
0.8282905739937072
0.09987049999190203
0.0
0.0
0.0
0.0
1.2619764074615745
0.0
23.54304824324101
0.5002596569611664
4.765049329849358
1.6228391425009678
0.20895505992523125
0.0
0.0
0.0
5.025517718144143
1.050422943701221
0.3501409199593181
0.0
0.7998896651494419
0.891174547222867
1.0281018540019644
0.7998896651494419
0.7998896651494419
0.0
0.0
0.0
0.0
0.0
0.0
0.0
0.0
0.00024409174595611252
0.00024409174595611252
0.00024409174595611252
2.076751409380577
2.076751409380577
0.0
0.03263403148080734
0.17607128219907917
0.17607128219907914
0.03263403148080734
4.0411138014530845
4.0411138014530845
1.158489987872373
0.05355612710961317
1.916118976584256
1.916118976584256
0.0
0.0
0.0
0.0
0.2854893431667114
0.0
0.0
0.0
2.718272419222651
1.657893715034284
0.0
0.3167767164464731
6.043731073062594
6.043731073062595
0.9645695009539116
2.1952725776916044
0.7317574261281565
0.0
0.15250099586644292
5.185033912739493
5.185033912739496
0.0
0.8780487341258869
0.3192904142009316
0.07982259045531429
0.1288784302734145
0.5549899620290154
0.5549899620290155
0.5549899620290155
0.2219959646884152
0.0
0.0
