0.0
11.466499155887286
11.46649915588729
11.466533880574586
11.466533880574586
23.999745092236054
0.0
41.96274024198304
46.23918022683037
45.85766512491231
45.94874537495512
63.671015467185114
0.0
100.00000000000011
100.00000000000004
99.99999999999993
100.00000000000001
100.0
0.0
81.28600420437864
80.1445397801476
83.71577613044838
100.00000000000004
100.0
0.6759522226426354
61.33009319421376
61.39034837963793
60.89338851024383
71.52900309369542
99.99999999999999
0.0
0.2772679648937082
0.27726796489370753
0.24683671595955733
3.118254374757166
23.934910900995888
0.0
0.0
0.0
0.0
0.0
0.0
0.0
0.0
0.0
0.0
0.0
0.0
0.0
0.0
0.0
0.7204217498556383
0.0
0.0
0.5298780303292027
0.0
0.0
0.0
0.4609203275791193
0.4609203275791193
0.5298780277651756
0.7271577641262296
0.0
0.2570870528372474
4.836401120372517
1.8474403058149644
0.6158134210315467
0.0
0.03157507711395121
0.32646077714425326
0.03157507711395121
0.03157507711395121
0.03157507711395121
0.0
0.0
0.024575475323548444
0.05068658344414224
0.0
0.0
0.0
0.0
0.0
0.0
0.0
0.0
0.0
0.2666586249789766
12.799817749609497
12.7998177496095
12.799864049192562
12.799864049192562
0.26665283753109403
0.0
24.055320696102157
46.239180226830534
41.96274024198295
41.61293076043331
41.69262597922076
23.970355886990728
0.09108025004279233
48.17788131718898
65.22492953357126
65.2249295335712
65.52621769733153
74.06871505653702
33.559094763472636
0.34523592281482723
51.51574722609147
77.93615780919954
78.5477442026619
71.50872287430455
69.33243915803791
40.79727742819505
0.0
51.70449492225299
65.79417368822448
65.99799941660171
67.2555936220666
55.73546722818329
59.047256520764606
1.3400619360541906
4.345408969185798
4.371376954535822
4.3713769545358225
4.369203293897669
4.574304555240355
3.076518920140295
0.5469366934945677
0.0
0.0
0.0
0.0
0.0
0.0
0.0
0.0
0.0
0.0
0.0
0.0
0.0
5.549574216079469
0.0
0.0
0.0
0.8233391426921584
0.0
0.0
4.735285809765702
0.0
0.0
0.0
0.0
0.5885029379983252
0.5885029379983254
0.48544111876134177
0.0
1.5649843553942333
12.984322181642044
0.29381377467113984
0.5509008275083871
0.5800187887051317
0.5800187887051312
0.0
0.03516889875434561
0.0
0.0
0.044346395523018806
0.04434639552301881
0.0
0.0
0.3796491629280378
4.450590806220788
4.07094164329275
0.8806916819278853
0.3218932972323569
0.08498831699079136
0.06962845710667077
2.2194075741753276
2.2194075741753276
0.0
0.0
0.0
0.0
3.733220749705673
3.733220749705673
3.733220749705673
3.7331397254353154
3.7331397254353154
3.7331397254353154
0.0
36.082981044153236
36.082981044153286
36.082981044153286
35.699370627240754
35.69937062724076
35.69937062724076
0.07969521878744329
49.77785842307413
63.75998173926048
51.9786106421703
43.36814319497774
40.41616358334431
52.05068803372371
0.30208143246297386
69.32054847581954
74.31239385813907
71.23778578311368
64.88246705356825
60.66045423804901
61.19591613296228
0.0
58.77117876617667
58.6620433507101
58.6620433507101
56.95659415981982
56.11479795103024
51.66634945566903
1.1725541940474167
0.3770285574428317
0.0
0.05068658344414211
0.02457547532354842
0.02457547532354842
0.0
0.47856960680774674
0.02911796119674419
0.0
0.0
0.0
0.0
0.0
0.0
0.0
0.0
0.0
0.0
0.0
0.0
0.0
0.0
0.0
0.0
0.0
3.87571316251173
3.8757131625117314
0.14357054295309624
0.0
0.0
0.0
0.12838325431568695
0.6280623397072445
0.6280623397072436
0.1569128841118042
0.0
0.0
0.0
0.0
6.362915000409544
2.450685623378406
0.0
0.0
0.0
0.0
0.004028852155706974
1.2397005548495965
0.4076514567544188
0.0
0.0
3.903379288880246
3.9033792888802465
0.0
0.8753799352998552
0.3165815542681826
0.07436477736694244
0.06092489996833692
0.0
0.0
0.0
0.0
0.0
0.0
