0.0
11.466460040989444
11.466460040989453
11.46650283068296
11.46650283068296
23.999685485097224
0.0
46.25096723263345
46.25096723263361
45.82696690761223
45.92818979577086
63.634379976203206
0.0
99.99999999999993
99.99999999999993
100.00000000000001
99.84905831427038
100.00000000000004
0.0
76.75143533389661
76.16048329856119
85.66028993913916
100.00000000000001
99.99999999999999
0.0
59.95912989418176
59.97178233124349
60.35521774119077
70.00192064164501
99.99999999999997
0.0
3.466292785100264
3.466292785100264
3.466292785100264
3.466292785100264
30.497596150202327
0.0
0.0
0.0
0.0
0.0
0.0
0.0
0.0
0.0
0.0
0.0
0.0
0.0
0.0
0.0
0.800647410578115
0.0
0.0
0.9131114941816283
0.0
0.0
0.0
0.0
0.0
0.9131114948433535
0.6725704765700481
0.0
0.5811609427855364
8.090324130240955
2.5920455851595983
0.8640151860365124
0.0
0.09709257653193279
0.09709257653193279
0.09709257653193279
0.09709257653193279
0.09709257653193279
0.0
0.0
0.0
0.0
0.0
0.0
0.0
0.0
0.0
0.0
0.0
0.0
0.0
0.266656735919838
12.799775205793834
12.799775205793846
12.799832258718524
12.799832258718522
0.2666496043042535
0.0
24.061481164631584
41.973438901343776
41.97343890134388
41.58467490919868
41.6732449363375
23.96705475590538
0.10122288815875945
44.63335133087222
65.22054835977222
65.22054835977222
68.90616009626802
77.55895696981179
33.53366110262574
0.280503306749655
58.02788237222001
87.35863891903159
87.03647945695407
70.95148707413459
72.03440298005681
40.828889304130094
0.0
52.33980646858438
65.11119933720795
65.12565926527866
70.64300246607205
58.20398561521954
59.66688122956652
1.5466035052693883
0.0
3.466292785100264
3.466292785100264
3.90072314595293
3.90072314595293
0.0
0.0
0.0
0.0
0.0
0.0
0.0
0.0
0.0
0.0
0.0
0.0
0.0
0.0
0.0
0.0
0.0
0.0
0.0
0.9150256120892745
0.0
0.0
0.9131114991501726
0.0
0.0
0.0
0.0
0.0
0.0
1.0611543816440587
0.0
1.4792167053684426
14.430759820897299
0.6641839346120416
1.2453448773975773
1.2453448773975773
1.2453448773975773
0.0
0.0
0.0
0.0
0.0
0.0
0.0
0.0
0.4046667810222066
4.475608413059908
4.070941632037709
0.8806916548168296
0.32189325385787776
0.08498829603383774
0.805736356795093
1.5107556689907957
1.5107556689907957
0.0
0.0
0.0
0.0
3.733194302877731
3.733194302877731
3.733194302877731
3.73309446025955
3.7330944602595486
3.7330944602595486
0.0
36.09222174694735
36.09222174694736
36.09222174694736
35.66589276091156
35.66589276091156
35.66589276091156
0.08857002713891451
53.386043391942444
62.24420766197434
52.43283701157176
43.217351297425495
39.05827697046685
49.819404984975996
0.24544039340594814
61.42588981324815
77.24671334004552
66.59977268372126
63.508235233857604
60.1949005051337
61.24333385928995
0.0
58.35892388978792
58.10470580347768
62.641013623358496
60.15939812487305
57.367084175282805
52.208521075870706
1.3532780671107147
0.25845126031509624
0.11040837371836051
0.4344303608526657
0.0
0.0
0.0
0.0
0.0
0.0
0.0
0.0
0.0
0.0
0.0
0.0
0.0
0.0
0.0
0.0
0.0
0.0
0.0
0.0
0.0
0.0
4.307309767377262
4.307309767377262
0.7120670229220253
0.0
0.0
0.0
0.0
2.582717402349573
2.582717402349582
0.0
0.0
0.0
0.0
0.0
4.5451004604938845
2.0726004123543005
0.0
0.0
0.0
0.0
0.0
2.685613218200216
0.46240877142037695
0.0
0.0
3.641038179985623
3.6410381799856055
0.0
0.8753799392024162
0.31658153871733485
0.07436475902960803
0.7050193121957059
0.0
0.0
0.0
0.0
0.0
0.0
