0.0
0.0002992832984716757
0.0011938190080051016
0.0012706433083690416
9.642751916927898e-09
8.717084761531852e-06
4.657560162241261e-06
5.635795452182693e-06
4.943931138813197e-06
3.9808988260696855e-06
2.003315947175865e-09
4.215520384319437e-06
4.465523180108766e-10
2.6787695844302164e-06
1.8260613732578315
0.0
1.8260416406434277
3.470287962910426
0.9131301896406603
0.6540804385139346
1.050762093555561
1.8718291399377216
1.0507968545717736
2.4859664695293953
333.5495302989001
2.6930752443194125e-05
46.96954059242049
1.0864600734223433
0.0001118919936341107
0.6901875271208102
0.0
0.6901874013975866
0.4384028034908178
8.801669722731885
9.238688814365105
3.7373050249925326
5.908376313125538
20.455802696884295
54.32771992876066
19.838178642198546
264.11488420344295
1.81430659465695
0.8664554707006529
1.7306663404453368
0.00021307195662082407
0.0
5.50758530117029
4.539550660114681e-05
2.583934385073166e-05
0.030058526194663756
4.3261796032369615
0.0001066904159199718
10.66154639340757
9.372028626577763e-10
2.6966811343765382
1.221617645235219e-09
0.00012813706359961636
0.0020804404503657666
0.00014651432223438516
0.18816136333899006
0.0
0.00021640511448073915
4.971876465267599e-05
3.6491381802243376e-10
5.266981714938248e-05
4.2678447800701265e-05
2.7339970686483797e-09
3.03114688243988e-10
2.1801298121876828e-08
6.316532514380842e-09
6.395816839381429e-05
0.00022187223175854288
0.001361078961550944
3.9364543434190216
0.0005265459918392542
0.0
0.0003679445214250346
0.00030062590809848015
0.00033885436194057417
0.0001437985106663097
5.146340591823622
0.00012039591639411633
1.2472982704964502e-09
5.9570977047283995e-05
6.869548062022083e-09
0.004407156444224592
1.1307653451722584e-08
6.773405690688503e-10
7.90714179658738e-05
0.000667519822280835
0.0
0.00048013823946516185
7.600357763846484e-05
5.921482528090702e-05
7.987960284345394e-10
6.299699712358667e-05
1.0783777485822479e-09
7.040348435087632e-05
1.181721261467998e-08
0.002152769692170056
8.582675748962368e-09
0.0007079940038786865
4.4727457337621834e-05
0.0003314278100739642
0.0006162122049117682
0.0
0.10849364796425054
3.50473356084653e-05
6.245060556603667e-10
9.72414244060756e-05
10.986784198932536
8.329568206164463e-05
0.0007381862475695995
0.0003982362148879827
1.2481108194686301
1.717324382959596
7.833087964107111e-05
0.00023861096341574328
4.995615624746132e-05
1.2564601069813759e-09
0.0
5.942537569726754e-05
4.155592217914208e-08
0.00015491918756962845
19.178053076071002
0.7034609992702782
0.0011186892067940098
3.600340878536649e-05
0.0001477651040015063
0.0003039640956318334
5.3026334136087265e-05
0.00021698364207368872
0.0014093032824624076
0.0006697895705052335
5.255595280501508e-05
0.0
1.2986634883061146
1.829325274592764e-08
3.133547895823892e-10
6.379246918140555e-09
0.002032582649557656
2.9865187685709582e-06
0.001099439204556402
5.175016034650243e-05
4.221756855863493e-06
7.873830782936155e-05
3.983063482184297e-06
4.3765322800885264e-05
0.00045308054313631556
3.219464030636572e-06
0.0
0.0006726829237629072
0.6698422491527748
4.275283174111222e-05
0.099632774659606
0.000736839129743877
0.000811314654723823
0.0004307920975018222
4.6697092031905693e-05
0.00025673121965537424
2.4244568489282376e-05
7.15420721970074e-05
0.00040168464907931
3.58693281521089e-05
3.466820603630496e-09
0.0
10.952032373619613
8.363185030850636e-05
0.0022031399731812567
0.0011196057157836453
4.125577654211857e-09
3.498613973944789e-10
2.0919827834029592e-05
3.243502248347248e-05
6.944243314830213e-05
0.000384578773186171
1.4444349520846886
1.691177222157669e-05
5.576988634885099e-10
0.00037824652220463646
0.0
0.0002004396138302362
0.0022440162245525234
0.002178030417058216
6.875814428323864e-10
3.5501554106843215e-10
3.724252250743251e-06
6.0013347620539155e-06
1.4694145418211195e-05
0.0003244302950091129
1.7607820101414095e-05
2.972167224763848e-06
6.303135878288848e-10
0.00018578784499960677
0.0009056651989167988
0.0
