1.0712453073771913
12.187930903404697
12.269974248752225
12.130936683712504
12.130936683712509
0.4844789941450623
0.0
25.898628447564032
44.06350257199959
44.141488752566886
46.07327484551313
44.838670638207866
26.470977812331878
0.0
41.91698687027788
99.67234945335403
96.17097022491102
100.00000000000001
100.00000000000001
38.10814299477456
0.0
51.306800303350826
92.55220340839999
100.00000000000001
99.99999999999999
100.0
72.98799725379929
3.3605740438692884
49.640414691010406
86.2131649498263
85.84339898948838
100.0
100.0
60.21824182825322
2.876787675834413
0.0
0.47675548447131877
0.47675548447131877
0.23358154967881206
2.3131480972648553
4.626296194529711
0.7710493491496151
0.0
0.0
0.0
0.0
0.0
0.0
0.0
0.0
12.187930903404695
12.269974248752225
12.130936683712504
12.13093668371251
23.9932821928752
0.0
44.06350257199951
44.141488752566886
46.07327484551313
44.838670638207866
63.906390875796546
0.0
54.8520460260207
54.87426582874205
76.43049000495114
85.37327561935244
92.21658585380506
0.0
69.01468489566624
60.516059816389856
60.113688835933544
92.59370750509538
87.25831610866283
3.839922283462542
32.25689492463592
31.887128964297986
31.984506271473133
33.77359225545892
100.00000000000003
0.052592082022408726
3.5101336326963173
3.510133632696315
3.2669596979038085
5.346526245489852
91.4471723150325
0.0
0.0
0.0
0.0
0.0
0.0
0.0
0.00041607520819369505
0.00020803760409684752
0.0006716157210244959
0.008878053212413448
0.0
0.0
6.262486957258437
0.0027776300298475156
0.005555260059695031
0.0
1.088123519399766
5.391141695987632
5.391141695987631
1.8701610244581826
0.05385784625313498
0.0
0.0
0.15262754279814195
1.068393768933245
1.068393768933245
2.67461751256149
0.0
0.0
25.987998863933527
0.5160497109405973
4.042389620288017
4.042389620288017
2.6285370736005333
0.3831658369710086
8.387384172490776
5.045923310942369
0.11817157501905103
0.7518114865368715
0.7518114865368714
0.23634315003810208
0.3659384967339159
6.185439879225929
9.7901812727226
3.97067989023059
1.2895405600949268
0.5518262540201246
0.3659384967339159
0.12887845093993203
3.8268765033325263
3.826876503332527
0.5549899224400648
0.22199596296760016
0.0
0.0
2.5039192161872843
5.295382251760809
3.425474594459468
1.8682936143389643
5.291198086524222
3.6045494796450286
0.0
19.463761001356808
50.298986075888365
32.124602860264226
21.703812579173167
51.26588185288293
33.43541311983598
0.0
52.77877592548002
68.90769389221799
68.81938160565768
41.94427378530773
41.1040978282455
46.33451832670277
0.0
63.045063494597244
86.24612057151326
99.99999999999984
95.34862842811256
88.25296062689351
72.98799725379929
3.360574043869288
55.224456045889106
63.416101029644
73.14009940347752
74.1621415419652
64.71846453120955
60.21824182825322
2.876787675834413
1.6967589800415421
0.0
0.12266799691140864
0.0
0.0
0.0
0.7710493491496151
1.8200591890134867
0.0
0.0
0.0
0.0
0.0
0.0
0.00046357811692764847
0.012297217264148761
0.026288034654190634
0.0069957099819525845
0.0
3.4791594232322893
0.0
0.01418443838785467
1.1023079577876207
3.7038125591732727
1.2346041666629164
3.479159413153614
0.08775834564809375
0.0
0.0
0.0
0.0
1.0508284774990642
0.010293108078492704
0.0102931080784927
0.2018396469317429
0.4242718344843645
0.22243218755262167
0.7395318430451935
0.0
0.0
0.11817157501905103
7.760062995456484
6.516179722743146
0.0
0.0
0.3972749085706387
0.47905360019718113
0.45774866586409213
0.25330197732614107
0.506603954652282
0.0
0.0
0.0
0.0
0.0
0.0
0.0
0.0
0.00020803760409684752
0.00020803760409684752
0.00020803760409684752
2.0890976275386555
2.0890976275386537
0.0
0.0027776300298475156
0.14682250443062367
0.14682250443062364
0.0
3.955713493812893
3.955713493812893
1.0881235193997663
0.05385784625313498
1.9269127533443577
1.9269127533443582
0.0
0.0
0.0
0.0
0.0
0.0
0.0
1.0320994236777896
2.505236864628588
2.5052368646285883
0.8084778845870464
0.3831658369710086
4.923534890419145
4.923534890419146
0.253301977326141
6.680278853843346
1.8200591890134867
0.0
0.3659384967339159
0.3659384967339159
0.3659384967339159
0.3659384967339159
0.8856936943340841
0.4185305787563246
0.3659384967339159
0.12887845093993203
0.5549899224400647
0.5549899224400648
0.5549899224400648
0.22199588474767998
0.0
0.0
