0.0
0.0005090342607132299
0.0020318417861961502
2.3485401531257204
9.095389074919289e-08
1.4864102470512053e-05
7.941201664929402e-06
9.636356542664473e-06
8.430181981026227e-06
0.35555881113228943
1.1270885423987484e-07
7.192915118327324e-06
8.270257969197688e-09
4.6242354999647e-06
0.00021856245476980173
0.0
0.00024679600650307247
1.0986023825079907
0.00044175427263557876
0.16741053147067614
13.176235228364897
1.8321938658284342
0.3167889240243967
3.5206451650044164
279.49464637228255
9.393973057444207
101.618326118798
0.9297320366583959
0.00019084185474676452
0.8848588511487729
0.0
0.8848583097018641
0.0001897267659493905
9.54309243542509
8.806605741268317
3.5835761595203164
8.892139508171118
15.16006351703733
116.53560537458709
9.310121580537938
211.88987020722138
1.4141057187869968
0.30179209781192506
0.8785501241319196
0.0002639724078399106
0.0
2.8437268917626066
7.728584358185386e-05
4.399647141421318e-05
0.0006887089140883772
4.6496972721972065e-05
0.00018325698035540094
17.251500563259327
5.87316538086725e-09
5.259994434137669e-09
5.4547219960223976e-09
0.000394225910460369
0.002791438304317105
0.0004570473913802386
0.11417651912762125
0.0
0.0003685634513641482
8.46707525721456e-05
8.72007307037197e-10
8.966936349698235e-05
7.304367311845281e-05
6.785944602083854e-09
7.522286495836243e-10
5.370383666840374e-09
3.944226238675225e-09
0.00023193893294533996
0.7128566097294358
0.0832890866166332
1.3627067968736617
0.0008712256254890562
0.0
0.0006244709606058157
0.0004892148017478421
0.0005780186401115602
0.0002466645976400731
2.8405843746977
0.00020475744213612997
2.787210244573439e-09
0.00010311062790072318
7.924945896482853e-05
0.006264959458658819
3.0249565086974864e-07
2.0155856282956745e-08
0.00012813220314662597
0.0011209103126622075
0.0
0.0008258338368416095
0.0001228663348600315
9.671744798131119e-05
6.991182591091132e-09
0.00011584987589386488
3.0452053477566087e-09
0.003092195529055778
4.7806964165631126e-05
0.003646741280262444
2.655866956183117e-08
0.001183163724421456
7.180787067168864e-05
0.00057789276319594
0.0010474629959854754
0.0
0.03193672335825507
5.673920474544885e-05
1.8481845602397241e-09
0.0001790334432321888
10.416150194361382
0.00014399357544331998
0.043681882109044175
0.0006796972320911167
0.526642085770866
1.4874075263335849
0.00013143381684207602
0.00040686455338717414
8.507980856509356e-05
3.6347821225227855e-09
0.0
9.718639584060557e-05
1.3791217757636667e-07
0.00026397688975690614
20.0949284230378
0.683410546615844
0.306488762052216
0.37970813561634686
0.0006082457826823827
0.0005173163744324404
0.037788514911980334
0.00046051933347903556
8.444295677646464e-05
0.0011372404817823055
8.947658435133161e-05
0.0
7.901013554296731e-09
8.974702794605049e-09
4.3239569694751104e-09
4.073079715862268e-09
0.003456785013761188
5.090261212118632e-06
0.0018709029755232336
8.809531531348205e-05
7.197327833215522e-06
0.00013386777083419638
6.779614011191091e-06
7.847974240032721e-05
0.0007710180727358306
5.315777451125238e-06
0.0
0.0011446308585799994
0.6428751792369075
7.36430964200229e-05
0.04216657239098576
0.0013051730725743141
0.0013811562703425137
0.0007334684747700931
7.821812091577021e-05
0.0003481385065108362
4.130965586416668e-05
0.0001301104327680684
0.0006874314038706278
5.9110265746109886e-05
6.737661677557611e-09
0.0
10.364287451626934
0.00014464659963888058
0.0018270283216523058
0.0018967033792231499
1.3123745775334229e-08
1.439205079297612e-09
0.0861448851983384
5.560431217615211e-05
0.00011819512406627707
0.0004490401836985759
1.7128141548234161
2.800352101764125e-05
1.569148304874874e-09
0.00041149662675920456
0.0
0.0002522221509020414
0.0037918067696255044
0.003706556030582762
2.1730865047153978e-09
1.7473883194179104e-09
6.144309033644949e-06
1.0305933176704303e-05
2.505387146511064e-05
0.0005705218219026628
3.0082396464693975e-05
4.919644068874927e-06
1.7589677696032622e-09
0.0003415204594367581
0.0015404505304384085
0.0
