0.0
11.46650110895707
11.466501108957075
11.466535396526062
11.466535396526057
23.999748000726786
0.0
46.25105389999208
46.25105389999211
45.826741286859026
45.92803872874745
63.63411071741997
0.0
100.00000000000013
99.99999999999996
100.0
99.77375994857046
100.00000000000001
0.0
76.74837208127956
76.15669861957976
85.6315364048137
100.00000000000004
99.99999999999999
0.0
59.959718041689534
59.97151287303205
60.35887835997433
70.00408855206338
99.99999999999999
0.0
3.4650515392550787
3.4650515392550787
3.4650515392550787
3.4650515392550787
30.41610510246593
0.0
0.0
0.0
0.0
0.0
0.0
0.0
0.0
0.0
0.0
0.0
0.0
0.0
0.0
0.0
0.8012370237329107
0.0
0.0
0.9130257156760243
0.0
0.0
0.0
0.0
0.0
0.9130257160889083
0.6696955635514747
0.0
0.5820820195282169
8.100556300464955
2.5953238568567967
0.8651079465019538
0.0
0.09819168141024243
0.09819168141024243
0.09819168141024243
0.09819168141024243
0.09819168141024243
0.0
0.0
0.0
0.0
0.0
0.0
0.0
0.0
0.0
0.0
0.0
0.0
0.0
0.2666587107817187
12.799819883628968
12.799819883628977
12.799865600387626
12.79986560038762
0.26665299618688887
0.0
24.061526446153433
41.97351756537763
41.97351756537767
41.584467239031014
41.67310250068339
23.96703051201089
0.10129744188845735
44.628372720539936
65.22436428277241
65.2243642827724
68.88244773861412
77.87457365492418
33.72875208871823
0.2740263427115155
58.02181916875269
87.35673973783108
87.03538748175998
70.92400664350144
71.94029974528316
40.755786274319576
0.0
52.33812241085199
65.10922217139473
65.12270197864412
70.64207641138564
58.20215399849072
59.66719971742396
1.5467096686887805
0.0
3.4650515392550787
3.4650515392550787
3.899933868670196
3.899933868670196
0.0
0.0
0.0
0.0
0.0
0.0
0.0
0.0
0.0
0.0
0.0
0.0
0.0
0.0
0.0
0.0
0.0
0.0
0.0
0.915699455694755
0.0
0.0
0.9130257188644997
0.0
0.0
0.0
0.0
0.0
0.0
1.061589554018916
0.0
1.4450608138785408
14.384153928115069
0.6652365937465334
1.2473186132747507
1.2473186132747507
1.2473186132747507
0.0
0.0
0.0
0.0
0.0
0.0
0.0
0.0
0.40659415354305056
4.477535795260938
4.07094164171789
0.8806916748422278
0.32189328883076096
0.0849883130885055
0.806089492344992
1.5114177981468582
1.5114177981468582
0.0
0.0
0.0
0.0
3.7332219509440603
3.7332219509440603
3.7332219509440603
3.733141946616444
3.7331419466164455
3.7331419466164455
0.0
36.09228966923029
36.09228966923019
36.09228966923019
35.66564671270507
35.66564671270507
35.66564671270507
0.08863526165240018
53.39228027843645
62.23046271551636
52.42549672369503
43.21664672493721
39.056705629982496
49.771834896741645
0.23977304987257606
61.42381364919561
77.2509013991842
66.60079936465705
63.515899948159515
60.187570307948675
61.13367934656475
0.0
58.35599011440564
58.101460481436554
62.642808752072604
60.16313487083428
57.3684226505484
52.20879975274597
1.3533709601026827
0.25906414786622245
0.11050031008398652
0.4348823294151175
0.0
0.0
0.0
0.0
0.0
0.0
0.0
0.0
0.0
0.0
0.0
0.0
0.0
0.0
0.0
0.0
0.0
0.0
0.0
0.0
0.0
0.0
4.3104818812942165
4.310481881294214
0.7105235058892865
0.0
0.0
0.0
0.0
2.5822263848992555
2.5822263848992613
0.0
0.0
0.0
0.0
0.0
4.563815630052693
2.079893728951302
0.0
0.0
0.0
0.0
0.0
2.687884027030129
0.4628781858620392
0.0
0.0
3.6409033396576693
3.640903339657657
0.0
0.8753799392054865
0.3165815534983854
0.07436477395244231
0.705328305801868
0.0
0.0
0.0
0.0
0.0
0.0
