0.0
11.46650888934547
11.466508889345462
11.466537061089655
11.46653706108966
23.999748437878644
0.0
46.180882281158496
46.18088228115854
46.0672294991532
46.06722949915322
63.82427426436248
0.0
93.3507057976406
98.93745411468252
99.98946628003317
99.99999999999997
99.99999999999999
0.0
92.72148807582155
99.99999999999996
100.00000000000003
100.00000000000001
100.0
7.066806146129602
56.20008919680366
68.05212668028996
73.96273819077496
100.00000000000001
100.00000000000001
0.0
3.859001432548557
3.9468420022537023
3.8703475411236665
9.208395650682272
43.125342282993614
0.0
0.0
0.0
0.0
0.0
0.0
0.0
0.0
0.0
0.0
0.0
0.0
0.0
0.0
0.0
0.3217250349677439
0.0
0.0
0.8275849624042557
0.0
0.0
0.0
7.387313325262488
0.0
0.9101256167963103
0.7203026799224944
0.0
1.0638535185283
5.932148782429058
1.9926354649787046
1.9011202165171388
0.0
0.0
0.0
0.0
0.0
0.0
0.0
0.0
0.07985503306596992
0.16470099521451734
0.0
0.0
0.0
0.0
0.0
0.0
0.0
0.0
0.0
0.2666591520369923
12.799828271209693
12.79982827120968
12.799865833535268
12.799865833535277
0.26665445674629323
0.0
24.02369661691619
41.90975303457101
41.909753034570976
41.804848883079934
41.804848883079956
23.936369141134094
0.0653225851219234
47.68933017085706
69.97487044097986
46.714731412551394
50.4333482531293
61.45114529215245
33.6713651808784
0.239476870792924
56.771582510848475
75.52637850130589
76.12104176838204
65.95734046684858
59.60235365606975
50.70330173903434
0.8667227305859011
45.0455617464756
63.25341293919453
74.67911931071951
69.43730736658247
48.06934853668111
49.347248720287276
0.4559122591215673
0.0
3.8105021539890838
3.887362652481086
3.8204299989923047
10.282873018786226
3.492260658124214
0.6208463365843822
0.0
0.0
0.0
0.0
0.0
0.0
0.0
0.0
0.0
0.0
0.0
0.0
0.0
0.0
0.0
0.0
0.0
0.3676857542488502
0.0
0.005616218582639901
0.8275849613958479
0.0
0.0
0.0
0.0
0.0
0.0
1.6793634116526972
0.0
1.1918149987704714
1.2433548907403724
0.9824117206821668
4.476947021953421
4.476947021953427
2.001429229907157
0.0
0.0
6.80269525397172
0.0
0.22958578661118542
0.22958578661118542
0.05298127347689926
0.0
0.0
4.0709416459448855
4.0709416459448775
0.8806916879803387
0.3218933074867078
0.08498832192898956
0.07903762450642186
2.5193245821837333
2.519324582183744
0.0
0.0
0.0
0.0
3.7332281285178914
3.7332281285178914
3.7332281285178914
3.733162394448106
3.733162394448105
3.733162394448105
0.0
36.035544925374325
36.03554492537426
36.04014823659627
35.904553711701205
35.90455371170113
35.90455371170113
0.05715726198168298
47.874532379699815
75.41328756570526
57.73840742701047
38.38726852009384
37.42580556182781
48.950648594836366
0.2095422619438085
66.32948490786859
75.11861250870528
69.35928742019544
66.36593540498917
61.25718931888487
57.94663055889638
0.7583823892626634
58.08245161886781
57.20904086103257
57.20904086103257
60.72498985054144
58.951726285517395
56.396855680328315
0.39892322673137137
0.7692377972134377
0.0
0.1647009952145175
0.07985503306596994
0.07985503306596994
0.0
0.5432405445113344
0.1396855724826315
0.0
0.0
0.0
0.0
0.0
0.0
0.0
0.0
0.0
0.0
0.004603311222014763
0.0
3.7671421147970574
0.0
0.0
0.0
0.0
1.8158774807948632
1.815877480794863
2.2763076048010054
0.0
0.0
0.0
0.08252217165389711
1.2708416751239295
1.2708416751239273
0.0
0.0
0.0
0.0
0.0
7.162092274589464
3.2099328786697887
0.13298168981603753
0.0
0.6593576904397399
0.6593576904397399
0.05298127347689926
2.6812197783653944
0.9079562211371052
0.0
0.0
1.610791181532196
1.610791181532205
0.0
0.8753799348793461
0.31658155831339485
0.07436478168786587
0.06915792144311915
0.0
0.0
0.0
0.0
0.0
0.0
