1.0712475707230595
12.187946688489811
12.270252493276034
12.131146603323124
12.131146603323113
0.44826140423267863
0.0
25.898644038580358
44.06365044325634
44.14332311125712
46.07594810111171
44.840342047796675
26.57764853695642
0.0
40.84910125702994
96.4818005810671
95.36586796332449
99.99999999999997
99.9469076660246
51.77532936853913
1.2574321504480326
48.52028785708816
98.05229431172243
98.65040177031241
99.99999999999999
100.0
69.04643797370316
3.6898910280692125
54.007219400887756
91.8540845295382
91.40958737154622
99.99999999999999
99.7554833081779
81.47163110874402
5.682970482913538
0.0
1.801658476701507
1.861460811306571
1.4684911411706016
3.6026444067433734
4.626295217121488
0.7710490891749299
0.0
0.0
0.0
0.0
0.0
0.0
0.0
0.0
12.187946688489813
12.270252493276034
12.131146603323128
12.131146603323113
23.992030563381782
0.0
44.06365044325635
44.143323111257125
46.07594810111172
44.84034204779668
63.90036922133004
0.0
57.01595338873575
55.900020770993116
74.76951802336684
75.78090708392979
99.99999999999997
0.0
53.67429210492163
51.950430109428325
59.210526423336994
97.56604543205056
99.86518704398235
0.0
37.92704367093241
37.48254651294044
17.88655692049165
17.557193514362986
100.0
0.1909160245388042
1.8016584767015071
1.861460811306571
1.4684911411706016
3.6026444067433734
40.29726263217924
0.0
0.0
0.0
0.0
0.0
0.0
0.0
0.000392610215857001
0.0001963051079285005
0.0006538050403796479
0.00888388521180961
0.0
0.0
4.0173572539062095
0.0029769332123717805
0.005953866424743561
0.15774005739018898
1.0906662765882111
5.198863746735809
5.19886374673581
1.8600093109849336
0.05371730252516815
0.0
0.0
0.0
6.066836318596431
6.0668363185964305
1.9936058422639698
0.11095213614060856
5.019442691367049
12.068908520449352
0.0
0.11116726535943755
0.11116726535943755
0.00021512921882898986
0.2594115855345018
5.896503035612079
5.5971964089013415
0.8074528164666379
0.8142968104432597
0.8142968104432597
0.16285926602277995
1.1199655343208534
10.512799931571871
13.387251694068796
3.9944172968177982
1.291156271209446
1.1199655343208532
1.1199655343208532
0.1288784820029126
3.826876557043006
3.8268765570430086
0.5549897413084457
0.22199586433585333
0.0
0.0
2.5039174193093343
5.295419108004212
3.426029034847779
1.8683079290625704
5.293410336699645
3.639263874856476
0.0
19.463759521179142
50.29958643722661
32.13023590989458
21.70681790179728
51.27724526319441
33.53609710587234
0.0
52.04364863499225
69.9151630159749
70.98776865064399
52.54885152913173
48.9626244506929
48.76078835411297
1.2574321504480326
60.027135402626485
87.85618788312902
99.57886159817899
80.4100962776199
75.00245593412176
69.04643797370316
3.689891028069212
57.254947865925686
61.261800182315554
58.88030738353087
89.75193167722551
89.16539684845353
81.47163110874402
5.682970482913538
1.2542144154503638
0.0
0.21956734430631486
0.5488983221551225
0.1909160245388042
0.0
0.7710490891749298
0.0
0.0
0.0
0.0
0.0
0.0
0.0
0.0004574999324511473
0.01109036772381626
0.02512104801388314
0.007016267453023173
0.0
2.231865224138866
0.02703508032799867
0.15774005739018898
1.0906662765882111
3.706817710648168
1.23560580222331
2.2318652185977785
0.09340342808161585
0.0
0.0
0.0
0.0
1.1257545837562488
0.0
19.40600153667225
0.0
0.0
0.0
1.2606135882982488
0.0
0.11095213614060855
0.11095213614060855
4.465442044991049
0.11095213614060855
0.22190427228121712
0.0
0.35978055499609235
0.49198844026853084
0.9503884830002266
0.5986132534214735
0.5986132534214735
0.0
0.0
0.0
0.0
0.0
0.0
0.0
0.0
0.0001963051079285005
0.0001963051079285005
0.0001963051079285005
2.088790731063538
2.0887907310635354
0.0
0.0029769332123717805
0.14574932406545468
0.1457493240654546
0.0
3.942016594328169
3.942016594328169
1.0906662765882114
0.05371730252516815
1.9218819017020023
1.921881901702003
0.8531705916017683
0.5212220568308534
0.5212220568308534
0.5212220568308534
0.11095213614060856
0.11095213614060856
0.11095213614060856
0.11095213614060856
1.2542144154503638
1.2542144154503638
0.0
0.2594115855345018
2.9234870759482776
2.9234870759482763
1.1067594431773746
1.1724431942147604
0.7405265629871227
0.16285926602277995
1.1199655343208534
6.370501323893025
6.370501323893027
1.1199655343208534
1.4779544090083798
1.1199655343208534
1.1199655343208534
0.12887848200291263
0.5549897413084459
0.5549897413084458
0.5549897413084458
0.22199567284832042
0.0
0.0
