0.0
0.0007894323071913215
0.0014615739123208789
1.0876589558587413e-07
4.6189664284726104e-09
1.0617820707465397e-05
5.660620621487794e-06
6.698698946365449e-06
6.0041554903888366e-06
0.10520419275844983
5.038844291299618e-09
5.121410221229387e-06
3.898984237729533e-09
3.4698201969893936e-06
1.300501885980995
0.0
1.3004827416018756
5.0280253174679554
1.8014916379035988
0.5054935738843448
4.511687939973107
3.2410507031156697
4.516364188784936
5.198545174568266
323.14926710348504
4.895019851616222
38.49656933899515
0.5547167900027251
0.0001348021494043251
1.030933890805323
0.0
1.030933093667993
2.2142898820588117e-05
7.699423162470965
4.186421587918667
2.398208226456569
4.182359405275234
23.54375823534592
48.2393233020957
9.223815416834675
281.6144241781948
2.4203805890544676
0.816283070744197
1.6296100044884607
0.0001887631421919924
0.0
4.2186110511708605
5.5504107789482176e-05
3.144930318039182e-05
0.0004961883776670946
3.323147574306678e-05
0.00013633425316553115
34.49535951236895
0.9247542869619572
1.4247188143565455e-09
1.6288045138818964e-08
0.00015634771233460906
0.0011814884459753297
0.0001874520333213013
0.0020916887735972856
0.0
0.00026537434668478816
0.001451809519369806
1.0764487942162448e-09
6.4179301165946e-05
0.0004976686447949181
12.789728250728201
3.889131137413723e-09
4.442498340382919e-09
3.4086730449037706e-09
7.802900393835634e-05
0.11002082424345806
0.0010031065040924307
1.7017205352048623
0.0002050528759570756
0.0
0.0001785112336748817
7.377735433335826e-08
0.00020121237327221155
0.00013944528539244173
8.370203445732276
0.10208841567410161
2.0399687423522073e-09
0.11193009782690275
1.2876269002123987e-08
0.0051098865301905105
5.8087015358968e-08
0.12181180196294354
0.0001009033819677901
0.0005201586052427166
0.0
0.0005419969805411399
0.00011062633015981785
7.243658259144215e-05
2.123230355216022e-09
3.38595168334197e-08
3.174250795247165e-09
9.660324562535992e-05
3.531269728738818e-08
0.0030908681232680165
3.0400253751497966e-08
0.0008891089087578117
5.631902113054294e-05
0.0004442128097565544
0.0007559054958437625
0.0
6.061364952420167e-05
4.266348422665725e-05
8.483183468074323e-10
5.362015504554443e-08
10.682710610003614
0.00010991875376095391
0.0323728577777238
0.0009966209441797653
0.960659497432736
0.628243845024431
9.682568455792266e-05
0.0002874001912013524
6.093149502252863e-05
2.2360826371985206e-09
0.0
7.260602295879986e-05
0.0005548423504116079
0.0001895494660894946
19.788242111897063
2.5048649723787116e-05
0.0018105132753819665
4.388922761732457e-05
0.0001886725746938167
0.00037208138661842897
6.459713603056777e-05
0.0002661183617555911
6.046860063610522e-05
0.0008188140808685367
6.404657983938365e-05
0.0
1.7761625777935422e-09
3.8354731395936894e-09
4.021333465333503e-09
3.814998068186055e-09
0.0025060898964457262
3.6434859392534795e-06
0.0013457615863064357
6.328954533909777e-05
5.149244042644468e-06
9.589216708657325e-05
4.858402931778679e-06
5.846277458593282e-05
0.0005202380870132667
3.934406858978972e-06
0.0
0.0008237638805218383
0.6676693937076628
5.5413603418151274e-05
0.0017444514666898792
0.0008989122317133887
0.0009935201817507459
0.000526461407772145
5.7894575666316284e-05
0.08091481727171172
2.957915288597442e-05
9.806004346533655e-05
0.0005563254747419897
4.380269500849669e-05
7.457557096391158e-10
0.0
10.600019365423304
0.00011020609027809672
0.001812910921286942
0.0013736876820556769
1.617408288246054e-08
1.595667335935497e-09
2.6317836430789525e-05
3.9635324034458997e-05
0.5491053233002335
0.00047431595484711343
1.195635226224335
2.0656219179909136e-05
6.424963331331036e-10
0.0002934122263926419
0.0
0.00023650796460779547
0.002811584129524494
0.0026661812869631925
2.6701317011831668e-09
1.2437000399153967e-09
4.700094571702265e-06
7.3318220567806326e-06
1.7955595349704953e-05
0.0004186725973515561
2.151291239719696e-05
3.6307839505534573e-06
7.305117314695383e-10
0.00010513688016998421
0.0011100215773067177
0.0
