0.0
1.4981782182458158e-07
4.028626561367096e-09
6.214212974295583e-09
6.193871246578795e-09
5.151290692859588e-09
4.654455185028902e-09
4.690083637812119e-09
5.216341083259234e-09
3.3065935406533216e-09
5.192940286239942
5.85512888540727e-09
5.374040172036913e-09
4.686213074244138e-09
5.595088880807878
0.0
4.387541190124379
10.209278365583046
3.9639751721958416
0.5155151670216978
26.0263418953313
21.620912870493516
1.8392895181992934
1.2819307726537803
183.31489946457788
5.892219186827458
123.42332506799013
4.086247038545574
5.134545188942671e-09
2.9067626484895577
0.0
2.2474138961869174
0.032407694613904144
13.909111383046396
6.5976687357593065
14.176014390580718
6.960808966411703
46.63024827833504
11.371102913053969
22.46567318212179
228.51904253003295
6.564702671449121
5.414003856123008e-09
0.806827301079146
3.7137453383852056e-09
0.0
4.67457813260401
1.0402997078258942e-07
0.8996344506178273
6.474177997259452
0.9027629072983677
1.4223843127390094e-09
62.17665284445572
0.29262713975680965
7.460899759757716
3.191324137255254e-08
1.008175438127258e-08
0.0005047898606195929
6.785776444344365e-09
0.552557701473481
0.0
0.00016150618850479772
1.5846236032663993e-07
0.0544569365795855
3.6669536343771553e-07
1.6172751765540074e-09
0.0566678106062352
1.0302050281174548e-07
0.04207170700950187
3.58059076753284e-08
8.261471660647098e-09
4.995422767650269
5.6433028514435326e-05
0.12979053063187518
0.00033854746715365216
0.0
1.6629514728138943e-07
0.0418120717292009
5.430407926901433e-07
1.1740697265015956e-09
6.7667911107588
2.950115445205308e-07
0.036268628347467094
3.247082783303693e-08
5.147950739951591e-09
0.3898139665883613
9.007431745887327e-08
2.5774870974228572e-08
1.7257278459017288e-08
1.8000869779101566e-07
0.0
3.463087539033829e-09
0.7280265080643328
1.291211224899538e-09
4.564442658332243e-09
4.948861437338063e-09
36.02402414490476
5.975436960080421e-08
6.272804140791919e-09
0.0017390478501932783
3.0747111935885276e-09
2.792537082328339e-07
3.5193323014813623e-08
0.0002477172019202219
6.569933542425586e-07
0.0
1.125828521844649e-08
1.5441073779758794e-09
5.48828275599846e-09
5.7503058630411485e-09
1.595035065024818
6.43238510768834e-08
8.7009774471732e-09
0.4206603905739707
0.7141835319780615
0.007801714952845304
0.007408697597140018
3.2238031289771066e-05
0.0074085140532103326
1.3269897080441099e-08
0.0
1.3410779860711806e-09
8.415984389449152
4.5643171087245706e-05
1.9551523016539042e-08
4.1409608756037567e-08
0.0010894969895000263
1.6018662969527657
5.870336129839001e-09
0.00026447106129424866
1.8782969852747457e-07
2.646017851093646e-07
1.1078820240574055e-07
0.07560245950464423
3.654142091925396e-07
0.0
45.82795315645377
1.0173028413433622e-07
0.053251239710536316
3.407676442642816e-08
0.0029824578244427667
2.7285689272807106e-07
4.0693988129619455e-09
0.0004417066100012497
1.8484287896172492e-08
1.9638217453327195e-07
1.7778694786613295e-08
3.0764352851946082e-06
0.0006546380969763743
1.2843378496024337e-09
0.0
0.0009505583990720591
0.08982319542695866
5.252731108587205e-08
1.1372111641598926e-08
0.009838780783065139
4.888493913338038e-09
5.391380778111508e-07
0.009961286332322647
7.232698395471976e-07
0.21396510747225045
0.011966214784025035
0.00037162914613653647
8.776097792424414e-10
57.274133004768444
0.0
0.6876987843565011
6.134811699658506e-08
0.2894913012161564
0.43212075452926657
0.1972881394314672
4.358775642631068e-09
2.884096180012683e-08
3.7051493023967804e-05
3.5348456787069678
0.00017796229464783626
0.7725907043129545
1.6612345358354682e-09
3.182868440737303e-09
0.0001790145415418844
0.0
0.0006023856295651743
0.06332220896155016
0.06142214767302399
0.05963333540178867
0.00040626194698576925
1.0994692243910927e-07
3.6499285313440396e-06
0.36976153543811363
2.447421961819549e-06
0.06968782803871405
2.1215205959236483e-09
0.005485172087316583
6.152442744231016e-06
0.0002092453509249865
0.0
