1.071244493234981
12.187926394346091
12.269913578436983
12.131336700752202
12.131336700752206
0.4438161126716762
0.0
25.899503028430306
44.07131755007928
44.23774075319927
46.24024615153496
44.91719122806421
28.5952479775095
0.0
41.84966938168331
92.56346124351889
100.00000000000001
100.00000000000003
100.0
48.860772722821544
0.7580599167859908
50.92113038795886
97.12283317232635
99.99999999999999
100.0
100.00000000000001
65.85281036928606
2.0633504101036113
49.164059154362654
86.51819958593565
86.97704714727173
97.16103299444423
94.75532305835237
61.07030907826185
3.204203917340053
0.0
1.4732997678838773
1.6317336614244808
1.4613514119295823
3.6002650999452905
4.626296020560915
0.7710493076061862
0.0
0.0
0.0
0.0
0.0
0.0
0.0
0.0
12.187926394346094
12.269913578436984
12.1313367007522
12.131336700752195
23.99203647174128
0.0
44.07131755007931
44.23774075319927
46.24024615153497
44.91719122806421
63.78907194325644
0.0
71.17000990275422
60.97671713268789
80.01776258212175
76.11598960072435
98.78262223844325
1.733450385049316
62.512247171831994
57.93403932047577
60.355880111766396
73.72939435399681
100.0
7.639713145717389
34.02308329531787
34.48193085665404
21.704436280703046
30.195164573257486
100.0
0.1731704063734787
4.963149174716914
5.121583068257519
4.95120081876262
7.090114506778328
37.3528012261816
0.0
0.0
0.0
0.0
0.0
0.0
0.0
0.0003772913270865203
0.00018864566354326014
0.0006229033996667658
0.008409363012586648
0.0
0.0
4.962157217208169
0.002885880871028769
0.005771761742057537
0.06087733473506666
0.5177431105781857
2.129059074111971
2.1290590741119715
2.5092304622988006
0.051118258582883394
0.0
0.0
0.05014482378094387
0.9527487231599454
0.9527487231599454
3.9638456588489173
2.0691459860336137
9.300667525544384
7.440757459647581
0.22266262577048276
1.9291881951842962
1.9291881951842962
1.0970146753685828
0.23547378808112204
4.050297553007378
3.279754884564431
1.3001942581271022
1.4792087422271996
1.4792087422271993
0.6095989436822382
0.35915796082976914
7.055665847933997
10.693789963175725
3.997282076071504
1.2208615986894076
0.5266730957757702
0.3591579608297691
0.12887844211441413
3.8268765181174835
3.826876518117486
0.5549899105568158
0.22199595981501752
0.0
0.0
2.5039195983307945
5.295373177356314
3.4253534559502468
1.8690453330240644
5.293688024229467
3.63909636410479
0.0
19.46368152831534
50.329499186627785
32.41898308512845
21.969164422616576
51.556209248065606
35.3970741148573
0.0
52.75068513544099
70.57365392161395
59.67263818650905
50.664320390379544
48.860772722821544
48.860772722821544
0.7580599167859907
62.56326679189551
85.49270296835799
99.99999999999984
90.77100443581575
78.68102473561164
66.67666962779494
2.063350410103611
55.099843561038114
62.62405621385012
58.426168366694576
71.5629503382675
64.12219756413036
61.07030907826186
3.204203917340053
2.2628046193291294
0.0
0.3177621559780694
0.5216390865651144
0.17317040637347864
0.0
0.7710493076061863
0.4402966249542456
0.0
0.0
0.0
0.0
0.0
0.0
0.00043425773612350564
0.011041016225747826
0.02596787335352973
0.0074636836015629345
0.0
2.756754011131268
0.010426177767806943
0.06087733473506665
0.42093257822516955
3.9691640982545584
1.3230545812162289
2.7567540044242653
0.19774496830765123
0.0
0.0
0.0
0.0
1.701041030893523
0.0
10.397652139454635
0.0
1.5260355716842549
0.5103166116986726
0.7624967557493676
0.0
0.0
0.17901448410009724
8.175359985285143
3.0313132241200478
1.0104377167474667
0.0
1.0216488290393617
1.2332299483287268
1.1190113561350605
0.7705426684429459
0.7705426684429459
0.0
0.0
0.0
0.0
0.0
0.0
0.0
0.0
0.00018864566354326014
0.00018864566354326014
0.00018864566354326014
2.074111933006103
2.074111933006102
0.0
0.002885880871028769
0.14575497401695933
0.14575497401695925
0.0
2.89657634581118
2.89657634581118
0.4209325782251697
0.051118258582883394
1.8288966901257016
1.8288966901257024
0.10028911997999221
0.0
0.0
0.0
2.0691459860336137
0.0
0.04174832526587792
0.7097361441006734
2.2628046193291294
2.2628046193291294
0.0
0.23547378808112207
3.9558104780135883
3.9558104780135865
0.0
12.771322095059906
2.1204885530650808
0.0
0.35915796082976914
0.35915796082976914
0.35915796082976914
0.35915796082976914
0.8613702820226009
0.35915796082976914
0.35915796082976914
0.12887844211441413
0.5549899105568157
0.5549899105568159
0.5549899105568159
0.2219958893888896
0.0
0.0
