0.0
0.0003185458037776327
0.23659101222664317
0.17304665033345154
3.790531250156483e-09
1.3827575491873441e-05
8.680633987859085e-06
1.0121895319494848e-05
9.739978259033768e-06
1.0838192543970142
0.11001337906132314
6.6889631945070245e-06
9.121298460344623e-10
3.644092250543331e-06
3.7953333400497833
0.0
5.598757247430745
6.92006811365868
4.0321730741556845
0.5988628709925164
0.7126599558919954
1.688582310003399
0.7130422348336685
2.7861207740225087
311.65976818887464
4.7986409304346924e-05
67.79005210703679
0.1584205915839018
0.495460801399287
1.3742552079050592
0.0
1.3742552576105407
0.4280358154251411
11.59186104842741
10.218524826470977
4.974498732774829
9.730128843985547
22.80670609192418
48.63976720355606
18.339779441306078
250.00671023539815
3.6210713046169344e-06
0.17091356243373707
1.4806734789434826
0.00016877202382174008
0.0
3.1442267859600674
5.436083531750915e-05
3.9103425972343195e-05
0.000417114654148055
0.4880685768883041
0.00011849187889380908
25.506344458970226
1.8009882177420702
6.1322088386564e-10
1.328906657934073
0.00013755616624950033
0.0012623186204525074
0.0001672694349480625
0.001956385847162259
0.0
0.00023789984379436003
6.764110462553733e-05
2.1593938785788365e-09
7.330901381630429e-05
6.073710284589715e-05
6.132748781187287
1.89201758746478e-09
1.9093166373204176e-09
1.7356870945286109e-09
6.54560861267097e-05
2.897510667707844
0.1328159410199889
2.420662897086592
0.00015757271772978048
0.0
0.00013163397151128063
0.0006464878665100466
0.00014679404817440956
0.00011424399090679275
9.936024489147751
0.00010174921462884965
1.7994728859639273
5.709620487075634e-05
5.910658423734311e-09
0.207874780309925
0.1540810354013613
0.13984553684852202
9.071843153458867e-05
0.00017612133562120455
0.0
0.00024442988367483925
9.906743172992779e-05
6.419953726129624e-05
1.4716172789097789e-09
6.316594700083182e-05
0.22675217906095424
5.56805919734731e-05
5.790170129014631e-09
0.002680607663456687
3.923557861430252e-08
0.0007764027607004519
5.0681682739293016e-05
0.0004255113301698878
0.0006778549701623488
0.0
5.4402541241724696e-05
3.792573795523387e-05
4.298916302592261e-08
0.00011043020191788307
3.3367896800720898
0.0001876321227143552
3.869964893773961e-05
0.12010825583078108
0.46774079048149375
0.15607263693414886
0.0001062114307503243
0.0001485002802892393
6.807729698576217e-05
1.242536022917758e-09
0.0
6.437584217577616e-05
0.8785694580961616
0.00013704500605449024
36.28553389104786
1.7770186640061965e-06
0.0012332207332286082
0.0240669122389395
0.00016951695638707374
0.00033395883582894987
0.051664883887340765
0.00023846774315964848
6.736840277598747e-05
0.0007120387964989007
7.298885058342487e-05
0.0
9.05869870282098
2.1151796446815695e-09
2.0189647202923378e-09
1.9624104304162382e-09
0.00224221249512986
3.794278804068417e-06
0.0011416364602202674
5.656902153709586e-05
5.762681468030972e-06
8.772551238265775e-05
5.166839891634789e-06
0.00012753967150546736
0.0004678629856999611
3.491105668558675e-06
0.0
0.0007410056571069035
0.20854933643955184
0.00011881586195586812
0.0012175400272168777
0.0007601770237073337
0.0008043279865242764
0.00046708113073966914
0.0069325364605286035
0.17020586694759324
3.162085806395009e-05
0.0001878798608072187
0.00044961837516616326
3.8950705214835494e-05
6.137214783875322e-10
0.0
3.1669004085058208
0.00018783420885835623
0.0014718984213531832
0.06183881998957035
0.018327209659091098
8.933000700734698e-09
0.0919900002378056
0.2352654569532187
0.3315797315563081
0.00045528387851762216
3.706771006436766
0.10451302161334529
5.938475609769131e-09
0.0004221071591611617
0.0
0.0002964198604204321
0.0012979223337775975
0.0023552034639672875
3.5499476622046887e-09
2.6689971467331417e-09
4.233144894330954e-06
6.623706547080131e-06
1.62256956673669e-05
0.00022411707616318537
1.9418395709608773e-05
0.20456451839723833
6.0916166520874576e-09
0.00020658308767399142
0.0007457234359727904
0.0
