0.0
6.806857909780836e-07
2.5092705107031403e-09
3.826870069904612e-09
4.19132622111569e-09
3.91373496306101e-09
3.839221368730522e-09
3.979887329596635e-09
3.963576031541993e-09
1.3044097311404967e-09
2.940013571018884
4.487014836860127e-09
3.9905588631113446e-09
3.790795488978781e-09
3.880984006009459
0.0
3.682845953218972
9.886951410303105
3.9196817105391677
0.053823700766335386
1.9688312444129747
24.549159126382328
0.969934548693757
6.755403731555636
175.13903356877665
7.704024910018482
149.99006551950336
16.131409350080514
0.02513482904529696
2.7515811992885135
0.0
2.1473524543521076
0.03153723371349931
8.859538672710576
7.87925563991849
15.587802695946383
6.065668517809524
44.44808370521931
11.430797689640514
27.791506768127277
233.0327762645536
4.627846243916242
1.82603297063897e-08
1.0294988195065686
2.616003899625775e-09
0.0
4.381140799685551
1.474056312833752e-07
0.8743197029303859
6.434089997417531
0.8754793897871999
9.85392707095721e-10
67.09233338027536
0.28394184180725446
7.406118606407054
2.5096024886864178e-08
7.085861657509891e-05
0.0006911993676894371
5.228261766728645e-09
0.2539891066048847
0.0
0.00010770859873927488
1.4471985918323605e-07
0.05444634474705698
1.276997336768775e-07
0.36026426913302634
0.05621449191270575
7.629143922431842e-08
0.04215033820865503
3.003317851407435e-08
7.700070622565643e-05
3.154062888276255
1.4709924759281869e-08
0.10051853312557354
0.0006364302342066984
0.0
1.165983642005734e-07
0.04516210946372376
1.8306341725943087e-07
7.992464370366288e-10
5.831104250451387
1.8454169401804227e-07
0.03876225318108807
2.183605811190553e-08
1.7277639374863826e-08
0.06241244501118437
5.8706259665988125e-09
1.4415696481154502e-08
1.3863215370313999e-08
2.3135287722625332e-07
0.0
2.3164124540026147e-09
1.2357968207603471e-08
8.558198291240529e-10
3.434528270409106e-09
3.4168994015524926e-09
35.460354135395725
3.943491598547907e-08
1.3665951011100472e-08
3.213141986332618e-07
4.653660862236056e-09
2.093358572576623e-07
2.5359426871593143e-08
8.48253620103308e-07
2.5806869168677235e-07
0.0
2.2984414613748257e-08
1.5378584627218031e-09
4.155950360188887e-09
4.021280257871288e-09
1.5753849363824317
4.533002268261194e-08
3.865604201046338e-08
0.034450986370205154
1.8594404388063883
0.008680619639114876
0.006489749626735203
0.0001942311182672147
0.006489607927116144
5.529421279682867e-09
0.0
7.9501410949272e-10
37.39432004901618
1.02390189286346e-05
6.533559953955363e-09
2.6899774922656793e-08
4.1893931136205445e-08
0.29729313178900835
7.642602203715088e-09
0.00034470852723169043
0.09400788448019598
1.8096951891527417e-07
8.094149107519394e-08
0.07548636046349667
1.2839298353502293e-07
0.0
29.61412829718018
7.725394047863105e-08
0.05382379593869213
2.992299051035068e-08
0.0022149625731798382
7.80285802927601e-09
4.796877218306576e-09
2.2832549194514534e-08
7.797048956657628e-09
1.759879622205479e-07
1.1844558203704687e-08
2.8587859069825766e-08
0.00033180276287955897
1.860345283824113e-09
0.0
0.0007473905292501232
0.09206397734818077
3.407874945907826e-08
2.0163356440259623e-08
0.004376231634466257
7.9140359251149e-09
2.658500455317487e-07
0.0043953390906450816
3.020527921543146e-07
0.1591649901337398
0.01226294972506861
0.0002827922461330039
9.732182196071178e-10
76.28861301253309
0.0
0.7097796898573632
4.446656769147914e-08
0.29552733968567807
0.40802917892870616
0.08573948225110481
0.0064728513425409565
0.0936979743550834
0.8156130450242713
4.393520515976587
0.0001279207276500651
0.8542842231957475
5.003559675783326e-09
9.83400268178067e-05
0.00012822107543505523
0.0
0.0001143819303009719
0.06361656437912976
0.0714261690355658
0.021684439069004323
0.008722142451831439
0.03640932642854312
0.07652550659589134
0.1996012249831986
2.6572057393065054e-07
0.05432568081427355
7.243950301634766e-09
9.340133145671693e-05
5.851356238196042e-07
6.782522260134451e-05
0.0
