1.07124318776422
12.187917781583534
12.269769105644098
12.131125555291378
12.131125555291382
0.4624943644584707
0.0
25.89929382136832
44.06944647042057
44.04329313173513
46.661791448764724
45.081524328315126
28.012378124764226
0.0
37.75258657170985
94.13792510184375
93.18719616788358
100.00000000000003
100.0
51.96845847573982
2.0746595155337997
48.836142786533344
100.00000000000003
100.00000000000001
100.0
100.00000000000003
64.27455083361052
3.0589093527308373
53.77313701742908
90.6754914581162
90.67549145811624
99.29009665335703
100.0
75.2116057674197
4.740878564275516
0.0
1.6400617562000273
1.7192811035652087
1.4468165778101527
3.5954202483171525
4.626296168942243
0.7710493465500947
0.0
0.0
0.0
0.0
0.0
0.0
0.0
0.0
12.187917781583533
12.2697691056441
12.131125555291378
12.131125555291382
23.993035605446803
0.0
44.069446470420566
44.043293131735126
46.66179144876472
45.08152432831512
63.83192233242552
4.149319031067597
60.39859621984533
59.447867285885174
70.83268810991277
69.62051917120677
99.71233256230775
7.115218815824861
73.12487511296374
66.57890767348333
80.4273598121758
100.00000000000001
92.34726947979854
0.0
37.00761353492342
37.00761353492343
3.1937655230434645
52.82579987280229
99.99999999999996
0.1929479825661148
1.6400617562000273
1.7192811035652085
1.4468165778101527
3.5954202483171525
66.99563232535556
0.0
0.0
0.0
0.0
0.0
0.0
0.0
0.00039416174640055955
0.00019708087320027977
0.0006404938544831858
0.00851256691043259
0.0
0.0
2.6883237331399794
0.002748716608873831
0.005497433217747661
0.07423983177665747
0.6005436526482721
4.12956599417666
4.1295659941766605
4.152088130188916
0.05244632285070606
0.0
0.0
0.0
0.0
0.0
3.9999999873543066
1.420187784951891
11.378831349200512
14.536164010159666
0.013827027517130362
0.0
0.0
0.0
0.30765112615598766
9.138086245911875
8.695132973544718
0.8790989263992381
1.3246262274614344
0.8816729550942837
0.15311057276330753
0.22649613896768292
0.4529922779353658
4.227693410934139
4.227693410934137
1.2546417725320869
0.4937125860059762
0.22649613896768286
0.12887843358323364
3.826876516070408
3.8268765160704072
0.5549899453423549
0.2219959766559591
0.0
0.0
2.5039205270851754
5.29535322260048
3.4250649341783244
1.8688619949115046
5.291857372473212
3.611405370785592
0.0
19.46370054950889
50.32218248312035
32.34848325097495
22.740801357663766
51.74030309155054
34.681200519842605
0.0
49.72218707205485
81.79981951346231
66.91864308325496
53.180627413462375
49.92821685927738
49.92821685927738
2.0746595155337997
61.12615617432493
83.76116200740229
83.39583657392598
66.5561465761266
65.6245816939943
64.6162138983152
3.4005724174355096
57.67592143532154
60.02452806454456
56.939170807723656
83.7544656147171
82.64793985048676
74.86994270271502
4.399215499570843
1.2947535488107416
0.0
0.1959531063555126
0.4936325987503426
0.1645437757038472
0.0
0.7710493465500947
0.0
0.0
0.0
0.0
0.0
0.0
0.0
0.000443412981282906
0.012015523263826969
0.026699657078078927
0.007342236066394902
0.0
1.5211830595472244
0.0
0.02731543829544941
0.37011609765465536
4.740801356906699
1.5802671111726383
1.9014578561498607
0.15757277059489433
0.0
0.0
0.0
0.0
3.4131042325496677
0.0
14.231765230803742
0.0
0.0
0.0
0.0
0.0
0.0
0.0
3.2712928845308484
1.1471333004029705
0.3823776139091446
0.0
0.69519744801198
0.82583215866045
0.7695410893711336
0.885906544734302
0.885906544734302
0.0
0.0
0.0
0.0
0.0
0.0
0.0
0.0
0.00019708087320027977
0.00019708087320027977
0.00019708087320027977
2.077711399299183
2.077711399299184
0.0
0.002748716608873831
0.1466108417020551
0.14661084170205513
0.0
0.0
0.0
0.0
0.05244632285070606
1.8640392604525644
1.864039260452565
0.023091792684826258
0.25172377264121043
0.25172377264121043
0.0
1.420187784951891
0.0
0.0
0.0414773495307054
1.927861213383058
1.9278612133830575
0.0
0.3076511261559878
1.3220521987663885
1.3220521987663891
1.3220521987663891
0.8765248977041926
0.34321177023891764
0.15311057276330756
0.22649613896768292
4.494393978588635
4.494393978588635
0.0
0.7822809430171127
0.27779259172745424
0.22649613896768292
0.12887843358323364
0.5549899453423547
0.5549899453423549
0.5549899453423549
0.2219959402050674
0.0
0.0
