0.0
11.46625650510274
11.466256505102743
11.466348649752245
11.466348649752245
23.999396391394686
0.0
46.13939038502887
46.13939038502868
46.06139717318259
46.126365324703485
63.98850403620735
0.0
90.48660788384827
99.16107481416782
99.16107481416775
100.00000000000001
100.00000000000001
0.0
93.00681254168144
99.99999999999983
100.0
99.99999999999996
99.99999999999997
4.972589249979616
64.33149240760584
69.3061926814482
68.50814090415571
85.1956219548279
99.99999999999997
0.025899064585094268
1.946724310631995
2.1482514769973022
1.9900808058051818
3.5671674282018095
26.587710426955844
0.0
0.0
0.0
0.0
0.0
0.0
0.0
0.0
0.0
0.0
0.0
0.0
0.0
0.0
0.0
0.10230127615776069
0.0
0.0
1.2337730367655968
0.0
0.0
0.0
2.052660157963354
0.0
1.9510739695283497
0.6490560311258747
0.0
0.5547453155678219
5.882733416287296
2.0745906282043083
1.1092462600204238
0.0
0.011250531384891913
0.011250531384891913
0.36016248067067563
0.2305691235005311
0.1687579707733787
0.0
0.011135087752662262
0.1102611777568202
0.4313625675480087
0.16702631628993395
0.16702631628993395
0.0
0.0
0.0
0.0
0.0
0.0
0.0
0.26664569120964254
12.799555215877824
12.79955521587783
12.799678075410498
12.7996780754105
0.26663033376805817
0.0
23.990049687703365
41.87134469238166
41.871344692381555
41.798468032509035
41.85531516508982
23.99317645358621
0.0
49.04731709926181
71.84054820098498
47.312055880267266
55.34249772402268
73.02650543465528
35.530743361797654
0.0
52.78907538425264
72.49795911549519
77.09158566770206
58.27868700977002
54.87417568888067
48.24290008488396
0.5957002434209012
47.57995086960019
56.20980278495279
70.24293289319218
69.2205702590688
56.82608466712712
57.43591259843029
0.8312512556235608
0.0
2.0704809027490585
2.135355078407299
2.073577795261426
3.8186010937425334
3.588511262901311
0.6379575500175343
0.0
0.0
0.0
0.0
0.0
0.0
0.0
0.0
0.0
0.0
0.0
0.0
0.0
0.0
0.0
0.0
0.0
0.11691574418029793
0.0
0.14772697483006195
1.2337730349993183
0.0
0.0
0.0
0.0
0.9663282535550222
0.9663282535550206
2.531386265701342
0.0
1.421332266477949
1.5811896330380326
0.5409381083235251
4.6442266264643255
4.644226626464319
1.7647827010936665
0.0890807020212982
4.928128012995039
1.4004947297159407
0.062416609270715545
0.5516643146304556
0.4795438797293
0.15984792479957474
0.0
0.0
4.070941597769318
4.070941597769318
0.8806916608621854
0.3218932175800731
0.08498827769232743
0.08121597447182767
3.3698915557270137
2.5887600049472907
0.0
0.0
0.0
0.0
3.7330396769349945
3.7330396769349945
3.7330396769349945
3.732824672752815
3.7328246727528147
3.7328246727528147
0.0
35.985074531555014
35.98507453155506
35.98507453155506
35.87389214338248
35.99570793216441
35.99570793216416
0.0
50.163776388515586
67.26596882980252
55.224361429064146
39.84904643771591
39.84904643771592
50.23394321202601
0.0
66.22614838683367
71.91995323743303
66.01479805467358
62.61395361147607
58.36067660064466
55.134742954153076
0.5212377129932886
56.290534108633466
55.84394796196761
52.92238277116566
61.396493843178774
58.850223112121675
51.97789640746826
0.7273448486706153
0.566714995643195
0.0
0.29737822210482784
0.13216806085091104
0.1321680608509109
0.0
0.5582128562653424
0.2391307970037302
0.0
0.0
0.0
0.0
0.0
0.0
0.0
0.0
0.0
0.0
0.0
0.0
0.0
0.0
0.0
0.0
0.0
3.098520735222609
3.0985207352226025
0.8023542374727282
0.0
0.0
0.0
0.2762043242574478
2.8452919253565274
2.8452919253565194
0.0
0.0
0.15750743938848688
0.1575074393884868
0.1575074393884868
6.682792817371493
5.377910123726379
0.10897513600642404
0.07794561426863587
1.8050354246090632
1.8050354246090643
1.0297237583272898
4.733458452975895
1.5543501805242468
0.0
0.0
3.7526307587663252
3.7526307587663315
0.0
0.8753798743233346
0.3165814807369613
0.0743647429807865
0.0710639776628492
0.0
0.0
0.0
0.0
0.0
0.0
