0.0
0.00043739952289655455
0.001744878214866757
5.476248910637979e-08
2.0598199454125396e-08
1.2768180984127623e-05
6.816927937524187e-06
8.24927017341327e-06
7.23598895911054e-06
1.0923417000592208
4.024771298349515e-08
6.178229387832797e-06
2.2626340165458888e-09
3.916082668623618e-06
3.488331318437149
0.0
1.5867937912767143
4.126457096591551
0.7161531688104612
0.09905442231163127
0.7120060660916985
4.477628780983925
0.7119530302633175
4.5370851549447995
269.31443445583596
7.786177129886515
102.37135590907515
0.9005362552452578
0.00016353960749283228
0.8472711740188469
0.0
0.8472703714279548
0.13189719666181698
9.754006037666391
10.246683718860373
3.055238402459535
10.246740125702514
18.783493389990088
110.96231411658343
9.078055964926135
212.19608774274607
1.3756957279963618
0.7536194875656284
1.503700157177739
0.00022566141909052709
0.0
3.964038240314055
6.641880369096957e-05
3.777924685152469e-05
0.0005917050353378919
3.992724328517878e-05
0.00015591522039114003
22.90552790600906
2.699929130458613e-09
1.295603508645579e-09
1.824130296131492e-09
0.00018678301285580829
0.002870236761304829
0.0002239579359212775
0.20918476146133796
0.0
0.00031670002670822537
0.0017339954139498348
7.817939833684663e-10
7.70248705040735e-05
6.240692985876364e-05
2.61159903395272e-08
2.524652956477718e-09
2.253292740258002e-09
2.2128878103025406e-09
9.32305807791541e-05
1.2311912474423512
0.3634360006019256
1.9705304973318805
0.0005998084274607141
0.0
0.0005377236251274925
0.00043980824000450285
0.0004945951809212079
0.0002102101115469629
14.977043682882053
0.00017603878708573258
1.6964217571406966e-09
8.70084254117428e-05
1.6878803663357276e-08
0.004760185239851951
0.2539897115418994
0.05114720784327068
0.00011559538301776785
0.0007414943619919346
0.0
0.0005039813285501627
0.00011125481085515207
8.66207980290347e-05
2.3954028267900907e-09
9.200799131510794e-05
2.2727791833071286e-09
0.00010298975467076822
7.894501784211672e-07
0.0036147424871718903
3.5288847047827014e-08
0.0010347332901862333
6.563411517534717e-05
0.0005730393974975964
0.00090028280172608
0.0
6.3352853959129e-05
5.1277868758752664e-05
1.4149082788924575e-09
0.00014201391729343817
10.247848683872924
0.0001216889305668502
0.0010787260173272977
0.0005821343802908888
0.5762327780309976
0.8025635102910177
0.00011454952310944606
0.00034930712878256337
7.309325042945767e-05
2.282175294686982e-09
0.0
8.692954538697708e-05
1.69214991670897e-07
0.00022707799935293426
21.176504498739725
0.32906908510287136
0.002161786827421858
5.260946791281189e-05
0.00022552291424276973
0.00044436831720068146
7.754334246266345e-05
0.0003175692955920892
7.253418074030808e-05
0.0009768000303039966
7.685722846250049e-05
0.0
6.084619793846902e-09
2.7844132698641213e-09
2.4179358506617386e-09
2.392471986841909e-09
0.00299589074069314
4.365760180562558e-06
0.001606762091336614
7.56385206605821e-05
6.175966961822549e-06
0.00011507891036070232
5.822429504957493e-06
6.510002620703398e-05
0.00062232460828445
4.712298213045014e-06
0.0
0.0009839704414279385
0.6404905232878528
6.245047210124964e-05
0.2219701612400653
0.0010632757414417836
0.001186037923923607
0.0006296324952170039
6.829512381302271e-05
0.0003992938100461249
3.5460570295016285e-05
0.00010684507833310492
0.0006634121671868773
5.2482925761656966e-05
2.1397147801918505e-09
0.0
10.021524064770972
0.0001221753158467986
0.0020222069143583845
0.0016363248232067029
1.8324269329475192e-08
1.1192072623605556e-09
3.0600195314806116e-05
4.743929960373275e-05
0.010246157719126566
0.0005716980155805144
1.6090412848397802
2.4744965923864174e-05
1.212172474858045e-09
0.0005530622851419031
0.0
0.0002931759240191031
0.003277391351480157
0.0031646152156623447
3.028187431991332e-09
1.4141501370584902e-09
5.45232645389092e-06
8.776879065007503e-06
2.147623126902925e-05
0.0005081272102704457
2.5734886532214983e-05
4.350478423935654e-06
1.3628621693743532e-09
0.0002710077476705267
0.0013234687429385067
0.0
