1.0712379414603224
12.187885370579355
12.2692614005252
12.12669161444061
12.126691614440615
0.4879236203352606
0.0
25.898939323677816
44.06628117914322
44.1757121643144
46.59884926480346
45.04830412884733
26.5766388907586
0.0
42.52235873959278
95.4850445855251
100.0
99.99999999999999
99.42743730475817
47.09630258734777
0.0923819209443632
52.26035685502964
98.67065292617623
100.0
99.99999999999999
100.0
54.35092440996522
1.1396827038741606
54.495313721942466
91.43192357415856
91.69046530134862
99.99999999999997
100.0
77.06161558544034
4.372053545089357
0.005847284365627828
1.9398710572052678
2.0213781829061466
1.601867785853761
3.6471036169218176
4.62629562118139
0.7710491935227306
0.0
0.0
0.0
0.0
0.0
0.0
0.0
0.0
12.187885370579357
12.2692614005252
12.126691614440615
12.126691614440611
23.99253480456759
0.0
44.066281179143246
44.1757121643144
46.59884926480347
45.048304128847334
63.91235344913004
3.182855931431635
73.02913116443435
73.2174753158166
93.15279914447237
98.52756453982737
98.74608854266774
0.0
67.50699270026769
66.3447542458049
70.2992134548589
91.44678253460516
99.01813523464763
0.0
36.96449253444056
36.798273670484775
19.86598711061662
20.400603661243363
100.00000000000001
0.22529595903764257
1.9398710572052675
2.0213781829061466
1.6018677858537609
3.6471036169218176
51.098763930864536
0.0
0.0
0.0
0.0
0.0
0.0
0.0
0.0
0.0
0.0
0.007508761017724743
0.0
0.0
2.7499762753247747
0.026695816945303274
0.053391633890606555
0.053391633890606555
0.1108272684190069
0.11082726841900686
0.11082726841900686
3.8602268474526777
0.053997069714550934
0.0
0.0
0.07149606052189302
1.3584258805929048
1.3584258805929046
3.9039794373984713
0.0
0.0
2.8071080845276906
0.0
0.0
0.1140032199164044
0.11715367422052424
0.07716893476683684
0.7149380656682449
0.7149380656682447
0.7149380656682447
0.5144659869685505
0.4301254348161518
0.11547896072614235
0.4825186359910307
9.569181076295108
9.569181076295104
3.9577666269735032
1.70727184721364
0.620826016614025
0.15520647632132592
0.128878445360235
3.826876550639658
3.826876550639658
0.5549898648543533
0.2219959407720022
0.0
0.0
2.5039237740678875
5.295280789180631
3.4240511260997306
1.8684710641453475
5.26828942247451
3.6006063104028105
0.0
19.46373274532253
50.30961982576159
32.22905891334788
22.65163539912422
51.571562691688584
33.33571460471556
0.0
53.02470824507183
75.26187400259656
68.63560422695994
61.717757652819444
49.138678731482514
47.09630258734778
0.09238192094436318
62.741284279936465
80.70139375672721
78.35151140988151
78.56534728800042
67.96397492444828
55.57833733150707
1.1396827038741606
59.03891426038392
61.119058050143444
58.47216545050855
97.64315871083554
95.99755300673823
77.06161558544034
4.372053545089356
1.9683432588743035
0.07270522680328614
0.23571762960295406
0.7311338586711538
0.19530995420735633
0.0
0.7710491935227305
0.11715367422052424
0.0
0.0
0.0
0.0
0.0
0.0
0.0015659738179166708
0.011439588595804573
0.028813285677557327
0.010423932794221932
0.003474196432549613
1.527764602058707
0.007074749600824507
0.019701970150421848
0.2912689316194189
4.651635359720146
1.550545076547773
1.9356361367537769
0.08216823543196733
0.0
0.0
3.8760797170511276
1.292026500312605
1.9356362220473162
0.0
14.802883468544337
0.0
0.0
0.0031504543041198413
0.33243770797008004
0.0
0.0
0.0
2.395357884245137
0.2896073832045313
0.09653563134694174
0.0
0.15656310758319655
0.25437109118035045
0.46364030234333603
0.23437196795685328
0.07812377643969325
0.0
0.0
0.0
0.0
0.0
0.0
0.0
0.0
0.0
0.0
0.0
2.0827235809462725
2.082723580946274
0.0
0.026695816945303274
0.14509763322009758
0.14509763322009758
0.0
0.37078288514470714
0.37078288514470714
0.0
0.053997069714550934
1.9318942731071937
1.9318942731071935
0.14299210890346614
1.9245906210308745
1.9245906210308745
0.0
0.0
0.0
0.0
0.0
1.9683432588743033
1.9683432588743033
0.0
0.07716893476683684
1.9088043663563805
1.9088043663563803
0.0
0.5402395518721167
0.23263263494666658
0.11547896072614235
0.4825186359910306
8.063864638205397
8.063864638205395
3.957766626973503
1.7072718247708392
0.6208260446428874
0.15520647632132595
0.128878445360235
0.5549898648543533
0.5549898648543532
0.5549898648543532
0.22199585853584997
0.0
0.0
