0.0
11.475121249754253
11.475121249754258
11.44732607238207
11.462921298999289
23.998079674915893
0.0
44.1674887255272
44.8725477613231
46.060218337670634
46.12617455968608
63.982205799037665
0.0
91.08313224221605
99.99999999999952
99.95345694193078
99.9345534408959
99.99999999999997
0.04093304120966994
85.05035321534722
100.00000000000003
100.0
99.856417845942
99.99999999999999
0.0029237886578335572
62.12403826483141
63.433221709049995
66.54410527046446
82.38648333979545
99.99999999999999
0.0
0.1238001257261671
0.25105455917226466
0.06362721344734826
2.192914527838225
34.69476323699904
0.0
0.0
0.0
0.0
0.0
0.0
0.0
0.002017622191196181
0.00028823174159945433
0.00028823174159945433
0.0
0.0
0.30584518422918944
0.002305853932795635
0.0
0.00607766135455417
0.0
0.0
0.5140799000966447
0.0
0.0
0.0
4.592977418642906
0.0
1.3595314155822453
0.576358893732197
0.0
0.6489724060593869
4.9135085928602225
2.055306738322382
0.6851022172671678
0.0
0.0
0.5827716559783231
1.7568273669960364
0.4448496226977966
0.14828317706993507
0.34126718118024435
0.12353896650890749
0.15049042144223254
0.1954104387714757
0.1323631784024009
0.1323631784024009
0.0
0.0
0.0
0.0
0.0
0.0
0.0
0.26713427877017604
12.809127966838942
12.80912796683895
12.781152710487818
12.798975826621788
0.2678526950876164
0.0
29.986340789322128
44.49464386122483
44.240396452118375
41.797280709035576
41.85461254946444
23.99858131011238
0.0
43.09736732927453
78.3109148377256
49.58758990785446
58.088042138777006
70.49902507878657
35.4627445774458
0.32534884214164483
48.66653620066865
66.21520934412943
74.89361222732458
69.57107853004567
66.4518369529217
48.544241402958775
0.6398085417607522
56.689227933315884
68.54603699879765
72.68603804737934
69.70884935542855
64.60174135827046
70.80583526281066
0.009818631069884341
0.2036264945469623
6.72869490865733
6.737784511046338
6.724396843494559
6.8764887945224755
2.349551279826669
0.41446977526022305
0.0
0.0
0.0
0.0
0.0
0.0
0.0
0.0
0.0
0.0
0.0
0.0
0.0
0.3058451527092827
0.0
0.0
0.0
0.12794555772305546
1.2423552719253428
1.242355271925343
1.373444859197366
0.0
0.0
0.0
0.0
0.0
2.364804155239488
1.4634743721482455
0.0
1.6365144104987273
1.7992860792289904
0.5954199394365268
1.1505004208638006
1.1505004208638006
1.0816206767656449
0.037464647798713765
0.6214660149644115
0.4979270484555034
0.049390129675609275
0.17964712120790197
0.17082290931440886
0.05291799608101001
0.18432046321577072
2.7048430110660053
3.045696719202137
3.045696719202126
0.9460300361551305
0.3368379430100715
0.08918263672409493
0.0539051055381573
2.591463560588535
1.718226448436716
0.0
0.0
0.0
0.0
3.7398799027824654
3.7398799027824654
3.7398799027824654
3.693732541614727
3.7265733714141174
3.7265733714141174
0.0
28.14109107402116
42.343972297372005
34.99204462835106
35.87622958712516
35.990953376311516
36.08721826463511
0.0
49.92310373680245
71.9506431000647
60.52124442572209
44.070189143806104
38.633941432488236
47.85568425815567
0.28468023687393923
39.244908369305385
99.9999999999995
62.91836387791315
61.50258665118734
57.905171671918815
55.479133031952884
0.5598324740406582
54.79341005660314
60.22089223299018
55.11292497632002
57.44503915365312
60.16454024897094
61.539914845474
0.008591302186148798
0.0970134390469257
0.0
0.08085426149273348
0.10410626559072175
0.03593424416349068
0.0
0.36266105335269516
0.0
0.0
0.0
0.0
0.0
0.0
0.0
0.0
0.0
0.0
0.03986058411898248
0.8598741331046301
0.8598741331046306
0.5641549513096739
0.0
0.0
0.0
0.26911336030697736
3.019739592417333
3.019739592417336
0.0
0.0
0.0
0.0
0.6199751984959653
3.926509827583941
3.9265098275839447
0.0
0.0
0.0
0.0
0.0
7.950735787598867
7.950735787598867
0.0
0.0327815668238745
0.5727293187204299
0.5727293187204312
0.008824211893493394
4.19638957203776
2.2877816700824893
0.0
0.16128040531379956
3.1703712416372887
3.170371241637297
1.352421505533016
0.948432970112426
0.33924091155786323
0.04459131836204746
0.047166967345887635
0.0
0.0
0.0
0.0
0.0
0.0
