0.0
0.0003641258444438692
0.001452792469429592
0.0015449035567775857
1.4269424722962658e-08
1.0601653171307343e-05
5.660863941630621e-06
6.851160625749243e-06
6.008773774324283e-06
4.837945817539139e-06
2.9694594319230116e-09
5.123941573525087e-06
6.597797483892691e-10
3.256119095640739e-06
1.8264365513710104
0.0
1.8264126471585915
3.4694058941187897
0.9133394047932463
0.6524834649237631
1.0443969080141622
1.8582180662213883
1.0441094072647108
2.485330305633763
333.5677840133049
3.271975181568957e-05
47.00642379856622
1.0840892799251018
0.0001360667848471636
0.6901042764543454
0.0
0.6901040910614697
0.4372503356343603
8.79971704903599
9.233680303238133
3.744070429258107
5.906395169903036
20.458701401341482
54.36317903396138
19.829806810656603
264.08772820503907
1.8159235053097338
0.8665250263947297
1.7303176510206835
0.00025893299498777974
0.0
5.506674812604531
5.519273257353853e-05
3.140210578164338e-05
0.029827444081300253
4.325203525918092
0.0001297230650173333
10.663855048507443
1.38608592733034e-09
2.6983304834645496
1.801085882439339e-09
0.0001557096759917369
0.0025295591871795937
0.0001779764286850164
0.18841561736211285
0.0
0.00026300186667881694
6.042557191195521e-05
5.387693503036196e-10
6.40079763089853e-05
5.1864543742858495e-05
4.0534393552766854e-09
4.4783438977079353e-10
3.2409661853703767e-08
9.384874160940214e-09
7.771412159032106e-05
0.000269560271790656
0.0016566102315180371
3.937216514602796
0.0006373861729705966
0.0
0.0004470799147767711
0.00036625584105534615
0.00041087674508369766
0.00017483982230844625
5.139242130576356
0.00014630464379819278
1.8460105786883556e-09
7.238978439924464e-05
1.0164538385376996e-08
0.005363911031572337
1.670091565532068e-08
1.0012996653500375e-09
9.608544701939252e-05
0.0008114914540517766
0.0
0.0005834814371793613
9.228220517162164e-05
7.196076313344757e-05
1.1831911423166378e-09
7.655159308478391e-05
1.5948419360912292e-09
8.556139284304313e-05
1.7464569690928037e-08
0.002620483309458234
1.2677407883685048e-08
0.0008619360802964127
5.435195613254866e-05
0.00040263381029589733
0.000749480473478936
0.0
0.10856618051249779
4.2590816973492326e-05
9.269254279683559e-10
0.00011817090506421605
11.027836639133426
0.00010123090222485818
0.0008984194392966916
0.00048470550881682536
1.2469798789031037
1.7183955114836773
9.518644793494182e-05
0.0002899853649339843
6.071321051487818e-05
1.8875158401791394e-09
0.0
7.221626665006814e-05
6.140740251005803e-08
0.00018836847050831914
18.934913008942313
0.7164245293814033
0.00136175131240779
4.375055759715189e-05
0.0001795574734014894
0.0003695729528608345
6.443849208921353e-05
0.00026369581286872685
0.0017127611964368177
0.0008155082717724795
6.38688427748076e-05
0.0
1.2972235936042134
2.6387362684947836e-08
4.62973027993374e-10
9.480110738616143e-09
0.0024743635907158515
3.629832125648709e-06
0.0013382804694005274
6.29887928733643e-05
5.131245022103663e-06
9.569017408667712e-05
4.841679456120069e-06
5.318861368073876e-05
0.0005503129953007762
3.912871339086914e-06
0.0
0.0008181741440137096
0.6723267075980679
5.195887497315283e-05
0.09863282099891477
0.000897154379447676
0.0009873418181693227
0.000524424047737826
5.674852248540141e-05
0.00031154739857727575
2.9465637579439822e-05
8.694828512468623e-05
0.0004886625508256943
4.3589841268136336e-05
4.937586877860255e-09
0.0
10.994171129198383
0.00010164050160233895
0.0026816159994740288
0.0013627849276728375
6.0956593011150455e-09
5.170497335075273e-10
2.541853178235213e-05
3.9403161693089516e-05
8.442499659984534e-05
0.00046760684818771697
1.4806176734096503
2.05499232849611e-05
8.309753978046991e-10
0.0004598657332568184
0.0
0.00024369959163657846
0.0027313190463768523
0.002651528025902846
1.015809101033239e-09
5.248605062680795e-10
4.52597410515651e-06
7.294755605265245e-06
1.7885144969127288e-05
0.00039354134060136
2.143299259690601e-05
3.6120310816669913e-06
9.39223896393133e-10
0.00022576263057744303
0.001101526906328519
0.0
