1.0712382202756943
12.187889707069587
12.269380105011786
12.129333154363815
12.135586070203294
0.4841366519244532
0.0
25.899285239145467
44.069372137629856
44.04321415811147
46.65229244004228
45.069629838784564
26.585777383271978
0.0
43.12323431860179
100.00000000000001
100.00000000000001
99.99999999999999
100.00000000000001
51.074190459316384
0.425110788572095
51.491157650555074
96.5536335520578
100.00000000000001
100.00000000000004
100.0
54.22258229506844
1.214848919476106
44.07130835086449
81.484579744596
80.39891269041873
100.00000000000003
94.0602946479915
54.88331338133041
1.0555687816070223
14.493264347719824
1.923387651056294
1.996821259950308
1.5710758191673695
3.6329926493434845
4.6186016142447865
0.7697668628360803
0.0
0.0
0.0
0.0
0.0
0.0
0.0
0.0
12.187889707069589
12.269380105011786
12.129333154363815
12.135586070203292
23.99324012346757
0.0
44.06937213762986
44.043214158111475
46.65229244004228
45.069629838784564
63.91286915191883
0.0
66.44440443610429
69.91634603388377
97.53562532468415
100.00000000000001
98.44536778368924
0.0
64.87804287346555
62.39731849122056
64.96934382821684
89.52346659076166
92.37134958660985
8.542115474950597
36.32871977067736
35.24305271650005
17.62555352471156
49.00413978786082
94.32885830777298
0.21622660220735007
18.175253106756923
18.248686715650933
17.822941274868
19.884858105044117
77.08981490436152
0.0
0.0
0.0
0.0
0.0
0.0
0.0
0.0007074845951953986
0.0003537422975976993
0.0003537422975976993
0.0076350276203583575
0.0
0.0
2.933338927461776
0.004326743187997287
0.0
0.0
0.0
0.0
0.0
3.5741633945893287
0.05400912036007375
0.0
0.0
0.07873404826919407
1.272119980174511
1.272119980174511
2.3425732540623985
0.01559475878448505
0.0
28.46724019476159
0.3858023683617274
3.254696879934833
3.2546968799348326
2.229981328401032
0.6734528684854031
21.960115956127872
26.079023976900373
0.009225434633991138
0.5195207315841484
0.5195207315841482
0.17317347804719965
0.0654833055608837
0.0
4.086465075169994
4.086465075169993
1.0001178455767086
0.3676265593937693
0.18863049942920057
0.12183748007669117
3.8404693518653823
3.8404693518653827
0.5594607380653809
0.22378429288130153
0.0
0.0
2.5039229939946916
5.295298349348679
3.4242951991903694
1.8679853979909595
5.291022114447241
3.6051223331388043
0.0
19.463701311482016
50.32183660981562
32.34563905214079
22.747987795794014
51.60279278032793
33.32709181051497
0.0
53.268813956317004
77.59987997147944
70.83770740664723
58.20699362108
53.80830117083478
51.376252023687684
0.42511078857209506
62.39743192275412
84.463674061299
75.13208802379961
68.43220574766943
60.7616817863786
54.222582295068435
1.2148489194761058
50.99321787284587
64.22425108199786
55.518874086700144
69.45099534754735
62.145340895989676
55.140769838260425
1.0555687816070223
0.19854178109888654
0.0
0.27034259560381296
0.6416351512195138
0.1468672177880286
0.0
0.7697668628360803
1.8907775251868866
0.0
0.0
0.0
0.0
0.0
0.0
0.0014188013220885227
0.012159770848678687
0.028248231273704124
0.009652523399019716
0.0032158564012071413
1.6296327481683184
0.00641326384840538
0.027357625752919543
0.36849308318645885
4.74798777567154
1.5826625627077053
2.1026393936996643
0.07977471582715344
0.0
0.7222840723518973
1.5065962189941606
0.506792990571046
2.102639443933684
0.0
0.0
0.0
1.3737193476380183
0.45790639991073634
2.1713340946878654
0.0
0.0
0.8530668986443822
3.4122676157938208
1.2796003324686502
0.4265334197805315
0.08782199756996326
0.31618266226706565
0.4423424126921932
0.48237058615535866
0.19686698664755503
0.02236232045276999
0.0
0.0
0.0
0.0
0.0
0.0
0.0
0.0
0.0003537422975976993
0.0003537422975976993
0.0003537422975976993
2.077911393661258
2.0779113936612594
0.0
0.004326743187997287
0.147308204346406
0.14730820434640604
0.0
0.0
0.0
0.0
0.05400912036007375
1.9323251253458453
1.9323251253458456
0.1968351929053746
0.0
0.0
14.493264347719823
0.01559475878448505
0.5302290471700073
0.5757877590124845
1.202965812332641
0.15714975274544532
0.15714975274544532
0.0
0.6734528684854031
1.4921576925289182
1.496483967656793
0.07351711100793344
9.994256176655462
1.8907775251868866
0.0
0.0654833055608837
2.2264328539575757
2.226432853957575
0.0
0.9571833519891298
0.32469219858263887
0.016894019176363937
0.12183748007669118
0.5594607380653811
0.559460738065381
0.559460738065381
0.22378421222825898
0.0
0.0
