0.0
11.466411659131895
11.466411659131888
11.466464475601358
11.46646447560136
23.99961185369568
0.0
46.22053309193176
46.22053309193185
45.906229326520155
45.98126403299965
63.72897235386996
0.0
96.9184985666904
100.00000000000001
100.00000000000007
99.84234441220323
100.00000000000007
0.0
83.00381420278333
79.12767495507286
87.03907287160018
99.99999999999999
99.99999999999999
0.0
65.27500182944573
65.04335566720613
55.22847533387277
85.01153917009465
100.00000000000003
0.0
1.0901055543519056
1.1701194953208107
1.1882883221594043
1.1082743811904963
30.998478654618186
0.0
0.0
0.0
0.0
0.0
0.0
0.0
0.0
0.0
0.0
0.0
0.0
0.0
0.0
0.0
0.593505836671512
0.0
0.0
1.7358731530930736
0.0
0.0
0.0
3.5069684116979336
0.0
1.1105726152858204
0.7033809469010335
0.0
0.0
6.509471267939864
2.08555874778465
0.6951862347790627
0.0
0.0
0.0
0.0
0.0
0.0
0.0
0.0
0.02177454144152446
0.0870901109533062
0.0
0.0
0.0
0.0
0.0
0.0
0.0
0.0
0.0
0.26665441328829026
12.799722566678406
12.799722566678398
12.79979298863769
12.799792988637693
0.26664561054337815
0.0
24.045574905134725
41.94581488701121
41.9458148870113
41.6576311695955
41.72328653776505
23.97557821689501
0.07503470647962364
49.30191613159813
68.03350208042355
64.97532485208583
76.51055651725915
61.857503410037936
32.692318564005646
0.0
56.98710025604598
79.13999488701684
85.53818689908822
67.56150371120607
62.29079001844058
40.63761135165379
0.0
52.31515980736011
58.293182489075065
58.090492097116076
64.49899338458656
58.67170900463197
59.6454748498603
1.5394680403422591
0.0
3.44562964023121
3.451344921728987
3.406963965972859
3.40124868447508
0.6395022074244034
0.35504764604903516
0.0
0.0
0.0
0.0
0.0
0.0
0.0
0.0
0.0
0.0
0.0
0.0
0.0
0.0
0.0
0.0
0.0
0.6782923847674424
0.0
0.0
1.735873154902592
0.0
0.0
0.0
0.0
1.2920674844556668
1.2920674844556659
2.0811036206981073
0.0
1.097169432962558
6.314342534952379
0.4524578763867303
0.9450393353509
0.9450393353509
0.4925814589641697
0.0
0.0
0.0
0.0
0.06606607336353609
0.06606607336353609
0.0
0.0
0.6262935190460027
4.697235140084345
4.0709416210383385
0.8806916421456197
0.32189322159061934
0.08498827972192252
1.3900404900135048
2.606325918775327
2.606325918775327
0.0
0.0
0.0
0.0
3.7331617860360637
3.7331617860360637
3.7331617860360637
3.7330385476072947
3.733038547607294
3.733038547607294
0.0
36.06836235770203
36.06836235770205
36.06836235770205
35.75233221336859
35.75233221336857
35.75233221336857
0.06565536816967069
46.30954346742227
67.96128769183188
62.41927922469277
40.60866154118943
38.24382772745711
49.49792323959869
0.0
61.06951296610108
72.50455097206004
63.75712419223498
63.189475829790666
59.902366708820054
59.93840772675897
0.0
58.21674060808674
57.99855501048376
58.58193778800125
58.92137696127301
56.94816691939363
52.18979049362776
1.347034535299477
0.9610964989407217
0.0
0.065315569511782
0.9592533111366057
0.9592533111366055
0.9592533111366055
0.3106666902929058
0.0
0.0
0.0
0.0
0.0
0.0
0.0
0.0
0.0
0.0
0.0
0.0
0.0
0.0
0.0
0.0
0.0
0.0
3.1929323702747765
3.192932370274775
1.5864985900246147
0.0
0.0
0.0
0.19549091230771581
5.1204890804488805
5.1204890804489
0.0
0.0
0.0
0.0
0.0
2.9241869513320813
1.243520210506874
0.0
0.0
0.0
0.0
0.06606607336353609
1.2986586650051979
0.09758499395314589
0.0
0.0
3.6501013589835796
3.650101358983588
0.0
0.8753799288837945
0.31658151778652693
0.0743647447566822
1.2162854287618179
0.0
0.0
0.0
0.0
0.0
0.0
