0.0
7.939516294849199e-07
5.3045595296746264e-08
6.734554541433823e-08
9.120665080783032e-08
8.551181245555177e-08
8.204360960578177e-08
8.512070424459286e-08
8.780227810799533e-08
3.194851631356873e-08
18.224273949645337
1.0403711199475306e-07
8.859271360058341e-08
8.414138892475226e-08
4.412307854961097
0.0
4.343741925114554
6.117369363800174
3.199273798608637
2.8119064579480066e-06
26.850118941728322
25.57945407633408
2.940630103876719
2.8497356466393806
157.75108817990872
8.526315540226996
137.73560806711427
9.201304580484699
7.525810050148124e-08
3.480461119889909
0.0
3.0057291520971465
0.03259705716641959
9.982348797935352
0.9864521266523798
12.53647763768491
6.881253839883611
48.48248987099461
11.124360883686938
23.634960081661077
229.63758468290933
4.068123436208297
0.046052987410776194
0.9327973326965797
6.516766747377021e-08
0.0
5.266852133204232
2.416236710574635e-06
0.9998238904235557
6.459707754932095
1.0348535387117181
2.360796241057505e-08
70.47438608320331
0.33900936202055476
7.318647267949208
7.753287906169556e-07
2.214884813281072e-06
0.00030340965641152673
1.552673475342277e-07
1.478735369562309
0.0
0.0005069093682849089
0.001853911097913258
0.054568930258762194
3.362165130375101e-06
0.26396067616767177
4.177530274070022
1.8007619973763807e-06
0.04128234890423144
1.2683307394886317e-06
1.0538238078208931e-06
2.6859369759884557
0.0250468658949468
0.09296856279939746
1.8724312663356965e-05
0.0
2.785352505270787e-06
0.04196167543642183
4.871447612041483e-06
1.9119457872142052e-08
24.3632969267069
4.798311802708752e-06
0.035683639299615946
5.538304442509877e-07
1.3902989441837663e-07
0.18777265107092472
0.02934372136787941
3.6993476208597537e-07
5.586226355041314e-07
6.763740214257044e-06
0.0
5.346867561332904e-08
0.20505129844162995
2.230845539446759e-08
7.293002668410277e-08
7.6955784880766e-08
35.452500755833356
1.2350282304062107e-06
1.588789436772655e-07
0.006928252313585509
4.481283481655416e-06
4.718489737609627e-06
8.881896040390747e-07
1.8746028818997037e-05
5.588225609409922e-06
0.0
1.4183200465227004e-07
2.6618574732937472e-08
8.340496601992209e-08
8.919360384987947e-08
1.502809979503069
1.3870991142970686e-06
0.024385159788999654
0.987112227538458
0.6052450571751561
0.008071005956742748
0.44400604142390643
0.00012877495652067997
0.1098983969103941
4.781127988196851e-07
0.0
2.3029199657199074e-08
5.9158361187722575
5.88148950599075e-05
1.7792046049965275e-05
6.805029051009358e-07
0.11266748593165814
1.0833070070107784
1.874630888881461e-07
5.012220307892532e-07
1.2134645759993687
3.2409197958515655e-06
1.9189016690347597e-06
0.07627897090328026
3.3621489498857288e-06
0.0
13.530418339557764
1.8012441068674629e-06
0.051082775754538234
9.186356970038287e-07
0.005120419975813201
0.007050391397385178
3.3397857698110386e-07
5.490513303764252e-07
0.007079950715553172
1.9497809353614263e-06
2.1492279325516083e-07
6.656639080523511e-07
0.0008429091005412588
2.2527751727217872e-08
0.0
0.0017507814967068244
0.07293571771419902
1.094402582219893e-06
0.005816735567420005
0.07722000561184107
2.6638643571216823e-07
5.4989654597956294e-06
0.012581110099102143
5.294060266711391e-06
0.09286921780590192
0.011729342007445444
0.0006213358665152558
1.4214015489246514e-08
63.34591485104924
0.0
0.6915119871492008
1.344012963455557e-06
0.5025548259471146
0.26488792275728107
0.010045976354226062
0.006642648769386892
0.14445445965413853
0.9418577040839693
3.273005864800507
0.00028903178220128674
2.7245497629459323
1.1921860287712696e-07
4.203782753693354e-06
0.0002940208587963112
0.0
0.0002586598990086453
0.08611478410615608
0.10015318066798504
0.013242125318190336
0.009025260999698624
0.06699907587731038
0.09100551238176015
0.23200632189455403
7.839124679923198e-06
0.0939165717144444
1.793665424223876e-07
2.014528381632784e-06
9.851393297922282e-06
0.0002219069332911215
0.0
