0.0
0.0003116266999606711
0.0012430452472233305
0.0013231207400412432
1.048295097954507e-08
9.076838132782643e-06
4.849773738156202e-06
5.868418082346784e-06
5.147955707689646e-06
4.145165792722253e-06
2.181177274585532e-09
4.389670602116835e-06
4.841082942910255e-10
2.789300564881682e-06
1.8287713401792098
0.0
1.8287508094334854
3.4595266764498653
0.9144892830122218
0.6500902291566575
1.048347628299731
1.8714476312453887
1.048371494718366
2.4704847246503956
333.5279368406999
2.804242534195675e-05
46.92787890584233
1.0863538409320121
0.00011650849497016875
0.6896965194170059
0.0
0.6896963796663805
0.4359843511394855
8.820956054300291
9.2162014994944
3.7268414994295687
5.90329665407559
20.455496668666683
54.3211585671999
19.834409085721266
264.1556210022719
1.8129449805593387
0.8636659756564072
1.7249948289250998
0.00022184978894622723
0.0
5.489577278965099
4.7269075722652755e-05
2.6905426973370703e-05
0.029538603336270158
4.311980798417691
0.00011109050950974151
10.656488514913384
1.0212490387009387e-09
2.6947345711969883
1.3295061993810947e-09
0.0001334169991171457
0.0021661337616132544
0.00015253661003699555
0.1890850069032096
0.0
0.00022532663782669264
5.177038011072015e-05
3.9546802561357546e-10
5.4842772266400806e-05
4.4439305906934894e-05
2.961190617103231e-09
3.285111188838005e-10
1.9056398939742798e-08
6.465123644988463e-09
6.659470986006439e-05
0.00023104355771673746
0.0014170134341360521
3.9581511795432407
0.0005485871699926313
0.0
0.0003831546065043415
0.00031298918789390194
0.00035292715326299567
0.00014972862137731084
5.137986498466595
0.00012536320138750511
1.3572294323414336e-09
6.202876616376303e-05
7.526161337554171e-09
0.0045887699470520855
1.2256619685060901e-08
7.456107528450039e-10
8.23286373487521e-05
0.0006950352659451187
0.0
0.0004999461215464277
7.91470439909137e-05
6.165704471118135e-05
8.737057672030758e-10
6.559642078549315e-05
1.1687594974505262e-09
7.330802703824833e-05
1.2795599063390037e-08
0.002241492165374541
9.212385639092108e-09
0.0007371686800317497
4.6570526147776e-05
0.0003451162098521307
0.0006416194032822658
0.0
0.10839546205496728
3.649277014275284e-05
6.790133193687779e-10
0.00010125319060732692
10.987171732137195
8.673221666708519e-05
0.0007685993822959577
0.0004146508991366964
1.354025121081978
1.7177876665975982
8.156084699849677e-05
0.0002484560372001608
5.201739102666148e-05
1.36498530581057e-09
0.0
6.187623443401452e-05
4.503263198445611e-08
0.0001613121756567494
19.18333286754527
0.7036933141482552
0.0011647921453315012
3.748863787450299e-05
0.00015385707411614153
0.00031649753176747923
5.521400269361747e-05
0.00022592806409970744
0.0014678665939398647
0.0006973901772124706
5.4724248382194735e-05
0.0
1.3164772856972153
1.6226683301913835e-08
3.39617944674505e-10
6.503303614765579e-09
0.0021163136641645488
3.109776827545488e-06
0.0011447485803337274
5.388311026719579e-05
4.395967986452992e-06
8.198751116957181e-05
4.147411252099673e-06
4.557128285072967e-05
0.00047183812219030587
3.3522631757291323e-06
0.0
0.0007004199798205003
0.6697176849888067
4.4517151594016604e-05
0.10074171935545609
0.000767177680063092
0.0008447726190868165
0.0004485451912976953
4.862181684651087e-05
0.0002673810982821034
2.5244749001414995e-05
7.449384819563263e-05
0.0004182400781397832
3.7348121255618714e-05
3.7711576072707365e-09
0.0
10.95125636741634
8.708217855119624e-05
0.0022939453247145195
0.0011657490283110833
4.4708355250609765e-09
3.8204444167138634e-10
2.178184482503479e-05
3.377299434573412e-05
7.230640712649474e-05
0.000400447234096183
1.4449548085640735
1.760912986494629e-05
6.06566037734056e-10
0.00039385407893882364
0.0
0.0002087057655631672
0.002336503613394889
0.002267788835383701
7.451109465180759e-10
3.8771734284919283e-10
3.877714472429819e-06
6.248798642968723e-06
1.5299839758378036e-05
0.00033779279667908247
1.8333442572741952e-05
3.0947263349858708e-06
6.855584339557807e-10
0.0001934539944814814
0.000943008157587447
0.0
