0.0
11.475309163466473
11.47530916346647
11.454132604848546
11.459186685173952
23.990314809237656
0.0
44.40087029991894
44.210678997824765
46.07932747287493
46.119314976597614
63.98596911094222
2.7376191030461667
93.19781034093266
100.00000000000001
100.00000000000001
100.00000000000001
100.00000000000001
0.0
82.8978533188394
99.99999999999986
99.77470845488413
99.99999999999996
99.99999999999999
0.0
59.268692212313944
65.773039709128
76.45533991399492
100.00000000000006
100.00000000000004
0.09955499640346104
0.3257957543719417
0.35901977320834183
0.033224018836398986
5.050463315853673
38.118626484749726
0.0
0.0
0.0
0.0
0.0
0.0
0.0
0.0014113060393561863
0.00017641325491952325
0.00017641325491952325
0.0
0.0
0.30603667072030405
0.001234892784436663
0.0
0.09903609917165987
0.0
0.0
0.7663066511675078
0.0
0.0
0.2390179912952498
13.105991934033877
0.22796683717647642
1.2788160071384311
0.49782813477290566
0.0
0.0
8.36703890918582
2.87736549430611
0.9591215898249157
0.0
0.0
0.0
2.2226452618840886
1.0937658649562696
0.3645885621567677
0.0
0.010954631646464218
0.026208719960228728
0.2016125228384209
0.16431947469696326
0.16431947469696326
0.0
0.0
0.0
0.0
0.0
0.0
0.0
0.2671447684333871
12.80933073718067
12.809330737180666
12.789058473126289
12.794834564926752
0.26617622643191974
0.0
29.986016317498233
44.257647420541964
44.838651794857924
41.81484428215105
41.84983334790835
23.98317921356411
0.0
40.623547357811184
73.84089139120914
53.73602445296717
50.44084965978082
64.67661130584833
36.95937295276621
0.0
54.00463337034651
70.95095546783172
82.83731208133172
71.02177648399345
51.39426597075222
41.528401827052946
0.25774595955403273
49.759656098808
62.509904755914086
70.52555949333535
61.86677121382079
59.80979531633367
54.57969128816525
0.44803850181598437
0.0
3.8492394406369312
3.851612584839532
3.8283414595272496
4.434403742234924
3.0421771345513777
0.540831471980666
0.0
0.0
0.0
0.0
0.0
0.0
0.0
0.0
0.0
0.0
0.0
0.0
0.0
0.3060366001748798
0.0
0.0
0.0
0.11318411333903985
0.21700584115850605
0.0
0.8964846411353815
0.0
0.027940194393621283
0.027940194393621234
0.23708093677696485
2.653085645547176
2.6530856455471765
2.0566817761696172
0.0
1.9319736074283262
2.1021086460549987
0.17013503862666865
0.0
0.0
0.0
0.035977792343085
4.300459758925086
3.785199914199336
0.02494573014053582
0.5440106828970307
0.34774861164805915
0.1259601015609583
0.09716407286258066
0.0
4.070848818653532
4.070848818653529
0.8753161783994491
0.31620248027642744
0.08376216790729425
0.06885115358548335
3.3088886823677917
2.194633393015215
0.0
0.0
0.0
0.0
3.7400267580674194
3.7400267580674194
3.7400267580674194
3.692066585337565
3.7308972848848887
3.730897284884916
0.0
28.14101269278838
42.33782406974397
34.92596039572721
35.8903858412506
36.00278921708962
36.11437243751299
0.0
49.91162272005736
67.09104791723678
52.80735998476278
46.019073038034605
40.97507283391972
48.94032433271493
0.0
43.976242389168576
95.98809837995519
60.86912374958519
65.69415937938298
60.89854993153512
59.63593891221707
0.22552771460977866
61.627650697535685
65.60001039001816
60.26202725586134
56.479696567230626
60.24431684352611
53.34479348756324
0.39203368908898634
0.7915125676192575
0.0
0.027969755856328563
0.11734738448936748
0.09955499640346088
0.0
0.4732275379830827
0.0
0.0
0.0
0.0
0.0
0.0
0.0
0.0
0.0
0.0
0.0407791061805402
0.8625587634818885
0.8625587634818875
5.379437169668487
0.0
0.0
0.0
0.0
2.5776760155043488
2.577676015504344
0.5227290140110861
0.0
0.0
0.03504088838910139
0.7072796471152555
7.011428988957179
7.011428988957166
0.0
0.0
0.0
0.0
0.0
5.144831689525173
5.144831689525173
0.0
0.03148056830019938
0.3365427762162059
0.3365427762162055
0.3365427762162055
2.1743732652710417
0.7247910272262841
0.0
0.0850185637547581
3.0971057753849394
3.09710577538496
0.0
0.8805512821075163
0.3214376997668253
0.07329189691888247
0.06024475938729792
0.0
0.0
0.0
0.0
0.0
0.0
