0.0
0.0003638390214812272
0.0014516507363165462
0.0015436874399386005
1.4247615881093984e-08
1.0593285816895921e-05
5.656390409183262e-06
6.845748375598791e-06
6.004025549472154e-06
4.834123340320867e-06
2.9651582247324707e-09
5.119881631308847e-06
6.587397855321527e-10
3.2535498021215343e-06
1.8264236677174535
0.0
1.826399781942735
3.469349060268755
0.9133328675445745
0.6524459222661552
1.044342020893232
1.8581459883367666
1.0440541682588704
2.4852816438041483
333.56844683636643
3.269386569617724e-05
47.006564926643854
1.0841323058333951
0.00013595930775169227
0.6901105474736569
0.0
0.690110362303305
0.43722324907368343
8.799749220280045
9.23371526755066
3.7441377622679566
5.906340867650441
20.458708648523668
54.36286098235686
19.83008012438221
264.08750112287584
1.81601762663707
0.8665313034316727
1.7303323510191344
0.0002587288980155703
0.0
5.506720706985046
5.514913689918609e-05
3.13772956444962e-05
0.02983770344801674
4.32524074248885
0.00012962076185563066
10.663690259288257
1.3839420929813753e-09
2.698282359299378
1.7982887251413724e-09
0.00015558678866405196
0.0025275679172291838
0.00017783587885915697
0.18840674987429445
0.0
0.00026279404032905434
6.037782503743261e-05
5.379181278754236e-10
6.395741274237116e-05
5.182356840902561e-05
4.047187059199179e-09
4.4712628440438207e-10
3.235163563161219e-08
9.362693976886834e-09
7.765275027242823e-05
0.0002693474742517579
0.0016553086271495977
3.9372392315321667
0.0006368786133560719
0.0
0.000446727388954607
0.0003659684189816267
0.0004105520444926645
0.00017470192751946605
5.139092192821234
0.0001461890214102054
1.8430235668227371e-09
7.233264478848764e-05
1.014867718130658e-08
0.005359698386973798
1.6674502819979167e-08
9.99741078205489e-10
9.600955096963212e-05
0.0008108511440342598
0.0
0.0005830203704446936
9.220917632417561e-05
7.190387455864342e-05
1.1813262421779342e-09
7.649106605435769e-05
1.5923105198909847e-09
8.549374273939827e-05
1.7437389565858128e-08
0.00261842528861008
1.265735807917001e-08
0.0008612595860604395
5.430899679961261e-05
0.0004023156330665399
0.0007488900603323072
0.0
0.1086287451435973
4.255714085340456e-05
9.254084406701336e-10
0.00011807751745208659
11.027626354708062
0.00010115087982527006
0.0008977136048191152
0.00048432467340031864
1.2469521200796745
1.7184023045625754
9.511124783118041e-05
0.00028975628356320835
6.06652315112213e-05
1.884400201778408e-09
0.0
7.215917543362604e-05
6.131024234166632e-08
0.00018821970491675663
18.93541993556363
0.7164276929200175
0.0013606819507442761
4.371598470549154e-05
0.00017941575633792292
0.0003692814590127645
6.438758031573553e-05
0.0002634874147811022
0.0017114118581601358
0.0008148683678202077
6.381838182619735e-05
0.0
1.2971616964107802
2.6369318322221813e-08
4.622409633052033e-10
9.457220737156433e-09
0.0024724208884307677
3.626961934309717e-06
0.0013372293599361472
6.293930920006642e-05
5.127190774399107e-06
9.561455357033548e-05
4.837851555157835e-06
5.314654705058562e-05
0.0005498779324785541
3.909776494431297e-06
0.0
0.000817529555378358
0.6723186246964535
5.191777823883793e-05
0.09862354473915529
0.0008964500292266706
0.0009865657210226565
0.0005240123334350425
5.6703698184634594e-05
0.0003113006709111963
2.9442364061641623e-05
8.687955228111409e-05
0.0004882778748221206
4.3555381109662856e-05
4.9314912026340275e-09
0.0
10.99403284550323
0.00010156016061433281
0.0026795092967738868
0.001361714599025913
6.086008213990243e-09
5.162385523657863e-10
2.5398427340269118e-05
3.937197998139167e-05
8.435838377788939e-05
0.00046723815621231655
1.4806242114147734
2.053366871095139e-05
8.296224168873341e-10
0.00045950318628902576
0.0
0.00024350733796890873
0.002729173550567683
0.002649446104813973
1.0142014528006108e-09
5.240371707296196e-10
4.522394763196374e-06
7.2889955518233114e-06
1.7871094037213037e-05
0.0003932296483326387
2.1416162748885982e-05
3.609174515279307e-06
9.37696039706514e-10
0.00022558426401243586
0.0011006591479854376
0.0
