1.071244773709642
12.187928505533275
12.269952903886571
12.130956398869772
12.130956398869774
0.48379785566842154
0.0
25.898698347020122
44.064130759534955
44.149231231119195
46.24756184168434
44.908209513667465
26.509860587420757
0.0
41.575716442199585
98.43039220620449
97.52160344482525
100.0
97.83397750886779
45.40806897770885
0.0
50.48140044920965
96.60173806083529
99.99999999999999
99.99999999999999
97.90530830413084
69.19229023594539
2.589302700518787
53.64696125985334
90.95945398179684
91.23155275969988
95.34850389059355
99.83265463167294
80.47548423215179
5.30848022638742
0.0
1.997257530726204
1.9972575307262035
1.5259634221630787
3.6218021257935265
4.6262956263024515
0.771049195211619
0.0
0.0
0.0
0.0
0.0
0.0
0.0
0.0
12.187928505533277
12.269952903886573
12.130956398869776
12.130956398869783
23.993255667011027
0.0
44.06413075953498
44.1492312311192
46.24756184168434
44.90820951366747
63.908148856766445
0.0
57.50695233376828
56.598163572389105
91.93612490204288
100.00000000000001
99.75543190128576
0.0
63.00539076592601
58.3472939138909
59.71695525427421
100.0
98.26692917255131
0.0
37.492935266913626
37.76503404481657
24.894897580446564
19.318358466787537
54.15534595144829
0.22369693556760115
1.997257530726204
1.9972575307262033
1.5259634221630787
3.6218021257935265
88.04700914894228
0.0
0.0
0.0
0.0
0.0
0.0
0.0
0.0004074155773788452
0.0002037077886894226
0.0006627364755378443
0.008837616539717045
0.0
0.0
3.271639536474907
0.002770281628712544
0.005540563257425088
0.0
0.8366573706546906
4.368212202471068
4.368212202471067
1.9256860343767523
0.0538989287565271
0.0
0.0
0.28546458045486234
2.069620921012998
2.0696209210129974
2.909637712553466
0.046678550723751676
0.0
19.66527117606186
0.0
0.0
0.0
0.0
0.13692452890948
0.0
0.06702495766195611
0.10724008945598346
0.39605165365992806
0.39605165365992795
0.10724008945598346
1.069917553172131
10.077927728471309
13.014862895495229
4.006852720196026
1.2537736536168065
1.0699175531721312
1.0699175531721312
0.12887846010217002
3.826876540595611
3.8268765405956104
0.5549898347804337
0.2219959154801166
0.0
0.0
2.5039193444384553
5.295378259677655
3.425432128062562
1.8683496437897158
5.291268194689164
3.6052764144516862
0.0
19.46375462205409
50.301439683609736
32.14828347981971
22.018056890318206
51.36760479482459
33.406017331998115
0.0
52.64013480361207
71.44430198269951
91.05067077026695
52.6052373708021
54.066340487241405
51.37642051365515
0.0
61.967731224177825
87.37160488318158
99.99999999999997
91.50737533806432
85.57894483909327
70.10266151020276
2.5894537635204444
56.574258258264194
61.373236561665884
59.758000873675016
88.80560449571817
87.52079408475109
80.47441957086755
5.308329163385762
1.6498028226986734
0.0
0.21152364336405574
0.6583150648385725
0.223696935567601
0.0
0.771049195211619
0.0
0.0
0.0
0.0
0.0
0.0
0.0
0.0004590286868484217
0.012266369202237686
0.026322981123100084
0.007028855281628621
0.0
1.817577538785224
0.0
0.01557316395938063
0.8522305346140713
4.018056799011722
1.339352201592423
1.8175774426726206
0.08611011362380809
0.0
0.0
0.0
0.0
1.2598349043273371
0.0
0.0
0.0
0.0
0.0
0.0
0.0
0.06702495766195611
0.10724008945598346
5.278954271400183
1.6293430406897995
0.13836347716808237
0.0
0.16027577570023205
0.35226168696946303
0.441019626192206
0.11293972256375412
0.07542965100483479
0.0
0.0
0.0
0.0
0.0
0.0
0.0
0.0
0.0002037077886894226
0.0002037077886894226
0.0002037077886894226
2.0878922674856817
2.0878922674856786
0.0
0.002770281628712544
0.14679970720971003
0.14679970720971006
0.0
2.767739103973569
2.767739103973569
0.8366573706546906
0.0538989287565271
1.9283814929091265
1.928381492909128
0.0
0.0
0.0
0.0
0.046678550723751676
0.10108607368656508
0.10108607368656508
0.0
2.9732202224220456
1.6498028226986734
0.0
0.13692452890948
4.833759335543407
4.833759335543407
0.0
0.6514376452618394
0.42973568245083954
0.10724008945598346
1.069917553172131
6.193008387788364
6.193008387788367
1.0699175531721314
1.504535858677889
1.0699175531721314
1.0699175531721314
0.12887846010217002
0.5549898347804337
0.5549898347804337
0.5549898347804338
0.22199580075235875
0.0
0.0
