0.0
9.680683433341229e-08
1.0396454946951596e-08
1.3351263190887487e-08
2.0999413972493328e-08
1.4815708315398208e-08
1.3045998187100756e-08
1.448590734969666e-08
1.4693008270629213e-08
4.6778821471313544e-09
9.065242964492442e-09
1.608808137163212e-08
1.5378538986626578e-08
1.5636481278749483e-08
1.646515256916577
0.0
1.5460558368477209
7.112287235600517
0.8308068305388839
1.3674459408291743e-05
7.476095844813937
11.929146140117384
0.8521296108789899
3.688886785873322
163.42455722765646
5.135212424478713
179.6360840792796
6.67482757392343
1.0479964569249076
2.817260292300447
0.0
2.3774809093710507
0.8142950206751385
11.959666416060568
6.670002816767941
20.01385932225545
8.303068068847868
45.045709411312494
11.559804673420562
37.748910424964755
205.86138471416007
9.58942987080026
0.02017172888383338
1.1632063450571408
1.5886735384630164e-08
0.0
4.2432480889079125
1.3669488569205894e-05
0.8145753035253899
6.43672345872101
0.814210841395328
2.629849688201547e-09
67.43542080408567
0.2628462201311871
7.411566564614207
7.0191767189036e-08
3.342017890234293e-08
0.001073867178504855
4.826490925189901e-08
2.212937354938746
0.0
0.0001805754746283383
1.4615744808490725e-06
0.05501350413414072
8.063388207150121e-07
0.22130501847943349
0.056988019316647896
2.0794073761547936e-07
0.04136039432521291
1.013269570302277e-07
1.9082176488960127e-08
7.600238792926863
4.950380096907734e-08
0.1053254128288243
0.0008080514568629999
0.0
5.105715299002056e-07
0.047482796189787166
1.175615587730837e-06
2.152980867935568e-09
8.217714678949458
5.980690820131855e-07
0.039996337218898705
7.474395754383773e-08
1.5423384632251215e-08
8.08216666179881e-08
1.6573497122942572e-08
3.987923566961417e-08
5.4649377275002104e-08
0.0004399076336597577
0.0
0.0005511119248000175
0.01793674325653134
2.3691694256022092e-09
9.061490929873198e-09
9.081529044717924e-09
35.448529231291985
1.2280946918836457e-07
1.9226648591501538e-08
0.0010391863628799467
2.630288354648837e-08
4.924836076734063e-07
1.226003915498744e-07
8.235240977906939e-06
0.0006282594620298264
0.0
0.05166877786798495
8.653031659159133e-09
1.135457578476991e-08
1.094228832299105e-08
1.5907419655841997
1.4569975474821866e-07
0.2658773378818029
0.003074597523319493
2.679695866185086
0.008783072689430562
0.006151348460377758
0.00042341205424160575
0.006150480016689689
0.4222692760251943
0.0
2.131255135499627e-09
37.50728120046833
9.378987598437611e-05
1.62119474261234
0.3766323551395755
0.014694150120102868
1.76297017707892
6.376777157196521e-07
2.1037558208982653e-08
3.8427657728354045
1.40290554527741e-05
3.478646868143545e-07
0.07677146270089634
7.989293561170431e-07
0.0
20.78617599980631
1.9834721332314622e-07
0.05164464487340856
9.133301844067107e-08
0.001884626731423838
7.161548606512495e-08
0.038834952849064186
0.0004951882931144947
5.833555835090485e-08
1.375394897523483e-07
6.830961440485349e-08
6.884128123077554e-06
0.0006008393156933223
2.577450640959649e-08
0.0
0.0009638876126665089
0.0895876547909848
8.66321695160065e-08
2.9150698417245482e-08
3.002379604670517e-07
0.4142531867651503
1.073812111352797e-06
0.15558692373088223
0.31117528676721895
0.09566582562456695
0.011002780390390637
0.0001643733760746691
7.83355125434753e-09
86.11670004194245
0.0
0.7352294217954813
1.3088179198177967e-07
7.437515221632354e-09
7.585544839690327e-07
8.694519609825349e-09
0.0004453660199205315
6.73908868978242e-08
5.487387977632005e-05
4.215814885784145
0.0002278816902090621
2.4776288182214303
2.9050283793709776e-09
0.0007645687798605312
0.00023085129787080497
0.0
0.0002096507790668871
5.59617347212334e-09
9.693354424685208e-08
7.836490017354417e-09
0.00044685746774387623
1.922581528725124e-08
3.810005931378254e-06
0.3446277100837246
4.948210574121344e-06
0.15484838294137176
3.335842760652278e-09
0.0006778351778014772
8.377843444285471e-06
0.00023457166675188844
0.0
