0.0
0.00029948186438539083
0.0011946076263589843
0.0012714873431759013
9.667884203843091e-09
8.722879519323691e-06
4.660661852541379e-06
5.639551383535135e-06
4.947222806537668e-06
3.983551663143804e-06
2.016277355126885e-09
4.218331533128415e-06
4.4717791893451335e-10
2.680555777515496e-06
1.8261483153424316
0.0
1.8261285699456167
3.4683682016339556
0.9131737267313311
0.6531805240873461
1.0493061118810418
1.8712247168575744
1.0493402621603023
2.4838294061963877
333.592193508793
2.694872829516388e-05
46.95237554721502
1.0861624388453233
0.00011196640549970829
0.6901175948540592
0.0
0.690117468488336
0.4375621500559533
8.80006977127287
9.23303287296872
3.7329240509706243
5.904888943722398
20.45494349150225
54.31919687926633
19.842281632389746
264.1375106316928
1.8138434934113508
0.8663202325648225
1.7303943835430735
0.00021321358826313888
0.0
5.506720587810903
4.542575207031591e-05
2.5856561173274114e-05
0.029826422757704838
4.32549938753951
0.00010676138714136328
10.657091136947404
9.391666006869705e-10
2.698129138044059
1.2239909872434213e-09
0.0001282223422457558
0.00208181402333258
0.00014661048514985365
0.1878940172130362
0.0
0.0002165483428522624
4.97518999736059e-05
3.6530490204061345e-10
5.270488335351569e-05
4.2706887943406656e-05
2.7437178197481408e-09
3.034764255757731e-10
2.189370534638742e-08
6.353196081554408e-09
6.400083576505655e-05
0.00022202022257233802
0.0013619719760070846
3.936998842332842
0.0005269033249248622
0.0
0.0003681893480854783
0.00030082323837342796
0.0003390817626530285
0.0001438941730425078
5.131713862081145
0.00012047636329452982
1.2502923050957276e-09
5.961081533310337e-05
6.881945615389397e-09
0.004410066661128026
1.1319573142506654e-08
6.787752587344835e-10
7.912381120613146e-05
0.0006679641148972082
0.0
0.0004804537589225117
7.605400049254023e-05
5.9254280555868954e-05
8.014989778129429e-10
6.303909647533039e-05
1.0798786914813834e-09
7.045052189294683e-05
1.1815736147669722e-08
0.002154190104284994
8.592368193037533e-09
0.0007084608135985137
4.47570673254221e-05
0.0003316491858651158
0.000616621032524086
0.0
0.10845743439414467
3.5070668051675964e-05
6.271805296240964e-10
9.73062976487553e-05
10.984953067399436
8.335127054934951e-05
0.0007386736147556988
0.0003984990993184665
1.2472384339838514
1.717758140668213
7.838295686231271e-05
0.00023876953002050755
4.9989433190914575e-05
1.259508322853596e-09
0.0
5.9464967898074235e-05
4.160216598225206e-08
0.0001550223138718086
19.18434517580357
0.7037618878364635
0.0011194280416825205
3.602741699816402e-05
0.0001478636747257902
0.00030416589693070144
5.306164695042924e-05
0.0002171271844628435
0.0014102546597490571
0.0006702308734349307
5.259094855978647e-05
0.0
1.2974159073070586
1.796381051699568e-08
3.1372984786885535e-10
6.417495821686488e-09
0.002033922389546916
2.988511155598766e-06
0.001100164928931547
5.1784326732396724e-05
4.224567829954506e-06
7.879087155278597e-05
3.9857218881068765e-06
4.379456027241345e-05
0.0004533830677977442
3.2216061649606494e-06
0.0
0.0006731293030068959
0.6696618976576163
4.2781388546000627e-05
0.09927011956201878
0.0007373252247490687
0.0008118506815073833
0.0004310761854936052
4.672807279431244e-05
0.00025690270445820785
2.4260712106253628e-05
7.158982140466284e-05
0.0004019509554268687
3.5893170523986184e-05
3.4810764075431417e-09
0.0
10.95053215087517
8.368765465100748e-05
0.0022045946990667774
0.0011203444245927912
4.129948245297783e-09
3.5048332466981084e-10
2.0933701596393396e-05
3.245668903113838e-05
6.948863965088639e-05
0.00038483443336630294
1.4451464168011952
1.6923032177815602e-05
5.603113856229917e-10
0.0003784975412848938
0.0
0.0002005728596913763
0.002245496765256483
0.0021794674874854834
6.883097134720594e-10
3.5565166398933515e-10
3.7267164423574724e-06
6.005324117212709e-06
1.4703851745958324e-05
0.0003246459964004953
1.7619432131882505e-05
2.974143831640057e-06
6.332785456271992e-10
0.00018591171336521288
0.0009062661770273628
0.0
