0.0
11.466465769927431
11.466465769927439
11.46650737257217
11.466507372572169
23.99969420377825
0.0
46.25109301554437
46.25109301554448
41.58437339738296
41.685704516734155
63.633989046979856
0.0
100.0
100.00000000000011
99.99999999999997
99.8492509258048
99.99999999999994
0.0
76.74769061808976
76.15586017373522
84.80721049163365
100.00000000000001
100.00000000000001
0.0
59.96028002375292
59.97213647468113
60.356584537159456
70.00251467860053
99.99999999999996
0.0
3.465906501627917
3.465906501627917
3.465906501627917
3.465906501627917
30.437981649953578
0.0
0.0
0.0
0.0
0.0
0.0
0.0
0.0
0.0
0.0
0.0
0.0
0.0
0.0
0.0
0.8015034778009469
0.0
0.0
0.9131745763692848
0.0
0.0
0.0
0.0
0.0
0.913174576984722
0.6723174159374063
0.0
0.5819078572231845
8.099933430068416
2.595124293404976
0.8650414226060648
0.0
0.09727408054782823
0.09727408054782823
0.09727408054782823
0.09727408054782823
0.09727408054782823
0.0
0.0
0.0
0.0
0.0
0.0
0.0
0.0
0.0
0.0
0.0
0.0
0.0
0.26665701124977015
12.799781438488756
12.799781438488763
12.799836908681739
12.799836908681737
0.26665007747564845
0.0
24.06154690221836
41.973553069989975
41.973553069990054
45.82663933384827
45.915304063280566
23.96701953303475
0.10133111935113452
44.629130106717284
65.23048811801146
65.23048811801145
68.8888938354334
77.56488888386532
33.53896336511705
0.28075298261695997
58.02304725309623
87.35723273098077
87.03588859591476
71.75046552988462
71.9559818728359
40.75827668458417
0.0
52.33833585528111
65.1107538699734
65.12430409960567
70.6415765287427
58.2029906721062
59.66728981726158
1.546739701290585
0.0
3.465906501627917
3.465906501627917
3.900609984032715
3.900609984032715
0.0
0.0
0.0
0.0
0.0
0.0
0.0
0.0
0.0
0.0
0.0
0.0
0.0
0.0
0.0
0.0
0.0
0.0
0.0
0.9160039746296536
0.0
0.0
0.9131745810663398
0.0
0.0
0.0
0.0
0.0
0.0
1.0617689389370544
0.0
1.4805333527999953
14.42505891715165
0.665037551112211
1.246945408335395
1.246945408335395
1.246945408335395
0.0
0.0
0.0
0.0
0.0
0.0
0.0
0.0
0.40718341371217814
4.47812504722919
4.07094163351703
0.8806916578767252
0.32189325920146905
0.08498829863978208
0.805823217029879
1.510918531931026
1.510918531931026
0.0
0.0
0.0
0.0
3.7331981574967834
3.7331981574967834
3.7331981574967834
3.733101084659077
3.733101084659078
3.733101084659078
0.0
36.09232035332753
36.09232035332759
36.09232035332759
35.66553552637708
35.665535526377084
35.665535526377084
0.08866472943224273
53.38840766167889
62.23143386458102
52.42217989029102
43.215580571459626
39.0579320428734
49.81501106462067
0.24565885978983995
61.42423419961885
77.25106692960296
66.60160523502694
63.51603226563453
60.18837026266865
61.13741493118847
0.0
58.356356370252534
58.101924785113326
62.641950525869845
60.16008952947856
57.36743381505038
52.20887859010388
1.3533972386292619
0.2590102912441385
0.11041592949363777
0.434703482404798
0.0
0.0
0.0
0.0
0.0
0.0
0.0
0.0
0.0
0.0
0.0
0.0
0.0
0.0
0.0
0.0
0.0
0.0
0.0
0.0
0.0
0.0
4.311915243946577
4.311915243946575
0.7109120790227529
0.0
0.0
0.0
0.0
2.5818409652684187
2.5818409652684178
0.0
0.0
0.0
0.0
0.0
4.565555673880404
2.0803210645070105
0.0
0.0
0.0
0.0
0.0
2.686295540592007
0.46260069929962544
0.0
0.0
3.6408651898333737
3.6408651898333706
0.0
0.875379939202889
0.3165815409756916
0.07436476130980932
0.7050953149011446
0.0
0.0
0.0
0.0
0.0
0.0
