1.0709077722336289
12.18587229787028
12.238290476662016
12.110079819754267
12.110079819754283
0.4727181698564172
0.0
25.89881799921071
44.0651932483614
44.22407290257689
45.615599928402844
44.656120028278465
26.378967296519114
0.0
44.75033458253423
79.34645194714751
79.22163970106364
100.00000000000003
100.0
41.58372287801383
0.0
53.14109703362896
100.0
100.0
100.00000000000001
99.3963492258899
56.60703114466104
2.7079487640084494
50.83521385763066
88.05381926032555
88.46411043962995
99.99999999999991
97.10196472323757
62.523426723621654
3.210690805534908
0.0
1.4077387738150762
1.5108379656310895
1.1756596110859692
3.2567284972618684
4.6262961539959795
0.7710493426457087
0.0
0.0
0.0
0.0
0.0
0.0
0.0
0.0
12.18587229787028
12.238290476662016
12.110079819754265
12.110079819754276
23.988962025144005
0.0
44.06519324836137
44.2240729025769
45.61559992840283
44.65612002827846
63.901198673439076
0.0
79.34645194714747
79.22163970106362
65.01155872991484
65.01155872991484
100.0
0.0
58.609990038103476
57.29994418357218
68.46130899330993
99.99999999999999
89.19031766653475
2.7468968662706397
35.99635106239233
36.40664224169682
30.45289834135437
47.114380083026774
100.0
0.16561616753253006
2.1526570217557284
2.2557562135717393
1.92057785902662
4.001646745202519
57.17282960521713
0.0
0.0
0.0
0.0
0.0
0.0
0.0
0.0
0.0
0.23405378067328894
1.0532421973455537
0.0
0.0
0.36345913189249374
0.011772626173682368
0.13908205853582417
0.13908205853582417
0.721389450818492
1.0898931443507869
1.0898931443507869
2.358082487136431
0.05373657200022146
0.0
0.0
0.24393074591338734
1.7075167334071146
1.7075167334071146
2.862753195991079
0.0
11.178495744832482
4.790679292691035
0.3481436328902931
1.5923816010697351
1.5923816010697354
1.5779106827236016
0.0712533149172006
0.0
0.0
0.44569106943482534
1.0702756541384604
1.0702756541384608
0.8913821388696506
0.36896953138457084
10.795210874776036
11.970384458680506
3.571957651707448
1.288784032390035
0.46906547840975965
0.1245253664706106
0.12887843319518633
3.8268765186494775
3.826876518649475
0.5549899472038964
0.22199597703728638
0.0
0.0
2.5041216465198444
5.290872989747427
3.3622458263148554
1.8637977010984885
5.188595704115896
3.6117753523938854
0.0
19.46374380148697
49.3719516898841
32.30787927928803
21.06596428954587
50.99969215375846
33.52223140276074
0.0
33.74996955579935
82.9912826903346
50.94129283952512
50.34015596829011
54.03976115918022
45.30713890567406
0.0
62.842128023572116
80.15568082063494
100.0
84.23506306835544
77.99314918388717
57.25406228538942
2.7079487640084494
55.8082918700663
61.485047180088685
63.69857557001766
77.77017984926609
67.7427391940415
62.523426723621654
3.2106908055349086
1.58154425655468
0.0
0.08536905163240308
0.6703567090902409
0.20619838363202592
0.0
0.7710493426457087
0.897372687094337
0.0
0.0
0.0
0.0
0.0
0.0
0.0023078791668447026
0.002620240797839665
0.15314680775970171
0.0
0.0
0.2496243732752581
0.010477785592587305
0.23405378067328894
1.3003080957712805
3.070335584782651
1.1513758087427046
0.3837919028571748
0.09262615586163964
0.0
0.0
0.0
0.0
1.5316811548120217
0.35716285153335636
0.0
0.0
0.3066591105788284
0.3066591105788284
0.7671467754700001
0.0
18.830788268202692
0.44569106943482534
12.163847247816873
3.8493419910449633
1.2831139881065858
0.01222569721618222
0.05735808130656191
0.5218921493923137
0.6072612010247166
0.24360062968121693
0.08536905163240313
0.0
0.0
0.0
0.0
0.0
0.0
0.0
0.0
0.0
0.0
0.0
3.081733476088544
2.0284912787429894
0.0
0.011772626173682367
0.2612491292499577
0.2612491292499576
0.13908205853582417
6.688833449078974
6.688833449078974
0.0
0.05373657200022146
1.9225748384081642
1.9225748384081651
0.0
5.695997768528275
5.695997768528275
0.0
0.0
0.0
0.0
0.937578857600614
2.0616717224342525
2.0616717224342533
0.0
0.0712533149172006
2.4226124074476663
2.4226124074476663
0.0
8.829923774570782
2.485101833670009
0.0
0.36896953138457084
2.3967840678029813
2.396784067802981
2.396784067802981
1.2857275217838386
0.4660090169679969
0.11229966925442834
0.12887843319518635
0.5549899472038962
0.5549899472038964
0.5549899472038964
0.22199594784201346
0.0
0.0
