0.0
0.0003835446587215952
0.0015311964513846485
3.892722927140255e-08
1.6398351415312836e-08
1.113569416006922e-05
5.950728842722014e-06
7.053893960534676e-06
6.3125977187183685e-06
5.246901499394259e-06
1.784773255434716e-08
5.374477099257634e-06
1.951364978233602e-09
3.821309697801035e-06
2.098875500190869
0.0
2.09885403139706
5.078509943006558
2.1401166390567226
0.0509146793221962
0.27674973722644647
1.2433987760287064
0.2767886706910559
3.6807610272872
339.9028884652189
4.146764313866895
36.927596958586186
1.8516997670842956
0.00014181634697790755
0.7316057641419142
0.0
0.7316053875511551
2.320276685351059e-05
9.094738955983939
9.787571423564287
3.7144791010234512
9.787535413972051
18.13853124453533
48.42006961526819
10.214283117439493
278.2597706021162
0.394836980904042
0.7333567809075301
1.4636178652863725
0.00019869329150248093
0.0
3.659019123955053
5.8116127028144084e-05
3.2991790563472416e-05
0.0005194795832118196
3.485681516158941e-05
0.00014305340825356396
17.887368611960913
4.021073442537872
1.275211849406577e-09
1.1771425930707535e-08
0.000181167214819621
0.0025142282900222587
0.00019673036357751228
0.08221029895542539
0.0
0.0002772828603313568
6.352985125455405e-05
9.681955199956716e-09
6.730310454243755e-05
5.59300282636063e-05
0.12783161240463958
9.020234426984669e-09
5.1887625643269954e-09
2.7741322533647363e-09
8.201256965184935e-05
0.5179035474107496
0.26096785425998575
2.039697636237442
0.00021448005806853427
0.0
0.0001866694605718594
0.03865801252995596
0.00021043889270563903
0.00014622531985245777
10.828459944650476
0.44539126085486813
1.5239402962108917e-09
0.1805989070559411
1.0871368357317569e-05
0.0027340359696111463
5.0370850366553223e-08
0.14745665115038248
0.00010457320145073442
0.0006372612844282742
0.0
0.00033033061366271774
0.00011434750889911457
7.524120236495577e-05
4.031757119704808e-09
1.0820352187480638e-08
1.9902949309015917e-09
0.00010817576100761413
8.213501898318649e-06
0.0027819996646178302
1.663305759032666e-08
0.0009265818188239647
5.8196025274166355e-05
0.0004513409625047211
0.0007910983695159528
0.0
6.25216928258104e-05
4.420947027645571e-05
1.277740730582434e-09
1.5738703499601652e-08
10.494735628197976
0.00012291495968234958
0.0005286049007906879
0.0009253146998481308
0.5566707720458016
0.750615058211612
0.00010116166788466758
0.00037004894792758505
6.387506832233292e-05
4.252800466451489e-09
0.0
7.544033874382014e-05
0.7482084618345038
0.0001985797874388143
19.50750140719412
0.09294100382752088
0.0014314293528628075
0.05769171220560929
0.00019834352250309165
0.0003896696483009418
0.11528076043916499
0.0002780971848048709
6.340168777923383e-05
0.000857522291417755
6.715941411408682e-05
0.0
2.356186542549572e-08
8.414700118778004e-09
1.2863250339800625e-08
2.9736493585456622e-09
0.002629927469737557
3.8219242514818895e-06
0.0014099921211339767
6.618963809865494e-05
5.39914061494473e-06
0.00010401373377910563
5.092113926915089e-06
1.3081315408850435e-07
0.0005885308354337296
4.095720383765975e-06
0.0
0.0008629645329315417
0.639964308967345
6.290379838107577e-05
0.0014599151649464831
0.0009500174129005942
0.001040735917411775
0.0005504523808180404
6.049213604952083e-05
0.00034533905719655723
3.100521367145222e-05
1.5725954801287243e-07
0.0005121688394619626
4.559937521258428e-05
1.0232510535507593e-09
0.0
10.440445425101107
0.00012343608884600416
0.003064949002586713
0.0014418009271134685
8.119448515394116e-09
9.50843191452324e-10
2.7389537469372256e-05
4.156065427903658e-05
8.899393082234506e-05
0.0003350312380849342
1.2797732511406745
2.1514445549075327e-05
1.1874486891694427e-09
0.0003074672506835482
0.0
0.00023967611375546924
0.001507603517491258
0.004307973496931669
1.3499505626005238e-09
1.4825558240647547e-09
4.88895211489553e-06
7.687892548404615e-06
1.8816471509730695e-05
0.0003235829519963458
2.2555441792571246e-05
3.780474422949423e-06
1.356727940706905e-09
0.000110104811061887
0.0011641644166983166
0.0
