1.0712528495705913
12.187976080188765
12.27065449176583
12.132221227512689
12.132221227512682
0.4466325594567052
0.0
25.89779583821813
44.056127915582756
44.05074877444311
46.07280673918069
44.83869161730841
26.507279815365518
0.0
41.246001452948015
93.41584156553809
92.43277114997899
99.99999999999996
100.0
46.56891259897713
1.2864823305144888
47.237149701037836
97.083254869397
100.0
99.99999999999999
98.73200403734322
66.90865160305357
4.454767938085808
54.185952821600154
91.05603767743295
91.80986306335384
100.00000000000001
100.0
77.12087461605024
5.571043584035399
0.0
1.977959399513331
1.9779593995133309
1.5510172444685846
3.6301538046494217
4.6262961737311965
0.771049346386337
0.0
0.0
0.0
0.0
0.0
0.0
0.0
0.0
12.187976080188758
12.270654491765828
12.13222122751269
12.13222122751268
23.990877786138334
0.0
44.05612791558278
44.0507487744431
46.072806739180685
44.83869161730841
63.90431032000896
0.0
56.9081929360633
55.92512252050418
78.53040199985853
81.9941474867676
98.51947859386976
3.8241846491009714
65.85573957956419
62.004750169348114
53.571277744395445
100.0
97.61246462031937
0.0
36.97606882968854
37.72989421560957
12.886771563567686
41.52371222881733
80.67527994968897
0.2335373777513285
1.9779593995133313
1.977959399513331
1.5510172444685846
3.6301538046494217
80.54808508390516
0.0
0.0
0.0
0.0
0.0
0.0
0.0
0.00045365667526141296
0.00022682833763070648
0.0007196056188209664
0.009435804046086073
0.0
0.0
3.266753098319829
0.0037849546427560746
0.0
0.22832801944349126
1.578725796306458
9.235809291333037
9.235809291333037
2.3556214784609604
0.053809232836195015
0.0
0.0
0.0
0.0
0.0
2.129051126769741
0.0791540280145567
2.7644091861844093
3.1778634882323056
0.7119713096641326
0.180470773069288
0.1421583917014161
0.1421583917014161
0.12223460753178272
0.0
0.08838378376911647
0.08838378376911647
0.42211932779857486
0.42211932779857486
0.08838378376911647
0.5381288040014642
2.3489659056948815
5.8147055655180875
4.003868463824669
1.128482266616857
0.5555369848747785
0.5381288040014641
0.12887843223477533
3.826876517110952
3.8268765171109522
0.5549899495104758
0.22199597916979547
0.0
0.0
2.503914876053959
5.295479354097011
3.426830594311233
1.8674869032202788
5.29278259893485
3.640982922332147
0.0
19.46383589848975
50.270337769714
31.8472235737376
21.702345345471148
51.268973043217116
33.470202655153116
0.0
50.66293106497601
71.84188173595501
81.52489130485937
52.13346331047154
46.771707355731465
46.38830962067206
1.286482330514489
60.48437086132027
95.26846073612938
87.47965521834777
87.12921246342609
78.70517785429705
67.37298633386733
4.454767938085808
56.79817550812072
60.58695285331637
58.18344342044487
88.79879841847195
86.82207823412024
76.65653988523648
5.571043584035399
1.2456770706342224
0.10519538067656756
0.29461476284798543
0.7015603888478751
0.23353737775132863
0.0
0.7710493463863369
0.0
0.0
0.0
0.0
0.0
0.0
0.0
0.0004927772811902599
0.011084379220555322
0.024135244628540532
0.006525582176976554
0.0
1.8498255939400288
0.039141264795513955
0.2283280194434913
1.578725796306458
3.702345327560786
1.2341150969247976
1.9661408275968209
0.08970898488130971
0.0
0.0
0.0
0.0
0.9342442803500732
0.0
19.895296733164404
0.5745331816940842
5.734431796156797
1.9558210178894293
0.2760161740778477
0.0
0.08838378376911647
0.08838378376911647
4.10347457270042
0.5155174527843798
0.17183902256281364
0.0
0.2724384764567205
0.3860902083867656
0.40826649477803034
0.10519538067656756
0.035064678719145294
0.0
0.0
0.0
0.0
0.0
0.0
0.0
0.0
0.00022682833763070648
0.00022682833763070648
0.00022682833763070648
2.103093554286972
2.103093554286973
0.0
0.0037849546427560746
0.14613705244734226
0.1461370524473423
0.0
3.977142767536925
3.977142767536925
1.578725796306458
0.053809232836195015
1.925174507917839
1.925174507917838
0.0
0.0
0.0
0.0
0.0791540280145567
0.0
0.0
0.0
3.2480067399699917
1.7005526941652793
0.0
0.12223460753178272
4.15597665168974
4.155976651689739
0.0
0.6957879206122564
0.1465586050677808
0.08838378376911647
0.5381288040014642
5.739273352032255
5.739273352032257
0.5381288040014641
1.1284821839974348
0.5555369355566883
0.5381288040014641
0.12887843223477533
0.5549899495104756
0.5549899495104758
0.5549899495104758
0.22199594806434308
0.0
0.0
