0.0
0.00041258636539538826
6.670584721033247e-07
1.7669399688381366
2.3929253148668478e-05
2.017618657673579e-05
1.1355360142898707e-05
1.6020267947946863e-05
1.27157881497171e-05
3.2532057614322096
1.3984530436740089e-08
1.1952588408821343e-05
5.958683495266655e-09
1.0588274386022684e-05
4.2630858075294045
0.0
2.9922733958391077
6.365776227747556
4.263224204607903
2.0639403594707137
1.929671954517037
2.573561876981504
3.6753208877909445
7.219169583676185e-05
291.2093260144826
5.886033957278782
62.84088258844104
3.0437265187210656
2.112299245420716e-05
0.9901673462428678
0.0
0.9900739543790414
4.4022212056199524e-05
8.552323812395672
6.451800421466108
6.706765702083402
3.8266963863715264
22.959902834498756
83.77128979132031
6.49040192368496
245.05539040003225
1.0301015041121475e-05
0.0012522502257920824
1.2225243221657198
9.027258652643746e-07
0.0
3.478658401554248
0.6777608519373644
0.25748441178554776
0.0006020203167553693
0.6994681413546576
0.00014917869936019012
15.676380549008416
2.504214253111148
2.6385796242737873
0.03443881968477849
0.00016798425035109162
0.0012272250420270452
1.1415162219994132e-06
0.0026892388131986803
0.0
0.00030638169773416634
8.788385536186047e-05
9.644333306653787e-09
9.542129148337984e-05
7.90254145402637e-05
20.043351721117382
1.0964617210599107e-08
1.2738340126244666e-08
6.851752967094907e-09
8.178225799398137e-05
0.49586421592805713
0.001168163556649374
4.022811283136115
0.00020400432329596772
0.0
0.00017043250663873838
0.0008403968014059992
0.00018998282415534916
0.00014818299623963548
5.778555347592151
0.0001350673349655849
0.6588268691360859
7.496386762202836e-05
5.2875806672266916e-08
0.14456073970558742
0.5256047324317404
0.15463005527806503
0.00010577941074050711
0.0003233337386014226
0.0
0.0002646288776393462
0.00012858205000072754
8.366083908417817e-05
3.950264777369265e-09
8.020447125780802e-05
0.09321797090869222
9.899959613845816e-05
4.5612298556301263e-08
0.0035311759522788635
4.646723564913961e-07
0.0010066081099070917
6.027822597824035e-05
0.0005341954388022354
0.0008789894950869189
0.0
7.05666061155365e-05
4.9407348612965714e-05
4.963159882342448e-09
0.00014115869427661814
11.902959350240888
0.00016426404182917683
4.917525312967303e-05
6.278765669577968e-05
0.15017328106670078
0.1654056212513268
0.00013366116402441526
0.00019377675372125175
9.06401009861258e-05
7.540790168543966e-07
0.0
8.385545765885176e-05
0.02854090977435648
0.00018034451057303527
21.53053092286242
7.190421553875357e-06
0.0021992961306493406
6.138398038311772e-05
1.1828839652568713e-06
0.00042909682482805857
9.984225565389135e-05
0.0003069894985836631
8.754275059813368e-05
0.0009712640548259588
9.502025545371856e-05
0.0
1.5450893782836075e-08
1.4510768985569996e-08
1.976831810054003e-08
7.729906995685693e-09
0.00292699918054957
4.930428918930395e-06
3.750755118787029e-07
0.001591572860690407
7.472687467973604e-06
0.0001130004506637786
6.696529381989949e-06
0.00013172113066992386
0.000583227710818583
4.553202960650562e-06
0.0
0.0009609481840808489
0.7439349107942933
0.00010394281615403711
0.0020422730977688324
0.0010147369136509086
0.10365040069686468
0.0006049194983106163
7.40883296771949e-05
0.00039916097440691065
4.09332094689827e-05
0.00018318428259062579
0.0006534471555129645
5.07237675751727e-05
3.997517602368155e-09
0.0
11.80041194544918
0.00016482005885852928
0.010606699684288541
0.0503661945970045
0.09066645884884249
1.4033199902986426e-08
2.878029236079214e-05
0.1255957467974299
0.44085874001875636
0.000567322680179853
1.2686051108179128
2.396520820487756e-05
4.750424015920225e-09
0.0005437225760598515
0.0
0.00032280931115813915
0.00854765666967273
0.004669732438499014
4.206524497584719e-08
1.597784663501924e-08
5.092404462361891e-06
8.600685524272406e-06
2.1022186620453716e-05
0.000494048969921977
2.5157175306938037e-05
4.219557134674125e-06
5.397281722888656e-09
0.0002673569134984634
0.0011258563786219525
0.0
