2.133328962106828
13.07723559778072
13.190582528768182
13.05723935083729
13.057239350837277
0.4851932818126683
0.0
25.898986624146094
44.06670855353994
44.180983614725804
46.57291427147011
45.038578508126015
26.679961690014505
0.0
40.7870491021522
95.08901440358048
100.00000000000001
99.99999999999999
100.0
43.18095663646035
0.6782958401013243
53.748360829790265
88.33246399729644
100.00000000000003
99.98201951075183
100.0
60.942972815928236
1.3914682769665794
46.381778812844054
84.32449041713465
83.71150115738334
99.99999999999997
91.90884764813227
63.81568367744693
3.1425527517513214
0.20348879396236266
1.8501105099825124
1.8501105099825128
1.5192479782273514
3.6195635807737103
4.6262955935479955
0.7710491914486305
0.0
0.0
0.0
0.0
0.0
0.0
0.0
0.005914210230920889
13.077235597780724
13.190582528768179
13.057239350837289
13.057239350837266
23.991916481255764
0.0
44.06670855353993
44.1809836147258
46.57291427147011
45.038578508126015
63.905870329165126
1.491393474677402
68.20635164609716
62.71967758989163
87.49870937654319
84.19926074500736
99.99999999999999
0.0
73.9459947744085
66.93943502000569
58.41474420115166
75.29140516676293
98.33350397029834
6.601437183962411
39.897473033973284
39.28448377422196
25.14682188988715
28.093163970685335
100.0
0.03257195590147636
1.8501105099825126
1.8501105099825128
1.5192479782273514
3.6195635807737103
43.259104199647616
0.0
0.0
0.0
0.0
0.0
0.0
0.0
0.00041612660236353856
0.00020806330118176928
0.00020806330118176928
0.007902429703360156
0.0
0.0
4.514118246897965
0.04778998005541042
0.047789980055410436
0.07192147477942516
0.552626822956635
4.078136268975725
4.078136268975725
4.05438609801032
0.0539520887746426
0.0
0.0
0.0
0.0
0.000665825489585052
4.043126248520094
1.334349674297166
2.887662164101615
4.246155509056249
0.2081323443410138
1.7799693962157768
1.779969396215777
1.0905664288074335
0.19048991744281438
2.4618001310907025
2.0862698441270537
0.9698819219006961
0.8289658384412406
0.8289658384412406
0.27632182377462167
0.3789193964153125
11.126554318033227
11.587517328101372
3.448312759921638
1.3880840177991585
0.5047575655320865
0.12618931532870584
0.12887845891729346
3.8268765323103375
3.826876532310341
0.5549898206652057
0.2219959215316401
0.0
0.0
1.8666666654532402
5.08432722062197
3.444352613501159
1.8700954631821307
5.250162666900055
3.5986156233996294
0.0
19.463728408961927
50.31117725299516
32.245069216521735
22.603007273621664
51.56670948564479
33.44431666026503
0.0
52.31973847910783
75.90370369540422
64.37101434094853
47.38083228617464
41.69199804177245
41.46863548913876
0.6782958401013243
63.877317839633164
78.06476355544876
68.71378010191496
79.0484782930306
72.62231736369355
62.17361872250731
1.3914682769665796
53.254046956061416
72.80838690641215
66.49845798783468
74.26760430044435
68.10624589844315
63.81568367744693
3.142552751751321
1.7050160336334592
0.0
0.22257371315252927
0.6291531076088465
0.20348879396236266
0.0
0.7710491914486305
1.0905664288074335
0.0
0.0
0.0
0.0
0.0
0.0
0.001698184906853137
0.012527529758308741
0.03376427170821091
0.012742188013227827
0.004246139022478969
2.50784350324763
0.0076537648506507724
0.020041840318488126
0.2961710216102459
4.60300726446074
1.534335716639145
2.5078433642562095
0.08824593642252429
0.0
0.0
0.0
0.0
2.3381102339165465
0.0
10.445458281783887
0.0
15.19058312009788
4.058854480896049
2.0528521217946345
0.0
0.021622146203280835
0.23572461597953304
2.60986890590871
0.9321604640862549
0.23572461597953306
0.0
0.37553028696364815
0.5239126653265708
0.7464863784791005
0.37553028696364815
0.37553028696364815
0.0
0.0
0.0
0.0
0.0
0.0
0.0
0.0
0.00020806330118176928
0.00020806330118176928
0.00020806330118176928
2.082827246015241
2.08282724601524
0.0
0.04778998005541042
0.1914901140720173
0.19149011407201744
0.04778998005541042
0.5513643865608985
0.5513643865608984
0.0050723765422527045
0.0539520887746426
1.9262641220023677
1.926264122002367
0.14020480111452185
1.8112558942527035
1.8112558942527035
0.0
1.334349674297166
0.0005548823029419645
0.03947193335467013
0.6622043111428173
1.7050160336334592
1.7050160336334592
0.0
0.19048991744281438
4.014854061719984
4.014854061719981
0.969881921900696
6.657382795619988
1.0905664288074335
0.0
0.37891939641531247
2.9873497498534904
2.987349749853491
2.9873497498534913
1.3880839099967957
0.5047575878561327
0.12618931532870584
0.1288784589172935
0.5549898206652061
0.5549898206652057
0.5549898206652057
0.22199576052495051
0.0
0.0
