0.0
5.0392300741234315e-09
4.346567021742692e-09
5.8583731179179555e-09
5.039226850603847e-09
4.970209225560468e-09
4.359611636614214e-09
5.13066018084178e-09
4.696711750826052e-09
1.6113317247566602e-09
6.304923709772498e-09
5.0294331740398644e-09
5.035981896578166e-09
4.216961727832095e-09
1.141553537371164
0.0
0.7850156444231353
8.959124310065375
0.5834411070886574
2.4980831408396558
1.0536595659969505
35.85216198451513
1.6475224696529451
8.263554056136176e-10
262.58793073164327
0.8010424949275518
67.12016172677662
0.6746985285717745
0.5039015293088738
6.796907437174595
0.0
6.796907436370025
0.5648329125085843
2.4550002753375195
1.5748960598309059
28.120138321658697
2.1493906411767654
120.33178705069889
88.31762982854767
0.9512670066196024
46.48318358241321
0.6617266242842125
0.07901084340050862
0.773108790412256
2.5835292725149793e-09
0.0
4.381313416722706
0.07970390117921529
0.977694440683325
12.423662907849975
1.553834032064991
4.483428058986113e-10
26.865814527585258
0.45217070330657577
136.06590677815566
3.3152153093875554e-08
2.7485611277725266e-08
0.0004725088984149033
1.671219176901848e-08
0.4423425188421271
0.0
1.4715044046920487e-07
1.1214786054581347e-06
0.11909682278741376
0.07239496257367556
0.5337099391272307
0.12117313833165022
0.06054482727605917
0.1139115087087308
3.0197140512860166e-08
1.1780391118583857e-08
1.6532139282551728
0.5255380777289251
2.880016824969717
9.550625712166092e-07
0.0
1.6821516288241767e-06
5.315244666569535
9.38448737279601e-07
2.5163831426673873e-10
0.023519511913098298
0.4367227442822889
8.883710331224798
2.6145030082178878e-08
3.119990035714975e-09
0.2257132372638162
0.1949919906349709
0.23168946539243496
4.7573327018229615e-09
3.8914760259588855e-08
0.0
3.486624083776514e-08
0.02656140400655673
2.2934335753543892e-10
1.197054058740897e-08
1.5641447426710907e-08
41.25976700275492
0.2190799818700318
4.399085681023642e-09
9.158358210554364e-08
7.823598133225444e-08
5.898912151395634e-08
7.823134548828943e-09
1.8856917404611874e-07
1.884822743997212e-07
0.0
0.0928314390293863
3.206053769285842e-10
1.2734804528769964e-08
9.214224982057999e-09
3.4840521074697817
5.104906143194386e-08
0.022214880347176814
0.31872925513608924
0.19055268653901541
3.2739905910759584e-08
0.03696852025054583
1.5084622155553866e-07
1.6160740286541655
0.16894702512496917
0.0
2.331202256287148e-10
5.638361420087938e-08
4.9618514972891065e-08
1.3217233753990114
3.188297101838116e-08
0.03561717962341569
0.06008789408481631
9.818131873031223e-05
2.176334981460203e-09
0.06250639463412919
1.4751309866913553e-07
1.113589171925603e-06
0.11507653496286349
0.05824728119747945
0.0
0.11760205024048032
0.0522416327579174
17.130970046052283
3.007720252743942e-08
1.4206583162524075e-08
2.3565483179535155e-07
8.137342152455213e-08
5.1415872931364e-08
5.231892454824542e-08
2.096247267911826e-08
8.867001365638982e-08
3.409123255919722e-08
0.00025603335929360124
5.000945060331593e-10
0.0
0.0008799088503470066
0.21619000770807031
4.223361374402133e-08
1.2086025719839897e-08
1.6540310489615973e-06
7.845063411168808e-08
0.5879670713180782
3.960252488197658e-07
0.06695679866074289
0.5572500849096649
0.0038924295544353425
0.00014501407881975368
3.073916709155713e-10
0.8488567210169873
0.0
2.0148939621047646
4.8322593192368105e-08
0.29779898006754585
0.1782161887070779
3.194455431431187e-08
2.8007615464936566e-07
1.6217002538018632e-08
0.08314532424026108
3.353563058674239
0.00022456812221415576
0.37097902598284505
4.413344611465184e-10
7.661943904210259e-08
0.00022432105677637956
0.0
0.000209167359846874
0.0584104973679167
0.009469757380902957
3.495687853775484e-08
0.015071787890924145
2.143564009818037e-08
0.05554246074824164
0.17572741170884001
3.3051493051543406e-05
0.05291304445740988
5.586855281443775e-10
5.197981128879429e-08
3.30409047167518e-05
0.00015290792747728413
0.0
