0.0
0.0003277237720312134
0.001307659624144962
4.1887710745064505e-08
1.442453876106797e-08
9.552499288053858e-06
5.104126448220248e-06
6.176400640919663e-06
5.418056545781182e-06
0.7364264433769991
2.770527415384677e-08
4.620898141127205e-06
1.175836416739559e-09
2.9337675789033328e-06
1.625366033692146
0.0
1.328292458690467
1.1406603310450694
0.8127917508732458
0.0708194357149013
0.4886762284349454
1.8799561358324264
0.48861445768345274
2.07701402273658
279.6014083105863
8.034098834925377
98.61831555949836
0.9792176858636324
0.000122492312963326
0.6245358151119753
0.0
0.6245356281736955
0.08436583801938484
8.804473267284106
8.465985217150854
2.8050636077648936
8.466049513618245
18.084422230928766
114.607153818255
10.200815400652521
216.62329438512148
1.4911494772106557
0.8044468442095783
2.079062521628053
0.0001702684244621636
0.0
4.1988787714597695
4.971155337834235e-05
2.830520320840198e-05
0.6034935302968931
2.9910216132403244e-05
0.00011682984851728903
14.572966876813608
2.2679672348106118e-09
2.650970187253728e-09
3.191952204542647e-09
0.0001405572927090736
0.0018455777105080028
0.000168945212601543
1.691128528212711
0.0
0.0002375446179002764
5.4491858294193724e-05
4.181456979664025e-10
5.770180756434837e-05
4.6755873071032376e-05
0.2944077619445409
3.753040175147224e-10
1.7162981182980218e-09
1.540619636590013e-09
7.01235526983116e-05
0.00024311792366855941
0.0014903863465526913
3.1846470076850824
0.0005607860561136523
0.0
0.0004031786321438835
0.000329225300193811
0.00037107420777407886
0.00015752617922388325
0.8319843154077362
0.0001319360298335739
1.2645007100520387e-09
6.520074986462402e-05
8.90774191472017e-09
0.00439199497921002
1.3571873294651133e-08
0.10768698183112449
8.687112929696813e-05
0.0006835648063931476
0.0
0.0004873224288585332
8.344581743938963e-05
6.490298068795258e-05
1.5824905934684898e-09
6.896286446124818e-05
1.5108451844484872e-09
7.710161928941546e-05
4.2407280638447305e-07
0.002676402108602161
9.487952358046442e-09
0.0007753127873760359
4.924793432024324e-05
0.0004081239226873211
0.0007421634972054445
0.0
4.751301563258627e-05
3.842435371391981e-05
7.631380347766029e-10
0.00010644365634439996
11.220810978566075
9.117051030840158e-05
0.0008083618345563713
0.0004361518248244564
0.53409078322854
1.5801876166631588
8.590788766452571e-05
0.00026162497022188006
5.473682112172748e-05
1.697744018229753e-09
0.0
6.513521663514485e-05
4.507577846699076e-08
0.00016972468772664002
18.355430783208384
0.7988635318805278
0.0016195694535935726
3.9443862690057806e-05
0.00016964057104101437
0.0003330453593014707
5.809347505662698e-05
0.00023821815722990369
5.4343254976183116e-05
0.0007317719570196616
5.7577030333503654e-05
0.0
3.904149233567188e-09
1.0285462248766084
1.5605575723359537e-09
1.6516501484916345e-09
0.0022450068739424166
3.271776562859022e-06
0.0012039625983067692
5.6678066500581546e-05
4.625876483913791e-06
8.623701615718697e-05
4.361912002816952e-06
4.875395401948536e-05
0.00046636868459154675
3.5310983937090288e-06
0.0
0.0007372976455002163
0.7013006764080154
4.6790327506887134e-05
0.08680115120445474
0.0008041690716595034
0.0008888532899390621
0.0004717998339690971
5.1235409833389725e-05
0.0002860082915319685
2.65672378207371e-05
8.003467072839466e-05
0.0004976825055397411
3.933276777900471e-05
3.0258440059507745e-09
0.0
11.077075002246833
9.153502616511041e-05
0.002407991120016504
0.0012261761876782835
4.518221673392117e-09
6.313578601435074e-10
2.2976190864884104e-05
3.554921618643532e-05
7.607750352383649e-05
0.00042845873673215125
1.4755661364062869
1.854408082953812e-05
6.715449082602418e-10
0.0004147610123819282
0.0
0.00021967075734996076
0.0024558278470448638
0.002385187766900363
7.525136481945532e-10
7.670483432884624e-10
4.092046391457037e-06
6.577104540101477e-06
1.6092078481638334e-05
0.0003592097341271052
1.9283130186813734e-05
3.260072891654874e-06
7.557943876366373e-10
0.00020315643202204524
0.0009920432406664002
0.0
