0.0
11.466488507765927
11.466488507765922
11.46652544130069
11.466525441300686
23.9997288910306
0.0
48.00542004861253
46.25000234374974
45.8294799665515
45.92987254288687
63.63737908424163
0.0
96.56124976887808
100.00000000000003
99.99999999999997
99.97356765342427
99.99999999999999
0.0
79.24445149629432
78.90682199260021
85.83842616627614
99.99999999999996
100.00000000000003
0.37520753209580116
63.37189049722293
64.04074023948148
60.84367951044164
71.46773144176518
100.0
0.0
0.33714700378602946
0.38176771427355566
0.316227994375869
3.1453538816940085
22.13411095958137
0.0
0.0
0.0
0.0
0.0
0.0
0.0
0.0
0.0
0.0
0.0
0.0
0.0
0.0
0.0
0.7940798624432153
0.0
0.0
0.6526504744686986
0.0
0.0
0.0
0.4095697284276842
0.13556263839822025
0.6526504744800363
0.4187357281617209
0.0
0.32247208633624025
7.901039625928525
2.615123071184416
0.871707685782599
0.0
0.07706890385172814
0.07706890385172814
0.07706890385172814
0.07706890385172814
0.07706890385172814
0.0
0.0
0.023179662055619978
0.04780764376221221
0.0
0.0
0.0
0.0
0.0
0.0
0.0
0.0
0.0
0.2666581144088692
12.799806163836635
12.79980616383663
12.799855408549657
12.79985540854965
0.26665195881974113
0.0
24.060976853777298
40.21714539927947
41.972563104142104
41.58698802760206
41.67483153189551
23.967324990540714
0.10039257633534568
38.76038310383412
64.64925160542674
61.21050137430471
63.171663715165295
80.2911738884678
37.03840315454782
0.14586111708743232
49.22628617354294
81.38895779852685
82.92630924256143
67.52778223698512
65.07978069373013
40.111577298129816
0.0
51.62736970567843
63.156160972691595
63.84603296930041
69.22060408855238
57.68337555137397
59.06253598346324
1.3451550901713014
4.264672805097121
4.28875473393898
4.366469636374851
4.361788227810729
4.563868648333456
3.079014211934662
0.5473803006505199
0.0
0.0
0.0
0.0
0.0
0.0
0.0
0.0
0.0
0.0
0.0
0.0
0.0
0.0
0.0
0.0
0.0
0.9075198427922462
0.0
0.0
4.731671100141217
0.0
0.0
0.0
0.0
0.043226934135460415
0.043226934135460415
0.43780762933170214
0.0
2.5853580650020263
12.011572772480164
0.36853952724141753
0.6910116135776574
0.6910116135776574
0.6910116135776574
0.0
1.9086922592938607
0.0
0.0
0.07979481666757839
0.07979481666757833
0.0
0.0
0.3610367022316308
4.4319783443046665
4.070941642073051
0.8806916796724257
0.32189329305045483
0.0849883149109291
0.06968492996030745
2.2212076843283017
2.221207684328301
0.0
0.0
0.0
0.0
3.7332136017241684
3.7332136017241684
3.7332136017241684
3.733127423476376
3.733127423476377
3.733127423476377
0.0
36.09146528066583
36.091465280665936
36.091465280665936
35.668633364867915
35.66863336486791
35.66863336486791
0.08784350429342748
53.79906111889026
71.48326885789804
56.33158217467451
45.96225899376053
42.56682430324151
49.26659616299155
0.1276284774515033
65.01624245312891
77.28280409155767
68.47034135836819
64.70897183490236
60.350433371249004
60.16736589069527
0.0
59.38244621007936
60.569207803116846
60.569207803116875
57.07629105449404
56.16311445637197
51.67971898553034
1.1770107038998887
0.08773239948231334
0.0
0.047807643762212394
0.023179662055620002
0.023179662055620002
0.0
0.4789577630692049
0.0
0.0
0.0
0.0
0.0
0.0
0.0
0.0
0.0
0.0
0.0
0.0
0.0
0.0
0.0
0.0
0.0
0.0
4.271977899561732
4.27197789956173
0.0
0.0
0.0
0.0
0.12793723296597612
2.3875808626887136
2.3875808626887114
0.0
0.0
0.0
0.0
0.0
5.225898302171615
2.0936365144214553
0.0
0.0
0.0
0.0
0.00725316622127434
1.1284474623349487
0.3153338152532748
0.0
0.0
3.896910159862597
3.896910159862606
0.0
0.8753799350320474
0.3165815523094886
0.07436477554706296
0.06097431371526902
0.0
0.0
0.0
0.0
0.0
0.0
