1.0712364239853571
12.187876703555384
12.26913733650433
12.1202258779668
12.120225877966792
0.49377492971038994
0.0
25.899651561146403
44.07265081354089
44.254171260676664
46.12799755685844
44.86049543802552
26.4816371541751
0.0
40.23933325103594
96.49016523458128
99.99999999999999
99.99999999999999
99.44495902642839
37.845728533759186
0.0
53.051473559596616
96.39118440908064
99.99999999999999
99.99999999999997
100.0
55.254068186611626
1.8596103347937047
52.99766531711613
90.38675401020403
90.98753363017495
99.42594996210076
98.58695718362311
78.9876285261149
4.975875874182868
0.0
1.975086425324865
2.054417195254339
1.6168680954275332
3.6521030178745977
4.626294532757909
0.7710488874646666
0.0
0.0
0.0
0.0
0.0
0.0
0.0
0.0
12.187876703555384
12.269137336504329
12.1202258779668
12.120225877966796
23.99014171490618
0.0
44.072650813540875
44.25417126067666
46.127997556858425
44.86049543802552
63.907031065498586
6.819267405097447
68.53211603706555
62.4366935849011
82.28468815861079
90.05436729917436
98.18276848267186
0.0
67.26452784735699
62.24818200614263
57.655187713190855
82.36645829765801
99.99999999999996
0.0
37.57743400725095
37.57743400725094
20.438321435985845
19.599328657508213
99.99999999999999
0.23235594697630352
1.9750864253248648
2.0544171952543393
1.6168680954275336
3.652103017874598
30.645001982280142
0.0
0.0
0.0
0.0
0.0
0.0
0.0
0.0
0.0
0.0
0.006866584015447172
0.0
0.0
4.654058130464679
0.06985469275809489
0.06985469275809489
0.15263352521731396
1.0812061985792376
1.7283135648406378
1.7283135648406378
5.296384906885845
0.054237969862635696
0.0
0.0
0.0
0.0
0.0
3.9999999473211636
0.0
0.0
3.8725546848854626
0.0
0.00020997274766573816
0.6009895927186455
0.6009895927186454
0.06290993535887925
0.29070288881151224
0.3118705746016548
0.36230743159147843
0.4835988166403866
0.48359881664038673
0.14320908555993206
0.5510483869329915
11.641300015181212
11.641300015181205
4.2194229084329535
1.8201431547779325
0.6618700250185741
0.16546745135798838
0.12887846772679168
3.826876630233892
3.8268766302338966
0.5549897052643683
0.22199586724511144
0.0
0.0
2.50392455973076
5.295261506745889
3.4238021121201543
1.869739671596827
5.184759322610749
3.57899209044196
0.0
19.46366798712073
50.33404233945343
32.46857131712342
21.80250633693005
51.2983651951764
33.425394032793754
0.0
52.097229130953345
69.6679163937383
57.81002053121991
51.046358865811975
43.42024808924815
46.66856357066188
0.0
63.55997194883241
79.53402097839623
72.56542184835583
76.43560676157021
67.15038203893253
55.79323537254054
1.8596103347937047
59.07629673739973
62.35393827788862
59.35133518109074
87.61619101099944
85.93820547891015
78.9876285261149
4.975875874182868
1.6365017467663021
0.007505107452895328
0.16615557228902417
0.7481273177041896
0.19230272956175049
0.0
0.7710488874646666
0.6007796199709797
0.0
0.0
0.0
0.0
0.0
0.0
0.00206980074663042
0.009018188680390834
0.028350305443970967
0.01159988914985733
0.0038661547254824806
2.585587854532574
0.00935518240275559
0.031639456475826076
0.4465857304734624
3.8025063476315957
1.267502085202267
2.5855876007907
0.08715785458657488
0.0
0.0
0.0
0.0
2.585587807577404
0.5035296619321846
10.892916484536215
0.0
1.0468095562029844
0.3282280551674508
0.006522894191468985
0.003615011254456858
0.02116768579014243
0.07160454277996603
6.54201517813776
2.453251191704454
0.8177494634692396
0.0
0.18462172671869395
0.2903924959011796
0.42290687848740216
0.23078004431581284
0.07692622828115314
0.0
0.0
0.0
0.0
0.0
0.0
0.0
0.0
0.0
0.0
0.0
2.0711918827044737
2.0711918827044733
0.0
0.06985469275809489
0.23472198134641098
0.23472198134641112
0.6471073662614002
3.562491770671734
3.562491770671734
0.0
0.054237969862635696
1.9267145140987556
1.9267145140987547
0.0
2.7107974197189373
2.7107974197189373
0.0
0.0
0.0
0.0
0.0
1.6365017467663021
1.6365017467663021
0.0
0.06290993535887926
1.8482353324193703
1.8482353324193705
0.0
0.8914825087824921
0.6007796199709797
0.0
0.5510483869329913
7.633510778570867
7.633510778570869
4.219422908432953
1.8201431154679373
0.6618700837400614
0.16546745135798838
0.12887846772679168
0.5549897052643684
0.5549897052643683
0.5549897052643683
0.2219956996988497
0.0
0.0
