0.0
6.146270769545902e-08
2.8311477281384475e-08
1.1520389602073735
4.655324257962426e-08
2.565869180435075e-06
3.828789346417008e-08
3.7479641263082647e-08
0.855128274722873
1.1967445022271272
3.0240322389144803
2.570691168728802e-06
2.9198937615460907
1.5723933541809574
3.616371825245017
0.0
3.616371766665596
13.494883722836274
1.9964507396361684
6.050484302689212
10.652011960007528
9.850726093930458
4.606701300329226
1.103972750072585e-08
125.68091253896003
10.875426741759354
179.1498728330771
13.72290003839116
3.5152205958202254
4.031288285726647
0.0
2.372021082248125
3.6188712083529495
14.177884200162207
12.426806643757763
17.56825953422506
9.560608782295727
56.131728029626316
11.519757956845485
20.053223390519285
185.5668708667424
5.929003391899705
2.1098853133759617e-08
1.270245692455406
1.7542043440314338e-08
0.0
2.5404935047729755
0.004745420720097829
0.8367790488453163
6.442134178134847
0.8360540206794093
6.044025994492814e-09
85.61149370855588
0.2690873099815734
7.387931797811802
8.834904702942328e-08
3.573017235815964e-08
0.0002995430229378044
3.065641426224975e-08
0.2515383520844556
0.0
2.4883924026944585e-06
0.0019692702224424923
0.05548660335946703
1.0196931580233974
6.616327593721298e-09
2.2541869400474543
1.0295489077414808
0.12663807817812456
0.27903546830764386
2.5182751244324756e-08
10.962247014454892
0.853903573746754
0.11014786367688896
0.0004723861013921075
0.0
9.630136424940774e-07
0.04983124035832629
2.2491632317761788e-06
4.4115991954841966e-09
16.711414624637563
1.3848445866290139e-06
0.040716389681533974
1.715234422058195e-07
1.7793940947890677e-08
0.24502074756423275
2.243421557410839e-08
1.0767501917601928e-07
8.785087656895816e-08
0.0006130942788988589
0.0
3.613561674464446e-08
3.1399344147757485e-08
4.3766748984425064e-09
0.16845848123491503
2.5880273919622928e-08
35.310209864272736
2.3732903007996703e-07
1.9244939096173936e-08
0.016399694729080306
2.0945551740113315e-08
1.3622576938086033e-06
1.6634765823015042e-07
4.259747936255767e-06
0.00018912109193659158
0.0
6.660794148533543e-08
4.830179541514861e-09
0.36699477814486453
3.145051371251688e-08
1.47013497388516
2.882155329390152e-07
0.06971354965211989
0.4669928949278633
3.4545650313397704
0.009480859507562337
0.005824933058126306
0.00013286702100441365
0.005823771125346863
1.0415998492383407
0.0
4.474400527460712e-09
5.812536951819171
0.00015221598008932267
1.2845792563682619
1.972187432667572e-07
0.03930512481735961
2.671624873939271
2.8894139684159607e-08
3.014676785047335e-08
5.5152451411314045
2.4449702247567967e-06
6.592133516030324e-07
0.07732340490636126
1.543050440295146e-06
0.0
35.36821427631922
2.7749001594306724
0.05293279252046869
1.4486131024227332e-07
0.0022175167318448973
1.1855919892632472e-07
0.002574170368108127
1.605452700022158e-07
5.561179838441093e-08
1.3668715008336898e-07
5.752603826938974e-08
1.8288258831081183e-07
0.0008480671981573319
5.561850261631964e-09
0.0
0.001643867517060483
0.10685179278585892
2.0489822120540355e-07
0.005212329597766933
0.2692278669135436
0.4769044450347408
2.8952892569847406e-06
5.191475647078396e-07
3.256084170001337e-06
0.09514480814621784
0.01080393844269818
3.397955414894945e-05
4.316991283364916e-09
111.76933457396719
0.0
0.8266921933796041
2.540585480282954e-07
0.7670533302964962
0.3811966272960658
9.797658989101399e-08
0.0005272406631335558
0.27506477623054754
1.4922140723174129
3.6658506303261875
0.0002737376851309198
8.024154243598286
7.853379152126245e-09
4.4355436108354105e-06
0.0002795482476477555
0.0
0.00025857881865852837
0.15072437200581074
0.14325270376576324
1.395011669573664e-07
0.0005588057227642452
0.11606253022365508
0.15265611274070423
0.25904700355114396
4.512793734824039e-06
0.15644052334869749
8.91153628030757e-09
0.6033268409101173
5.562373805042758e-06
0.00012745059514365794
0.0
