0.0
2.2768943859391348e-07
6.128277842168431e-08
1.2000868323937147e-07
5.1136020570499886e-08
2.821435959659357e-08
2.6590734837357254e-08
2.5732979439232852e-08
2.8331737796538584e-08
1.3699801630707503e-06
2.3004485081768985e-08
3.404756782977045e-08
2.922690471835189e-08
2.4590979657116787e-08
5.582393287508455
0.0
3.678903634465465
8.900140002320539
3.6114961875274174
4.8233199916031895
0.85871513371101
14.510639662000056
1.5210480475221402
0.1159746211317825
171.64723278373447
2.7545842805296394
166.90727850928818
12.154858472343676
4.8174292690843836e-08
2.4223499836221642
0.0
1.9792424040701073
0.03246573797246034
9.986587477281226
11.292777544162238
14.643925508775316
7.681266174535959
44.2394529295488
11.398319985882257
55.13858989835789
204.54480824020862
6.471584052715082
4.366474115839082e-08
0.6763688202654435
2.3896461365556374e-08
0.0
6.091646788308406
1.064365714445908e-06
0.8252238575819237
6.540586540403249
0.8248774750190692
7.399069921822834e-09
48.30089685205925
0.26564390139652955
7.587114872222187
1.1218298981317113e-07
4.971474948384594e-08
0.0016818729897878034
5.7868145510182776e-08
0.8417971479178241
0.0
0.0002965290264761891
9.789385035226495e-07
0.054740442493608855
3.640032858247523e-06
3.5721704317437964e-08
9.030970752686857
5.586029363999592e-07
0.04118281095560878
1.678101592471527e-07
4.641166063888023e-08
0.7011974180088418
1.6182492642461902e-07
1.0738681175805005
0.0004686526380931846
0.0
1.0898484455490063e-06
0.03928600447083358
5.4304013147754655e-06
6.01451996740469e-09
16.182076117473223
1.7431795111698182e-06
0.033798008034605344
1.809868820438565e-07
3.3718211632867266e-08
0.2966645576469496
5.60365398029198e-08
0.06396719851828042
8.708342914485577e-08
3.2558723801323677e-06
0.0
0.0005188578464149628
0.06687827656964422
6.524407420412891e-09
2.5150300271588902e-08
2.3839666366126312e-08
35.32848212191626
2.5554203166063623e-07
3.4025784625448215e-08
0.0009722843193642374
5.144399129995901e-08
9.659441114980702e-07
1.6722873071131015e-07
1.7640952148338334e-06
0.0009276807304769363
0.0
0.17577839335437428
9.906544425785821e-09
3.2420320851831076e-08
2.8874433958435604e-08
1.5946636165532468
3.073687607441877e-07
4.310908586642723e-08
0.8726577049900475
1.062688003690307
0.007594282220764803
0.007646789204427108
0.00017313592219827815
0.007645509219707328
5.51698355696127e-08
0.0
6.412294877481759e-09
23.475448455314712
1.1332760730773916e-06
0.11910272920234266
0.09090271173936737
0.15150351133017262
0.8765065182827185
6.413999660945745e-08
3.516965165704312e-08
1.1022167887502714e-06
1.5629949517113706e-06
7.331786979776138e-07
0.07622493513101555
3.6132957554987814e-06
0.0
5.92291306100787
5.534307400761297e-07
0.052236339221531064
1.607885616396827e-07
0.0031171078161135266
8.825346171929906e-08
0.007610547069970776
3.199837574291003e-07
8.697447571451144e-08
4.837516396550564e-07
9.08122308349141e-08
2.404636687892592e-07
0.0007568661869240293
1.165509947437023e-08
0.0
0.001658557207981702
0.10114866350461203
2.1522850875525308e-07
4.242806999129552e-08
0.059220805632969
0.09107862755625766
2.5256935415616697e-06
1.1257708965884319e-06
0.034211016870052735
0.08914697967544719
0.008609750743531595
0.0003466922294751094
6.785826421742159e-09
89.38758739537312
0.0
0.7895568117722621
3.0152182720778356e-07
0.36202359696341335
0.3266008795765117
0.14792313040823282
0.0006366067932507454
0.026579688701271618
0.7866278419384617
2.423018510172517
0.00032851948358492616
6.04818488186421
3.764185182656543e-08
6.203819901595877e-07
0.00032911442788959716
0.0
0.0002937270476203777
0.0443947179410698
0.2295368883514814
0.07079134504086698
0.0003970259291623695
0.0230201554328015
0.14705373745767922
0.15691507358804374
1.628925164162195e-05
0.1872773135374054
5.451583134136414e-08
1.1376538219521896e-07
1.634381709374421e-05
7.839336493268271e-06
0.0
