0.0
1.88126087114998e-07
3.956126734806958e-08
0.5090579431776779
6.323753880902575e-08
5.6554410976121956e-08
6.711964310413985e-08
5.7650364719739175e-08
5.5062484072867944e-08
1.336342492939225
6.763841701516397e-08
6.298387117731672e-08
5.940939958697299e-08
5.4996095485039784e-08
7.681142956171634
0.0
10.72771411109043
8.943092008444804
4.865198436313827
1.379023073254069
4.435671562004091
20.267972450971655
10.540053684161089
3.875180582396654e-08
202.3689772658143
6.036497140688213
124.98871205984926
5.0798136926209825
5.326892515067413e-08
2.9268411404946386
0.0
2.0055847127361046
0.03243694094854252
12.238428499287672
12.606746605093523
9.587736940943126
8.934463432542463
47.23671121632182
11.120780031027017
29.12752814266222
219.33635428291976
7.225805562179085
3.1786788482101776e-08
0.9313742166373056
2.8713127246597884e-08
0.0
6.994215391857284
5.995924244217455e-07
1.0118928900723843
6.442311507398031
1.033581030295288
1.1551683517504897e-08
64.21584605663836
0.33832140370550917
7.337938774804053
4.0785191263839316e-07
7.119669887119977e-08
0.0012480511408198363
4.688319631790006e-08
0.5994495691499385
0.0
0.000506772058293539
0.0016077445791809267
0.05456438263768618
1.9760988953829393e-06
1.2204883993720642e-08
0.056459938585750415
9.347438422920359e-07
0.0420896216906526
6.99860806767646e-07
5.9278364765554896e-08
3.0771293014133407
1.001408696124903
0.09287637803139401
0.0005620615914128221
0.0
1.4217479272617541e-06
0.04175776651092938
2.894458673405455e-06
9.232475395664497e-09
8.186254927246189
2.5341990544414e-06
0.03626254151713374
2.742356964963219e-07
3.549261345981211e-08
0.42516135712367964
3.909680560445291e-07
1.8585305605941662e-07
1.452523466979184e-07
7.213502604671924e-07
0.0
3.16327786241861e-08
0.030689072039969536
9.517862955811084e-09
3.724179706598629e-08
3.7193254113476384e-08
37.381353980912195
6.713582672112413e-07
4.72256771899526e-08
3.981634767124799e-06
4.5228573704742053e-08
2.6070980587987143e-06
2.9304474957686184e-07
0.00013410676965501284
3.686722860475957e-06
0.0
0.09391589833084638
1.0480449149340696e-08
4.5157096166292866e-08
4.3790006749640105e-08
4.570411942067416
7.469965522071378e-07
5.1139204951545726e-08
0.6088702009039072
0.20743256962864498
0.007782600068759979
0.06778218079288834
0.00019414469624173044
0.06476851832333946
2.209036817090126e-07
0.0
9.855170326362853e-09
20.3470261298
0.00018565126363414165
2.860941262325817e-07
3.5118792169515823e-07
0.10617651707199217
0.6987633108996415
4.14114910107683e-08
0.0006573476795335508
0.08001062270109804
1.7654308570441203e-06
9.726448332933247e-07
0.07610716910063486
1.9714930140682767e-06
0.0
31.75032450854696
9.333523801153167e-07
0.051911599133785735
4.567770566791797e-07
0.004884374081647955
2.1686459471077297e-06
2.6048403598911793e-08
0.0004323833332459718
1.423626068507777e-07
1.1927298219794832e-06
1.334016804223786e-07
2.463864929757991e-05
0.0012000596195533024
8.668602900346315e-09
0.0
0.0015804935421774456
0.08508116876534316
7.109420627677275e-07
7.744224793167953e-08
0.04005245488292246
0.1777191082123536
2.0767791761947414e-06
0.010459883793580236
3.7891419673014024e-06
0.1324580443902143
0.011927979296581608
7.83736118402128e-06
7.30504822113581e-09
49.25807931656789
0.0
1.4982050476604225
6.956350472487316e-07
0.20889694233566866
0.1576883577192897
3.148909763363666e-08
1.8034037188171737e-08
2.192960588389485e-07
9.516962492791943e-05
3.93278803938274
0.0002895475037846411
0.8311094835384948
8.420966538442813e-09
2.610291461635865e-08
0.00029477771930781424
0.0
0.0009522325874055072
0.0694448020987192
0.06715001087753573
2.7489056125105066e-08
0.00036979809186013957
1.031838305203279e-06
2.0894729562728345e-05
0.19986430922076381
1.2399541338616917e-05
0.08822543741774802
9.20013036161306e-09
0.005454406222372692
2.870536443025218e-05
0.0012442369407061613
0.0
