0.0
6.539292285036621e-08
2.615676139644293e-08
0.6478429430644961
2.5975337586339285e-08
2.184818732416743e-08
2.5027800893787075e-08
2.2183605448037447e-08
2.1451771684412987e-08
0.6726563982684355
3.2809024581388297
2.3913964952036495e-08
2.2401181785068435e-08
1.3827064753247427e-08
7.622754939289378
0.0
5.7612099807543995
10.928690790238026
5.037392427976175
1.1412267335209108
26.345391208498878
22.30829018669784
4.318964761907681
2.0223504015734393
183.63590774957996
5.895129655786311
123.50144325813925
7.338538679601846
2.3932264543322723e-08
3.0177348239744255
0.0
2.096904965328396
0.0326599035362523
13.516940877390514
7.788132516324705
8.199387764161512
15.881205058704928
46.87459178381608
11.065754032657358
25.487077645766348
222.2718839124563
4.726354270122387
1.2540103725890697e-08
0.9032999325964635
1.1483361267046523e-08
0.0
6.235556602817044
2.4720001434889476e-07
0.9298634420923992
6.467465579400818
0.9290448834271601
4.652592372191833e-09
62.22266476245035
0.2943113268666695
7.575455090645468
4.516008360908023e-08
2.342266673052134e-08
0.0006558750374554881
1.8985820131295342e-08
0.45596869043373583
0.0
0.000203305722735191
5.901448515235572e-07
0.055173182114241076
7.782294166420601e-07
6.392059887414223e-09
0.05634307155317965
3.804876187437239e-07
0.04156455586585778
8.152039733232343e-08
1.7718931864741312e-08
3.7066263333672813
0.6610343203243816
0.09482007740757498
0.0004408680242414553
0.0
5.817993765240439e-07
0.04292266724340595
1.1371769667605526e-06
3.623969792788098e-09
21.26782392455212
1.0167214566121124e-06
0.035887818644643354
1.1200376306469962e-07
1.2038435137569471e-08
0.7465256507287668
2.2262151066864684e-07
7.335526919518203e-08
5.921649008068399e-08
7.767911556511364e-07
0.0
2.6524405856576504e-08
1.1648981614982803e-08
3.7131970965382027e-09
1.577202934038222
1.6688944333528904e-08
34.01322958698647
1.4593011216273408e-07
1.460936327649163e-08
0.04020658974413984
3.597913923721301e-08
9.057718015869932e-07
1.1951671034219274e-07
9.841966326666848e-05
1.466071166533965e-05
0.0
5.744428333002815e-08
4.106841435314811e-09
1.149975134457024
2.095263380448817e-08
1.567876188990238
1.833259462873805e-07
1.9088562443571566e-08
0.6407523227094963
0.6231517745741022
0.007888653865696673
0.007356952245258315
7.716984552211115e-05
0.0073562450784991655
5.76154734420768e-08
0.0
3.878985979790523e-09
2.9989024198391617e-06
0.00010330224497384719
9.412776398112591e-08
1.7280766241753755e-07
0.16767440582595364
0.8035670981352249
1.8580649898076526e-08
0.0005139899035414482
0.26323872661797776
7.463009989146455e-07
3.991786499977819e-07
0.07671506597641262
7.76581084237033e-07
0.0
23.615379430805135
3.8040374843143563e-07
0.05312137373542424
7.987584211207825e-08
0.0018922114801941724
1.197688557697486e-06
0.008247128315866064
0.0004435714110619579
8.820468360660621e-08
2.7008092094573293e-07
6.25113716047638e-08
8.364338572005577e-06
0.0006205121568521174
3.2412811600299845e-09
0.0
0.0010634365110436363
0.15890836224879204
1.1774141820778948e-07
0.021451541627347397
0.03309830783681862
0.08801474613006485
9.429033393310974e-07
0.02184278523398952
1.157846867257874e-06
0.09097620282034115
0.01105628441187952
2.300338046725921e-06
2.736531752020456e-09
67.22810998521527
0.0
1.2456018224103886
1.7472385861260788e-07
0.22754256845327092
0.2458068771948863
0.11130083894316428
1.0538986196005017e-08
8.805233702369083e-08
6.0001691609018844e-05
3.786451558431996
0.0002294738132102524
1.4922388076897002
3.5298305455743974e-09
1.243169903584511e-08
0.00023195157599997405
0.0
0.00020426854275112986
0.06065922137588939
0.06966244556394757
0.05233900623357574
0.00039372894794498134
3.8826873185490275e-07
4.5058353707162116e-06
0.18595731727369602
5.860662605809399e-06
0.07963648638665921
3.7931336404747986e-09
2.7194809733019376
1.1969752605853899e-05
0.0003049586856708121
0.0
