1.0712410344218934
12.18790596844767
12.269609909740772
12.1312700061006
12.131270006100605
0.46962579792789844
0.0
25.945598124867104
44.48613963665346
44.70926921244408
46.14733632943779
44.86821056358339
26.485807086892038
0.0
42.61652597233376
96.22160369633497
100.0
100.0
98.7164756515588
40.862688908302204
0.0
51.00327279035326
95.18183027036666
100.0
99.99999999999997
99.99999999999999
71.74912532050621
3.5084780869086365
52.852107494580565
89.05033851005786
89.00896303516328
100.00000000000001
100.0
69.64631546888775
3.693136249290449
0.0
1.8097109767678055
1.8097109767678052
1.4552036980245258
3.598215457953404
4.626295509102092
0.7710491600975303
0.0
0.0
0.0
0.0
0.0
0.0
0.0
0.0
12.187905968447673
12.26960990974077
12.131270006100594
12.1312700061006
23.992844055603868
0.0
44.48613963665347
44.70926921244407
46.147336329437785
44.86821056358338
63.907234339339766
0.0
65.56475514591116
58.47877470744518
77.34939925964864
87.90145957601878
96.3315617469485
0.5465364864979493
67.28097563952437
61.12062423265203
65.40175205501562
83.18842701548965
96.7967770563856
0.0
36.40262154619385
36.3612460712993
15.723085026190681
39.64088798291202
100.00000000000001
0.18560492782587515
1.8097109767678057
1.8097109767678048
1.4552036980245253
3.5982154579534034
48.88624057289227
0.0
0.0
0.0
0.0
0.0
0.0
0.0
0.000374103689789932
0.000187051844894966
0.0006125006956570842
0.008221345112418217
0.0
0.0
5.9536514163394125
0.0027222933255347543
0.005444586651069509
0.014442600285688044
0.5417346481050499
3.8401489714471433
3.8401489714471424
2.587199900775642
0.05394129882177722
0.0
0.0
0.02452296450799501
0.5456396311657357
0.5456396311657356
3.105940061372402
0.0
0.0
12.031777635141855
0.05537989679873425
1.0913407218315703
1.0913407218315703
0.3862594350731422
0.2836771806089317
4.969659833765824
4.220742898285743
1.29521148841201
0.9561398278755655
0.9561398278755655
0.2643980955835005
0.3862749234940874
2.659899866382419
6.243365471943145
3.969740529054813
1.285266391280878
0.5571802054182992
0.3862749234940874
0.12887847255481316
3.826876532291827
3.8268765322918243
0.5549897882426207
0.22199589841504797
0.0
0.0
2.5039215331611837
5.295328469865668
3.424746484317578
1.8692964121386368
5.292367164660356
3.616704403893677
0.0
19.459459500696806
50.338723778018384
32.52162583893381
21.83737662580573
51.30907162864933
33.42142738737947
0.0
53.06296370270646
68.48685473472521
63.58092864210729
43.137558461161895
40.27485300496104
44.214209646432984
0.0
62.82467004377875
86.68312426582274
99.99999999999996
90.87904067907348
86.23050210504368
71.74912532050621
3.508478086908637
56.82329720633345
59.965145488961745
64.00984402309251
84.22161650213602
75.67685405764045
69.64631546888775
3.693136249290449
1.7637584005726725
0.0
0.12263064089615336
0.5258769027809372
0.18560492782587523
0.0
0.7710491600975303
0.0
0.0
0.0
0.0
0.0
0.0
0.0
0.0004254488507621181
0.011796175959370386
0.02700788686262841
0.0076066531629256405
0.0
3.3075841271721322
0.0
0.03747003839179107
0.384610147874394
4.42053324358985
1.8622823331493121
3.307584112126795
0.08696728060669383
0.0
0.0
0.0
0.0
1.342181671014
0.0
0.0
0.0
0.3539760660033777
0.11795543132196938
0.0826760095066012
0.0
0.0
0.0
3.6787209678007273
1.2262402427486094
0.0
0.0
0.8913401259320596
0.9730939950134025
0.9533014454575726
0.7489169354800761
0.7489169354800761
0.0
0.0
0.0
0.0
0.0
0.0
0.0
0.0
0.000187051844894966
0.000187051844894966
0.000187051844894966
2.0689031199792645
2.068903119979263
0.0
0.0027222933255347543
0.14644667762516084
0.14644667762516092
0.0
3.2541234889755843
3.2541234889755843
0.0
0.05394129882177722
1.9274895511036436
1.9274895511036445
0.061307810926024546
0.0
0.0
0.0
0.0
0.0
0.134876272240762
0.30101593160631135
2.427966509604501
2.4059123915659324
0.0
0.28367718060893177
4.9635941409555615
4.963594140955562
0.0
1.9717504118060223
0.10145396986223523
0.0
0.3862749234940874
3.1360264251103374
3.136026425110338
0.3862749234940873
0.7265470093896745
0.3862749234940873
0.3862749234940873
0.12887847255481313
0.5549897882426208
0.5549897882426207
0.5549897882426207
0.2219957109898263
0.0
0.0
