0.0
1.882225212136795e-07
1.196973353831154e-09
1.9017304285712774e-09
2.070464799189288e-09
1.7515792690991918e-09
1.780098335572067e-09
1.7378174176642485e-09
1.8064903185417478e-09
5.768124012790894e-10
7.269337706433777
2.132185712860914e-09
1.809951860921511e-09
1.0480872718432046e-09
6.77398879733149
0.0
6.189637607976396
11.373944114381503
4.744916445250145
4.5252092864043424e-08
5.1084855855970845
21.897061639732463
0.8628777168631482
2.3900659316356323e-09
191.68557330527236
0.26648567986368554
141.93306796854503
13.477215613543255
1.4422488580375489e-09
2.676776060487487
0.0
1.9715008094617028
0.03215152926355247
8.333389741645943
2.957483472825406
15.87873785369564
3.4768179060428657
45.833402508674354
11.459814364159591
35.50475542209846
233.76463748416677
3.916093895060481
2.410841285181173e-09
0.5244096957269978
1.1397211649509341e-09
0.0
4.944661499226682
5.545287508068599e-08
0.8261326913809396
6.5460423759110125
0.8302302279183329
5.406541367731919e-10
56.350291392260246
0.262057327096666
7.701058648673096
1.713328621681862e-08
3.4584055432465224e-09
0.000604657641851244
8.997249454591996e-09
0.5343267962231039
0.0
0.00012010431740782241
5.507975450381099e-08
0.054279325566981056
7.979031511651422e-08
0.1131966532484757
0.0560522791683796
3.924578904228358e-08
0.04173552636920782
1.0624585990823197e-08
3.2959730314805303e-09
1.6353537891506855
4.659015947328182e-09
0.08853569602449247
0.0002212291665886683
0.0
5.961215213368959e-08
0.039834289093781415
1.1378897870724596e-07
4.631675693021191e-10
6.973056907374155
1.0562646008911914e-07
0.03452497544732112
1.1594788011671728e-08
1.1475856761207038e-08
9.45670007247433e-09
3.913306072094829e-09
9.730005793481165e-09
8.083328372145599e-09
0.0004904491834089395
0.0
0.00028578628159514705
5.566648606021678e-09
5.491960413102885e-10
0.9581147824816162
1.661743907542565e-09
34.57643713241694
1.393738368340243e-08
1.228513878941306e-08
1.333619209419032e-07
0.00388434230247267
8.933628670523984e-08
1.4086567525438636e-08
2.4354545223446236e-06
0.0001406929480734739
0.0
2.4714237446354886e-09
7.241864244715635e-10
0.929667857587144
2.0143440823435134e-09
1.4787979138045628
1.717400849909952e-08
8.169300499524877e-09
0.037183018508557195
0.4627555637703741
0.007663967983442009
0.012836857418112572
8.810649930285756e-05
0.012809156683585047
8.97554937015763e-09
0.0
5.260913599368193e-10
20.948876735015432
5.919010413906791e-07
0.034991673855181045
0.02217111582195037
0.03201447076363388
1.216449451314264
9.927226873983035e-09
1.2780937628618398e-08
0.8683792095793441
6.367154497033993e-08
4.1785925287248685e-08
0.07533264728884748
7.970374862651905e-08
0.0
2.2612998840695404
3.9615287337652436e-08
0.05309372356061276
1.017013005646293e-08
0.0010273172696772036
4.620457462961034e-09
0.005936147453110399
1.963215760642505e-08
4.612459129470917e-09
3.4935581425298735e-08
9.266050410310718e-09
2.0068162937752535e-08
0.0002861810066069769
1.0009041085641868e-09
0.0
0.0005410165228199772
0.141923597587694
1.0909939944296007e-08
6.8873057841894755e-09
0.0073147058702368985
0.02959984746630515
1.0724700750881582e-07
0.007418562518953527
1.1387067564197158e-07
0.1009030390678625
0.010821977375166303
8.913064602954969e-05
5.048962615791144e-10
92.33609599945765
0.0
1.1132742400706996
1.6732907365523203e-08
0.31454257935228025
0.2073485485394197
0.019669197081149076
0.016751716264089896
9.14179704777926e-09
0.5062083577718848
3.4537372340437527
0.0001254257718888797
3.5018267967926224
1.1484844723688331e-09
8.665893853831836e-08
0.00012551206709831105
0.0
0.00012168773203254842
0.052120452708589095
0.09331096490451186
0.019891937155726604
0.017745962997416948
3.1794024575950665e-09
0.05350284824545667
0.16123837854579692
3.307424946664858e-07
0.052497269703342814
1.4138022620040977e-09
1.9072890491285102
3.502354411587277e-07
8.074084691467652e-07
0.0
