0.0
2.437914893269559e-08
7.078630198360842e-09
0.537245603498463
1.1042006610877001e-08
9.073726494831186e-09
1.1375413893780813e-08
9.200498309734011e-09
9.199280245339455e-09
1.1560013608878499
4.504000494729011
1.0321441255232693e-08
9.227202661915914e-09
6.208917361229409e-09
6.600440657062267
0.0
6.18775661195971
7.688747234841077
4.544005202508088
3.983393692652971
22.153523133895277
26.220772384052527
6.780773793114108
4.442187427144055e-09
181.00683721996523
7.574396121977017
125.7699324261981
6.3443649548365695
1.1938232599291734e-08
3.0065043380001244
0.0
2.065247215561633
0.032536170079939766
5.826238049960004
8.456923896632171
9.1672828685479
10.68563201604959
47.74371862165138
10.984559569244674
24.0319162559872
233.28264157487015
5.873634942997498
5.346171754929035e-09
0.9495750416742036
4.5382504127637685e-09
0.0
7.31856832147965
1.5352046714711434e-07
0.9977485236021754
6.444803340633712
1.035784245797239
1.8362884863859257e-09
67.39733148042002
0.3342006531168718
7.438776890774367
1.9128535265689006e-08
9.702362236171595e-09
0.0005258148009222999
7.93100127979106e-09
0.8002633673110775
0.0
0.00038263875634933004
0.001174172997396099
0.054522854712838895
5.671629018957158e-07
2.062438859236923e-09
0.0563849601939171
1.5167898799408678e-07
0.042346031910520686
3.521111604834383e-08
7.277099387269052e-09
0.4758644540257087
0.8503410399042619
0.09414536338105148
2.937451705874386e-07
0.0
2.4323461046414053e-07
0.04230923910666286
8.404881309293969e-07
1.4723631786819884e-09
14.79459192310502
4.238112244301188e-07
0.03678450269603788
5.296319073325409e-08
5.053671414844968e-09
0.7557061648267915
7.477190331514473e-08
2.9746233081855833e-08
2.3321046154256613e-08
1.093650456714521e-06
0.0
4.670791393886997e-09
8.52186069386652e-09
1.4958900143012665e-09
0.8640743879687869
6.248685181776079e-09
34.669314004044296
6.081987349371224e-08
1.2066081223528952e-08
0.047393096515539176
1.3983969037523071e-08
4.105629982196824e-07
1.0029694782268744e-07
8.056810850940141e-05
1.0533539666483915e-06
0.0
7.458789811802082e-09
1.669313025389492e-09
0.8404714288395804
7.277545316476271e-09
1.3703762961003332
7.340033438581912e-08
1.1529314514081724e-08
0.530268793440269
2.689629199545353e-08
0.007871629969068572
0.5027311855116019
9.946749939865717e-05
0.11700796093441185
4.038258245923628e-08
0.0
1.5740416029705927e-09
1.4880622023538922e-06
9.22563761191937e-05
5.3492011074087034e-08
6.160138872942673e-08
0.07995657324235504
0.8799644660654993
7.68042579151911e-09
0.00048271178641263757
0.6068597049694754
4.474992612688054e-07
1.6495798788118997e-07
0.07561906306782179
5.649489224906498e-07
0.0
25.7486453548617
1.5082368932630791e-07
0.053830108096775166
3.40456939092834e-08
0.0035908450275789544
8.158597312123272e-07
6.060501405811594e-09
0.00044365311269098975
7.391824826181135e-08
4.097223412846468e-07
2.4857787412421915e-08
7.192208085201268e-06
0.0008760948657693544
1.4039400333887066e-09
0.0
0.0011588512949379445
0.12871922096393296
5.644492401537832e-08
0.0066643388443104285
0.015738806316767197
5.3724429956821863e-08
7.172138062480909e-07
0.015416444727413763
1.2420522342456265e-06
0.10307188037647189
0.012016716481056355
0.0002997050647217937
1.1469752496926902e-09
60.460529504839464
0.0
1.03568006098664
7.157334844891192e-08
7.373838284783932e-09
0.00041954333781821305
5.200480283705146e-09
2.8698144705061753e-09
4.545211811073026e-08
5.565243332251413e-05
4.332290186010288
0.00021516802841147788
0.00012805732218209787
1.4538203848543602e-09
4.157415368611177e-09
0.0002169744770198171
0.0
0.00019975103992516915
7.007409152152511e-09
0.00015299408870068936
4.8351094562922025e-09
0.0003970113390624208
2.5011396831364196e-07
8.57966328408012e-06
0.31178827685944044
5.099974254637306e-06
1.7555342994460952e-06
1.5534023070115391e-09
1.7303662114036427
1.1436230666012106e-05
0.00028496719382418176
0.0
