1.0962368332619072
12.34053334619465
12.453439271172643
12.322829054792969
12.322829054792972
0.48690590917022347
0.0
25.89898753961313
44.066714705919985
44.18105665632779
46.56667357801063
45.03547028648732
26.570168721757327
0.0
42.47057382541443
96.94023849534584
98.09456634799186
100.00000000000003
100.00000000000001
49.67198013109355
0.3748909806160491
54.473559422526755
98.62192706730632
100.00000000000004
99.99999999999997
100.00000000000001
55.41815861388545
2.3308584821753793
47.974120924218475
83.88886263060319
83.36290426578127
99.99999999999999
93.1841594792504
65.39455545421814
2.9981742673983502
0.0
1.9911407658685842
2.0777222565523727
1.6256424274711296
3.655028168028337
4.626295081206595
0.7710490409386052
0.0
0.0
0.0
0.0
0.0
0.0
0.0
0.0
12.340533346194649
12.453439271172645
12.322829054792974
12.322829054792967
23.99234858114299
0.0
44.066714705920035
44.18105665632778
46.56667357801062
45.03547028648731
63.911988309363686
2.9502619071882696
69.77859722941677
73.54102467063133
90.51732185537206
93.36581936524942
98.66914475548778
0.0
69.63154788508226
76.7754722230591
70.38375566676203
83.5986988002076
97.69704107038086
4.748579993401219
36.89165474071672
36.365696375894785
24.320474851122267
27.789604025032265
100.0
0.2342508919101611
1.9911407658685845
2.0777222565523727
1.6256424274711299
3.655028168028337
48.69059671528754
0.0
0.0
0.0
0.0
0.0
0.0
0.0
0.0
0.0
0.0
0.007852729793965502
0.0
0.0
3.023370379522769
0.03148520269901384
0.03148520269901384
0.03148520269901384
0.1691225454816846
0.20060774818069843
0.20060774818069843
5.062249351502101
0.053988535985250816
0.0
0.0
0.0
0.0
0.37775779464388604
4.377757745911305
0.00960827300514893
0.0
13.702280433423386
1.0963295642192088
3.476598002230818
3.4765980022308174
1.4812504909195403
0.07960179580448581
1.1398146733825634
0.9800057816571213
0.5196162803531383
0.7510090073756474
0.4043737435567088
0.059921750150522035
0.38585345223959316
9.328218197495955
9.596167830838347
3.415022433630993
1.415353846949018
0.5146739487114362
0.1286684388750544
0.1288784446051247
3.8268765963560503
3.8268765963560516
0.5549898002685649
0.22199591778384475
0.0
0.0
2.4888888913451463
5.2916673887533605
3.4434040026306567
1.8696939065281
5.264187329114698
3.6014226047232123
0.0
19.46372833744616
50.31142943799164
32.24552037524837
22.593609863878775
51.55284910734515
33.34181964491433
0.0
53.00367062782638
74.8177191590557
65.29250549070804
56.800964267374404
52.05363620242773
49.67198013109354
0.37489098061604914
63.90863983755969
75.24322147935278
66.3273571788173
68.88707278797348
61.53483362389865
55.41815861388547
2.3308584821753793
55.60145593509776
63.786302093265846
76.2145120565562
77.31038596668172
72.39927760425263
65.39455545421814
2.99817426739835
2.19141563108333
0.0
0.003090835170887324
0.7637754534427252
0.19625189855224934
0.0
0.771049040938605
0.5440735843639747
0.0
0.0
0.0
0.0
0.0
0.0
0.0016059620414654024
0.012883865291351146
0.033440731386201
0.012334531592353135
0.004111113315616098
1.6796502114091763
0.007247355444392784
0.020491365135794366
0.30182527295341915
4.593609869623628
1.5312032727986835
2.9310149761175563
0.082508651393393
0.0
0.6719220643512007
1.679805182589001
0.5599345656617398
2.931014986336594
0.0
0.0
0.9371769065555656
8.036586054099883
2.741115011512761
1.0519167509717504
0.0
0.0
0.0
0.0
0.0
0.0
0.0
0.2766539395570734
0.40500625761261444
0.38500817559882733
0.2691943778846556
0.16084014184290185
0.0
0.0
0.0
0.0
0.0
0.0
0.0
0.0
0.0
0.0
0.0
2.082082784398958
2.082082784398957
0.0
0.03148520269901384
0.17622612621147188
0.17622612621147177
0.03148520269901383
0.5888920713337091
0.5888920713337091
0.0
0.053988535985250816
1.9315891988328602
1.9315891988328606
0.0
3.381756198540701
3.381756198540701
0.0
0.00960827300514893
0.3268065223252094
0.3641082038403694
0.6341241257197737
3.128592537638896
3.128592537638896
0.9371769065555656
0.07960179580448583
1.5666440504793873
1.5666440504793875
0.0
4.24555557027902
0.5440735843639745
0.0
0.38585345223959316
3.790797969683384
3.790797969683383
3.147072800288605
1.4153537525211606
0.514673956347575
0.1286684388750544
0.12887844460512468
0.5549898002685653
0.5549898002685649
0.554989800268565
0.22199580563001137
0.0
0.0
