0.0
0.000284425913540273
0.0011347101776936629
3.834733574876844e-08
2.820794158014479e-09
8.23097881151303e-06
4.39268474777779e-06
5.198286474267801e-06
4.659401507551773e-06
4.053317975445065e-06
3.2885377097360668e-09
3.974417997580896e-06
8.552656202538847e-10
2.692755613324931e-06
3.0208825209547046
0.0
3.0208664931495273
5.15518198236376
3.3425070612864483
0.4335891585000669
0.9279222315366045
1.8215194879180518
0.9276949931765953
4.953025026492054
329.6308968593897
4.505552345540567
41.95465575166375
2.335815348367963
0.00010463422590835736
1.2283218537962637
0.0
1.2283216516706277
1.719523351254423e-05
10.218394074062925
7.598416885257063
4.382435708015748
7.598646257540716
24.673558745824796
42.48296045549499
12.089930602625481
270.4359387512432
2.7439014398435926e-06
0.7532419757201179
1.50418965492559
0.0001474793375693002
0.0
3.9641451186274317
4.3047229438626406e-05
2.4418840951446407e-05
0.00038505008707964163
2.5792499513169485e-05
0.00010586521616336194
35.40693855368957
2.1440209797917346e-09
4.4495510015960447e-10
1.6415921934782493e-09
0.00012185782381018846
0.0013507835592578266
0.00014613672548308677
0.023352991344337
0.0
0.000205900231390425
4.704368720377673e-05
1.4279786753312443e-09
4.982961757181042e-05
4.141728712452548e-05
5.160606539589429
1.4279970235932643e-09
1.5691450663620554e-09
9.451657093342959e-10
6.081729896041859e-05
0.5036793436631636
0.0007769543986274436
2.069569232216432
0.00015910507873377275
0.0
0.00013850007218142873
1.8552218831558466e-08
0.00015613349418380247
0.0001082398569883718
8.019389271171145
0.37482690281840725
1.4112191318237964e-09
0.15488810745005507
4.028819386309275e-09
0.0027477425308688993
2.3099311910255424e-08
0.17787551486604733
7.849383772698665e-05
0.0005825951670523953
0.0
0.00041963405048999044
8.562728005704033e-05
5.6255743191663886e-05
8.248182265839437e-10
5.413522576155634e-09
2.0333199210814036e-09
7.502699606328488e-05
9.311666574496315e-09
0.0023585048671294043
8.687106033990659e-09
0.0006903330538566271
4.377874609243806e-05
0.000345349392016371
0.0006453622309812282
0.0
4.694955747767493e-05
3.313224665185812e-05
2.2362753066577226e-09
8.229033051207667e-09
9.14787225653355
8.535920424186191e-05
0.00039262787869592884
0.0006855547144689586
0.6385533575426235
0.6253688513231783
7.522778300370842e-05
0.0002744564814366241
4.729495461664032e-05
1.1210034788229033e-09
0.0
5.638686515524085e-05
0.6294424842651252
0.00014716819842631025
23.33989435663701
1.916255778275269e-05
0.0010605774718796053
0.11655754805901908
0.00014712087848154043
0.00028889637472970546
0.23704639134848848
0.000206474617260952
4.695027803806625e-05
0.000635515765407275
4.972485070644741e-05
0.0
1.6195538095306206e-09
1.4602616289863802e-09
1.1269659029255565e-09
1.014444360538022e-09
0.0019457459641707797
2.830437678389534e-06
0.0010448945328142968
4.913557614725241e-05
3.99703347537106e-06
7.446653460408333e-05
3.771132998209355e-06
4.540110768870117e-05
0.00040371658748880937
3.0537550340410235e-06
0.0
0.0006396152777028478
0.5717420048306285
4.30326399442945e-05
0.021670343594370776
0.000698018236154838
0.0007713091650884897
0.00040871499395517193
4.49801756670549e-05
0.0002448441246219435
2.2965280117224458e-05
7.616101425874724e-05
0.0004320363893529082
3.401306115305335e-05
4.302654843759693e-10
0.0
9.120384733768049
8.558148807036284e-05
0.0021840135207881607
0.0010665057861685844
4.2583577112091715e-09
8.265064506097607e-10
2.045474068903292e-05
3.0777208115381435e-05
6.594904781176726e-05
0.00036830406913399927
1.6497929877305162
1.6040155125548497e-05
6.55865821017918e-10
0.00022780731605121123
0.0
0.00018362487252357448
0.0011173086084178547
0.0031357597544982834
7.092033328420972e-10
7.889296272815582e-10
3.6480449755692496e-06
5.691957879358631e-06
1.3940174923632613e-05
0.0003249265771511358
1.6702301874649972e-05
2.818923292510877e-06
7.488497654563024e-10
8.162608613573519e-05
0.0008618929254782671
0.0
