0.0
0.0003546336976951417
0.0014148431759643902
7.263559474934182e-08
4.506385122072853e-08
1.033547199502111e-05
5.522056874236704e-06
6.682144620856662e-06
5.861674188310233e-06
0.4970246373678662
6.586348405447372e-08
5.00016387501447e-06
1.5062789416389167e-09
3.1740370852116233e-06
1.6506159875194109
0.0
1.3792595195093416
1.1180812672342642
0.8254257801819475
7.118410783527886e-05
0.3293763110516179
1.7748996087859314
0.33937608189256874
2.367860608051885
275.977765201149
8.790233400616351
101.32989071482187
1.0236741964356888
0.0001325248633972359
0.504887410735185
0.0
0.5048876092570268
2.1579206475151922e-05
9.608337827255571
8.212587123153046
2.6463034686000397
8.227992579270095
17.990609944657987
118.36881272128933
10.36983322466876
214.5828970431046
1.5524091503832254
0.8197655295724773
2.0315601189014414
0.000184040788028159
0.0
4.278445719953408
5.378562563468001e-05
3.0622373591551134e-05
0.557968518432098
3.235915595233286e-05
0.00012639060528923642
14.83270345120964
2.8884075390091395e-09
3.3074631159681446e-09
3.287617250072921e-09
0.00015196900750334583
0.0019969693590879446
0.00018275088525063177
1.8075409488813639
0.0
0.0002571573010181979
5.895825173703688e-05
4.909026688506914e-10
6.242488458080785e-05
5.058142544392761e-05
0.23677333481580087
4.4316532580778327e-10
2.0750390467630727e-09
1.5989393913817256e-09
7.582598944123618e-05
0.00026301744879027853
0.0016128883112144525
3.042590770192243
0.0006069134586090653
0.0
0.00043617072343927197
0.00035638766844426457
0.000401254446345162
0.0001704170950358188
0.42432469438084314
0.00014273322894031013
1.4902091623093298e-09
7.053430678146263e-05
1.2621946226400589e-08
0.004751674920104092
1.6446830557783978e-08
0.10115879974756287
9.396277334023097e-05
0.0007394651756485752
0.0
0.0005277645185706066
9.032818026960979e-05
7.022393376822188e-05
2.496370462192171e-09
7.46052645007303e-05
1.8047005207657594e-09
8.34152990535183e-05
2.088358240434411e-08
0.0025457990001023154
1.1454161565731335e-08
0.000838848204901936
5.3158744701509004e-05
0.00040109566539940026
0.0007301711045013229
0.0
0.12795869805840016
4.1577277850707745e-05
9.506857402749606e-10
0.0001151541225118505
11.269947351699944
9.863052178683192e-05
0.0008745742721066304
0.00047190548071487134
0.5047915276601795
1.5489910551881154
9.293286207785924e-05
0.0002830984899105549
5.9218830713304116e-05
2.030991329340363e-09
0.0
7.047541550162531e-05
5.412368459467447e-08
0.00018364604494921946
18.58975017935282
0.8301462284180396
0.001706339817172419
4.267035680024731e-05
0.00018345102433501892
0.00036033555580233014
6.284835562006317e-05
0.000321050938450584
5.879114933613425e-05
0.0007917762273531548
6.228992668758608e-05
0.0
6.929008613873707e-09
0.34148290902505196
1.924837090987171e-09
1.7269356357977664e-09
0.00240782393875757
3.5396456587112834e-06
0.001302590400877856
6.132365985635232e-05
5.004735155500999e-06
9.33797656319819e-05
4.7191172190426195e-06
5.2744425198631006e-05
0.0005379346738317394
3.822034042993373e-06
0.0
0.0007971800838357333
0.6992847406781242
5.061404412489259e-05
0.03495043495283407
0.000870034717544392
0.0009617769302215536
0.0005104699107025785
5.542799057718199e-05
0.000309534888296195
2.8748747840053192e-05
8.658515959282955e-05
0.00047569071717387326
4.256106716341725e-05
2.558960834441254e-09
0.0
11.303561406834232
9.902489100682127e-05
0.002605318922887066
0.001326669847197379
5.532451477799367e-09
6.827882585443054e-10
2.4857084906910495e-05
3.845974351007456e-05
8.230575196299306e-05
0.00046353846083714166
1.5378132891363703
2.006528503860581e-05
8.899283144936173e-10
0.00044872710615173346
0.0
0.00023765649747409977
0.0026570877154133425
0.002580590475429201
9.199313097876085e-10
8.148705120774268e-10
4.427302659353535e-06
7.11611073567415e-06
1.7410635296904162e-05
0.00038873764600607595
2.0863785029906884e-05
3.527673766343184e-06
9.921204355839689e-10
0.0002197830970620433
0.0010732736319253354
0.0
