1.0712482072933327
12.187948456913908
12.270242424468913
12.131151734082733
12.131151734082726
0.4485190892325098
0.0
25.898663746395506
44.06381551159536
44.14533923016622
46.07403310586847
44.838973199308256
26.471130474351668
0.0
42.50814464075717
97.86678332090636
96.60364086245065
99.99999999999999
99.98346231736008
45.53829843177323
0.934566584202929
50.122754541219884
97.7880718416397
99.99999999999999
100.00000000000001
97.16927211787896
70.50887672627456
2.9219416353015912
55.10859335785024
91.20204509642113
91.69733685267325
99.99999999999996
100.00000000000001
74.35897121097734
3.9752933464695355
0.0
1.9424046651022744
1.9424046651022746
1.5051891963351411
3.6140057553322653
4.624552154586116
0.7707586758187365
0.0
0.0
0.0
0.0
0.0
0.0
0.0
0.0
12.187948456913904
12.27024242446891
12.131151734082732
12.131151734082716
23.992032488178406
0.0
44.06381551159537
44.14533923016623
46.07403310586848
44.838973199308256
63.90639953262581
0.0
55.92350011669303
54.66035765823733
67.7756056544994
71.58481216750614
95.41124693406601
0.5593091780370726
66.24973618974414
62.91560884422535
56.52234540108628
99.99999999999997
95.88095618584984
0.0
36.122531648559644
36.617823404811624
14.778137087578001
57.63648844856544
100.0
0.22851807772583427
1.9424046651022742
1.9424046651022744
1.505189196335141
3.6140057553322653
74.67465253358293
0.0
0.0
0.0
0.0
0.0
0.0
0.0
0.00041825488330761657
0.00020912744165380828
0.0006715142529772684
0.00887705850382199
0.0
0.0
4.547312842016035
0.0029776251042057953
0.0059552502084115905
0.15637162098039406
1.0811995876241312
5.287927691794947
5.287927691794948
1.9789589405238504
0.053858011017462945
0.0
0.0
0.0
1.7090949955664891
1.7090949955664894
2.6098814218753397
0.03080426320934284
0.8959854004735218
7.492416376755763
0.36064428190461806
0.24288796373736474
0.21665753679469707
0.06529489307876804
0.18813668500202468
1.4374648781454022
1.2361022691081656
0.4150938103655578
0.5436065025070748
0.543606502507075
0.18120213894612075
0.16986299028502722
0.0
4.045489781968563
4.045489781968562
1.2120270552380883
0.4488341635306866
0.13447562083854703
0.1272824565371251
3.8299576036954415
3.8299576036954406
0.5560033582815048
0.22240134200729744
0.0
0.0
2.503917502056488
5.295420630180594
3.4260098389499785
1.8683381920372648
5.293416177963699
3.6392606029647485
0.0
19.463757811626472
50.30022419075328
32.136395690180045
21.705179683150007
51.2663227253158
33.43526908135023
0.0
53.01893376400299
68.56241210271189
68.18203086073623
50.88751049681075
40.87556671412681
40.28735584627173
0.9345665842029292
62.071891229795035
88.16730015142547
99.99999999999999
91.86399896425104
81.45851738456223
70.64060150389152
2.9219416353015917
57.00063498135966
60.35341242862644
63.12124273484309
89.31443318321439
87.27687778500861
74.28560415006855
3.9752933464695355
1.4876822407915575
0.0
0.16745278087361626
0.6103783098448875
0.20345932494732455
0.0
0.7707586758187365
0.0
0.0
0.0
0.0
0.0
0.0
0.0
0.0004623868113234601
0.011092268417783976
0.025169531726465716
0.007038809130923059
0.0
2.526284914106456
0.02680449202039991
0.15637162098039406
1.0811995876241312
3.705179656713197
1.23505987173374
2.5262849115863935
0.08775027117021429
0.0
0.0
0.0
0.0
1.1221991857387046
0.0
22.2777812618643
0.0
0.0
0.0
0.018380848686114643
0.0
0.15136264371592908
0.15136264371592908
3.9530197674326066
1.3553329723867675
0.3027252874318581
0.0
0.4960083405404475
0.5964800354957239
0.4692870848661316
0.20136260903723832
0.20136260903723832
0.0
0.0
0.0
0.0
0.0
0.0
0.0
0.0
0.00020912744165380828
0.00020912744165380828
0.00020912744165380828
2.0884796101143297
2.0884796101143315
0.0
0.0029776251042057953
0.1457499392644694
0.14574993926446933
0.0
3.949848186536469
3.9498481865364687
1.081199587624131
0.053858011017462945
1.9269199765739704
1.9269199765739702
0.2629376271145832
0.0
0.0
0.0
0.03080426320934284
0.15136264371592908
0.15136264371592906
0.15136264371592906
4.217680879376997
1.4876822407915573
0.0
0.1881366850020247
4.959182695572231
4.959182695572231
0.0
1.3713725436662636
0.9254634819528486
0.0
0.16986299028502722
5.775341836492944
5.775341836492941
0.0
0.8599887198160563
0.27069725680963835
0.13447562083854703
0.1272824565371251
0.556003358281505
0.5560033582815047
0.5560033582815047
0.2224013070558869
0.0
0.0
