0.0
0.0004252637649167773
0.0016963732330855454
0.001803642548190888
1.8964110796105017e-08
1.2386116972740797e-05
6.614103367901217e-06
8.003769661223952e-06
7.0206068499186385e-06
5.6520457413171e-06
3.3667041706233254e-09
5.98902810198952e-06
9.06743285563281e-10
3.803944229352239e-06
1.8132621843566905
0.0
1.8132343659915855
3.453780952317201
0.9067725573781855
0.6719032448075778
1.0740872273883533
1.8747075129889348
1.073749077416848
2.4727686967690135
332.6305621254954
3.823155359256507e-05
47.313399029169055
1.0861938373729676
0.0001589339983873704
0.6853165003163182
0.0
0.685316253232705
0.446413499898232
8.818617541126324
9.396320972467784
3.8140323952066426
6.039226903802386
20.440705390939485
54.56467023493222
19.6846203031447
263.73369582877723
1.8220252236132244
0.8686231199014295
1.734055870335716
0.00030242608347755837
0.0
5.518756683184613
6.448289720278342e-05
3.66871194165815e-05
0.03324674894974168
4.334449660744788
0.0001515192728725888
10.831550438214347
1.860989836237215e-09
2.6780707958807137
2.4341684762866927e-09
0.00018189429594747157
0.0029545329633569803
0.0002081373217479479
0.19426643492468368
0.0
0.0003074998844548524
7.059809394312389e-05
7.448479628989183e-10
7.478147486974349e-05
6.059162383634465e-05
5.311462153422544e-09
6.140143416396719e-10
3.796682052166969e-08
1.1867344162542736e-08
9.077970042814602e-05
0.000314869594992388
0.0019341637794443416
3.914420103751941
0.0007440419505107077
0.0
0.0005223318443916401
0.0004276584189330103
0.0004801315961742296
0.00020421720182302154
5.790670173440024
0.00017092865554411187
2.4590413683677166e-09
8.457178238488548e-05
1.3801474405136608e-08
0.006262226119732371
2.32529584379061e-08
1.368555343134552e-09
0.00011230615668150011
0.0009479882946392909
0.0
0.0006824218497628787
0.00010791066490873282
8.408800048375896e-05
1.5584480436648676e-09
8.943453680160926e-05
2.145456445637903e-09
9.995932332020534e-05
2.3737047724924682e-08
0.0030595459305324414
1.761928014407262e-08
0.0010062710115985806
6.353835687978142e-05
0.0004703762558213242
0.0008753459222677667
0.0
0.10564084716230125
4.97736954742267e-05
1.2118695136103288e-09
0.0001380595854383941
11.066711297080033
0.00011826948098467589
0.001048948488343055
0.0005659605699032362
1.2629401742548514
1.6840377911205202
0.00011122463019580544
0.0003388809946565776
7.093614177342929e-05
2.4997878795137644e-09
0.0
8.438731698177932e-05
8.539818103261974e-08
0.00022007636696507759
18.952359432801025
0.6827542506022599
0.001589768521592184
5.111245109826189e-05
0.00020971978844636194
0.00043175344410043074
7.52853732877674e-05
0.0003083292436926496
0.00200112700444545
0.0009520774763097694
7.462027589896661e-05
0.0
1.320841488610018
3.5503518004028115e-08
6.345168932218633e-10
1.1952078230585334e-08
0.0028888861955014633
4.241072002094108e-06
0.001562523804353724
7.354618079790245e-05
5.995200841415568e-06
0.00011179805268513691
5.6571773875842326e-06
6.214495494828547e-05
0.0006431003421476322
4.573441252298857e-06
0.0
0.0009555862755282311
0.6742524582001922
6.070746640890474e-05
0.1066333531558329
0.0010475910204196955
0.0011528715546107945
0.0006122780818660649
6.631908696975709e-05
0.00036388292886972956
3.442441894629416e-05
0.00010158559076039743
0.0005706732107794734
5.094502063310564e-05
4.415141065119129e-09
0.0
11.021698988180596
0.00011874795908750047
0.003130959305083494
0.0015911620049177966
8.499768930359994e-09
7.028881435572439e-10
2.9716139311216014e-05
4.604588151408689e-05
9.861862168478877e-05
0.0005461836893528172
1.388819686936472
2.4017256887006984e-05
1.0666377725112318e-09
0.0005371868369969371
0.0
0.0002846712395029241
0.003189054107693221
0.0030956744863530486
1.4161162082111009e-09
7.127966706705674e-10
5.291925720749317e-06
8.52342647695753e-06
2.0882394097567108e-05
0.0004600797979548418
2.5025162961648284e-05
4.221672984864966e-06
1.2054098701923874e-09
0.0002637596371186571
0.0012865104324447892
0.0
