0.0
2.6039606434030135e-07
5.2855723626776556e-08
0.5312791753111492
8.394347994809381e-08
9.758038311053708e-08
2.32781607709941
8.355404971382553e-08
9.899145118210626e-08
6.842501251939633
6.756243876322901e-08
9.625124575327317e-08
1.1080992106036343e-07
9.537565122060703e-08
9.508449579339626
0.0
8.008368629881799
8.955921428523158
5.972619830024273
1.4807026826220757
7.553323182519953
23.70416772962045
7.841325892082093
2.3811760696985032e-08
220.42870185276428
14.097901619254115
93.11871670577378
7.917654925831638
1.5858542798216764
3.849612845154979
0.0
2.5515550210309472
1.6183358250761621
15.68238164979226
10.027494367268442
6.358843037767916
10.287974880885264
53.67751997958782
11.325774969519419
6.126815247635092
224.35315301377193
2.0976028907241235
4.1133256228186604e-08
0.7783832540164707
3.33721327212195e-08
0.0
2.743684469088886
2.472670502305661e-06
0.9049771119174497
6.481002121030383
0.9246814820803215
1.4958915129158705e-08
83.48449007258532
0.3007503369171275
7.440099811729175
6.489299425803097e-07
5.6029129618217e-08
0.0008798966088934423
5.3522952633342437e-08
0.42770048592625726
0.0
0.0002649997261397799
2.667252893556297e-06
0.05434134480604337
5.680032845747787e-06
1.4440109423190395e-08
5.126001253045839
1.4567997070279166e-06
0.04172569954051887
9.35604196702091e-07
4.562668623600363e-08
3.619051170483695
7.879675538425161e-08
0.08983180191033124
0.00046377914604311043
0.0
2.9711936147403288e-06
0.0404475849686247
8.429834572445372e-06
1.1233619418855957e-08
15.051174506960788
4.510388715204677e-06
0.03476211143225325
4.488305809787465e-07
3.6516088097201685e-08
1.119505726957107
4.5364826035121586e-08
2.818926502519813e-07
2.1044554215729678e-07
1.8764733538967927e-06
0.0
7.052842357295967e-08
6.664198345158237e-08
1.0559482998395424e-08
6.910059671345762e-08
1.1171077060098408e-07
35.42188481051639
1.0504961780935766e-06
4.391701972267931e-08
5.185417274306329e-06
4.3780388282901325e-08
3.223174375087869e-06
5.067297098071622e-07
7.75910031080478e-06
6.137415346437395e-06
0.0
2.3299112348049026e-06
1.1972281713719811e-08
0.42374566620235116
1.2279942690526535e-07
6.498268019503223
1.208745943020608e-06
1.2597190863824694e-07
0.970536457733745
2.026483203948702
0.007945989342041762
0.22967509136799974
0.00014205320783590417
0.06116138938327431
3.0575770712404424e-05
0.0
1.1023732369601886e-08
6.588280828250153
8.475933948535355e-06
7.703989008522513e-06
5.629468852620094e-07
1.2750964177825824e-07
1.3179365091258768
5.648865338416427e-08
3.963173408920294e-07
1.834057004541703
3.5084962057115615e-06
2.0004229986896925e-06
0.07539958511988178
5.647765348042743e-06
0.0
0.0789823363622103
1.4294254900280041e-06
0.05310703519002057
7.831689686516308e-07
0.00240415514815506
0.005902239620478709
0.0004675285106373044
1.8577714918117035e-06
7.765875802410105e-07
1.714645873048925e-06
2.343366712819311e-07
1.0052570712256832e-06
0.0003845970722228874
1.0497321384134487e-08
0.0
0.0009582137047354128
0.4229814479388976
9.762936653260442e-07
0.011373687509463465
0.007765899928094107
7.666239143568915e-06
9.319070541507765e-06
0.007773264492739431
6.71524036839518e-06
0.10360183969221798
0.010854830856612116
2.4967023970784508e-05
9.436768307389083e-09
70.99323624015389
0.0
2.1533606457049244
1.1714286677005685e-06
0.2615314675210448
4.318830937846796e-06
9.85832811211635e-08
0.0005669307246697849
3.9283370742008774e-07
0.0001248934635459951
2.0764257680465823
0.0002938584290415739
1.9450346995665238
1.0758896851336838e-08
4.469924947920288
0.0002971799214872934
0.0
0.000995416625701036
0.11156337426626523
0.07880145201743775
1.2722205922679882e-07
0.000390037756382418
1.4425124910388935e-07
1.1677084597260654e-05
0.2398042115373008
1.147716926658146e-05
0.20824558279257982
1.1786656691235558e-08
0.21715807984619648
1.1939447458983686e-05
0.000847720222474974
0.0
