0.0
2.8260652220604148e-08
2.1765776693458003e-09
3.5246597808969065e-09
3.3721191988134014e-09
2.489907716339003e-09
2.463569579768748e-09
2.4572204523703254e-09
2.4506502617746696e-09
1.4320003765022325e-09
0.8430743305840515
3.073313337327304e-09
2.5715889583564675e-09
2.3363502420359077e-09
5.483009289349216
0.0
5.105114126868754
10.825986109239771
4.021701650728307
6.583777036558848e-08
0.8301570475786507
9.077987545254508
0.8296297530432372
2.718960019747632e-09
168.84794995931293
0.2607603500105423
184.74373812682822
10.5601389558581
2.60494825254725e-09
2.252663746661744
0.0
1.9454629412423192
0.03228652241277305
10.055976291447857
10.882835482054888
23.96756490608558
10.576642172172413
43.2439101664148
11.53087872514163
43.60003101770103
206.55982838957362
7.6274116844346445
1.0347360700872121
1.6745813497932978
1.7666674088261888e-09
0.0
8.537854676459517
6.695570512183028e-08
0.8006430056365783
6.59171096544102
0.8003631018965183
7.397152060840628e-10
39.052225889915306
0.2577726447909179
7.588057543052931
1.7212830298645056e-08
3.70162631848724e-09
0.0006111977701109593
4.165494236447102e-09
0.5434099086482097
0.0
0.00012261561462743176
7.648458119712744e-08
0.05462429346066073
1.1375046798405349e-07
4.5671798536314485e-09
6.380581266035894
5.182743149839921e-08
0.34537256934169813
0.25805566656710244
2.6438187788698256e-09
1.65151208169558
4.415415456804833e-09
1.9083574948774278
9.162130421421917e-08
0.0
8.288874731656809e-08
0.042091690409172565
1.6646630220859053e-07
6.019457759192597e-10
24.84981837360866
1.3857767518295996e-07
0.03597670404183752
1.559027896789873e-08
2.487726527802514e-09
1.2323189018381427e-08
6.197236905714028e-09
0.14179955893929372
1.1438016918386068e-08
8.298340641473322e-08
0.0
2.059238120123423e-09
0.010672523098192844
6.779252346474792e-10
2.3736629308636848e-09
2.3322682657334543e-09
35.45509649665786
2.806043576348937e-08
3.4913581224936072e-09
0.00035631388170665954
6.911558079603866e-09
1.2396708617012168e-07
2.14452241227185e-08
3.122845848769593e-05
0.0003612101824697256
0.0
0.031198709544992792
2.397204707615372e-09
2.8786153335606546e-09
2.8078361614610044e-09
1.6051630314318506
3.2330117559897765e-08
3.4925805122107324e-09
0.0035535524061441103
0.8053696732241368
0.0789530035549581
0.0071071675819623795
0.00020871798874808306
0.007107069561232829
6.540402012447684e-09
0.0
6.652042870267289e-10
22.965022566095296
9.77786222695163e-06
8.761678262843741e-09
2.0381417653245126e-08
5.463728499245543e-09
0.6682111782091675
3.0558475975528326e-08
2.7087571572989846e-09
8.882213282082088e-08
9.236396152798237e-08
5.678998775480285e-08
0.07594536572788499
1.135730815126063e-07
0.0
0.07917624122338035
5.198227485209525e-08
0.05274770204058274
2.0350812280736323e-08
0.0010558535439744408
8.116670828533149e-09
0.010937527465090278
1.7976008209836884e-07
8.016102067271778e-09
2.6696917111558654e-08
8.321915041437652e-09
5.5922914777858714e-08
0.0003493672044889781
4.724680174305153e-09
0.0
0.0005152401025839386
0.09209265831074132
2.329311484584786e-08
3.126525402357331e-09
0.01081365497316859
0.21027249562304906
0.06306034351171375
0.015205380989626368
0.24682770559204664
0.09567963710082239
0.010903515958424034
2.761091434867274e-07
1.5989535558031673e-09
86.98691636877767
0.0
0.7331490269342982
3.147453414221376e-08
3.3244005181879695e-09
0.02171484804687254
0.010672533576444678
0.0493918083966387
0.03081511682880372
0.06100463497365326
4.319994372221709
0.00013329374049204823
1.8833569801307657
9.862837461411513e-10
0.00020885263896351804
0.000133630422330536
0.0
0.00012449646182886008
3.1489882789186554e-09
0.014250132518811761
0.008480862740408232
0.02314713042311279
0.017758643601243733
0.0247421804349783
0.3552215220946694
3.640974914709933e-07
0.04067681855698163
1.1208571782754356e-09
0.00019572496652888187
7.389310741821571e-07
7.723185426509931e-05
0.0
