1.0712434509752746
12.187918662208167
12.269769308160484
12.131122831807376
12.131122831807376
0.47772227256710537
0.0
25.899285915346674
44.069375050810535
44.04321722394122
46.65232156162005
45.069666856801604
26.581310616445826
0.0
41.06027617372298
96.89338390165248
99.99999999999997
100.0
99.21544900796466
42.418431064596085
0.0
48.89053517290168
95.90644946568042
100.00000000000001
100.00000000000001
97.3633583895405
65.12050803392539
2.6240105808280583
51.47841331586695
89.08700057268253
88.61914787439505
99.99999999999999
100.00000000000003
67.80730972442
3.8237432868410925
0.0
0.6929553571647964
0.6929553571647965
0.21550735300020507
2.3195032866937844
4.626296244897835
0.7710493663861421
0.0
0.0
0.0
0.0
0.0
0.0
0.0
0.0
12.187918662208173
12.269769308160484
12.131122831807378
12.131122831807374
23.993038701744794
0.0
44.06937505081058
44.04321722394122
46.652321561620056
45.06966685680162
63.91261714493242
0.0
71.66255507588554
66.46328330272173
92.40088135727703
99.99999999999999
99.56911102268884
1.4712233813697326
60.2518566633511
54.52125513960635
68.15750211253545
100.00000000000001
99.3871706126185
1.5859368925108266
34.943080473755685
34.47522777546823
11.396653491099684
18.09195145296981
100.00000000000001
0.16298876559487255
3.2893972603449932
3.2893972603449892
2.811949256180398
4.915945189873974
50.4515097215824
0.0
0.0
0.0
0.0
0.0
0.0
0.0
0.00042353012025481374
0.00021176506012740687
0.0006589649260250758
0.008513572690919968
0.0
0.0
3.766780208893846
0.0027508994012521975
0.005501798802504395
0.0
0.0
0.0
0.0
2.970384304995415
0.054003210120587765
0.0
0.012094396004018645
0.41000316314831214
2.9574104079902286
2.957410407990229
3.8707811487954245
0.0
0.0
12.163031250846872
0.3152220959882477
2.9630877680093244
2.9630877680093244
1.4249984926600359
0.15330741193779987
2.2436158569131734
1.8787576033379811
0.5778010238109349
0.5778010238109349
0.5778010238109349
0.19260032496614918
0.788411189451563
11.434236449184862
14.616443534102135
3.97061827436883
1.2558662227964108
0.788411189451563
0.788411189451563
0.1288784299111842
3.826876513421107
3.8268765134211065
0.554989962960369
0.22199598344692056
0.0
0.0
2.50392053395601
5.295354006474275
3.4250652055997812
1.8688627282766967
5.291849309381399
3.611321916187115
0.0
19.46370127316449
50.32190310017682
32.34578852736684
22.747964112622594
51.603218669384226
33.33130653807555
0.0
51.29273470151574
84.21930731010436
71.5591101335875
55.45838947622817
48.76856903240544
46.848008200011385
0.0
61.282329854636366
86.9330707317259
100.00000000000001
77.62594533153103
71.8742796905097
65.33291289903153
2.6240105808280583
56.0921569342549
59.53697211046179
62.242640194224656
76.74811573254784
71.0098460524264
67.59490485931387
3.8237432868410925
2.298250177247374
0.0
0.15563177520927388
0.5812931394071225
0.16298876559487255
0.0
0.7710493663861421
0.43730257530982414
0.0
0.0
0.0
0.0
0.0
0.0
0.0004471998658976689
0.012019730006294629
0.02671028224543731
0.007345353151445592
0.0
2.0926556757059385
0.0
0.027157764440892213
0.36834837246495156
4.7479641118515215
1.5826546998115845
2.092655666423033
0.0819213679552809
0.0
0.0
0.0
0.0
1.6370509917414682
0.0
0.0
0.0
0.0
0.0
0.9357053908826277
0.0
0.0
0.0
4.0522505111195954
1.3507501650005715
0.0
0.0
0.4663680435612122
0.5622421744326475
0.6163641596559026
0.36485825357519375
0.36485825357519375
0.0
0.0
0.0
0.0
0.0
0.0
0.0
0.0
0.00021176506012740687
0.00021176506012740687
0.00021176506012740687
2.0778492346425264
2.0778492346425255
0.0
0.0027508994012521975
0.14661358959787152
0.14661358959787152
0.0
0.0
0.0
0.0
0.054003210120587765
1.9321145801447324
1.9321145801447326
0.0
0.0
0.0
0.0
0.0
0.0
0.0
0.6304441921451519
3.6202074721540978
3.2433071434251377
0.0
0.15330741193779987
3.031526310312984
3.0315263103129837
0.0
3.8245092203415703
0.43730257530982414
0.0
0.788411189451563
0.7884111894515626
0.7884111894515626
0.7884111894515626
1.2067155646137677
0.7884111894515626
0.7884111894515626
0.12887842991118417
0.5549899629603691
0.5549899629603691
0.5549899629603691
0.22199596788230344
0.0
0.0
