0.0
11.466470521524744
11.466470521524744
11.466511183974461
11.466511183974456
23.99970152165929
0.0
46.16494013672718
46.239478877356675
45.85688723496362
45.948224489316964
63.67008713013597
0.0
98.74821000448506
100.00000000000001
100.0
99.79855132287094
100.0
0.0
86.383366583037
86.19493953686217
83.80853411400412
100.00000000000001
99.99999999999999
0.5325213406111938
63.926202379086234
64.12254531487302
60.83699008582469
71.2752520061274
99.99999999999997
0.0
0.25168010970480204
0.3004952817790873
0.25046536697764704
3.0829359203074347
22.17059073798673
0.0
0.0
0.0
0.0
0.0
0.0
0.0
0.0
0.0
0.0
0.0
0.0
0.0
0.0
0.0
0.7224546791658844
0.0
0.0
0.825272119968092
0.0
0.0
0.0
0.394706015020167
0.3947060150201672
0.8252721165086601
0.699284740678121
0.0
0.26922213921231086
6.732542848284974
2.4549603704110723
0.8183201181108806
0.0
0.03363905967490666
0.060521817859890845
0.03363905967490666
0.03363905967490666
0.03363905967490666
0.0
0.0
0.02535860652690773
0.05230167914360322
0.0
0.0
0.0
0.0
0.0
0.0
0.0
0.0
0.0
0.2666572509417417
12.799786594952003
12.799786594952
12.799840811551626
12.799840811551618
0.2666504738667894
0.0
24.05547680362005
42.03755005854271
41.963011317913356
41.61221475962123
41.6921348571804
23.970272216361412
0.09133725435334439
46.62123983428142
65.31033596485092
64.05854596933602
65.17749324692143
76.41874040332739
33.94064938309826
0.3513957122311746
52.39114304324152
75.28994313110012
76.56740781282322
71.13042623412956
70.82031396892002
40.76738450469756
0.0
52.26639990868744
63.53338940369367
63.77356621899043
67.17918022193997
55.877487486064176
59.148767188446264
1.3738988244449084
4.319102784884985
4.416171097981691
4.419657895986996
4.416084330644038
4.618403655881878
3.087091848647221
0.5488163240951849
0.0
0.0
0.0
0.0
0.0
0.0
0.0
0.0
0.0
0.0
0.0
0.0
0.0
0.0
0.0
0.0
0.0
0.8256624904752964
0.0
0.0
4.881429199096008
0.0
0.0
0.0
0.0
0.0
0.0
0.5539356958688217
0.0
1.537718622637043
16.914147465991412
0.235569371810772
0.5047915110230833
0.5047915110230833
0.5047915110230833
0.0
0.0
0.0
0.0
0.06056795537133393
0.06056795537133386
0.0
0.0
0.47965224130392387
4.5505938792858895
4.070941637981966
0.8806916721033277
0.32189327873852397
0.08498830801103019
0.0698677411166876
2.2270349128107316
2.2270349128107396
0.0
0.0
0.0
0.0
3.7332015131843828
3.7332015131843828
3.7332015131843828
3.733106634135054
3.7331066341350536
3.7331066341350536
0.0
36.083215205430015
36.08321520543002
36.08321520543002
35.69852229667337
35.69852229667335
35.69852229667335
0.07992009755917634
51.38338109491341
65.22225171770671
53.40624893190693
43.584840683034926
40.57878549528957
51.76734153263829
0.3074712482022778
66.03521216285324
74.20918120821905
68.37605695959864
65.62153474790159
60.92369605591044
61.15107674869576
0.0
59.47008275720231
59.470082757202206
59.470082757202206
57.0408771304628
56.175966061807564
51.755171289890484
1.202161471389295
0.0
0.0
0.05230167914360348
0.02535860652690776
0.02535860652690776
0.0
0.48021428358328677
0.0
0.0
0.0
0.0
0.0
0.0
0.0
0.0
0.0
0.0
0.0
0.0
0.0
0.0
0.0
0.0
0.0
0.0
3.8866497790417442
3.886649779041746
0.0
0.0
0.0
0.0
0.10115879884090266
1.9220176697022844
1.922017669702283
0.0
0.0
0.0
0.0
0.0
4.061151838847092
1.6933213132009226
0.0
0.0
0.0
0.0
0.005503987521735704
1.2439968598306286
0.4207348624007554
0.0
0.0
3.8604009826515293
3.8604009826515244
0.0
0.8753799340910421
0.3165815455974747
0.07436476950965142
0.06113427347710171
0.0
0.0
0.0
0.0
0.0
0.0
