1.0712418994598392
12.187910518921818
12.269667930915077
12.131219010895865
12.131219010895853
0.46949377602546194
0.0
25.8996230670429
44.07239203131344
44.25097710699318
46.14442577065031
44.8670496119165
26.485167534925218
0.0
42.83416698624687
96.79443893678086
99.71799698847443
99.99999999999999
100.0
44.96315452214776
0.09413613731445739
49.038655310271956
94.71824142663307
100.0
100.00000000000001
100.00000000000001
73.08276566559007
4.231962828790359
53.53673244017813
90.79781514951387
90.94737859315359
99.82100687026671
100.0
79.91494857905474
5.213726681297983
0.0
1.7913094645424055
1.7913094645424052
1.4106634397041082
3.583368984573403
4.626295968236805
0.7710492898831488
0.0
0.0
0.0
0.0
0.0
0.0
0.0
0.0
12.187910518921818
12.269667930915078
12.131219010895869
12.131219010895846
23.99291300306016
0.0
44.07239203131346
44.25097710699318
46.1444257706503
44.86704961191649
63.90720457641898
0.0
62.88752075208546
57.41812683612317
69.49943040826567
83.04331231153226
94.87418696267508
0.0
63.915930136526114
57.26281275072995
52.94570349889386
87.78305846641366
100.0
0.0
37.44918491853448
37.598748362174284
28.769451196826125
26.968569183439193
99.99999999999997
0.16586965507408827
1.7913094645424052
1.791309464542405
1.410663439704108
3.583368984573403
36.63520064179138
0.0
0.0
0.0
0.0
0.0
0.0
0.0
0.0003761446937321737
0.00018807234686608686
0.0006196182000907354
0.008330218591528611
0.0
0.0
4.582504535404704
0.002731329171994823
0.005462658343989646
0.027675059495631926
0.2851134645899527
2.3501869138932787
2.3501869138932796
2.4684456639340153
0.05399891895462506
0.0
0.0
0.08077344726669172
2.2347311273671444
2.234731127367144
2.538509217450374
0.0
0.0
24.63683900306339
0.0
0.0
0.0
0.0
0.27294065423365127
4.803750627373129
4.037675163901016
1.220605223395484
0.7966198515390467
0.7966198515390466
0.15932392997791214
1.0555674414022673
9.819149009778128
12.733820877335932
3.9702393089600694
1.3234130372446813
1.0555674414022673
1.0555674414022673
0.12887844595667772
3.8268765225403683
3.826876522540368
0.5549898972861198
0.22199594818569054
0.0
0.0
2.503921168884171
5.2953383115416965
3.4248635020663682
1.8691401218477157
5.292184276254921
3.614803729986832
0.0
19.463670603777118
50.33367974804043
32.459450623203715
21.83212846682704
51.30748338988219
33.422037100262614
0.0
53.15138035277529
68.17847701621305
59.975526740187256
46.78665084560061
44.88435380548149
45.17985391083956
0.09413613731445739
61.537661971749955
90.1320847958832
100.00000000000001
95.41482020212601
87.80183035581476
73.08276566559007
4.231962828790359
56.37837959875172
61.22408103112586
67.60626809611031
88.27357021155017
86.6516813368682
79.91494857905474
5.213726681297983
1.3858996054011192
0.0
0.1426338974998004
0.4467545240041243
0.16586965507408832
0.0
0.7710492898831488
0.0
0.0
0.0
0.0
0.0
0.0
0.0
0.00043154585322464846
0.011875604643931153
0.02689660304408493
0.007510824628850866
0.0
2.545835859523013
0.0
0.033823716948357736
0.4429313190805917
3.832128486618547
1.2773761570171
2.5458358527732483
0.08699534059817343
0.0
0.0
0.0
0.0
1.371358807165335
0.0
0.0
0.0
0.0
0.0
0.0
0.0
0.0
0.0
5.39424495951682
1.8333166941151529
0.61110356947062
0.0
0.766075463472109
0.8611647356628318
1.0037986331626318
0.766075463472109
0.766075463472109
0.0
0.0
0.0
0.0
0.0
0.0
0.0
0.0
0.00018807234686608686
0.00018807234686608686
0.00018807234686608686
2.0720671976381118
2.072067197638109
0.0
0.002731329171994823
0.14650568919119605
0.14650568919119594
0.0
3.4512276615245048
3.4512276615245048
0.0
0.05399891895462506
1.927347474581743
1.9273474745817434
0.2692445206164517
0.0
0.0
0.0
0.0
0.0
0.0
0.0
4.308881080944776
1.3858996054011192
0.0
0.2729406542336512
4.850531274653993
4.85053127465399
0.0
0.7231122591360094
0.34725294787168853
0.15932392997791212
1.0555674414022673
5.996746696318843
5.996746696318839
1.055567441402267
1.3364523144044576
1.055567441402267
1.055567441402267
0.12887844595667772
0.5549898972861201
0.5549898972861198
0.5549898972861198
0.22199587502870383
0.0
0.0
