1.0709055134294427
12.185859192770504
12.238100295017627
12.119130591909334
12.119130591909338
0.4734716991560806
0.0
25.89926853570614
44.069221076736234
44.29634861415168
45.579699986113155
44.6420913359123
26.422704871750852
0.0
44.759449107722084
79.49506466459326
79.37536192812789
99.99999999999999
100.0
51.42810342879352
0.46695061270431676
51.461101923517695
80.49251032952698
80.39356977346594
82.89868107149618
79.56957312239973
35.20162730029765
0.0
55.69854906162644
63.590722088332505
66.04187427832768
67.45440218953334
65.38959120403172
44.09484249655167
0.0
0.22952539418108087
2.1437298202879784
2.2317199761826214
2.502096771058756
3.7030310011448004
2.6658053629022613
0.49310885021262507
0.0
0.0
0.0
0.0
0.0
0.0
0.0
0.0
12.185859192770502
12.23810029501763
12.119130591909334
12.11913059190933
23.990587783539144
0.0
44.06922107673619
44.296348614151675
45.57969998611314
44.64209133591228
63.89788588926002
0.0
79.4950646645932
79.37536192812787
67.46582418326561
68.4996781336897
100.0
0.0
80.49251032952702
80.39356977346593
54.13947658880676
50.8103686397103
99.99999999999999
0.0
63.590722088332456
66.04187427832768
67.45440218953335
65.38959120403173
100.0
0.12992233256913405
2.1437298202879784
2.231719976182621
2.2092489662366326
3.4101831963226763
19.10520461168669
0.0
0.0
0.0
0.0
0.0
0.0
0.0
0.0
0.0
0.2310290704902063
1.0396311076123943
0.0
0.0
0.23940531007222993
0.008725462128467339
0.08222309376779505
0.08222309376779505
0.658115973304758
1.2188949049330797
1.2188949049330795
0.4830052579778902
0.05365921768255587
0.0
0.0
0.09582421270812552
0.0
0.0
0.4830064966803385
0.09588596164328878
2.137174652052692
2.1371746520526926
0.6767030679392738
0.5898868440373376
0.41625451381093126
0.3736544461124116
0.08309293737271327
0.0
0.0
0.10274018838195408
0.25576126106220887
0.2557612610622091
0.12227402930724911
0.07119723522953572
0.0
3.9035773033264327
3.9035773033264336
0.8419479795751625
0.3061627621424168
0.07654065631383009
0.08029334968115491
2.3842065251109963
2.384206525110997
0.34576777086249133
0.13830710749783345
0.0
0.0
2.504122847384893
5.290843677759398
3.361863976968254
1.8633980067104419
5.2312094155890625
3.6125101027492477
0.0
19.463702843330914
49.400355968825146
32.45867679139182
21.01687022472472
50.983520716206165
33.57762342856811
0.0
33.74914098783646
82.4241728992409
50.374459238308106
51.15093880247764
51.15093880247762
50.601020291651224
0.46695061270431687
38.9580816143707
99.99999999999983
63.2990991112367
67.31229067847285
99.21265042290142
73.7868153078409
0.0
32.42487158635124
78.7122610506003
50.272485985986535
36.1615526547628
99.7195875151381
83.83866791961718
0.0
0.0
0.0
0.1759817046383513
0.4281286381015055
0.337941419628641
0.29284780482212414
0.493108850212625
0.0
0.0
0.0
0.0
0.0
0.0
0.0
0.0030488103064719007
0.004063847796304
0.15423925520692036
0.0
0.0
0.23940528963564853
0.0030488103064719007
0.2310290704902063
1.0396311076123943
2.964356026488523
1.0891400327343814
0.4830051770120992
0.09573178347552405
0.0
0.30259502598993937
0.0
0.0
0.4830065292611954
0.0
0.015634707853229693
0.11067645257977173
10.168329987677769
3.815188308493978
1.2725103510087066
0.4043360596297126
0.0
1.5197509349298477
6.924384982368598
2.4901400164957908
0.8846058839584722
1.0094448686099788
0.0
0.05865628229524259
0.14429917354618776
0.05411206086433376
0.018036877557201854
0.0
0.0
0.0
0.0
0.0
0.0
0.0
0.0
0.0
0.0
0.0
3.060487038353864
2.0208559307414697
0.0
0.008725462128467337
0.21456132959853896
0.2145613295985389
0.08222309376779505
6.950378903867922
6.950378903867922
0.0
0.05365921768255587
1.91980712276964
1.9198071227696403
0.38329675947108355
3.641321494878659
3.6413214948786594
0.16647181838870356
0.09588596164328878
1.2253891548605649
1.2253891548605653
0.6767030679392738
9.678136784294585
9.678136784294585
0.0
0.08309293737271327
2.8251597471072163
2.8251597471072176
0.0
5.881243461373649
1.96041447471914
0.0
0.07119723522953572
2.4207067270356073
2.420706727035607
0.0
0.841947993899376
0.30616282284776497
0.07654065631383009
0.08029334968115491
0.3457677708624912
0.3457677708624913
0.3457677708624913
0.13830702798999295
0.0
0.0
