0.0
3.764189761823448e-09
1.5534410625385662
6.057800307414454
2.767664951114891e-09
6.901854962461684
8.176881515324567
12.208764875129809
6.5099749165307355
4.397941307033432
43.68476879055239
5.299872061046981
9.113672879665456
1.7363536718860637e-08
0.5161449725744802
0.0
0.5583620244763166
11.342506036662847
0.5161449843251877
1.4270855088050844
1.4275394309050222
42.382975677216855
0.14111723496248735
6.580938135900583
159.657946506079
0.9723189516314179
188.21728611739053
8.847912200758946
14.623185817805025
5.430446553831958
0.0
2.236401150245106
15.824005084000946
1.9660228629259373
1.873766932336967
7.378225988321992
5.901653641176599
45.29066876314121
50.03279917949736
0.1374188690513852
77.71360681905647
40.660762348745
9.920187000357895e-09
8.158176021798852
9.956776545981532e-09
0.0
4.378539116727411
3.027634332432396
4.378539117512652
1.7174786633080024
4.378539118454766
2.1638325882172347e-08
33.58089235129334
2.948660726417153
32.69741772664542
1.6278151150881516e-08
6.009059938267867e-09
7.868546087206413e-08
1.2490668272014135e-08
0.13770535633875314
0.0
1.4494872181030566e-07
3.308498381915476e-08
0.03264172826909944
3.320481169788487e-08
2.4805733823192842e-08
8.797453593415234
7.45483718328992e-07
4.27072943665007
2.8472578863151942e-08
5.104071852521577e-09
0.734563562054866
7.781196692596459e-09
1.5838536308949658
3.843222637417078e-08
0.0
2.3617763569776717e-08
0.0373108285483436
2.3602518645130066e-08
1.7138845547433125e-08
36.70401389568185
7.300360146180736e-07
2.264092496562654e-08
2.13697711497951e-08
5.702121380754331e-09
1.3493564695112106
5.9659329064065846e-09
2.520715297513236e-08
4.4968696533484795e-09
0.0009849241791366732
0.0
8.215287520456854e-07
0.15004904985270473
9.66972445333426e-09
2.297424590922061
3.165840900506832e-08
8.444161043175221
5.823671455340481
4.013245451869055e-09
0.07732782287889917
3.5902558303285357e-07
1.253855254362822e-08
3.9556318952361685e-09
0.0004719277277736822
2.3917490080769803e-06
0.0
8.433036267233032e-08
5.401630275833168e-09
1.9369595833736877e-07
1.6217163608509516e-05
13.337209111076946
1.3614743222425405e-05
9.498570366312312e-09
0.1816286187615946
2.7890133701858154e-08
2.7379231784049067e-08
0.3632014416521644
0.00028353353504647
2.8458220611302503e-08
0.016053459426239786
0.0
8.158299284458096e-09
0.296934099826753
7.19727492266758e-07
34.58667997084998
1.1626633756519226e-07
0.0009791401854262014
0.49505683915859533
1.2929430858130526e-08
8.558287522054279e-08
0.9886080784929901
1.414761460444361e-07
2.960790331842856e-08
0.03346002525411782
3.2694632481916025e-08
0.0
0.2795281450457071
4.562069214704984
2.9921800746742854e-08
2.5759601152356778e-08
0.0027674017555504088
0.0002446333668529621
1.4549501310948242e-09
4.815441709160399e-09
8.184665175054935e-10
5.710365217304465e-08
1.1271451730066492e-08
1.1186555661923058e-08
0.0009268895617253094
1.4975197736514896e-09
0.0
0.0014363834177961816
0.8335729608455161
1.712708413735398e-07
0.0008754729346385089
0.19484582134954173
0.4739279237076423
6.644898102218507e-09
3.953451768316825e-09
7.183312866058916e-08
2.984107274087295e-08
1.3825551126643211e-08
0.0005248165221406325
5.95446502883113e-09
0.9273625483882831
0.0
13.305347286010893
0.00019440892661290075
2.7526800254849446e-09
0.0006825284408347953
0.32774947745492705
1.0912637679117271e-08
3.0688718873844896e-09
5.734361640167485e-08
7.110608969496426
0.0003220096209606574
2.249952975962348
3.4624687955379797e-09
0.04605762083960175
0.0003226177777589064
0.0
0.0002481862708404331
1.6549033851917072e-09
0.0030649411170363314
0.15539354217090787
8.547341876547956e-09
2.7665336751041746e-09
2.8097835231472014e-07
0.6653753498615238
5.411327679563954e-05
4.365935359518139e-05
1.1610901895102838e-09
3.0076270448740194e-09
0.0004843402930689075
0.0012462895789299923
0.0
