0.0
0.0002993328538575896
0.0011940135941123468
0.0012708539696040509
9.657710356183543e-09
8.718539799165931e-06
4.658344856304479e-06
5.6367468058423285e-06
4.944763695144244e-06
3.981571376951061e-06
2.0137934398659508e-09
4.2162265737347936e-06
4.46732977060185e-10
2.6792209473103092e-06
1.8261532612152083
0.0
1.8261335254780746
3.468426353046739
0.9131761500253233
0.6532217006161379
1.0493620004038429
1.8712449715331696
1.0493961469470694
2.483881095603238
333.59104279684436
2.6935299367603358e-05
46.952598078658966
1.0861153030897175
0.00011191054792054108
0.690110522964045
0.0
0.6901103967804776
0.4375914260062697
8.800048702912278
9.233041399511619
3.7329608310248856
5.904952627637463
20.454976653359175
54.319767206793145
19.841967045653632
264.1372979252807
1.81378255770579
0.8663144033967207
1.7303838415494228
0.0002131076138527389
0.0
5.506686585907948
4.540312029367567e-05
2.5843698832405826e-05
0.029819351008896374
4.3254732750491485
0.00010670824458519637
10.65739353083513
9.382548564741957e-10
2.6981546239098826
1.222746114236369e-09
0.00012815858080705888
0.0020807778959560184
0.000146537861131337
0.18790141302233312
0.0
0.00021644079821491933
4.972715175285424e-05
3.6494486586738815e-10
5.267867505721119e-05
4.268564768877596e-05
2.740844916012911e-09
3.0317789127768203e-10
2.1874055496343356e-08
6.35078282386488e-09
6.396899641348512e-05
0.00022190950106215708
0.0013612962513074927
3.9369677550351683
0.00052663827560662
0.0
0.0003680056800653606
0.00030067410353415495
0.0003389115976037739
0.00014382255587747924
5.131909277302331
0.00012041616730727332
1.2490862285500817e-09
5.958107273755935e-05
6.874997787850655e-09
0.004407873045840024
1.1308472114549453e-08
6.780874293851647e-10
7.908450598852749e-05
0.0006676316331384579
0.0
0.0004802156225246198
7.60161571595892e-05
5.922480110876915e-05
8.006855590352188e-10
6.300770918416009e-05
1.0788270940166664e-09
7.04154504329827e-05
1.1803603865933826e-08
0.0021531192775317543
8.583924250187102e-09
0.0007081086419932728
4.473483247266511e-05
0.00033148388658859565
0.0006163142766508162
0.0
0.10840361744692872
3.505322491318208e-05
6.265721676483063e-10
9.725787018156918e-05
10.985170151331275
8.330978470496467e-05
0.0007383063753097071
0.0003983009824411389
1.2472729140419183
1.7177397818507507
7.834399544995272e-05
0.0002386506953706334
4.99645673850203e-05
1.2583089512988393e-09
0.0
5.943538417430894e-05
4.156135900936937e-08
0.0001549451617118154
19.18408278324486
0.7037471273015854
0.0011188714001225395
3.600949750577305e-05
0.00014779011204364348
0.0003040145986939604
5.3035262158484757e-05
0.0002170193685272785
0.0014095523386631196
0.0006698976926623406
5.2564795802843043e-05
0.0
1.2974847229723154
1.7932666734024397e-08
3.1342122771593703e-10
6.415321849440322e-09
0.002032911490132143
2.9870236917697535e-06
0.0010996179718704316
5.1758580831433705e-05
4.2224662045337684e-06
7.875164762217639e-05
3.98373806381824e-06
4.3772756083457426e-05
0.00045315719371204503
3.2200034987698474e-06
0.0
0.0006727944115153058
0.6696709741359672
4.276009277583272e-05
0.09928136309747232
0.0007369588649827966
0.0008114470234218338
0.0004308618936585039
4.670485269921491e-05
0.00025677452132478773
2.424864548830563e-05
7.155418499910397e-05
0.0004017510168206823
3.587532362697446e-05
3.4761915725992425e-09
0.0
10.950682238777942
8.364600160368443e-05
0.0022034986757312144
0.001119787446278859
4.125893577896919e-09
3.5013344390795497e-10
2.0923300437293187e-05
3.244053402685172e-05
6.945405756293253e-05
0.0003846428763504192
1.4451104866533668
1.691461594416898e-05
5.597582475468681e-10
0.0003783092441949634
0.0
0.00020047305520292958
0.0022443804829488656
0.0021783843126921094
6.876340770005021e-10
3.552964593550704e-10
3.72486505999165e-06
6.002336321749418e-06
1.4696539860349656e-05
0.0003244839877388776
1.7610672525479095e-05
2.972664877275176e-06
6.326525547376114e-10
0.00018581917332689552
0.0009058153332455338
0.0
