0.0
11.466465186303102
11.466465186303093
11.466506910556017
11.466506910556015
23.99969331707105
0.0
46.25106415142509
46.25106415142505
45.82671450607728
45.928020788513734
63.6340787581101
0.0
100.00000000000016
100.00000000000021
99.99999999999993
99.8488552086678
100.0
0.0
76.74754413729974
76.15558668602091
85.63051617255894
100.0
100.00000000000001
0.0
59.95962100413712
59.971393741464084
60.36143007785107
70.00298748767433
99.99999999999996
0.0
3.463996710579189
3.463996710579189
3.463996710579189
3.463996710579189
30.447352272467274
0.0
0.0
0.0
0.0
0.0
0.0
0.0
0.0
0.0
0.0
0.0
0.0
0.0
0.0
0.0
0.8013070255768081
0.0
0.0
0.9131377475635384
0.0
0.0
0.0
0.0
0.0
0.913137748178215
0.6724922535925113
0.0
0.582317792022611
8.101178105019423
2.5955230727003387
0.865174348983799
0.0
0.09763994222332914
0.09763994222332914
0.09763994222332914
0.09763994222332914
0.09763994222332914
0.0
0.0
0.0
0.0
0.0
0.0
0.0
0.0
0.0
0.0
0.0
0.0
0.0
0.26665698329834464
12.799780803434007
12.799780803434
12.799836435771233
12.799836435771226
0.2666500292561915
0.0
24.061531816704235
41.97352687104096
41.97352687104094
41.584442588869955
41.67308558600185
23.967027616405296
0.10130628243633999
44.63458837290418
65.22607240332674
65.2260724033267
68.89733474230978
77.55975349949034
33.53415813800721
0.280610334174116
58.02245486620589
87.35739812071678
87.03621782136437
70.92431694690111
71.96115691705678
40.75218266024514
0.0
52.338104232717484
65.10999557469778
65.12345013164406
70.64303454598803
58.2048425361216
59.668393123415235
1.547107469997986
0.0
3.463996710579189
3.463996710579189
3.899164368588291
3.899164368588291
0.0
0.0
0.0
0.0
0.0
0.0
0.0
0.0
0.0
0.0
0.0
0.0
0.0
0.0
0.0
0.0
0.0
0.0
0.0
0.9157794578020666
0.0
0.0
0.9131377522874445
0.0
0.0
0.0
0.0
0.0
0.0
1.0618824384468346
0.0
1.4797811064665036
14.427473659598048
0.6655060480258409
1.2478238400484523
1.2478238400484523
1.2478238400484523
0.0
0.0
0.0
0.0
0.0
0.0
0.0
0.0
0.40721261258517405
4.478154245954534
4.070941633369369
0.8806916575725464
0.3218932586688584
0.084988298379983
0.8064067659595766
1.5120126861742085
1.5120126861742085
0.0
0.0
0.0
0.0
3.733197766176823
3.733197766176823
3.733197766176823
3.7331004095866827
3.7331004095866813
3.7331004095866813
0.0
36.09229772505628
36.092297725056376
36.092297725056376
35.66561750525573
35.665617505255746
35.665617505255746
0.08864299713179752
53.38733001272826
62.23437304582491
52.42462550484499
43.216982537319105
39.05831322164041
49.81818964771347
0.2455340424023515
61.42403135947903
77.25181334200852
66.60204277666557
63.51658873662728
60.18680268707334
61.12827389390136
0.0
58.354596735726474
58.0998543914957
62.644305753195425
60.166540553168936
57.3699059538964
52.20984398298833
1.3537190362482379
0.2593086793820155
0.11056398931626127
0.4351676580091016
0.0
0.0
0.0
0.0
0.0
0.0
0.0
0.0
0.0
0.0
0.0
0.0
0.0
0.0
0.0
0.0
0.0
0.0
0.0
0.0
0.0
0.0
4.310858371411718
4.310858371411719
0.7111986012615239
0.0
0.0
0.0
0.0
2.5816317061695986
2.5816317061696004
0.0
0.0
0.0
0.0
0.0
4.569823175684922
2.08242566092056
0.0
0.0
0.0
0.0
0.0
2.6896397909870458
0.4632744519412805
0.0
0.0
3.640398064198791
3.6403980641988065
0.0
0.8753799392014652
0.3165815407496136
0.07436476108248512
0.7056059202146301
0.0
0.0
0.0
0.0
0.0
0.0
