0.0
11.466465758052525
11.46646575805253
11.466507363391617
11.46650736339162
23.99969418624444
0.0
46.25109231806505
46.2510923180651
45.82664115033021
45.91530535461809
63.63399121478434
0.0
99.99999999999994
100.00000000000003
99.99999999999993
99.84924306152811
100.0
0.0
76.7476968682679
76.15586535161057
85.63132556574283
99.99999999999999
100.0
0.0
59.960270669206025
59.97212624620326
60.356672790415296
70.00257731357217
100.00000000000001
0.0
3.465880648729099
3.465880648729099
3.465880648729099
3.465880648729099
30.43824623717921
0.0
0.0
0.0
0.0
0.0
0.0
0.0
0.0
0.0
0.0
0.0
0.0
0.0
0.0
0.0
0.8014987306774163
0.0
0.0
0.9131732728668284
0.0
0.0
0.0
0.0
0.0
0.9131732734822683
0.6723208703588895
0.0
0.5819142035339817
8.099946496050592
2.5951284795922898
0.8650428180007731
0.0
0.09727931229291202
0.09727931229291202
0.09727931229291202
0.09727931229291202
0.09727931229291202
0.0
0.0
0.0
0.0
0.0
0.0
0.0
0.0
0.0
0.0
0.0
0.0
0.0
0.26665701070072784
12.79978142554491
12.799781425544916
12.799836899330366
12.799836899330371
0.26665007647754596
0.0
24.061546537688216
41.97355243691241
41.97355243691247
41.58437506934458
41.68570558853073
23.967019728364537
0.10133051918617687
44.62923892741195
65.23039340415471
65.23039340415474
68.8890326785501
77.56478217345561
33.53887069657022
0.2807501908628187
58.02304114186264
87.35724087661444
87.03589911735317
70.92634957055601
71.95611454673782
40.758209097473994
0.0
52.33833368314354
65.11074514600298
65.12429437685667
70.64161827338137
58.20299589007314
59.667289278551195
1.5467395217201856
0.0
3.465880648729099
3.465880648729099
3.9005917335216664
3.9005917335216664
0.0
0.0
0.0
0.0
0.0
0.0
0.0
0.0
0.0
0.0
0.0
0.0
0.0
0.0
0.0
0.0
0.0
0.0
0.0
0.9159985493456185
0.0
0.0
0.9131732775644281
0.0
0.0
0.0
0.0
0.0
0.0
1.061769613897167
0.0
1.4805186306841012
14.425094611738862
0.665044804038836
1.2469590075728179
1.2469590075728179
1.2469590075728179
0.0
0.0
0.0
0.0
0.0
0.0
0.0
0.0
0.4071676103693688
4.4781092438834
4.0709416335140425
0.88069165787058
0.32189325919071793
0.08498829863453806
0.8058308871876343
1.5109329134768137
1.5109329134768137
0.0
0.0
0.0
0.0
3.73319814981019
3.73319814981019
3.73319814981019
3.7331010706856445
3.733101070685643
3.733101070685643
0.0
36.09231980653228
36.092319806532345
36.092319806532345
35.665537507335685
35.665537507335685
35.665537507335685
0.08866420428790477
53.38839007406951
62.23149838424722
52.42223898675839
43.21560432537974
39.057938836541794
49.81507312907222
0.24565641700496638
61.42423210706963
77.25107592093623
66.60161103996177
63.516040771880405
60.18835474090554
61.13731355050882
0.0
58.356330622453356
58.10189422147087
62.64199274206864
60.16018251122707
57.36746465184251
52.208878118732294
1.3533970815051624
0.25901467353434227
0.11041833332129262
0.4347110847925674
0.0
0.0
0.0
0.0
0.0
0.0
0.0
0.0
0.0
0.0
0.0
0.0
0.0
0.0
0.0
0.0
0.0
0.0
0.0
0.0
0.0
0.0
4.311889705402998
4.311889705403002
0.7109179271051186
0.0
0.0
0.0
0.0
2.5818381889938338
2.581838188993839
0.0
0.0
0.0
0.0
0.0
4.565608581411492
2.080348762982695
0.0
0.0
0.0
0.0
0.0
2.686348033326105
0.46261063037987377
0.0
0.0
3.640865417914585
3.6408654179145765
0.0
0.87537993920287
0.3165815409711347
0.07436476130522081
0.7051020262891796
0.0
0.0
0.0
0.0
0.0
0.0
