0.0
11.4663785115858
11.466378511585804
11.466429460628918
11.46642946062892
23.99953924461938
0.0
41.960859302401424
46.23710793794464
45.84783877947122
46.28492157383189
63.882053256232076
0.0
98.10008513593586
99.99999999999997
99.14252019828032
99.80870251253478
99.9999999999999
0.0
81.71482551261386
82.3453349834836
88.77963510964705
100.00000000000003
99.99999999999999
0.0
60.385482876590345
60.525040531130955
59.8936817515374
69.59730562758978
99.99999999999996
0.0
0.14499158441634236
0.27894395931249477
0.13395237489615197
2.925780548249157
21.561182196137267
0.0
0.0
0.0
0.0
0.0
0.0
0.0
0.0
0.0
0.0
0.0
0.0
0.0
0.0
0.0
0.381598939478828
0.0
0.0
1.726595456962334
0.0
0.0
0.0
2.1065469501218144
0.0
0.5511512969016202
0.48705891452521377
0.0
0.22592663584820744
4.870964668772976
1.7667982378941418
0.5889327169544384
0.0
0.0
0.2396340232956125
0.9585360409793369
0.3195119907020274
0.0
0.0
0.0
0.05340299868048393
0.14240800092944284
0.0
0.0
0.0
0.0
0.0
0.0
0.0
0.0
0.0
0.26665297131373056
12.799686331739505
12.799686331739512
12.799754263796999
12.799754263797
0.2666444798065445
0.0
24.05423770719569
46.23710793794478
41.960859302401296
41.61113673419209
41.993584179257674
23.908444834476374
0.10659731846789726
42.32154643264196
65.4638940699014
62.36704241572932
69.70094258165089
74.87918765173895
34.98529717467389
0.0
51.65943785844462
78.58488461127178
79.50977083406994
63.98558716588466
75.20103828771026
44.84374748473222
0.1619119901041655
51.40907322848411
64.78828118945208
64.91039413717533
66.13552953352763
55.567344729271305
58.70501278584039
1.081973389339451
0.0
4.2108454880517625
4.220413514830061
4.210056973086034
4.409473271182674
3.1347648731241033
0.557291522651468
0.0
0.0
0.0
0.0
0.0
0.0
0.0
0.0
0.0
0.0
0.0
0.0
0.0
0.0
0.0
0.0
0.0
0.4361130736900892
0.0
0.0
1.7265954484693145
0.0
0.0
0.0
0.0
0.07597090609566363
0.07597090609566365
1.193974939099339
0.0
1.811624522249206
13.211900610075785
0.25820186954080854
0.5735395101346616
0.5735395101346591
0.4841285053890165
0.0
0.0
0.0
0.053767833950740425
0.19185509458264668
0.19185509458264632
0.053767833950740467
0.0
0.0
4.070941613635897
4.070941613635892
0.8806916306745761
0.32189319735216654
0.08498826765170155
0.07094667258545226
3.071467431139385
2.261426365189773
0.0
0.0
0.0
0.0
3.7331415983922267
3.7331415983922267
3.7331415983922267
3.7330227172916244
3.733022717291624
3.733022717291624
0.0
36.081356560793516
36.081356560793516
36.081356560793516
35.90482488136565
35.90482488136578
35.862667251714576
0.0932726536594101
51.19934257343248
67.75708583046665
55.268084835359794
44.27997339230765
39.841742286767946
47.63468556183869
0.0
69.9571854412458
74.82815011001948
71.39688420452093
71.35781262641838
68.2970249455582
67.26562122709834
0.14167299134114478
58.73428123189342
58.601663660662375
59.32056567834603
56.846951039722086
56.79243121738415
52.176927253559946
0.9467267156720196
0.642823669785133
0.0
0.1602088621062655
0.07120385985730666
0.07120385985730672
0.0
0.4876300823200346
0.0
0.0
0.0
0.0
0.0
0.0
0.0
0.0
0.0
0.0
0.0
0.0
0.0
0.8000890720767815
0.0
0.0
0.0
0.0
3.3317434534411325
3.331743453441131
0.0
0.0
0.0
0.0
0.08078519078513569
0.9526979210923316
0.9526979210923338
0.0
0.0
0.0
0.0
0.0
4.82855279664202
1.7677650919091157
0.0
0.0
0.0
0.0
0.0
0.9833259583406905
0.3319875028342418
0.0
0.0
3.656325451403708
3.656325451403703
0.0
0.8753799250933106
0.3165815047703313
0.07436473419523887
0.06207833851227064
0.0
0.0
0.0
0.0
0.0
0.0
