1.0712418361699885
12.187910283939487
12.269666806831957
12.13121921150015
12.131219211500163
0.4575811276062831
0.0
25.899625460538324
44.07241341341324
44.0464461478252
46.619249903694715
45.061162812831135
27.408756945563375
0.0
39.9345692477937
96.67521489367589
94.5105118655114
100.0
99.83764751827788
48.53605519496523
0.9749796652247622
47.632637129795405
100.00000000000003
100.0
99.99999999999999
100.0
64.60458085748762
3.4628109108436878
55.37554258288258
92.3710707695468
92.52691559100124
86.5732378344884
100.0
60.98479794069145
3.1323063752592057
0.0
0.16719180581757992
0.2948975944978179
0.13612458455577786
2.313147999955037
4.626295999910074
0.7710492983278462
0.0
0.0
0.0
0.0
0.0
0.0
0.0
0.0
12.187910283939487
12.269666806831957
12.13121921150015
12.131219211500174
23.992912205720152
0.0
44.07241341341323
44.0464461478252
46.61924990369471
45.06116281283113
63.86537084594042
1.3909657600359224
56.79793149888638
56.93936957885696
67.49183861363124
69.24633652482245
98.89688732149556
2.0536518281042864
53.39572998968891
51.91888338474114
55.43399528910368
61.62796288730924
99.99999999999996
0.0
37.09159841180207
37.247443233256455
25.588439893796938
56.167046401891945
100.00000000000001
0.01966427961917081
0.16719180581757992
0.2948975944978179
0.13612458455577792
2.313147999955037
37.1232872335583
0.0
0.0
0.0
0.0
0.0
0.0
0.0
0.00037793787839616295
0.00018896893919808147
0.0006210672283929784
0.008328418134852727
0.0
0.0
3.629216544726326
0.0027319023722809834
0.005463804744561967
0.09159216350735226
0.9764915584850238
5.38570811783132
5.385708117831319
2.174420060544695
0.0533039923394183
0.0
0.0
0.0
3.8982521764427833
3.8982521764427824
3.3464203905744183
0.8437848846257139
7.542176556179876
11.441434363963205
0.057928294131863886
0.5232086146793096
0.5232086146793095
0.19276247867576898
0.27469389669787864
5.718789879221128
5.207748355505397
0.6048372760863547
1.7207160758884406
1.2096745521727095
0.2328775980036364
0.052354595907760766
1.7800569763093121
5.81545804465486
4.0354010683455455
1.2389300489981037
0.46199004060110505
0.1470406025170204
0.12887845157846425
3.8268765117395507
3.82687651173955
0.554989883468365
0.22199594613156914
0.0
0.0
2.50392117490847
5.295337540955799
3.42486020207417
1.8691421780467918
5.2921864292457625
3.6148268490418345
0.0
19.46367039108736
50.33376348622682
32.46025742857149
22.674260354008528
51.66071051321087
34.12205925840796
0.0
50.94942980511728
80.28746202442595
67.08809170536824
54.26654332062108
43.63102999836096
42.77792106675574
0.9749796652247622
60.65094521801589
87.84006224314575
99.99999999999997
77.7161168370265
71.37117067619884
64.60458085748762
3.462810910843688
56.12863487736611
58.716625827737964
62.26842727400344
85.24757038993926
67.96917924205732
60.984797940691465
3.1323063752592057
1.8695737982995961
0.0
0.255408445562358
0.40837367199148644
0.1361243359729407
0.0
0.7710492983278462
0.0
0.0
0.0
0.0
0.0
0.0
0.0
0.00043209828919489693
0.011873729408004885
0.026897581111396986
0.0075123784080153985
0.0
2.0232649330164794
0.0
0.03386989318701169
0.28971305985733464
4.67425945601091
1.558086164441126
2.0232649056709313
0.12621470088403336
0.0
0.0
0.0
0.0
1.4768465941969067
0.0
3.5855058885785427
0.0
0.026493864193716504
0.0264938641937165
0.3886594398417315
0.0
0.04233711052446385
0.29078581969057793
4.426498566926395
0.860659921933046
0.28483075457908047
0.0
0.7543013081696085
0.9245739407732169
0.7832908454984852
1.0220830474314622
1.0220830474314622
0.0
0.0
0.0
0.0
0.0
0.0
0.0
0.0
0.00018896893919808147
0.00018896893919808147
0.00018896893919808147
2.0720257433404488
2.072025743340449
0.0
0.0027319023722809834
0.14650498013069535
0.1465049801306954
0.0
0.2558431666703229
0.2558431666703229
0.2558431666703229
0.0533039923394183
1.891830706843257
1.8918307068432572
0.5997309604464228
0.6954828800179612
0.6954828800179612
0.0
0.8437848846257139
0.0
0.010851288756982247
0.18463617589379341
11.624650242724156
1.8695737982995964
0.0
0.27469389669787864
3.6208021067741742
3.6208021067741747
1.1158787998020858
6.770141337291044
0.7003491418372311
0.0
0.052354595907760766
0.0
0.0
0.0
0.6961642757005799
0.20964470679282576
0.1470406025170204
0.12887845157846425
0.5549898834683651
0.554989883468365
0.554989883468365
0.22199583208441095
0.0
0.0
