0.0
1.4105433569719595e-08
2.8925420885905608e-09
0.3839551042420867
4.395283809461843e-09
4.104741798653537e-09
5.11878688526666e-09
4.239007362367833e-09
4.261847524797475e-09
1.2632849205540657
3.8510234730247466
4.676420181104991e-09
4.307224006249338e-09
2.449201459384129e-09
8.898231366676164
0.0
5.260031563779879
17.24939493792162
5.673060894486672
12.183845972266164
11.434091983703109
25.396071228086182
5.889973393309379
3.014970437010986e-09
196.25845765339318
9.94465227081915
102.22419902454513
3.037353582333473
3.0088534701894384e-09
2.9890600172082213
0.0
1.9343831464584
0.03234220879890391
8.733497850277619
8.028622178149417
7.3652017012298625
8.610111449088622
47.59492834171437
11.326929190928528
20.21563329704846
237.53737788881375
7.0522684810412635
2.4594349787953797e-09
0.537707073973761
2.3828700487760743e-09
0.0
6.023557286589538
6.23796281289121e-08
0.797570163721939
6.545438960176704
0.8441908793245996
9.429425200392655e-10
59.408216247831746
0.2596045752469104
7.855078386629396
9.491652769700399e-09
4.626965463283701e-09
0.0004676600332289598
3.924599140307588e-09
1.3197261651157763
0.0
0.00013774964457684928
1.1318457909638271e-07
0.054533904139038955
2.5927953554401e-07
1.0483826355953309e-09
0.05628753274088616
7.596252076232052e-08
0.042249551735841995
1.7202312232696922e-08
4.1305318501529874e-09
3.290128976825428
1.1701267705739522
0.0922167174892493
0.0003138674825231163
0.0
1.2155982057726234e-07
0.041483943053520184
3.856533047127658e-07
7.504994393092305e-10
5.8538068740775016
2.0960100935488312e-07
0.035796007630511134
2.5262957004421375e-08
2.7398318192802895e-09
0.9433716704472188
3.636408691541841e-08
1.4197129128032566e-08
1.1397482421348226e-08
1.2820574176091454e-07
0.0
1.5110608664616776e-07
2.7669518152639452e-09
7.480506371523837e-10
2.774336204261575
3.661140526671724e-09
32.895678316201725
3.1744603371889485e-08
5.322446914484359e-09
0.0004448114702950463
2.552434456785393e-08
2.122820663675132e-07
3.501015211674908e-08
4.230340502236968e-05
4.5349783788050024e-07
0.0
0.019051131957476937
8.286217306309101e-10
1.5239765113939499
4.4764197659771e-09
4.503441712035324
4.5819171847406336e-08
2.6922889866179263e-09
0.7067895191539486
1.8886079696057444e-08
0.00769381248723945
0.16520222776905474
2.1281785371924397e-05
0.1397954910605586
1.6811264056194818e-08
0.0
7.897849087831857e-10
7.559061610883428e-07
3.2491593813267524e-05
2.8832325606994716e-08
3.391902070688004e-08
0.11732887827176189
0.7779270579117372
3.501343184292011e-09
0.000367978462170433
0.13502108034316362
1.6616168795099526e-07
8.144613418441397e-08
0.07565237596012167
2.5781378369965315e-07
0.0
34.59024618673124
7.593510529937022e-08
0.05370842958354474
1.6943129663797383e-08
0.002733288392462615
2.0571127633030347e-07
9.577005418041691e-09
0.00043628776051278143
1.2633670332883331e-08
1.1041057554934546e-07
1.2813006398166815e-08
1.7797662047559901e-06
0.0006618796534685906
7.536457308538371e-10
0.0
0.0008813070180955185
0.20244803792912622
6.283952128140353e-08
0.012540044463197262
0.05645388905506467
1.3894491303528205e-08
3.135911899375505e-07
0.02397145069334479
4.695573855971915e-07
0.14336075903878362
0.011878884795710361
1.1139604353704223e-06
6.08545172467799e-10
54.17275064124826
0.0
2.2451759554439317
3.918536106334914e-08
8.310106267855601e-09
0.01588337281053467
6.30887350195838e-08
1.496517570805005e-09
2.087634319735651e-08
3.1420608252861755e-05
3.9337497653363247
0.0005308426885405553
0.013008261267776166
7.12508060777395e-10
2.571576371659727e-09
0.0001671423249170827
0.0
0.0006733836229694813
1.1916735324384964e-08
0.021024752785292523
7.916353586543741e-08
0.00040456226604146037
1.223968923818563e-07
1.2974426311137815e-06
0.2750339612128149
1.719299828232523e-06
0.01808312051534132
7.101695871074225e-10
4.236172919218716
4.5481400231901036e-06
0.00018549719456247243
0.0
