0.0
11.46642732605161
11.466427326051607
11.466476942555184
11.466476942555179
23.999635788587323
0.0
46.238614292136205
46.23861429213622
45.85913886643852
45.94973217415489
63.6727742476975
0.0
100.00000000000013
99.99999999999997
99.99999999999991
99.79687512500104
99.99999999999997
0.0
87.25539217092755
86.81790306180712
86.45332254022682
100.00000000000001
100.00000000000001
1.3302331993019663
63.430243752787426
63.409868577865424
59.77307230962141
69.90262595655888
100.0
0.029898145029491518
0.3693209821904466
0.4269209083759526
0.3710159775766663
3.225909092895884
28.277833521931797
0.0
0.0
0.0
0.0
0.0
0.0
0.0
0.0
0.0
0.0
0.0
0.0
0.0
0.0
0.0
0.7165703648635969
0.0
0.0
0.7788876170495964
0.0
0.0
0.0
0.19910734006430114
0.0663691037147744
0.778887613989765
0.6727899332616102
0.0
0.26968524594181975
6.6877493531483525
2.5281874776032613
0.8427291519584487
0.0
0.0
0.0
0.0
0.0
0.0
0.0
0.0
0.029922279690718458
0.061714149803102414
0.0
0.0
0.0
0.0
0.0
0.0
0.0
0.0
0.0
0.26665517729835675
12.799739598575144
12.799739598575142
12.799805753913246
12.799805753913244
0.26664690788109435
0.0
24.05502495055554
41.96222656502885
41.96222656502889
41.614287249925354
41.69355639417717
23.970514320634503
0.09059330771630875
46.566931656418255
63.9488625717293
64.11595409578636
67.27644997248616
73.7084782126006
32.87063640656534
0.0
60.32558567836982
76.34799564152286
77.03308001321233
71.96982635505371
76.18834128357452
43.27663202804103
0.0
51.31857514659411
63.741569122835415
63.44383088210516
66.44219927237451
55.44476302674577
58.801810697737686
1.2582466608611378
4.206012536838811
4.271396234781214
4.275510515223033
4.271517305880228
4.475438242688744
3.120528258755051
0.5547605734888621
0.0
0.0
0.0
0.0
0.0
0.0
0.0
0.0
0.0
0.0
0.0
0.0
0.0
5.617038550007642
0.0
0.0
0.0
0.8189375598441108
0.19026272484872442
0.0
5.0019850266814805
0.0
0.0
0.0
0.02945297850469732
0.0
0.0
0.4607759223030585
0.0
1.5430629813701366
14.802434363379263
0.3082117096477941
0.5778969555896134
0.5778969555896134
0.5778969555896134
0.0
0.2756756624964137
0.0
0.0
0.07300433830940645
0.07300433830940639
0.0
0.0
0.022707120220968744
4.093648751766022
4.070941631545061
0.8806916601772805
0.3218932561145262
0.08498829731807961
0.0706244764888952
2.2511560184834076
2.2511560184834174
0.0
0.0
0.0
0.0
3.7331724821769927
3.7331724821769927
3.7331724821769927
3.7330567103353194
3.733056710335322
3.733056710335322
0.0
36.08253742583328
36.082537425833365
36.082537425833365
35.70097780299965
35.700977802999645
35.700977802999645
0.07926914425177015
48.79488870385986
67.33236692038716
52.5754983353973
44.16883773658586
40.54519934518315
51.309838494612706
0.0
64.31255089258387
73.34908277164266
69.39827216511516
65.92571742777878
61.67289821157953
64.62498016870354
0.0
57.952307828270804
57.73654679881394
57.73654679881394
56.894282729311044
56.02640013862216
51.45158436052048
1.1009658282534955
0.0
0.0
0.06171414980310273
0.029922279690718416
0.029922279690718416
0.0
0.48541550180275433
0.0
0.0
0.0
0.0
0.0
0.0
0.0
0.0
0.0
0.0
0.0
0.0
0.0
0.0
0.0
0.0
0.0
0.0
3.8549933185264704
3.854993318526468
0.27445232653371715
0.0
0.0
0.0
0.1472648603074509
2.2384263203100265
2.238426320310028
0.0
0.0
0.0
0.0
0.0
2.956185053346523
1.0033116807149187
0.0
0.0
0.0
0.0
0.006634256291831622
1.1918306911256282
0.2801715222365448
0.0
0.0
4.013533756259742
4.013533756259728
0.0
0.8753799327345461
0.3165815350866477
0.07436476015331966
0.061796416927783294
0.0
0.0
0.0
0.0
0.0
0.0
