1.0712418756849005
12.18790892568388
12.269616804312149
12.124433549288533
12.124433549288545
0.5003140210383938
0.0
25.899518875700384
44.07145797326181
44.23946838133024
46.217429433601765
44.896233155403856
26.488195911329402
0.0
38.352794087301405
96.69427843176149
99.57549165766082
100.00000000000003
99.47098891671514
43.076505016994915
0.0
48.79820026722704
98.29581732403912
100.00000000000001
100.00000000000004
99.99999999999999
61.078867922977864
3.272247400164638
54.92835237504653
93.70516579423902
93.89897961708698
99.19414556567732
100.0
65.33356240530173
6.105846847328015
0.0
0.6525495946320431
0.711100341912823
0.28645095940113474
2.3131480561546627
4.626296112309326
0.7710493289418701
0.0
0.0
0.0
0.0
0.0
0.0
0.0
0.0
12.187908925683878
12.269616804312149
12.124433549288531
12.12443354928855
23.98907900563141
0.0
44.071457973261836
44.239468381330234
46.21742943360176
44.89623315540386
63.90738540232116
9.707644302137075
65.84189111262238
60.9125153041351
77.5394490424958
87.64455637604726
85.45827931515674
2.5178453896210944
65.1533842103456
62.32723964640577
66.86386455609386
100.00000000000001
99.10486433464797
0.0
36.05189535584903
36.245709178697034
24.25279518016854
38.5981711533633
85.8611533370639
0.15929536113587045
3.3774676579755654
3.4360184052563443
3.011369022744657
5.0380661194981835
100.0
0.0
0.0
0.0
0.0
0.0
0.0
0.0
0.0
0.0
0.0
0.007518946345120005
0.0
0.0
3.6866926234248094
0.04482851126436606
0.04482851126436605
0.11632695146255892
0.9485979021591342
2.3113561084423617
2.311356108442361
3.363666157573034
0.054095971802835104
0.0
0.023003646300392686
0.4854764577059438
2.0661428500997125
2.0661428500997134
2.5370767755140036
0.0
0.0
32.169828294068466
0.0
0.02707937948834655
0.027079379488346548
0.048627221038808344
0.1233664119548464
1.8587160577244952
1.5133220644336918
0.5350377675792317
0.9379681476865167
0.4407707191598548
0.1664283066372898
0.4416985500118257
11.810665422465881
12.00600484114978
3.4024244891920765
1.4255324436739816
0.5183324759973194
0.1295550076484875
0.12887843280751632
3.8268765225769865
3.8268765225769865
0.554989943174238
0.2219959750568296
0.0
0.0
2.503921509780419
5.295332299277876
3.424760674899036
1.8692971377051417
5.2489524208789415
3.5768143581659873
0.0
19.4636800932215
50.32968070488403
32.423900191117724
21.96358883139668
51.35116729952675
33.41918951021215
0.0
51.33082259540603
72.1068947922458
59.12886628634996
46.039215032447956
42.91451130520889
44.43345519854883
0.0
61.21836515848835
84.2793452837104
85.89656939820624
84.58679092957809
72.85498309042117
62.48473626592653
3.6849299843512284
58.56407983308575
61.08028721813604
58.709167581615134
99.99999999999999
77.92491234250889
60.44184271821259
5.6931642631414245
1.5615836645576333
0.10766942131358316
0.10766942131358316
9.031990472390119
3.825697199967532
0.0
0.77104932894187
0.0
0.0
0.0
0.0
0.0
0.0
0.0
0.002292110039703758
0.008035299087665744
0.026791804627306945
0.011253994324928391
0.0037512374012195183
2.048162575998183
0.010379285922280773
0.05065905916032758
0.43873439614178217
3.9635888259490395
1.3211962654797422
2.0481625571181037
0.0868261077760861
0.0
0.0
0.42089896330347776
0.42089896330347776
0.9395828935115383
0.14037414106579663
0.0
0.0
0.021547841550461796
0.021547841550461796
0.669555677755665
0.0
0.0
0.08321415331864492
1.072904224968122
0.40211923864466914
0.13395357961928625
0.0
0.3453939932908029
0.3844276541654309
0.45306341460438604
0.3453939932908029
0.3453939932908029
0.0
0.0
0.0
0.0
0.0
0.0
0.0
0.0
0.0
0.0
0.0
2.0735129806026062
2.0735129806026045
0.0
0.04482851126436606
0.19064148456067753
0.28491200661436633
0.24747955822415962
2.9567631200067144
2.9567631200067144
0.0
0.054095971802835104
1.9273120990840562
1.9273120990840558
1.1561820278988562
1.2646078215182521
1.2646078215182521
0.0
0.0
0.0
0.0
0.005531537937884752
1.612479952357757
1.5615836645576335
0.0
0.1233664119548464
2.4491909732401056
2.449190973240104
0.4518236142605868
3.230986688091381
0.1951216504960573
0.0
0.4416985500118256
3.207085070508181
3.207085070508181
3.2070850705081813
1.4255773778930418
0.5183774362535292
0.12955500764848749
0.12887843280751632
0.5549899431742381
0.554989943174238
0.554989943174238
0.2219959468939273
0.0
0.0
