1.0712419351949576
12.187910856551412
12.269672769990168
12.13232152435018
12.132321524350186
0.4471050941716906
0.0
25.898878970647402
44.065750266102654
44.1691865182115
46.0681788720619
44.83663765717132
26.469952906967958
0.0
41.83959229017227
93.74337471843997
100.0
100.0
99.87028719002546
44.30429736258226
0.056789602825288756
46.74512714889278
99.19970617134327
99.99999999999999
100.0
96.91337655837029
59.210266471146255
1.9268399833778198
50.82604537336591
89.19411570431899
88.92210411100764
99.99999999999999
100.0
72.85598306611328
4.56561443235833
0.0
2.00988096539361
2.0098809653936103
1.5744403845261148
3.6379606747024487
4.62629499758646
0.7710490201587479
0.0
0.0
0.0
0.0
0.0
0.0
0.0
0.0
12.18791085655141
12.269672769990166
12.132321524350182
12.132321524350187
23.99068692462273
0.0
44.06575026610263
44.16918651821149
46.06817887206189
44.83663765717132
63.90633282801703
0.0
70.78541592666775
61.08531751517983
82.1728972918464
83.63830225674094
97.07648677524045
8.854260314377285
63.68530094289699
64.46850401146673
62.56706533569055
100.00000000000001
99.21397505096918
1.8163530695700767
39.83170298118342
39.5596913878721
22.328391002025903
28.26697794920842
100.0
0.2448620267209229
2.0098809653936103
2.0098809653936107
1.5744403845261152
3.637960674702449
45.72489340716305
0.0
0.0
0.0
0.0
0.0
0.0
0.0
0.00039404381197267644
0.00019702190598633822
0.0006564165903025446
0.008907001004372441
0.0
0.0
6.198251596642955
0.0040216096195333844
0.0
0.13928761185682975
0.9630822268162713
4.315470597376289
4.315470597376289
2.4360003690091587
0.05385656558082958
0.0
0.0
0.0
0.19818606568271546
0.19904754414903322
2.6432119002220444
0.009425348001182578
0.32062058280468847
0.859093817231375
0.5384732344266867
0.5208011370014076
0.5208011370014077
0.32271156170560344
0.08505915843572107
0.17290795100716796
0.17290795100716794
0.17290795100716794
0.4882625593830283
0.4882625593830284
0.17290795100716794
0.34600900064922646
6.233601751551492
6.941964404279719
3.4885861713543473
1.306001860912198
0.43533324486519503
0.08706567776053482
0.12887848466244445
3.8268765709210086
3.826876570921006
0.5549897170996348
0.22199586814871125
0.0
0.0
2.5039211370763024
5.295337311267376
3.4248707630012305
1.8679355433709977
5.2930877627613695
3.640603688493477
0.0
19.463738167873583
50.30794334608166
32.20949518542279
21.69462334117801
51.26291819209476
33.4363800867409
0.0
52.74733433736308
68.76321375399364
66.11116451365031
43.71618489902901
41.11082585431685
41.14167275537657
0.056789602825288756
60.74995251160388
88.19903720628166
75.2496363808866
73.01662006300279
66.99506380761963
59.28635368131555
1.9268399833778198
55.47212523289052
68.0626144595756
62.60830110756629
87.05154126888604
84.17627233238373
72.7843313829639
4.56561443235833
0.8358720649517483
0.0
0.26540004427095404
0.7441159470553234
0.24486202672092292
0.0
0.7710490201587479
0.08429137894032837
0.0
0.0
0.0
0.0
0.0
0.0
0.0004593946843162064
0.010931967528636018
0.02757409654888858
0.00998607909433602
0.0033281578056559872
3.4434731217917296
0.02387013412602217
0.13928761185682975
0.9630822268162713
3.6946231069102407
1.231540920348872
3.4434730826821034
0.08781206343025857
0.0
0.0
0.0
0.0
1.8411479413425818
0.0
14.255298563623816
0.0
0.7227326047092522
0.32038398952740155
0.5440230933934534
0.0
0.0
0.0
0.0
0.0
0.0
0.007888680328868605
0.09217154680812559
0.26910536447462824
0.5345054087455825
0.1797103684737611
0.08753882166563551
0.0
0.0
0.0
0.0
0.0
0.0
0.0
0.0
0.00019702190598633822
0.00019702190598633822
0.00019702190598633822
2.0845939746294593
2.0845939746294606
0.0
0.0040216096195333844
0.14613590654344308
0.14613590654344302
0.0
3.985346256450069
3.9853462564500686
0.9630822268162713
0.05385656558082958
1.9268642966953577
1.9268642966953569
0.03048770991802714
0.0
0.0
0.0
0.009425348001182578
0.0
0.0
0.0
0.8358720649517483
0.8358720649517483
0.0
0.08505915843572107
2.719122034530806
2.7191220345308054
0.0
1.9167846714659902
0.08429137894032837
0.0
0.3460090006492264
5.5351362650217455
5.535136265021748
2.780223518626134
1.3930678946890989
0.5223995417130665
0.08706567776053482
0.12887848466244445
0.5549897170996348
0.5549897170996348
0.5549897170996348
0.2219956419662803
0.0
0.0
