1.0712506080659665
12.187962381057728
12.270443221599619
12.131037292921134
12.131037292921118
0.44819815966622656
0.0
25.898151181019436
44.05923392655554
44.08890872913412
46.073214380048384
44.83917947130136
26.564402949214525
0.0
41.602938749581256
94.3547207855604
93.69143782493573
99.99999999999999
99.94399158970431
48.94758378582917
1.1799354454509046
50.85506173167462
96.66242428261795
99.99999999999994
100.00000000000003
98.46953719160234
71.89762432528308
4.089810674699958
54.53312829002706
91.31578777163686
92.45385646404058
87.93100230647377
99.98148402528426
72.53250115572237
4.007569116290232
0.0
1.8283767914504163
1.8283767914504168
1.3282410339531152
3.423090614588299
4.626296157158229
0.7710493417761747
0.0
0.0
0.0
0.0
0.0
0.0
0.0
0.0
12.187962381057726
12.270443221599619
12.131037292921135
12.13103729292111
23.992029171231508
0.0
44.05923392655553
44.08890872913412
46.073214380048384
44.83917947130136
63.901062416261986
0.0
53.40150650936726
52.73822354874264
68.71804378523983
69.62784817774369
97.89788006551076
0.0
69.72227305949484
67.04348858811471
49.3445925136511
100.0
98.454129740069
0.0
36.46140937688515
37.59947806928898
15.745071103695167
60.51483018808459
67.91981531232925
0.21714133333783048
2.2267901031881947
2.2267901031881965
1.7266543456908943
3.8215039263260784
77.66099597041251
0.0
0.0
0.0
0.0
0.0
0.0
0.0
0.00045658798162806876
0.00022829399081403438
0.0007096416432224382
0.009158420632669102
0.0
0.0
2.3878187891715505
0.0030372510801603826
0.006074502160320764
0.19944234530956217
1.3790018915259032
7.647791267553303
7.647791267553303
1.904705929648075
0.0537333983377867
0.0
0.0
0.0
0.0
0.0
1.9481673172784082
0.134431943005198
4.758536852998622
10.551786161013654
0.3569962610313742
0.0037841558804504196
0.00378415588045042
0.0012334704625147875
0.1427314528916021
0.0
0.0
0.0056960332764141326
0.36745871982242656
0.3674587198224265
0.04936379436742487
0.13896090253969937
0.0
4.0619320847718665
4.061932084771868
1.111204741789222
0.41714836793140503
0.2461724352623628
0.12887843420301004
3.8268765174032837
3.826876517403282
0.5549899452386806
0.22199597635647778
0.0
0.0
2.503916227490868
5.2954496545607785
3.426409728100173
1.8679075293405165
5.293249606367908
3.639356671911152
0.0
19.46380440347428
50.28234556262005
31.963816794126032
21.702104698564185
51.27448165687065
33.524509969991726
0.0
52.65119384740199
69.35533063713152
73.8170414761896
48.09378780084663
43.62491881113937
43.62491881113937
1.179935445450905
61.95815722988337
90.31339095833286
86.15442255531883
92.98383269636385
88.73191688421711
72.64260758996463
4.1828328499103336
56.6494381245175
60.139612929305144
58.20899190686259
86.0616868745797
79.63360516952493
71.78751789104084
3.9145469410798555
1.1743554634067703
0.057897175937987044
0.2326195367271977
0.6537382806937376
0.21714133333783053
0.0
0.7710493417761747
0.0
0.0
0.0
0.0
0.0
0.0
0.0
0.0004813476524084039
0.01112375479628555
0.02468430417972493
0.006780404546892991
0.0
1.326566047669748
0.03418983606394611
0.19944234530956215
1.3790018915259032
3.702104628088573
1.2340348298950343
1.3265658130588627
0.09275391872379522
0.0
0.0
0.0
0.0
0.773811852201818
0.0
9.3649864732138
0.568913339817451
7.114851075759871
2.3895748290926155
0.3206493903149659
0.0
0.0
0.0
3.75302682384868
1.2500562453367436
0.0
0.044839324964227496
0.2615637852358925
0.36639743367190736
0.44338509919627306
0.1638290899710476
0.0
0.0
0.0
0.0
0.0
0.0
0.0
0.0
0.0
0.00022829399081403438
0.00022829399081403438
0.00022829399081403438
2.097254699098946
2.0972546990989462
0.0
0.0030372510801603826
0.14574723456125105
0.1457472345612511
0.0
3.969998057170602
3.969998057170602
1.3790018915259035
0.0537333983377867
1.9224609971044937
1.9224609971044933
0.0
0.0
0.0
0.0
0.134431943005198
0.0
0.0
0.0
4.087393354954889
1.5313517244381445
0.0
0.1427314528916021
4.852869623044606
4.8528696230446045
0.04272029509918966
0.04936379436742487
0.04936379436742487
0.04936379436742487
0.13896090253969937
4.724670736620905
4.724670736620906
0.0
0.9295054957155966
0.23544913983186688
0.034308607196241736
0.12887843420301004
0.5549899452386803
0.5549899452386806
0.5549899452386806
0.22199594246236365
0.0
0.0
