0.0
4.5960533588111865e-07
1.772082391058339e-08
3.7914674007966e-08
3.3239239236094206e-08
3.145910737810347e-08
2.676925912340366e-08
2.665990339352384e-08
3.223877417366218e-08
1.5832532732597595e-08
10.926411087210528
3.701656089207813e-08
3.239806523706174e-08
3.0854618217901646e-08
8.559331937591299
0.0
13.010867468627403
11.787326836828795
5.533196057553174
4.515058955403966
26.807684502805447
33.93493572979287
1.8098452845552906
2.9486263170494217e-08
203.3667332494851
5.840110205703648
83.98227606208025
4.563283373612181
1.9583594531704837e-08
2.9891121453952767
0.0
1.9523146323709497
0.03235777021825198
9.056994485490735
4.150278118564752
5.635046604761044
5.74931973848478
47.68140391402516
11.499373539350994
21.88770701700938
247.22443670418053
3.320664601120578
2.4609031662836847e-08
0.5431006673293166
1.7352674268328783e-08
0.0
3.6195567626698293
3.871955591917484e-07
0.7984342741061874
6.548332016749534
0.8446484021949541
8.577554045228915e-09
59.807455931117204
0.2733507632891856
7.5427684338375185
2.3922244942293116e-07
6.422131877487309e-08
0.0009195340425722904
2.7653058277686624e-08
0.4628625748748786
0.0
0.00022498099531247686
8.949428854323514e-07
0.05450234247607092
1.218631834574308e-06
8.220979694383996e-09
0.05626489425081221
6.080728045503031e-07
0.04226287334146485
3.4481438053460774e-07
4.656097069405369e-08
3.4591833716535687
0.09135572426942108
1.0487766394445182
0.00046864466249321127
0.0
9.518768381844411e-07
0.0414579141097977
1.7928267496442293e-06
6.85899661086568e-09
5.17880840799972
1.670732309435229e-06
0.03603468945403804
2.098771218261081e-07
3.5795250893984954e-08
0.8548458333771332
3.2191965439181884e-07
1.317832928429534e-07
9.393770649757304e-08
1.081947606173516e-06
0.0
1.1127476238853974e-07
2.1270640727604612e-07
6.895022530232471e-09
4.1756874604115995e-08
3.060230454974308e-08
35.46065949356736
4.057725961223095e-07
4.7091874838668406e-08
0.03475550605655563
0.011495756570995436
6.785638535633675e-06
2.014715257286388e-07
7.092645032157867e-05
1.6245548814530474e-05
0.0
7.348735752225988e-07
9.246377097767957e-09
7.124552867018058e-08
3.6518515583108153e-08
1.5746356877746521
4.7506566560029863e-07
2.1355429574279275e-08
0.6893171058964739
1.3238510190221966e-07
0.0077137800443764296
0.1645593851291156
9.705955856311971e-05
0.1392102937014996
1.3570383880023515e-07
0.0
7.0971701345771044e-09
4.64435789747012e-06
0.0001225535112648947
3.902499269179824
0.3619464237799369
3.9445425498421154e-07
0.6100432590587372
2.8364430578454337e-08
0.0005488638949307418
6.448028777147763e-07
1.0816167473152828e-06
6.394524071772633e-07
0.07552986345892657
1.216722451548298e-06
0.0
26.918904005529342
6.076547091307614e-07
0.05394131527491451
2.955551278895733e-07
0.004131457031953038
9.937463487220768e-07
6.540307882436227e-08
0.00043164469635377766
9.703780497571418e-08
6.57527333753438e-07
9.513868141832473e-08
1.2638222947749446e-05
0.0009137776936604795
1.014085345380034e-08
0.0
0.0013190847275570002
0.08901402729328314
3.862304947330348e-07
1.799998130206771e-08
0.05920637757963123
4.86637248785267e-08
1.710654593074888e-06
0.01132084311427636
2.0531081017030665e-06
0.09932123397976046
0.011880244280247074
0.00018174436233613442
5.805095084000983e-09
63.27170378007213
0.0
0.7283322275392126
4.520446156003656e-07
0.06831723068878226
0.10417152771091595
0.017159746338598753
4.314165667973784e-08
1.5083758792155962e-07
6.884961386543241e-05
3.839931421489136
0.0002430146975019541
1.2488752564004748
9.84738172281276e-09
2.038921325282186e-08
0.0002461028464408116
0.0
0.00022381222671618718
0.042024626421680394
0.04988039533796819
0.019084554974929
0.000379851383748519
8.838027119337694e-07
5.782912930801324e-06
0.1750808902451451
7.720490945951988e-06
0.11955481028136805
1.2695048570108562e-08
0.0054643027417037755
1.7220198918982673e-05
0.00034971021387154703
0.0
