1.071248631061563
12.187953493933428
12.270364131548016
12.131084921618344
12.131084921618353
0.4484519760106516
0.0
25.89836183147048
44.06113623929181
44.112367870979135
46.071616466346235
44.83800877719557
26.47064895401558
0.0
40.926485900217536
95.98310560028416
94.39519011110764
100.0
100.0
44.7063609257454
0.2594204048761802
50.875699321027355
99.00744792211022
100.0
100.0
100.0
75.49474661021901
3.2072879870047513
50.753647142915
88.0661191824944
89.38219938600534
94.94089332840802
100.0
61.08159464934431
3.100642484938826
0.0
1.5807811408458445
1.711762241097717
1.4735451764916834
3.604329116990229
4.626295176543868
0.7710490820139577
0.0
0.0
0.0
0.0
0.0
0.0
0.0
0.0
12.187953493933426
12.270364131548016
12.131084921618346
12.131084921618356
23.992028588922153
0.0
44.061136239291855
44.11236787097915
46.07161646634624
44.83800877719558
63.90637154412318
0.0
55.7697616324956
54.1818461433191
72.17270595352481
71.98118079971037
99.12698208852962
0.0
60.25321600250192
58.224978963068445
57.561297699055956
100.00000000000001
97.30265555105436
2.1492799062559502
32.47611326691139
33.7921934704224
45.061547336263104
48.64856551617081
79.5544566034067
0.18363665117115338
1.5807811408458445
1.711762241097717
1.4735451764916834
3.604329116990229
98.56412343586453
0.0
0.0
0.0
0.0
0.0
0.0
0.0
0.00039685852634366834
0.00019842926317183417
0.00066328233697937
0.009039534378010963
0.0
0.0
5.716495763496882
0.0030057534252153
0.006011506850430599
0.18178131058782124
1.2923644790544813
6.490199134315103
6.490199134315102
2.078785587336934
0.05385747704615838
0.0
0.0
0.0
1.9275864618244782
1.927586461824478
2.6525569385200924
0.0015041945958203426
1.3191083987754635
8.647151793851242
0.14637325850552207
1.3123938568578217
1.312393856857822
5.7473578715870675
0.26303560216830296
3.8299117499110977
3.1768719611163023
1.4573722286823176
1.4573722286823176
1.4573722286823176
0.4857906232996728
0.6125857944005408
7.217252913948503
10.593458722917068
3.988791603369119
1.1755624660299286
0.612585794400541
0.612585794400541
0.12887848640477206
3.826876551260648
3.8268765512606495
0.554989723330955
0.22199586513353767
0.0
0.0
2.5039167024550437
5.2954344856563145
3.42625159438189
1.8680657196313708
5.293319232033097
3.6393203000706924
0.0
19.46378508349031
50.2897795076001
32.03557093642102
21.7008228287735
51.26491560135223
33.43572277000223
0.0
52.37638489991284
69.62936365179075
72.4223915276529
48.89986375628413
41.83084203373275
40.88954645979588
0.2594204048761802
62.708182070465355
87.08062536980333
97.21743716514266
92.52850155110038
87.52135562424527
75.87370358529017
3.2072879870047513
55.67107898503329
63.40834774406946
71.5651327643746
69.16474573566033
64.9469298465293
60.88980628370831
3.1006424849388265
1.6168721103887056
0.0
0.26200166884382947
0.5483638832997946
0.18363665117115333
0.0
0.7710490820139576
5.263945902539357
0.0
0.0
0.0
0.0
0.0
0.0
0.0004648530738075359
0.011106462243030007
0.0248422129131993
0.006868887342857413
0.0
3.1758309850664452
0.0311569842007292
0.18178131058782124
1.2568938800929346
3.70082267408674
1.2336074691983328
3.17583095893642
0.08777598246541678
0.0
0.0
0.0
0.0
1.0356849026285018
0.0
29.721169687244554
0.0
0.06649994523760507
0.06649994523760507
0.8537919070813167
0.0
0.002044826721150959
0.002044826721150958
11.73779418839542
5.95388590614569
1.985991187854332
0.0
0.8840916180847624
1.0587466295537424
1.0177667150198766
0.653039788794794
0.653039788794794
0.0
0.0
0.0
0.0
0.0
0.0
0.0
0.0
0.00019842926317183417
0.00019842926317183417
0.00019842926317183417
2.093603576670702
2.0936035766707004
0.0
0.0030057534252153
0.14574753115798253
0.1457475311579825
0.0
3.9723221229195644
3.9723221229195644
1.2568938800929346
0.05385747704615838
1.9268966483779808
1.9268966483779804
0.2965514236024314
0.0
0.0
0.0
0.0015041945958203426
0.0
0.02281646223394378
0.46193623222581226
1.6168721103887056
1.6168721103887056
0.0
0.263035602168303
5.213216783934748
5.213216783934747
0.0
10.240046049961023
7.642078397309745
0.0
0.6125857944005408
1.9306738580731821
1.93067385807318
0.6125857944005408
1.0746894529804774
0.6125857944005408
0.6125857944005408
0.1288784864047721
0.5549897233309551
0.5549897233309549
0.5549897233309549
0.2219956288763953
0.0
0.0
