1.0712487707770983
12.187952755556047
12.270324008340252
12.131105591584786
12.131105591584785
0.44844510925628056
0.0
25.898459464435287
44.061995351948866
44.12292938511349
46.076542695449795
44.840056013927935
26.48600912068856
0.0
40.37572180942509
96.17145467801495
94.48881901525132
100.0
99.85933939448962
46.714689641588315
0.4698664726615569
48.26939115556153
97.73363028421649
99.94881490027986
100.00000000000001
98.90040900939698
58.77589877633187
2.225601847519813
53.376853423596096
90.43465704893306
90.68051820429626
100.0
99.99999999999999
78.37879126058168
4.838200852306862
0.0
1.98929829429365
1.9892982942936495
1.547692191225033
3.629045128659776
4.626295727416407
0.7710492222191208
0.0
0.0
0.0
0.0
0.0
0.0
0.0
0.0
12.187952755556047
12.270324008340252
12.131105591584785
12.131105591584785
23.992030459229287
0.0
44.061995351948845
44.12292938511347
46.07654269544978
44.84005601392793
63.905608283577045
0.0
56.56050894365839
54.87787328089474
71.48227133443154
72.0238929387622
99.9967535746728
6.644459773315913
67.33399041948667
72.17944140006949
63.667555603008935
100.00000000000001
99.33190537291883
0.0
37.205521646092734
37.45138280145597
22.282934593846704
34.28317952968841
100.0
0.23177903131290817
1.98929829429365
1.9892982942936495
1.5476921912250328
3.6290451286597754
32.898337454660606
0.0
0.0
0.0
0.0
0.0
0.0
0.0
0.0004155229232122114
0.0002077614616061057
0.0006746236406320427
0.008988512169070723
0.0
0.0
6.057488409975771
0.0030004356498899223
0.006000871299779843
0.17294483767025054
1.1957929079983425
6.212844976682613
6.212844976682611
2.5396870230947153
0.053839593359206454
0.0
0.0
0.0
0.0
0.0
2.477993345066355
0.05779259672582507
1.9938466636442518
6.937371598507346
0.0
0.0
0.0
0.0
0.08864703141626991
0.0
0.05387949712180324
0.05387949712180324
0.37715968264194427
0.37715968264194427
0.05387949712180324
0.8928674807766208
7.446009163276116
10.564730263019953
4.0115885805204545
1.200039414516684
0.8928674807766207
0.8928674807766207
0.1288784543753195
3.826876535389166
3.8268765353891663
0.5549898576676368
0.22199592933019618
0.0
0.0
2.5039169745366583
5.295431280799422
3.426172685959283
1.8681589733959634
5.293350171167946
3.6392987257013854
0.0
19.463776332427436
50.29312386452229
32.06786291697505
21.70945993131042
51.269110913947216
33.44849803981177
0.0
52.152636994927946
69.97066247114424
72.74540116463572
48.1667416278677
43.607272313210515
42.88053788703006
0.4698664726615569
61.48080406223994
90.05046295707167
82.02969688112103
84.53165528876829
74.35767917772026
60.36690018622905
2.522258639862462
57.22704042301778
62.81711780329432
60.06818454307814
91.91080859077735
88.86855412878545
77.35792810641543
4.541544059964211
1.037164124004591
0.11352382741555098
0.30878786585518636
0.6953686862652562
0.23177903131290822
0.0
0.7710492222191208
0.0
0.0
0.0
0.0
0.0
0.0
0.0
0.00046686217902593694
0.011103767423963316
0.024960024014765943
0.006928588467917488
0.0
3.3652713422947524
0.029644872768117933
0.17294483767025054
1.1957929079983425
3.7094598499602345
1.2364865708796948
3.365271306678236
0.0884919617973334
0.0
0.0
0.0
0.0
1.6798676211182437
0.0
9.76487637908523
0.180454643221702
4.698778242200479
1.5609012184790412
0.08117907448961365
0.0
0.05387949712180324
0.05387949712180324
0.5770247024131566
0.21637923526572875
0.07212278067890476
0.0
0.20573504020223912
0.32289419954108767
0.425947025194035
0.113523827415551
0.037839932859081535
0.0
0.0
0.0
0.0
0.0
0.0
0.0
0.0
0.0002077614616061057
0.0002077614616061057
0.0002077614616061057
2.091963450913158
2.0919634509131573
0.0
0.0030004356498899223
0.14574861372554476
0.1457486137255447
0.0
3.9375094230301317
3.937509423030132
1.1957929079983425
0.053839593359206454
1.9262589374496986
1.9262589374496986
0.0
0.0
0.0
0.0
0.05779259672582507
0.0
0.0
0.0
1.037164124004591
1.037164124004591
0.0
0.08864703141626991
3.013999461896228
3.013999461896227
0.0
0.10419548051652382
0.05387949712180324
0.05387949712180324
0.8928674807766208
6.101726221670883
6.101726221670878
0.8928674807766207
1.354032346095119
0.8928674807766207
0.8928674807766207
0.1288784543753195
0.5549898576676368
0.5549898576676366
0.5549898576676366
0.22199583042634524
0.0
0.0
