1.0712432363438873
12.18791799622685
12.269771159278378
12.131123258978697
12.131123258978713
0.47201810324370597
0.0
25.899285823348748
44.069374932424
44.04321710383205
46.65231814705511
45.069662591672184
26.59289841250121
0.0
39.60149830856129
91.10850898407728
100.00000000000001
100.0
100.00000000000003
46.82822835862739
0.35953132074165095
51.17728511520737
100.0
99.99999999999999
100.0
100.0
70.4391323024967
3.49034926233462
54.000965699310875
91.57670830954167
94.46605801208457
98.29359683512097
99.99999999999999
60.18406491956829
3.7069375720621904
0.0
0.30226612944496656
0.3900465548400493
0.1424297742051772
2.313148112115153
4.626296224230306
0.7710493610050879
0.0
0.0
0.0
0.0
0.0
0.0
0.0
0.0
12.187917996226853
12.26977115927838
12.1311232589787
12.131123258978716
23.99303860733867
0.0
44.069374932424
44.043217103832056
46.65231814705512
45.06966259167219
63.912645936456286
2.324457121262934
76.92756766514863
67.13164119051541
94.88167721951558
85.23145156979893
96.33223014363567
0.0
59.099997153422855
57.631287652723906
63.62195685838183
87.44200855282412
91.03818193135963
0.7199544416016391
34.29310812983421
37.182457832377146
19.830176182970455
43.27926071040465
100.0
0.035559189083026105
2.965309199373629
3.0530896247687105
2.80547284413384
4.9761911820438165
73.78262677723126
0.0
0.0
0.0
0.0
0.0
0.0
0.0
0.00039879914536605543
0.00019939957268302772
0.0006437597508832954
0.00851684790113712
0.0
0.0
3.2664261414198092
0.0027494316714804885
0.005498863342960978
0.03591515088332273
0.3417093501637558
1.1474457878320838
1.1474457878320838
2.496290141975508
0.05416230127579882
0.0
0.0
0.0
1.0919595269718367
1.091959526971837
3.098386622790289
0.0
1.4923192626544655
6.694773924789063
0.21855432297454602
1.1912851313451345
1.1912851313451345
0.9688783063819927
0.2578159847797984
4.181408143715137
3.6477832791005027
1.569077829843081
1.5061966033743486
1.5061966033743486
0.5020655208942071
0.04013991950640403
0.9493793733871185
4.984047292039308
4.034667918652187
1.2408854009287718
0.4624486548182071
0.14646071293587068
0.12887843226565204
3.826876511931837
3.8268765119318333
0.5549899542461223
0.22199598067423937
0.0
0.0
2.5039205155557784
5.295353708125607
3.4250691038425614
1.8688565662919725
5.291849391736169
3.6113228250735485
0.0
19.46370127588261
50.321903161376504
32.345787833865806
22.747966663134854
51.60346815274546
33.331123142446415
0.0
51.83810868777093
82.17233493657625
69.93572456084041
50.48692687147848
46.291841731593514
45.30873495581752
0.35953132074165095
62.31451502623088
86.45557145469999
98.09868915249481
87.07570823606102
81.89642095947146
70.4391323024967
3.4903492623346195
57.36203913505292
60.230281102258864
57.32112555606719
95.42270005986641
66.8291802848696
60.18406491956829
3.706937572062191
1.629677121713227
0.0
0.177998944198047
0.42603422558687365
0.14218831110994468
0.0
0.7710493610050879
0.7224046653306692
0.0
0.0
0.0
0.0
0.0
0.0
0.0004443601782002677
0.012019095897616622
0.026697598214289957
0.007339377739382365
0.0
1.8146811913165892
0.0
0.027157463332227745
0.3683475752809802
4.747966659565872
1.582655544852844
1.8146811678906962
0.08189429532421062
0.0
0.0
0.0
0.0
1.4687094893703498
0.0
10.056394475919518
0.14546502631547226
0.0
0.0
0.20329512460731397
0.0
0.0
0.04291143200109201
3.4229731116190556
1.2691922688732689
0.42306407242591665
0.0
0.7743943041189587
0.8810461034674812
0.8182756081612078
0.5336248646146386
0.5336248646146386
0.0
0.0
0.0
0.0
0.0
0.0
0.0
0.0
0.00019939957268302772
0.00019939957268302772
0.00019939957268302772
2.0778488003148707
2.077848800314873
0.0
0.0027494316714804885
0.14661345075693752
0.14661345075693755
0.0
0.0
0.0
0.0
0.05416230127579882
1.9318205591820337
1.9318205591820332
0.16799373331372403
0.0
0.0
0.0
0.0
0.0
0.05454907550861286
0.2738169648840614
2.2739786449485693
2.069192487498487
0.2464736410513234
0.2578159847797984
4.584335033797411
4.584335033797412
0.0
8.906508904296441
2.766856505118181
0.0
0.04013991950640403
0.4153784212727412
0.41537842127274105
0.0
0.69719892762738
0.21566004861873986
0.14646071293587068
0.12887843226565202
0.554989954246122
0.5549899542461222
0.5549899542461223
0.2219959502307402
0.0
0.0
