1.0709060140593158
12.185860204953874
12.238080781889566
12.119920704602594
12.119920704602595
0.47668204576486317
0.0
25.899194602431496
44.06855846988373
44.28445618695398
45.60938401747342
44.653640760411236
26.377717680243624
0.0
44.75323001660609
79.33394490258118
79.21075568709617
100.00000000000006
100.0
47.4838510905639
0.0
56.23610223985402
96.90958536117445
99.47968617203657
100.00000000000001
97.31755350382548
56.71566321858339
0.2555224125011673
50.07372414968081
90.13294956162242
93.0358691282165
99.74969416181185
100.00000000000001
63.04462644170251
3.0431806121847464
0.0
0.4185420785476969
0.47792086258848643
0.18041943745686848
2.3131481475308244
4.626296295061648
0.7710493799817486
0.0
0.0
0.0
0.0
0.0
0.0
0.0
0.0
12.185860204953872
12.23808078188957
12.119920704602592
12.1199207046026
23.990840153712377
0.0
44.06855846988375
44.284456186953975
45.6093840174734
44.65364076041122
63.90112818456588
0.0
79.33394490258118
79.21075568709615
67.88637453953986
67.88637453953986
100.0
0.0
65.31288928528983
80.77970185625817
67.22369685779361
100.00000000000003
84.57707393639058
6.2798924976573005
37.22799331219948
36.509885331175525
25.459096486629004
27.702258977047393
99.01331408442769
0.04923986070517703
3.743330973064001
3.802709757104789
3.5052083319731717
5.637937042047125
63.44986835606506
0.0
0.0
0.0
0.0
0.0
0.0
0.0
0.0
0.0
0.23380156400403956
1.0521071056599467
0.0
0.0
0.4434811343438349
0.0084535522054286
0.07705535135092845
0.07705535135092846
0.4557622950543781
1.409453200272783
1.4094532002727833
1.769197471030652
0.053734920369894655
0.0
0.0
0.4122419631005759
1.1508513838152636
1.1508513838152639
3.0343722766762533
0.0
2.204572678378564
0.0
0.140787086519816
0.521233259382819
0.8366527350173639
0.8750565066288747
0.10971701055340763
0.0
0.0
0.33025632581471287
0.8004538230878222
0.8004538230878222
0.6605126516294257
0.31145513765460103
11.51684197215818
12.529528105064527
3.5383499373064544
1.4643632380998617
0.6101513274699298
0.24406052448198132
0.12887842857813592
3.8268765101352358
3.8268765101352384
0.5549899713550495
0.2219959878955559
0.0
0.0
2.5041230160960537
5.290850583334229
3.3618408373818904
1.8635217309966416
5.235057440387398
3.6096868268048543
0.0
19.463709576508315
49.3867953553363
32.43521288468127
21.059957466379714
50.99607685709048
33.52341051383622
0.0
33.7497063603282
82.54083427649061
50.49093215680196
46.23113858987414
48.23111799718212
50.320343789251744
0.0
64.20517818444749
75.90614684416097
68.03562227043405
74.92125570660637
77.10899665988785
62.314887386485324
0.2952382294159447
55.39708554407677
61.87408034526731
56.55071896068224
69.30682072000495
63.69495012810038
60.89843349961091
3.003464795269969
1.598156350988925
0.0
0.05125026088148978
0.47959642853748385
0.11875756808157842
0.0
0.7710493799817486
0.8465780456214546
0.0
0.0
0.0
0.0
0.0
0.0
0.0019235862781628807
0.004487946236160783
0.15463039745158816
0.0
0.0
0.24637838812654217
0.008698166737859926
0.23380156400403956
1.0521071056599467
2.8672297088414327
0.9557432042468041
1.0079879278560253
0.09269229179989412
0.0
0.0
0.0
0.0
1.4362159589655412
0.2547197905822479
0.0
0.0
1.8983712721594643
1.0492011628786213
1.4362159586407568
0.0
0.0
0.33025632581471287
6.970551605775625
2.5845865488637836
0.8615288464136012
0.0
0.029738195391888954
0.29543595562474695
0.34668621650623677
0.13951470377654754
0.05125026088148982
0.0
0.0
0.0
0.0
0.0
0.0
0.0
0.0
0.0
0.0
0.0
3.073462487237871
2.021355381577924
0.0
0.0084535522054286
0.21040793304051542
0.2104079330405152
0.07705535135092845
6.910277154080969
6.910277154080969
0.0
0.053734920369894655
1.9225159403529397
1.9225159403529393
0.0
1.7348434826123535
1.7348434826123538
0.0
0.0
0.0
0.0
0.3519677118555829
2.992018941584324
2.992018941584324
0.0
0.10971701055340763
3.730378288936828
3.7303782889368264
0.0
29.961183494115595
0.8465780456214546
0.0
0.311455137654601
2.5256638044001187
2.5256638044001187
2.5256638044001183
1.1405376714554007
0.36609080617815537
0.0
0.128878428578136
0.5549899713550497
0.5549899713550493
0.5549899713550495
0.22199597687132155
0.0
0.0
