0.0
11.466460026792392
11.466460026792394
11.466502818958247
11.466502818958244
23.999685462452042
0.0
41.97343741134751
46.25096559106303
45.826971182881834
45.928192658495185
63.634385078342305
0.0
99.99999999999999
100.0000000000001
100.00000000000003
99.84904669037977
99.99999999999999
0.0
76.75145327349358
76.1604996332736
85.66033715959159
99.99999999999999
100.0
0.0
59.95910866716223
59.971759639108804
60.35540677730264
70.00202055026304
100.00000000000004
0.0
3.466232175312891
3.466232175312891
3.466232175312891
3.466232175312891
30.498169642353027
0.0
0.0
0.0
0.0
0.0
0.0
0.0
0.0
0.0
0.0
0.0
0.0
0.0
0.0
0.0
0.8006362377438216
0.0
0.0
0.9131076520884014
0.0
0.0
0.0
0.0
0.0
0.9131076527500475
0.6725781381806759
0.0
0.5811750486810421
8.090358115101374
2.592056473511449
0.8640188154857289
0.0
0.09710448345388581
0.09710448345388581
0.09710448345388581
0.09710448345388581
0.09710448345388581
0.0
0.0
0.0
0.0
0.0
0.0
0.0
0.0
0.0
0.0
0.0
0.0
0.0
0.26665673517493327
12.799775190419952
12.799775190419954
12.799832246641092
12.799832246641088
0.2666496031472915
0.0
24.061480306675286
46.25096559106351
41.973437411347355
41.58467884432568
41.67324763548736
23.96705521564051
0.1012214756134573
44.63360092554119
65.22032459117209
65.22032459117213
68.90648177745716
77.55873619059052
33.53347543108194
0.28049653461756474
58.027860451030705
87.35865908108086
87.03650506598015
70.95144611262307
72.0347124268745
40.82872815369282
0.0
52.33980196713968
65.11117987085976
65.12563812451243
70.64308512523829
58.204018201918096
59.66689376876667
1.5466076850028576
0.0
3.466232175312891
3.466232175312891
3.900679150741544
3.900679150741544
0.0
0.0
0.0
0.0
0.0
0.0
0.0
0.0
0.0
0.0
0.0
0.0
0.0
0.0
0.0
0.0
0.0
0.0
0.0
0.915012843135796
0.0
0.0
0.9131076570576335
0.0
0.0
0.0
0.0
0.0
0.0
1.0611547250140387
0.0
1.4791809929805804
14.430838928262045
0.6642000556354768
1.2453751043165187
1.2453751043165187
1.2453751043165187
0.0
0.0
0.0
0.0
0.0
0.0
0.0
0.0
0.4046435199104331
4.475585151944387
4.070941632033941
0.8806916548090811
0.3218932538443012
0.08498829602721512
0.8057545489680291
1.5107897793150582
1.5107897793150582
0.0
0.0
0.0
0.0
3.733194292449068
3.733194292449068
3.733194292449068
3.7330944440620826
3.733094444062081
3.733094444062081
0.0
36.09222046001296
36.092220460012896
36.092220460012896
35.66589742329792
35.665897423297906
35.665897423297906
0.08856879116177516
53.3860059778091
62.24435587476678
52.43297610096804
43.217411613328885
39.05829440213962
49.81954500246387
0.24543446779036915
61.4258823071709
77.24673439531922
66.59978230927308
63.5082543908349
60.194859456122856
61.24309213361468
0.0
58.35886741230378
58.10463870606293
62.64110462133546
60.15961241071516
57.36715926116306
52.20853204767084
1.3532817243775002
0.25846076782633975
0.11041369576634462
0.4344469754286527
0.0
0.0
0.0
0.0
0.0
0.0
0.0
0.0
0.0
0.0
0.0
0.0
0.0
0.0
0.0
0.0
0.0
0.0
0.0
0.0
0.0
0.0
4.307249659887247
4.307249659887243
0.7120802138111206
0.0
0.0
0.0
0.0
2.5827127988286205
2.582712798828628
0.0
0.0
0.0
0.0
0.0
4.545210024898797
2.0726590088399317
0.0
0.0
0.0
0.0
0.0
2.685730555629321
0.46243137310891824
0.0
0.0
3.641032871047475
3.6410328710474764
0.0
0.8753799392023676
0.3165815387115649
0.07436475902381323
0.705035230347026
0.0
0.0
0.0
0.0
0.0
0.0
