0.0
4.895379934709798e-07
6.214639204777714e-09
7.71173728676632e-09
8.945170681909477e-09
7.382437844134105e-09
7.146693142278196e-09
7.320259098859768e-09
7.500558095334473e-09
2.439558521339117e-09
2.1342645341843105
8.441648882948822e-09
7.4295760932423255e-09
6.6164812830380055e-09
4.765363644432086
0.0
2.864610282332708
9.46578313264116
2.929471160147163
3.498947734148474e-07
6.624765014833063
23.254740041809928
0.8386803038459933
5.098322366428632
166.09411635187615
1.84009627125729
162.7748688885544
13.047691662450038
7.327483543159886e-09
2.7353840981315543
0.0
1.9953772566787835
0.03256866043248137
7.446386010663586
4.993562310148437
15.459079920489181
5.06305385638138
44.00608457333628
11.526368256467553
41.32029694150643
224.5684587088719
5.788975332040257
9.627961600577617e-09
0.7154315000077318
6.551423528453578e-09
0.0
4.1275386583353795
3.3683881909471665e-07
0.8077821389077449
6.550986732878046
0.8076092014123517
1.9008917215372025e-09
65.35112004235162
0.25999455953452055
7.551238065739271
4.795752673978238e-08
1.189596130181385e-08
0.00031814035036242805
9.616677981512307e-09
0.6497299842604997
0.0
0.00016740288473772027
2.9070991830553744e-07
0.054598305887586095
7.69117962229416e-07
8.641772848921586e-08
0.056436006267604324
1.526533592176156e-07
3.0366992924409546
0.5274214771724565
7.467827702156396e-09
1.8133176211708104
8.723676948197863e-09
0.09636240154722495
0.000191964917287244
0.0
3.1344418091883376e-07
0.043467450447385925
1.1269450269659757e-06
1.556903377144954e-09
13.763246796932425
4.2571940050928753e-07
0.03707690865731454
4.852119649497029e-08
8.915288452974926e-09
3.026245122725182e-08
6.904130022501788e-09
2.879039115041151e-08
2.996177730768185e-08
0.0002728871656378874
0.0
0.00045943080863693637
0.04789014791000587
1.6634703795931896e-09
6.76526764603297e-09
6.4532884748897506e-09
35.4240200796897
7.08064526679665e-08
1.1841998888906746e-08
0.00048815966568922184
4.024006722033981e-08
3.323783054617278e-07
8.338715607486016e-08
6.906629268329301e-05
0.0005113752680256805
0.0
0.12634196685606608
1.7595121722918475e-08
8.603973063885498e-09
7.79473640989928e-09
1.5637981117892896
8.473889332722123e-08
0.2736674859289378
0.003425822069568534
1.7051838264964414
0.2740779087788479
0.006853158924484496
0.0005042298770810867
0.006852790621067402
1.921140314892999e-08
0.0
1.6042965217123509e-09
21.750011023044387
4.7719596200254884e-05
3.6225663780508705e-08
8.872549565267657e-08
1.3942914393932718e-07
2.263485913750693
1.0686319079394757e-08
1.5141811641558147e-08
3.9755473132207335
4.757077449568749e-07
2.1151732301110964e-07
0.07591548860988687
7.616558229306661e-07
0.0
2.937556860334036
1.5584049054508876e-07
0.05270639448511353
5.650207306586879e-08
0.0014974243470931002
6.969601739012778e-08
0.018651170714648863
0.0004543814971184626
5.1920638653586096e-08
1.252733213176823e-07
6.351116483805229e-08
4.870252017073812e-06
0.0004960409357836831
5.962263891639571e-08
0.0
0.0007159338192046892
0.09417313912212007
5.512875825092121e-08
1.2541681282089953e-08
0.001965185974581543
0.19898497677176347
9.3414391457392e-07
0.0072337298168939634
0.20043044139466987
0.114878167463936
0.010902419672268949
2.0216359794759262e-06
1.4888065746514632e-08
84.69001958884965
0.0
0.7587605929516277
8.027454674433906e-08
1.488871858646332e-08
0.005806206604507107
1.0988702211887943e-08
0.0003655964469338964
0.024520283498363396
0.17816377127277952
4.787222752834955
0.0001860785983440355
3.8864051581779435
3.5129830213685536e-09
0.0004014618553046313
0.000188020865918936
0.0
0.00016973833471365862
1.482889002647024e-08
0.00562290214645323
8.887642864466389e-09
0.00041679737433017715
0.021043925551181616
0.0824292739051486
0.40056959563572986
3.230208656777041e-06
0.14686826163548097
4.433792508271845e-09
0.00036364244077950714
5.39864870158836e-06
0.00016688007953635136
0.0
