0.0
2.10720016719683e-07
4.854104446533814e-08
1.9569739314434753
7.809963538478717e-08
1.0534163566387466e-07
9.533936690524443e-08
6.652776597010913e-08
9.326672032074689e-08
3.9859329346635928
3.952681390337213e-08
8.020174875443813e-08
0.3300904026091707
0.29884549257800763
4.580963924854526
0.0
4.797049314268703
10.571257915663992
4.620029935974976
6.046316855510665e-06
2.16795111555796
9.150394040687821
7.817921447876454
1.3754466816053255e-08
107.49131371710146
24.34909063769863
210.82172812591452
8.854510854826675
2.122772916544041
3.5395606982085823
0.0
2.119013036420932
2.1287953641512556
17.68716988805305
20.19726790382579
31.19730548758111
4.7240398952545615
52.08243043335611
11.251658892532596
11.127199790534691
189.38050926440297
6.431680736274819
1.7798657040774905e-07
1.8114612811750948
2.3199778866446007e-08
0.0
2.7624123644910297
5.834099544618778e-06
0.906471809615325
6.425597784535885
0.9061868751977278
9.121947647680643e-09
74.58571173243229
1.4585552951505734
7.358606696324268
1.6935057692184432e-07
5.03412845160334e-07
0.0011263806866906026
3.4958194345787956e-08
0.1571081101977996
0.0
0.00026061167625437043
2.3955368623506008e-06
0.05502719890887225
2.2877790210639285e-06
7.88887316730425e-09
9.231766112791439
8.800564005750828e-07
0.041289108186122046
0.44147864839607587
3.8625570918616224e-07
6.389305430820199
2.972865072873249e-07
0.10095287075354847
0.0005492188758530271
0.0
1.3597429270587289e-06
0.045472515196150365
3.2876974523099026e-06
6.8923764193872506e-09
21.3443100961375
2.1566514307099646e-06
0.03819644006252319
2.511134156617648e-07
2.8521587533934474e-08
1.8773846666783678e-07
0.0019925674403496905
1.6906501865886913e-07
1.2154156456100906e-07
0.000562578845614206
0.0
2.1624479111436845e-08
0.04576279688224294
6.580271755632795e-09
1.181703389819839
3.769393878507343e-08
35.41761660991095
3.786795081689913e-07
2.5939280719451447e-08
3.1687305778503848e-06
0.0033213221514469017
2.010427600852832e-06
2.4662518047172585e-07
4.537383575242426e-06
3.257999803606648e-06
0.0
0.12364074968456477
7.261248590166921e-09
5.305364124620852e-08
4.4183220548623276e-08
1.5363920178809287
4.4679946978217e-07
3.8211853735135427e-07
0.12094929399364915
1.932221680658893
0.008744384611911907
0.0059017386803428915
0.0003819294060070505
0.005900258459764729
5.475395116963254e-08
0.0
6.901577822690948e-09
8.00116071429357
0.00013168953552452023
0.004283424657430835
2.806930426394318e-07
2.942745809567792e-07
1.72874495357236
3.2578296219202224e-08
6.629079851224927e-08
5.183487549555591
6.3789060721362885e-06
9.296153183788195e-07
0.07662642503016173
2.2277270505473226e-06
0.0
63.082296592834844
9.024605257917559e-07
0.052235337259004526
2.402539020740528e-07
0.002527832200479397
2.1919950142909828e-07
0.0028605182431825447
1.9950905065359785e-07
8.029308586804546e-08
2.3879460858298797e-07
7.924207638490171e-08
2.534249723229449e-07
0.0008723706077148465
7.880666331100359e-09
0.0
0.0018351153925522004
0.09604670973542487
3.2508581724074135e-07
2.0386475058029216e-07
7.575076192396258e-07
0.31683732124107966
3.3705881523548392e-06
7.125435835568907e-07
3.4549627770425866e-06
0.13582771139909103
0.011029982549072476
0.00022488493051274228
6.622902133692113e-09
106.70026014317958
0.0
0.7253883532915517
4.114855216100739e-07
0.914189133192085
0.41188336886286564
5.2653155365595224e-08
0.0005868388631568569
0.09656555241605126
1.8943129904760432
5.825303933369556
0.00030373974122519415
5.202246651880725
9.819750605844628e-09
2.701453194009262
0.0003103120305447909
0.0
0.0002694378240666838
0.15212651967368412
0.12574937282865656
1.56558280027796
0.0004973254714561085
0.08201374188664244
0.1624010245893279
0.275929772684665
7.932770684856883e-06
0.1763512768713962
1.1280961519403681e-08
0.17406807796438856
1.2633083205421366e-05
0.0003055861833737278
0.0
