0.0
11.466501090971107
11.466501090971105
11.466535382087754
11.466535382087745
23.999747972851008
0.0
41.97351245670459
46.25104827162644
45.82675594535465
45.92804854409798
63.63412821098102
0.0
99.99999999999994
99.99999999999984
100.0
99.7737443482746
99.99999999999999
0.0
76.74843241829429
76.15675300925932
84.80771233846686
99.99999999999996
99.99999999999997
0.0
59.959641103201804
59.97143255318213
60.359499559069164
70.00414006160423
100.0
0.0
3.464809714063144
3.464809714063144
3.464809714063144
3.464809714063144
30.41801800548023
0.0
0.0
0.0
0.0
0.0
0.0
0.0
0.0
0.0
0.0
0.0
0.0
0.0
0.0
0.0
0.8011987157355668
0.0
0.0
0.9130111471199878
0.0
0.0
0.0
0.0
0.0
0.9130111475325745
0.6697338177870512
0.0
0.5821322677298577
8.100696479644416
2.595368768631179
0.8651229170918546
0.0
0.09823319811845
0.09823319811845
0.09823319811845
0.09823319811845
0.09823319811845
0.0
0.0
0.0
0.0
0.0
0.0
0.0
0.0
0.0
0.0
0.0
0.0
0.0
0.2666587099433825
12.799819864031681
12.799819864031681
12.799865585520548
12.799865585520537
0.26665299475727505
0.0
24.061523504503533
46.25104827162644
41.97351245670458
41.58448073128925
41.67311175518967
23.96703208830652
0.10129259874326302
44.629293839036315
65.22359647647718
65.22359647647714
68.88371327644509
77.87354823293808
33.7280417913601
0.27401993304080824
58.02172117468338
87.35681706660064
87.03548532642034
71.74785101334196
71.94155266958091
40.75520491902162
0.0
52.33810648011012
65.10915814890481
65.12263409173967
70.64229465912042
58.20243630508405
59.66735240393706
1.5467605641930415
0.0
3.464809714063144
3.464809714063144
3.8997499866473366
3.8997499866473366
0.0
0.0
0.0
0.0
0.0
0.0
0.0
0.0
0.0
0.0
0.0
0.0
0.0
0.0
0.0
0.0
0.0
0.0
0.0
0.9156556751263619
0.0
0.0
0.913011150309126
0.0
0.0
0.0
0.0
0.0
0.0
1.0615904410308752
0.0
1.4450270128857816
14.384593338760151
0.6652940202626948
1.2474262879925517
1.2474262879925517
1.2474262879925517
0.0
0.0
0.0
0.0
0.0
0.0
0.0
0.0
0.4066024823883383
4.477544124102552
4.070941641714212
0.8806916748347147
0.32189328881752244
0.08498831308204145
0.8061635283812305
1.5115566157148084
1.5115566157148084
0.0
0.0
0.0
0.0
3.7332219392073536
3.7332219392073536
3.7332219392073536
3.73314192660185
3.7331419266018497
3.7331419266018497
0.0
36.092285256755275
36.09228525675531
36.09228525675531
35.66566269849436
35.665662698494366
35.665662698494366
0.08863102390035514
53.392112407363456
62.23100704537788
52.425973615471605
43.2168599938786
39.05677056011285
49.77251189466525
0.2397674414107072
61.42378009480145
77.250985719259
66.60083259054967
63.515962760480804
60.187389016469375
61.132807313595414
0.0
58.35578362595556
58.10121566689194
62.64311191918697
60.16396011722702
57.36874226624541
52.20893335344493
1.3534154936689113
0.25909840505655246
0.11051911170599975
0.43494027258419266
0.0
0.0
0.0
0.0
0.0
0.0
0.0
0.0
0.0
0.0
0.0
0.0
0.0
0.0
0.0
0.0
0.0
0.0
0.0
0.0
0.0
0.0
4.310275792494207
4.310275792494207
0.7105744277694404
0.0
0.0
0.0
0.0
2.582210494252315
2.5822104942523176
0.0
0.0
0.0
0.0
0.0
4.564223197925958
2.080110106907738
0.0
0.0
0.0
0.0
0.0
2.6883098033819746
0.4629635227867098
0.0
0.0
3.640838694157529
3.6408386941575293
0.0
0.8753799392053667
0.31658155349270534
0.07436477394678627
0.7053930873335771
0.0
0.0
0.0
0.0
0.0
0.0
