0.0
4.9653388511999e-08
1.5809473003485807e-08
1.2281767856846773
2.1464103597739666e-08
2.0805942494842636e-08
1.952618287498345e-08
2.4868663552808083e-08
2.0883178409906103e-08
1.2920078883225001
1.1886361131263334
2.147487075052111e-08
2.1669685545580106e-08
1.9720136885331063e-08
3.7030566090576817
0.0
2.6750744476390746
17.216576659469258
2.218064839562562
2.314350688470629
12.725772725163855
28.645162317233265
12.465259922824416
6.932663718961799e-09
189.71843732597017
17.852541344312755
84.01534638240602
15.282893146790453
5.9069727648726376e-08
3.855523475038685
0.0
3.4820797529775995
0.15459440451865114
9.330651165597654
5.560732813973394
9.449196482320284
0.5887778416336374
67.64595231396306
41.70938022945873
14.670685641415444
187.90676064311512
4.114420075010199
4.8388403911324855e-08
2.6259694612291615
1.6944217166528685e-08
0.0
9.625599788955851
1.0242942613353237e-06
1.0056725283432693
6.476333519286762
0.593719610408411
3.7826117456041366e-09
21.445365335686056
3.4487206272547
58.38598914404903
1.7337641467279284e-07
6.19778541266549e-08
0.0006100414647419532
6.809828049689939e-08
0.2775692608671374
0.0
1.5513038148242782e-06
1.9707226695860644e-05
0.12173351640804181
0.07556212031042807
5.628636654817881e-09
19.39569000755446
0.06514685304732756
0.11599017274058576
1.689114946105191e-07
5.070175996773055e-08
0.5342799667088791
1.142519741129031
2.0229826206317654
2.399689344452839e-05
0.0
2.9858388834233408e-05
0.22802657944303117
2.380326110740364e-05
2.7287375655102956e-09
10.171876216474528
0.008758328248407771
10.644378369141462
1.457880286903104e-07
8.695640166419705e-09
0.3502456876674892
0.42639150177430457
2.4993062655166562e-08
1.8222936078963154e-08
2.7211196405273595e-07
0.0
1.5566531905652483e-08
1.3845370816239857e-08
2.797279420455851e-09
2.9523447705200476e-08
3.9221286354540175e-08
37.93581520721861
2.563391547763032e-07
1.1841912024849642e-08
0.05790426951991266
5.258354674568675e-08
1.0016164590956481e-07
2.377775883109377e-08
8.01899231663303e-05
1.3580547068149954e-06
0.0
2.4208586327452504e-08
3.0707615663300515e-09
3.33611500940896e-08
4.3040444205420845e-08
5.5093831212894315
2.8562072667996446e-07
5.255100372750279e-08
1.45544954013994
4.855926001624876e-08
2.6421664327773685e-08
1.5050809083131615e-05
0.0004529300088378669
1.6464590448687044
0.15037365547887874
0.0
2.8922816351623274e-09
0.43599189294810087
2.7600418453727736e-07
2.3819086228450894e-07
9.235895339403952e-08
0.16518113046182065
0.2871310337856862
7.282664894294568e-08
1.4553378690568763e-08
0.2131799682457738
1.5409667988933421e-06
1.9573760105960775e-05
0.12251149190416163
0.06546549828103439
0.0
0.12461229398926284
0.0596934013217023
0.11206584804974834
1.7067666189891057e-07
0.019893181092855344
0.019939253234906244
2.3116390292357895e-06
2.0354505224492428e-08
0.01961344788217835
2.54677514230685e-07
1.538573994587171e-05
1.1729803312984169e-07
2.5588405027743128e-06
3.5943779829815765e-09
0.0
0.00044159339745350175
0.3428164134767532
2.3270603753670831e-07
3.476880932995243e-08
0.716875314274323
4.346936589965146e-08
2.2661540837450795e-08
1.0190314123462929e-05
9.388768283539208e-07
0.5658245708830723
0.0027404028278179547
1.8997362133787226e-06
2.9879971589576207e-09
20.651519967286532
0.0
3.6368189418846923
2.6834190300869384e-07
1.5300840291245517e-08
0.25405234283194433
3.3540846638553065e-08
9.317815524847927e-08
1.6178479115969787e-08
6.755027286567418e-08
3.3951736623211817
0.00034870969418426806
0.00027503442788802076
2.7729160050490463e-09
1.6121176988993673
0.0003488751239129021
0.0
0.00031991101329676146
1.4663343691079551e-08
0.011871746682885572
3.24923780425922e-08
1.4692648054707979e-08
1.4505100295042623e-08
7.069595654764938e-08
0.2705725451663688
4.934614436420383e-05
4.032999945055683e-05
2.81948302888897e-09
1.851093533807175e-07
4.9525683875738236e-05
0.0011997271813678006
0.0
