1.0712374612075877
12.187882592650654
12.269221065826567
12.11998003761027
12.119980037610283
0.4963315437382537
0.0
25.899528142038434
44.071544432104226
44.24053907677927
46.21043780401941
44.893378135740704
26.49820099783496
0.0
39.301764822945856
97.49081826406974
98.65931699243393
100.00000000000001
100.00000000000001
40.716013832105226
0.24136732517609114
53.90503034625807
99.64386655841129
100.0
99.99999999999999
100.0
54.29418525544975
1.7088525841293212
54.49093626582172
91.31242018633577
91.41240208589167
100.0
99.58832904084584
78.20753834122682
4.396025026960774
0.015745475955107995
1.9212059915303341
2.0045474086229786
1.6279998607112238
3.6558140271063757
4.626295180353206
0.7710490699952272
0.0
0.0
0.0
0.0
0.0
0.0
0.0
0.0
12.187882592650654
12.269221065826569
12.119980037610269
12.119980037610281
23.9898914162776
0.0
44.071544432104226
44.24053907677927
46.21043780401941
44.89337813574071
63.90796700781354
7.400499019520998
61.10432361677236
57.370645196699655
74.94977129530866
77.25883890507833
98.93244200952435
0.0
67.5258763419283
68.84558667994264
57.02639067086331
79.57867909988803
100.00000000000001
0.0
36.849835522992734
36.9498174225487
16.00582538270484
34.60201500968063
100.0
0.2181493628781266
1.9212059915303337
2.0045474086229786
1.6279998607112236
3.6558140271063757
29.146350322659934
0.0
0.0
0.0
0.0
0.0
0.0
0.0
0.0
0.0
0.0
0.007167943499813457
0.0
0.0
4.638177253291139
0.07144265811002393
0.07144265811002393
0.15665171030465697
1.107399037793841
1.858921635553188
1.8589216355531881
4.92640531522077
0.05427050201655412
0.0
0.0
0.0
0.0
0.0
2.4428448843069344
0.0
0.0
1.4133908263084105
0.1585981453822257
0.3171962907644513
0.3171962907644513
0.3171962907644513
0.08614166356123194
1.3412667406919923
1.1605514612579129
0.8574543212336931
0.4810829721497433
0.48108297214974344
0.09511997339854276
0.38357587431364126
5.085396815157126
5.358620461826818
3.413426846929024
1.365339636976164
0.4551130759018399
0.09102252775271343
0.12887845124393665
3.8268765868805157
3.8268765868805197
0.5549898088188181
0.22199591657077597
0.0
0.0
2.5039240299913557
5.295274634478165
3.4239702766685056
1.8696900705335697
5.1750303271572164
3.575838479611198
0.0
19.46367922634052
50.32971267070685
32.42686882601355
21.951178993279832
51.3463325972381
33.409766079693966
0.0
51.71634194668942
71.44141073004197
59.02683361567653
49.42870905138057
41.27599185256474
42.791178331391
0.24136732517609114
63.983221254878536
76.74781855742195
68.52553750015535
88.69637290837906
73.59658490962724
54.350500168736744
1.7088525841293212
59.96450147033242
60.48990983234548
59.6368128099657
93.27896850916255
91.32442567700015
78.2075383412268
4.396025026960773
1.07192728893623
0.16821548365897537
0.1682154836589755
0.7753193787121834
0.20465259302907177
0.0
0.7710490699952272
0.0
0.0
0.0
0.0
0.0
0.0
0.0
0.00336526180686739
0.008781601552143605
0.028077887512758467
0.011578136442905012
0.0038593580291828074
2.576765128718176
0.00336526180686739
0.028896171264379857
0.41892941771175557
3.9511789921653433
1.3170596409564541
2.5767651001409644
0.08628056441258233
0.0
0.0
0.0
0.0
1.3709175973508752
0.1933382573419818
13.566838168418625
0.1585981453822257
11.080597030954541
3.100829094184597
1.3244483694513172
0.0
0.0
0.0
2.5612532823186225
1.3919966572903761
0.587265772883266
0.0076765168020300895
0.2704016996785566
0.29262598256722905
0.4386171833375323
0.206444086985791
0.1807152794340786
0.0
0.0
0.0
0.0
0.0
0.0
0.0
0.0
0.0
0.0
0.0
2.0736103186108727
2.073610318610873
0.0
0.07144265811002393
0.2402321745209588
0.2402321745209588
0.7515225977593469
3.0036428037997602
3.0036428037997602
0.0
0.05427050201655412
1.9274749227176664
1.9274749227176664
0.0
2.852366523356312
2.852366523356312
0.0
0.0
0.0
0.0
0.0
2.3371883016054555
2.3371883016054555
0.0
0.08614166356123194
1.5877208355499342
1.5877208355499346
0.0
0.2950837725104297
0.10849672573990868
0.09511997339854278
0.38357587431364126
8.01249649964932
8.012496499649322
3.1402032002593256
1.4563620235174712
0.5461355746283636
0.09102252775271341
0.12887845124393668
0.5549898088188182
0.5549898088188181
0.5549898088188181
0.22199581222001474
0.0
0.0
