0.0
11.466432762996382
11.46643276299638
11.466481249864799
11.4664812498648
23.999644055902003
0.0
46.2869783153693
46.28697831536939
45.733179543593636
45.86538961558769
63.522453419655854
5.256284601038555
92.50258575282687
100.00000000000006
99.99999999999994
99.99999999999994
99.99999999999994
0.47064980841105375
98.96508869900806
99.99999999999997
100.00000000000003
100.00000000000003
100.00000000000003
1.443117724527574
64.24540013890335
69.04725184319659
73.81495929748587
99.99999999999999
100.00000000000009
0.0
3.468692579730493
3.617847945030215
6.9304639751113095
10.58765754976991
33.41504105935236
0.0
0.0
0.0
0.0
0.0
0.0
0.0
0.0
0.0
0.0
0.0
0.0
0.0
0.0
0.0
1.0457480386613345
0.0
5.22488864462922
1.2541938404871127
0.0
0.0
0.0
1.9171191251460855
0.0
3.9188247512832137
0.31096959513287764
0.0
0.07273626968059682
6.505910861957028
1.9929435513782034
0.8864066618778693
0.0
0.18256707796559277
0.18256707796559277
0.18256707796559277
0.18256707796559277
0.18256707796559277
0.0
0.0
0.06313466734227183
0.2525382216662263
0.0
0.0
0.0
0.0
0.0
0.0
0.0
0.0
0.0
0.2666554382552661
12.799745513989846
12.799745513989844
12.799810163147736
12.799810163147738
0.26664735711052934
0.0
24.080302280664903
42.006124918489796
42.00612491848976
41.49834931561658
41.614033128611375
23.956969324543145
0.13221007199401227
43.20045385468276
60.733545286563405
52.06081910434179
51.650831592296605
61.80079680345671
40.12382177925816
0.5062903645718919
56.157933252786165
74.81647646664224
73.07644203914359
62.900765634581504
49.754282090675815
47.86454535595614
0.37387693501061886
45.20979099533836
61.50847113635745
71.10423227754255
65.95869575534736
56.55052182772525
55.08268239637222
0.6419513220246832
6.530327931349007
4.809790608832053
4.909227519031867
4.826371649367088
7.965166727997261
0.22611686291770017
0.0
0.0
0.0
0.0
0.0
0.0
0.0
0.0
0.0
0.0
0.0
0.0
0.0
0.0
0.0
0.0
0.0
0.0
1.1951406156129536
2.4682734168227505
2.5150063034093817
9.425048054568267
0.0
0.0
0.0
0.0
0.0
0.0
4.246707878012257
0.0
3.4161073982021612
3.7373476497141382
0.33243044684745743
0.358927294846097
0.38187008348566087
0.5469591063431816
0.0
1.2876577060976482
0.01704592882844407
0.01704592882844407
0.23677918390446984
0.2367791839044695
0.0
0.0
1.4298049988308272
4.070941627033385
4.070941627033388
0.8806916573124148
0.32189324605208985
0.08498829173253507
1.2957117120137847
2.429459460025839
2.429459460025839
0.0
0.0
0.0
0.0
3.7331761355737245
3.7331761355737245
3.7331761355737245
3.733062999547412
3.733062999547412
3.733062999547412
0.0
36.12045342099739
36.12045342099736
36.12045342099736
35.563613159331545
35.56361315933155
35.56361315933155
0.11568381299476074
50.80793750974622
66.11772086520736
53.193443887874736
46.31304084489899
40.457933777094205
44.7048983486605
0.44300406900040545
60.78559583155281
72.93570750451134
61.313773893083756
61.9992913350138
58.74935494688883
56.13214254849497
0.32714231813429157
60.98474595834389
63.05475003279758
60.09288773674511
57.92688502083358
58.794716038652105
51.706207988392016
0.5617074067715978
3.593047090687276
3.2651639656745024
3.4545675199984993
1.469759608965051
1.469759608965051
1.469759608965051
0.0
0.022942788639563894
0.0
0.0
0.0
0.0
0.0
0.0
0.0
0.0
0.0
0.0
0.0
0.0
0.0
0.0
0.0
0.0
0.0
5.625898240530253
5.62589824053025
1.270611777269204
0.0
0.0
0.0
0.0
4.6545226427122754
4.654522642712301
0.0
0.0
0.0
0.0
0.0
2.5927635804187728
2.131240312583027
0.0
0.0
0.23864300359821602
0.23864300359821702
0.23864300359821702
2.039073952919074
0.5768879733805555
0.0
0.0
3.884092904661291
3.8840929046612898
0.0
0.875379926474576
0.31658152638979914
0.07436475526596818
1.1337477480120612
0.0
0.0
0.0
0.0
0.0
0.0
