1.0709066331496029
12.185863973954685
12.238138660208536
12.117293301308186
12.117293301308209
0.47561127969024686
0.0
25.899122358189217
44.06791231504969
44.27286100453649
45.58577487835957
44.64422390288934
26.3729712919779
0.0
44.76202208169827
79.52094999046308
79.40268967472979
100.00000000000007
100.0
51.088745865349196
0.0
51.2479122808045
78.28297533767288
77.92195649499511
100.0
100.0
51.051339500806414
0.4654735543300797
55.5939262289427
63.642549918920956
65.14160220975005
67.35250566415259
65.2203753434085
57.61426773622529
0.0
0.0191613608669812
2.0762580985551433
2.076258098555142
1.8941822518965181
3.6872255569374337
3.8160802794408193
0.635648045139861
0.0
0.0
0.0
0.0
0.0
0.0
0.0
0.0
12.185863973954687
12.238138660208534
12.117293301308184
12.117293301308212
23.990339080019258
0.0
44.06791231504969
44.27286100453649
45.58577487835959
44.64422390288935
63.900860349339965
0.0
79.52094999046307
79.40268967472979
67.69553976101615
68.67866226724827
100.0
0.0
78.28297533767294
77.92195649499513
54.67214889321331
54.94883510121334
100.0
0.0
63.64254991892092
65.14160220975003
67.35250566415259
65.2203753434085
100.0
0.22623138907251952
2.0762580985551433
2.076258098555142
1.8941822518965183
3.6872255569374337
15.759672915982518
0.0
0.0
0.0
0.0
0.0
0.0
0.0
0.0
0.0
0.23151705239036852
1.0418267696286347
0.0
0.0
0.23652061175198805
0.00933963484811946
0.09360745472773141
0.09360745472773141
0.5937634525471923
1.1351501935069035
1.1351501935069033
0.722037627671353
0.05372866430121237
0.0
0.0
0.0
2.034341801822375
2.0343418018223747
0.7997816403528369
0.005052827435232495
0.06005263991404797
0.6871297830046901
0.6321299705258745
0.0
0.0
0.0
0.06445935103341374
0.30952200410013553
0.25067158419050667
0.10858828448181268
0.3816495090982551
0.32279908918862643
0.09856356635908366
0.0837856189906918
0.0
3.951562475016749
3.95156247501675
0.9425724533329405
0.35255383508885113
0.1768540709524793
0.10641379297807162
3.159818535923436
3.159818535923434
0.4582503780071372
0.18330015132227545
0.0
0.0
2.504122645949705
5.290858849031842
3.3619563690149765
1.8635933129922377
5.222656924033488
3.610245403540288
0.0
19.463716146714308
49.39317546673471
32.40949343864735
21.025204513766532
50.98234546771035
33.52788906193744
0.0
33.748907078657794
82.34975108956823
50.30011539688339
48.71319595779493
49.15110972598957
51.060724464208555
0.0
38.97746251531915
100.00000000000004
81.01465845459153
81.2981212272437
93.46427179946114
63.21749007302387
0.46547355433007975
32.43499638493856
84.99679102032337
54.27401444719595
37.13268347777226
86.72559090831288
62.30252662646105
0.0
0.03887202121869696
0.0
0.16045340649805476
0.34499033245026667
0.11499666569795872
0.0
0.635648045139861
0.0
0.0
0.0
0.0
0.0
0.0
0.0
0.0020285703259901996
0.003996054836542088
0.15424573210912712
0.0
0.0
0.23652060927513174
0.009174465161088703
0.23151705239036852
1.130856097133958
2.8978240090663947
1.0147220626943902
0.7220376767372126
0.092943348626557
0.0
0.0
0.0
0.0
0.7220376833793913
0.11935090663670028
0.0
0.0
0.0
0.0
0.09718005351040704
0.0
0.0
0.0
6.8228170138193285
2.5585563741952067
0.8528521212549228
0.5278349052336696
0.20479782615422343
0.31131324271425526
0.4090772400814393
0.2539897826117366
0.11770083981925725
0.0
0.0
0.0
0.0
0.0
0.0
0.0
0.0
0.0
0.0
0.0
3.0652049714308385
2.0233782018022035
0.0
0.00933963484811946
0.22397513709339475
0.22397513709339462
0.09360745472773141
6.991493265302066
6.991493265302066
0.0
0.05372866430121237
1.9222921708081417
1.9222921708081406
0.6697131382173076
3.6896531540633632
3.6896531540633632
0.0
0.005052827435232496
0.005052827435232495
0.005052827435232495
0.005052827435232495
3.92460440323908
3.924604403239078
0.0
0.06445935103341374
1.8923020415294791
1.8923020415294791
0.0
5.520780193336918
1.8387987175757992
0.0
0.0837856189906918
2.848711295144594
2.8487112951445943
0.0
0.905738440787317
0.3087129251179649
0.010338076725031394
0.10641379297807162
0.45825037800713736
0.45825037800713736
0.45825037800713736
0.1833001436262323
0.0
0.0
