0.0
0.0004975289705924173
0.0019829793972649897
9.30285569797468e-08
2.215981755701153e-08
1.4598512083443063e-05
7.755016871508222e-06
9.380047634980956e-06
8.227699972230952e-06
6.599288777326487e-06
8.8321443253461
7.065135096784721e-06
0.6580958121482615
0.32641088372586274
2.9067882993767533
0.0
3.428591415292779
4.221293813877173
2.9069085274765714
0.9025782449932027
2.5628978746513527
3.876707877409091
4.594508887093321
3.551744904493176
262.0226215013576
1.053931816702116
104.78942897803245
0.399087824826186
0.00018961026397711997
1.5754166804024368
0.0
1.4857665890389313
0.5717122177688183
10.86278446175325
6.713205185929654
7.9504502828425725
4.046478644685857
22.247764523128243
90.36378553866031
16.365085711683015
213.84669779972356
0.6162822025702539
0.6075760754370996
1.2108707268890861
1.7035280697694272e-08
0.0
3.193977137913341
7.707748624775999e-05
4.309967237376614e-05
0.000717454728397167
4.558817736800879e-05
0.00017800154813061875
29.82089832770234
3.2290866830660063e-09
3.6497230246680833e-09
3.5378045192992153e-09
0.0002078359705661245
0.002963614882400418
1.6371978191280063e-08
0.004883496089171751
0.0
0.00036088257352968515
0.0006861627561338251
1.4142880035704797e-09
8.783304434822398e-05
7.106664118392967e-05
6.283341090830637
1.281319115298675e-09
3.004705902155011e-09
2.979252280478754e-09
0.00010457714561281248
2.2431529881945425
0.0022633612224511905
3.4550653201449504
0.0006748985746778678
0.0
0.0006094931136374829
0.0005048350237246479
0.000558532095006756
0.000238804145089288
6.941610138127915
0.0002001529024665003
3.569581918893512e-09
9.895358838387495e-05
1.6037594858526513e-08
0.006668165450089645
0.8084499709658557
1.4803789917588214e-09
0.000128544996838607
0.0010354462306811992
0.0
0.0007381917347155439
0.00012663331876927488
9.871119687670844e-05
2.0356054915983505e-09
0.00010406959327265484
3.852666028819188e-09
0.00011701887855755881
1.9936752329910524e-05
0.004092176327896349
9.280502133816183e-09
0.0011954722658365636
0.0001023115879517551
0.0006087698569260043
0.0010241694549737942
0.0
7.216597695200184e-05
5.8447438284472827e-05
2.2588459758988987e-09
0.00016066359567740407
8.640970284981162
0.00013853727143973984
0.0012258988287248349
0.0006626646298089151
0.02322982901340691
0.2370487651624642
0.000129211163315258
0.00040293353303531365
0.0008373294212034286
2.313749946501857e-09
0.0
9.906015741005156e-05
8.851030341644013e-07
0.0002749425105948872
26.122114247181912
0.3262667743744477
0.0025548593750830753
6.002499128720327e-05
2.114157458429216e-08
0.0005071185851223577
8.840755404723677e-05
0.00036177039731039625
0.0023455471297307556
0.0011701101522399028
8.764496594059551e-05
0.0
3.186973292304122e-09
2.958992979123545e-09
1.3870572578636598e-09
3.1180689725712962e-09
0.0033757448119920343
4.9668794672388624e-06
0.001826963610768376
0.00014854569270531063
7.017315267990617e-06
0.00013066807870168253
6.615466559100299e-06
7.433201821973465e-05
0.0006926690583562651
5.374543509582566e-06
0.0
0.0011182322819934584
0.5400606185730088
7.114430905353798e-05
0.0023639197616558173
0.7274072286200479
0.001347817204414491
0.0007359806360686175
7.699774423710309e-05
0.0004327909608209546
1.9272492998599342
0.00012178311384380569
0.0007570951830032186
5.983020794699622e-05
5.213084662861976
0.0
5.760646898220527
0.000139089279657678
0.0036554507202784118
0.0018606876305732826
1.6879416283006392e-09
7.921854990453037e-09
3.4272181993439416e-05
5.399405321289657e-05
0.00011544669140765397
0.0006496449242196279
2.5212574504848817
2.8206810770600566e-05
2.3612426004213956e-09
0.0006264114101209739
0.0
0.0003333994425152032
0.003725143782430542
0.0036194160738056607
2.812742525481488e-10
1.0842913641740095e-09
6.096815215721033e-06
9.992416146614081e-06
2.442403325887389e-05
0.0005447953197180663
2.928268802410919e-05
4.958113558026998e-06
2.7122749963859533e-09
0.00030924335340301476
0.0015053776245904193
0.0
