0.0
11.466459716814112
11.46645971681411
11.466502573442
11.466502573441998
23.99968499129569
0.0
46.25095534655002
46.25095534655007
45.82699786285026
45.928210523371774
63.63441691843168
0.0
100.00000000000017
100.00000000000024
99.99999999999994
99.8488622530059
99.99999999999997
0.0
76.75157473883007
76.16061322786321
85.66068441411018
100.00000000000003
100.00000000000003
0.0
59.958973726438614
59.97161788033477
60.35654303104452
70.0023672407207
100.0
0.0
3.4658285657339665
3.4658285657339665
3.4658285657339665
3.4658285657339665
30.501640246658113
0.0
0.0
0.0
0.0
0.0
0.0
0.0
0.0
0.0
0.0
0.0
0.0
0.0
0.0
0.0
0.80056651339028
0.0
0.0
0.9130807147805043
0.0
0.0
0.0
0.0
0.0
0.9130807154430167
0.672630711777495
0.0
0.5812632638265154
8.090591152349939
2.592131135900433
0.8640437029207666
0.0
0.09717976498842867
0.09717976498842867
0.09717976498842867
0.09717976498842867
0.09717976498842867
0.0
0.0
0.0
0.0
0.0
0.0
0.0
0.0
0.0
0.0
0.0
0.0
0.0
0.2666567202753219
12.799774853187188
12.799774853187188
12.799831995357707
12.799831995357703
0.26664957750400725
0.0
24.06147495254721
41.973428112765504
41.9734281127655
41.584703401621454
41.67326447957782
23.967058084517866
0.10121266052149655
44.63520110008414
65.21891977565764
65.21891977565767
68.9085931994798
77.55689358215095
33.531802840958655
0.28045848336231005
58.0276923024475
87.3587949691813
87.03667576212679
70.95117265950829
72.03678563115675
40.827710031503756
0.0
52.339774543798434
65.11106103848095
65.12551150007657
70.64353446513245
58.2043749877608
59.66707145036463
1.5466669121957421
0.0
3.4658285657339665
3.4658285657339665
3.900378215373307
3.900378215373307
0.0
0.0
0.0
0.0
0.0
0.0
0.0
0.0
0.0
0.0
0.0
0.0
0.0
0.0
0.0
0.0
0.0
0.0
0.0
0.91493315816032
0.0
0.0
0.9130807197646036
0.0
0.0
0.0
0.0
0.0
0.0
1.06115356782647
0.0
1.4789803327978301
14.431399858144434
0.6643008729445888
1.2455641367711041
1.2455641367711041
1.2455641367711041
0.0
0.0
0.0
0.0
0.0
0.0
0.0
0.0
0.4045810960757384
4.475522728028676
4.070941631952941
0.8806916546418103
0.3218932535518739
0.08498829588459123
0.8058770785127991
1.5110195222114977
1.5110195222114977
0.0
0.0
0.0
0.0
3.733194083854506
3.733194083854506
3.733194083854506
3.733094085056103
3.7330940850561025
3.7330940850561025
0.0
36.092212428820794
36.0922124288208
36.0922124288208
35.66592651906009
35.665926519060086
35.665926519060086
0.08856107795630948
53.385755350069765
62.24529455546508
52.4338440934816
43.21780386846458
39.05840875567309
49.82050053464727
0.2454011729420213
61.425824731331694
77.24687218034151
66.59983242163034
63.50836870693435
60.19456793016274
61.24156495000559
0.0
58.358513153166044
58.10421787801231
62.641655516487646
60.16101332240273
57.36767805551735
52.20868751906905
1.3533335481712743
0.2585198133557034
0.110446961176804
0.4345496496393407
0.0
0.0
0.0
0.0
0.0
0.0
0.0
0.0
0.0
0.0
0.0
0.0
0.0
0.0
0.0
0.0
0.0
0.0
0.0
0.0
0.0
0.0
4.306874556823216
4.306874556823212
0.7121647783250606
0.0
0.0
0.0
0.0
2.5826888320190333
2.5826888320190378
0.0
0.0
0.0
0.0
0.0
4.545877568857481
2.0730199305045915
0.0
0.0
0.0
0.0
0.0
2.686473091335593
0.46257732369292004
0.0
0.0
3.640957642922301
3.6409576429223125
0.0
0.8753799392020305
0.3165815385877554
0.07436475889901732
0.7051424436986988
0.0
0.0
0.0
0.0
0.0
0.0
