1.0712524451003191
12.18797336158041
12.270608373461041
12.130944672478362
12.13094467247835
0.44817056436711206
0.0
25.89772840646459
44.05547951054566
44.042699796657814
46.09106150321523
44.84618368375384
26.547925213374537
0.0
39.10337437997988
90.24941765926744
89.2692794919594
100.00000000000003
99.99999999999999
46.265408028024666
0.9725939484958595
47.08281076211366
100.00000000000001
97.2604032768554
100.00000000000001
100.0
67.27848374099995
4.136534345538399
51.91208335320238
89.59650866869183
90.54496479399188
97.92456437554134
96.26720064299958
75.22446949765968
4.809402287336267
0.0
1.6070716336733761
1.7540521606427264
1.4702409375391132
3.603228446785068
4.626296280408717
0.7710493766345887
0.0
0.0
0.0
0.0
0.0
0.0
0.0
0.0
12.18797336158041
12.270608373461041
12.130944672478366
12.130944672478352
23.992026464963857
0.0
44.055479510545645
44.0426997966578
46.09106150321523
44.84618368375384
63.902409078219605
2.367658374693935
51.88893738242669
50.90879921511872
73.1040554820553
70.32210690377143
92.5156791068496
1.413556756491472
51.363651342211895
50.15235969680545
57.62814106002073
93.25867710213518
98.42064217225268
0.6712982085394746
38.6962009858975
39.644657111197525
22.700094877881668
21.042731145339904
56.314948241145366
0.17851014081265018
1.6070716336733761
1.7540521606427262
1.470240937539113
3.603228446785068
88.26427253703925
0.0
0.0
0.0
0.0
0.0
0.0
0.0
0.00047281291260090313
0.00023640645630045157
0.0007310100085291173
0.009391618822550308
0.0
0.0
3.4743858926774145
0.0030833018023540765
0.006166603604708153
0.23133056136102467
2.010708523266983
10.545932953650103
10.545932953650102
2.946726925982922
0.05376483182363231
0.0
0.0
0.0
6.099982541150599
6.099982541150598
2.3099081730298234
0.0
3.8240140534706315
10.460727851413008
0.0
0.0
0.0
0.0
0.2568757761288999
5.990231338244239
5.666981780072103
0.7015392476079368
1.4030784952158737
1.4030784952158737
0.46769282791632627
1.0141229726022187
11.87943887072175
14.862759613195395
3.997443715075873
1.2586432992383967
1.0141229726022185
1.0141229726022185
0.12887842801298385
3.826876512583631
3.826876512583628
0.554989971823779
0.2219959878406381
0.0
0.0
2.503915174398435
5.295473518338709
3.4267394561884217
1.8675522885431683
5.293113507259657
3.6394377348090554
0.0
19.463842546341244
50.26770749773229
31.82250888059794
21.734633452856478
51.28300734494945
33.50199323536485
0.0
51.161807368744796
71.6833224894613
83.54954651249994
49.30044595261388
42.63020854919028
42.37711920269051
0.9725939484958595
60.2892408861406
86.69195343591004
99.22960955265967
78.63819357236412
73.10782583352373
67.27848374099993
4.136534345538399
56.66517025025258
63.03397825470527
58.64743692435906
83.53166416214154
80.2169366977386
75.22446949765968
4.809402287336267
1.2065624457523734
0.0
0.2939610556272276
0.5464641107234619
0.18614285076462114
0.0
0.7710493766345887
0.0
0.0
0.0
0.0
0.0
0.0
0.0
0.0004946035522286657
0.011149009450444577
0.024281345002189734
0.006566198715087874
0.0
1.960276332942418
0.03965661240148676
0.23133056136102467
1.5994857008357841
3.7346334492592415
1.244877813898859
1.9602763327012833
0.0914914747209226
0.0
0.0
0.551672863638725
0.551672863638725
3.9509849674980884
0.0
17.951267701365758
0.0
0.0
0.0
0.341367279934938
0.0
0.0
0.0
7.747129241564861
2.829629804015721
0.9432099265231022
0.0
0.43400645885671174
0.6180157825018201
1.0068203738550618
0.646499116344277
0.646499116344277
0.0
0.0
0.0
0.0
0.0
0.0
0.0
0.0
0.00023640645630045157
0.00023640645630045157
0.00023640645630045157
2.1044393900248894
2.104439390024889
0.0
0.0030833018023540765
0.14574480733584355
0.1457448073358435
0.0
4.019416304003272
4.019416304003271
1.7628977386359543
0.05376483182363231
1.9235860816324295
1.9235860816324304
0.8535860739279945
1.1838291873469675
1.1838291873469675
0.0
0.0
0.0
0.0
0.0
1.2065624457523734
1.2065624457523734
0.0
0.25687577612889995
2.7435458500640033
2.7435458500640024
1.0247888057800756
3.0717129468768314
1.818223130414733
0.0
1.0141229726022187
3.400443732858978
3.400443732858978
1.0141229726022185
1.3744442312166782
1.0141229726022185
1.0141229726022185
0.12887842801298385
0.5549899718237788
0.5549899718237788
0.554989971823779
0.22199598109515117
0.0
0.0
