1.0712418481583832
12.187910551978536
12.26967443548884
12.131212052439015
12.131212052439018
0.46782588606741643
0.0
25.899600317657775
44.07219063645305
44.24849949915103
46.159359790749825
44.873005882899534
26.488120020562537
0.0
43.010903193271936
95.81158300846411
100.0
100.00000000000001
99.36274611541255
40.08232840450416
0.0
49.944195903995734
98.08835602192005
100.0
100.0
100.0
70.50203497678028
3.1480922452453557
52.56398727346545
89.44467885776334
89.30811386135021
96.12980796880402
96.08735330618212
61.36516968230883
3.253751052789925
0.0
1.9746766581548598
1.9746766581548596
1.5537216442543798
3.6310549184754484
4.626295658025386
0.771049203034353
0.0
0.0
0.0
0.0
0.0
0.0
0.0
0.0
12.187910551978538
12.269674435488843
12.131212052439022
12.131212052439025
23.99292125421407
0.0
44.07219063645307
44.24849949915101
46.159359790749825
44.87300588289953
63.90737679295223
0.0
66.57461199806758
58.8577948879877
76.72446323741916
89.82752804238791
97.71384408797974
1.2398479592836529
69.84562828130869
66.7766276305266
67.22741932004713
92.70784673456008
99.33367353571118
0.5952411519220111
37.05782578190917
36.92126078549602
45.02792530988753
34.72218362387329
100.00000000000003
0.23454815240786767
1.97467665815486
1.9746766581548598
1.5537216442543798
3.6310549184754484
39.933399361531684
0.0
0.0
0.0
0.0
0.0
0.0
0.0
0.00037836571517254735
0.00018918285758627367
0.000621388785518374
0.008341510845691336
0.0
0.0
6.351120196256405
0.002732696290248761
0.005465392580497522
0.03973953151266605
0.36765595996244144
3.11891304483849
3.1189130448384903
2.096002574979382
0.05405618055759002
0.0
0.0
0.05063786862743992
1.4009822861553525
1.4009822861553523
2.5143183724026072
0.0
0.0
12.37465170508414
0.0864294843952923
0.6470259849612526
0.6470259849612525
0.13757595156820043
0.13522001821630103
0.2516792282307206
0.2516792282307206
0.10785281503046906
0.46725779302111614
0.4672577930211159
0.15575241662019434
0.792663127018106
13.024182418315043
16.242972375757525
4.011453084460581
1.1752594079309757
0.7926631270181059
0.7926631270181059
0.12887845836845335
3.8268765394311237
3.8268765394311246
0.5549898420556931
0.22199592245738198
0.0
0.0
2.5039211246524955
5.2953386930160224
3.4248762654207408
1.8691203204107345
5.292161821224417
3.614570372339674
0.0
19.463672659204818
50.33289471849998
32.45187414768729
21.859061709432538
51.31626485566188
33.41925686087901
0.0
53.22317943819034
67.89994514847976
61.222929679063874
42.022329466582924
39.48596654989074
44.31230969781824
0.0
62.383457951409575
88.65305615689402
99.41689452467051
93.45692109014131
86.99614757755799
70.90107792126955
3.1480922452453552
56.61160293820064
63.11702220418322
59.88183762429723
65.26083763069678
62.48277009613222
61.333094637950346
3.2537510527899247
1.356961725998162
0.057676690590929135
0.20993531733254614
0.7061772105035226
0.23454815240786767
0.0
0.771049203034353
0.0
0.0
0.0
0.0
0.0
0.0
0.0
0.00043220592793210037
0.01188472085347325
0.026881494265249186
0.007498897844115966
0.0
3.5284001137074
0.0
0.03337931334997827
0.4379598589265316
4.4441203600664565
1.8714125260123382
3.5284001050175227
0.08683390686618317
0.0
0.0
0.0
0.0
1.1573566545834995
0.0
0.0
0.0
0.0
0.0
0.6539832294009938
0.0
0.03541222260334395
0.3859917895889915
7.938653028623114
2.696709477268696
0.8573085371182462
0.0
0.242837322926127
0.43818490671638544
0.40528290112280446
0.08338275158256839
0.08338275158256839
0.0
0.0
0.0
0.0
0.0
0.0
0.0
0.0
0.00018918285758627367
0.00018918285758627367
0.00018918285758627367
2.072451945871808
2.072451945871808
0.0
0.002732696290248761
0.146512833848691
0.14651283384869104
0.0
3.3499899694366024
3.3499899694366024
0.0
0.05405618055759002
1.9273845165249164
1.9273845165249168
0.16879295263098007
0.0
0.0
0.0
0.0
0.0
0.0
0.2592884043603727
1.4368609869754332
1.4368609869754332
0.13757595156820046
0.13522001821630103
4.345814379730697
4.345814379730697
0.0
9.209368673536993
0.3808533250738785
0.0
0.792663127018106
0.792663127018106
0.792663127018106
0.792663127018106
1.27833777287036
0.792663127018106
0.792663127018106
0.12887845836845332
0.5549898420556929
0.5549898420556931
0.5549898420556931
0.22199580725957677
0.0
0.0
