0.0
11.46627325168261
11.466273251682614
11.466360771328342
11.466360771328343
23.999415947485065
0.0
46.16707464199659
46.16707464199663
46.05192183737789
46.139098460224105
63.98166345110718
0.0
96.20681314215695
99.99999999999997
99.94541077595112
99.99999999999983
100.0
0.5511323253529076
100.0
100.0
99.99999999999997
100.0
100.00000000000001
3.4925799095033727
67.1826945998346
63.22289896356896
71.26195384498445
77.54490325536943
100.0
0.4811932392432374
0.8355869086994695
0.8355869086994737
0.2405966196216186
1.8847602991751529
29.86195560567257
0.0
0.0
0.0
0.0
0.0
0.0
0.0
0.0
0.0
0.0
0.0
0.0
0.0
0.0
0.0
0.014153661480723022
0.0
0.0
0.5511323253529076
0.0
0.0
0.0
4.892460551595398
0.0
2.0838710445732986
0.7467033049502874
0.0
0.375349272152637
5.369569937630683
1.7585775356888154
2.0838710388654413
0.0
0.0
0.2528504146374782
1.0043832543666162
0.3326481455246124
0.03509202132323002
0.0
0.0
0.0
0.0
0.0
0.0
0.0
0.0
0.0
0.0
0.0
0.0
0.0
0.26664791577627
12.799571812464391
12.799571812464393
12.799688505325362
12.799688505325365
0.26663332916864824
0.0
24.01763503975569
41.89729250173175
41.89729250173176
41.78972817694863
41.86512311809653
24.022558127213397
0.005061624955973149
43.9560387295036
69.80164047782701
53.958037902359656
61.81048433637117
76.11400727418797
33.95487454668106
0.0
45.23001668250993
82.45180149148962
82.08596753420528
68.85612989862881
64.73441535028081
48.831661940563954
0.6729308498408519
56.80282892412939
57.939093807441196
72.29715315633497
65.64761349267535
59.51882760999257
66.13170313469473
0.11847566648838052
0.3937088833006655
0.8040038375261185
0.8040038375261191
1.278845459300779
1.876723160956608
2.242041381209372
0.3985851301656518
0.0
0.0
0.0
0.0
0.0
0.0
0.0
0.0
0.0
0.0
0.0
0.0
0.0
0.0
0.0
0.0
0.0
0.2487022516330804
4.233603446049974
4.233603446049973
6.5033207499432315
0.0
0.0
0.0
0.0
0.0
5.977006393709255
3.5261123783641004
0.0
1.020386665072089
1.02038666507209
0.36118316636857056
0.6896137795021298
0.6568612262671151
0.6568612262671151
0.0
4.282962715919605
1.0902830260318987
0.08209591437285678
0.7192124841164335
0.7192124841164337
0.15255506726529366
0.0
0.008089717406316076
4.070941643208767
4.070941643208773
0.8806916838294797
0.32189329958600277
0.08498831824519636
0.05074236667484558
1.7393278472306093
1.6174136323029045
0.0
0.0
0.0
0.0
3.73307082086778
3.73307082086778
3.73307082086778
3.732866608361075
3.7328666083610766
3.7328666083610766
0.0
36.02645255963355
36.02645255963351
36.08394047699675
35.877271323312634
35.96859596002648
35.96859596002638
0.004428921836476506
53.611447272722046
67.59028270860529
62.418289263317256
45.406321083934095
39.69235247008335
51.63960548377208
0.0
73.48716094009909
81.66553431877828
75.472304034342
62.905097222656146
58.63163953603238
55.81570336376512
0.5888144936107454
54.782723283907245
62.806245778226796
60.33004284624208
63.289033041122764
61.011825307088344
58.58119668009067
0.10366620817733295
1.4386518676693292
0.5173409281373638
0.5173409281373638
0.0
0.0
0.0
0.3487619888949453
0.0
0.0
0.0
0.0
0.0
0.0
0.0
0.0
0.0
0.0
0.0
0.057487917363238605
0.0
0.5525365912833546
0.0
0.0
0.0
0.6642727050243348
3.503241543291182
3.503241543291179
4.764876768845332
0.0
0.0
0.0
0.17682384048613578
1.7155616503685802
1.7155616503685749
0.0
0.0
0.0
0.0
0.1132560436884248
0.9725182117886876
0.9725182117886876
0.04691865901907965
0.0
0.6142982359679316
0.6142982359679316
0.1467366865250838
0.8948257413863472
0.07627753363264683
0.07627753363264683
0.0
0.5574854748857297
0.55748547488573
0.0
0.8753799339311996
0.31658155441560304
0.07436477846454681
0.04439957084048986
0.0
0.0
0.0
0.0
0.0
0.0
