0.0
0.00021191498900516005
0.9066441621746746
2.2583116533620292e-09
1.157745232882882e-09
6.173692125911056e-06
3.2997945402504086e-06
3.993086029311627e-06
3.50272714202541e-06
2.8205911886805405e-06
9.611880214293771
2.983431932662728e-06
7.599147708235121e-10
1.898621328771897e-06
2.003260532803202
0.0
3.2871659508994067
6.743316461532725
2.003309360936995
0.4187126988321664
0.6778569251662111
0.7221964100639066
0.6778232164823781
2.559771611917235
296.43426823639527
4.401784396662833
84.78084329378872
0.14012924050582867
2.075089118297298
1.4521642947742937
0.0
1.0592638622189703
2.0750226844413153
10.834200501315483
11.877179694721551
5.6491568318213
11.87721502940642
19.4746414184109
52.225707159207644
12.279404866945349
247.85470979594177
0.2180456719335919
0.000867584876621046
1.5204374966586898
0.00015127838709187133
0.0
3.3613142251310086
3.21545219523202e-05
1.8307448114095207e-05
0.13827644333352201
1.9346014351628312e-05
7.557414636084227e-05
21.795569695698084
3.9580300523833034e-10
0.24709321475385665
1.102251918975703
9.097340350093714e-05
0.001072063915748029
0.00010435753559886432
0.0019707003413867645
0.0
0.00015360385182752544
0.0002923577680393157
1.387074089763636e-10
3.7316786368672415e-05
3.0237859293428796e-05
8.289082800593652
9.386914423254439e-11
9.574201042865641e-10
1.269909943296591e-09
4.536627555314916e-05
2.9678221528409794
0.6030274895360349
0.7829866962235353
0.0003605540936565363
0.0
0.00026070052555640617
0.0002128155937305525
0.00023993197091647507
0.00010185966288964559
19.60816902660316
0.00016831308829960928
3.5531064514478e-10
4.2210574893933576e-05
5.688720099641062e-09
0.0032143296649289337
5.838583419781223e-09
3.3204232423273657e-10
5.6202317481773064e-05
0.000339689036967958
0.0
0.00034184409694245114
5.393886295358038e-05
4.1965111474911545e-05
4.0241919174428677e-10
4.464033695051421e-05
2.1401042601150272e-10
4.988592369874658e-05
3.995419084432138e-09
0.0017818158034315903
4.390909352587137e-09
0.000501342281066747
3.1776519307564895e-05
0.00023482127040638662
0.0004364971595211184
0.0
3.071331132927375e-05
2.4844145107741986e-05
4.991326872986869e-10
6.890615008319959e-05
3.082014253206288
5.901429257961785e-05
0.0005505254714730239
0.00028202699356767843
7.342202988885633e-09
1.3805438751599195
5.556015474957564e-05
0.0001308679438272345
0.00035682039475499284
3.0060837453352463e-10
0.0
4.211545918642393e-05
2.1674981604378166e-08
0.00010974040144580198
35.66652218768094
0.8052554025466286
0.0010492227197264803
2.5509621868206085e-05
0.00010472886490135375
0.00021540933578825442
3.757181817161521e-05
0.0001540396034378454
0.0009994865391691296
0.00047432217513849843
3.723670160691126e-05
0.0
1.7569254858295283e-09
1.008762782589115e-09
1.0187155892524713e-10
1.3504461038717994e-09
0.0014519812472431031
2.1161534403710206e-06
0.0007786284696674144
3.665094507785221e-05
2.991411544277783e-06
5.578857816559436e-05
2.820595247805819e-06
3.100655959677599e-05
0.0003017016578104165
2.282751752758304e-06
0.0
0.00047682418954269267
0.19262588169657263
3.0287286688705233e-05
0.08100730359211827
0.0005217950543178025
0.0005747435141646757
0.0003050944809121996
3.313770318867756e-05
0.26394680699439754
0.9593385352270867
5.0685419919719866e-05
0.000321942142131462
2.543251338710662e-05
5.380448677997409
0.0
2.05467617322797
5.925189777285009e-05
0.0009817389669473447
0.0007929445683964219
2.1604449585646905e-09
5.401877982876615e-10
1.485976789619807e-05
2.2987722108471477e-05
4.9195404565376445e-05
0.0002724189782978931
3.9871012594823076
0.36021193774163973
1.0999340755610311e-09
0.0002681586194942129
0.0
0.00014198747366997753
0.0015893259650081738
0.00154252062871228
3.5878738315484253e-10
1.4252655190728293e-10
2.6465941144554435e-06
4.252731963926064e-06
1.0405612079269426e-05
0.00022993296108684327
1.2469301539026986e-05
2.10731506806837e-06
1.6147448275508468e-09
0.0001316696954303097
0.0006415414525555454
0.0
