0.0
0.00010837431641317451
7.2238730065563145e-09
8.756679739235996e-09
8.513656498856973e-09
8.401418318931078e-09
8.379287258900673e-09
8.574526878485206e-09
8.37996117268023e-09
1.9970534746352408e-09
8.585519012032567e-09
8.595745588316474e-09
6.135721725265544e-09
5.733409375087344e-09
1.041277497287552
0.0
0.9916210927608126
21.62857554130593
0.907243384575936
0.8933825130648669
3.9904518407981584
27.31685538423356
4.128635580562046
1.4510481940761478e-09
209.37321305145107
1.8541504690675843
109.3523838548526
0.5310263518976772
0.12243591358342634
5.556474026413241
0.0
5.55647403965348
0.2409111186710568
0.8735096374984914
4.353120328799709
25.514098952729984
4.506020085505596
111.32933146473864
95.19884858908374
2.010520403327279
62.45564280863575
0.5259741547403197
1.2288610153015105
3.3722164780820294
9.210881124170906e-09
0.0
8.808853969412148
0.8671456609500096
3.80712096890057
19.529486965743033
3.933687768866129
3.12283925905716e-08
65.63143693312497
1.810408151338315
51.99418744577677
0.5258385133149559
2.7411612817257413e-08
5.380308892409602e-06
3.158869573722844e-08
2.185485818331971
0.0
1.1241489601726804e-05
0.09586146434038374
0.12319603567559956
0.09744329326625809
0.928833348843821
0.12794737232526363
0.056120542481253664
0.47299693833298084
0.09622807524214352
1.505312506647441e-08
0.47865441567715034
0.8415881329877528
0.7319397320692775
9.284617254094294e-08
0.0
7.991596505066863e-08
0.019182402517915538
8.016768251172834e-08
8.254279712838631e-10
0.40977302555061945
1.2426884826423566e-05
12.662121577229035
0.13180490038057863
6.056316722514233e-09
0.3443478353583252
2.2737421556620732e-08
0.059632234785232975
4.073191934275983e-08
0.00018377533653342754
0.0
0.0004347849925465689
1.0674041439418354
7.669746746544237e-10
0.6909890224025175
5.804828667758767e-08
46.892355358819216
0.2090336265960834
1.2207343516860048e-07
0.06501833012013145
1.5754909310278567e-07
0.003404846796256709
1.0350002139974486e-07
0.0003484730160614452
0.0006501554715150753
0.0
1.4636902328389066e-08
1.0429996559186468e-09
1.983367370637863e-08
1.988579339901934e-08
8.452156523183802e-08
7.710786088620773e-08
0.16066136000412953
0.6286863716240858
4.012062078603475e-08
0.006133196134945532
0.325519417768818
0.0001385595376790883
0.2639954913524852
0.14185122385835802
0.0
7.838514513981908e-10
0.05350512899517498
1.275449621988407e-05
9.323626657297836e-08
8.88547952796268e-08
0.15870527143805266
0.23391907436121226
4.3467423263655437e-08
6.292519001156178e-09
0.24502925117078903
1.110870597595877e-05
0.22458009080249475
0.2548763413101456
0.22604590709346548
0.0
0.2625818775549574
0.1721811765614553
0.6074167061430816
0.18223943330432865
0.008796593780584987
0.010153367507725514
2.41344147212655e-07
0.0006930205672743518
0.010183660868793925
1.2478536780338405e-06
0.010133813653817787
0.0004440183740421068
0.00029477189076511747
1.7040330017682362e-09
0.0
0.0007469326067146185
4.666521192661491e-06
4.5804996971297516e-08
0.05972770538952805
0.03601568502477146
3.627444298443897e-08
4.6543245770562855e-07
0.05807512100547472
8.043557068321336e-07
0.12825234624127885
1.700642320636184e-07
1.8337957772646257e-06
9.85953312307887e-10
9.450106350619473
0.0
7.532079875651403e-08
6.946624972636873e-08
6.049073696728631e-07
0.09370723457128222
0.056384186898811015
2.447788815048706e-06
0.29345071013600127
0.7767617808086795
5.88743301852727
1.6661354781032054e-06
0.12599212689872663
1.0747651501817896e-09
0.022364455791514002
7.385442961797764e-06
0.0
4.527556812033918e-06
1.372552726914727e-06
0.01930426706470119
9.461571390424785e-07
0.0007536979572053923
0.021969626320534
0.023233631457452046
0.48058486569279907
8.461482991275824e-07
0.019879508870459653
1.2399413782814193e-09
0.0034744977921927914
1.3806037773831514e-05
0.00025154349735026347
0.0
