0.0
9.9722910174299e-08
1.712577104435632e-08
0.9020057530834249
3.3274984134868345e-08
3.503532712836723e-08
3.226951338617717e-08
3.32869151109111e-08
3.553446680206701e-08
3.7431596318720044
3.675447320711128
3.58863693722222e-08
3.619054317792141e-08
3.438025876251588e-08
5.3693684933646475
0.0
5.127055825277715
9.249465177479802
3.7202040073712315
9.016392417415756e-07
22.380920318205444
19.068182491462437
5.314696160864221
9.60203287373839e-09
206.70232777624037
11.331455196305393
106.17855177262305
6.5740623114181735
1.3110843054286432
3.286422126249854
0.0
2.0315199812276545
1.3437329288100077
15.015335108553082
5.686349206146408
10.670006195216029
8.8060683785299
50.104401868308415
11.099155995654268
12.051145593807679
232.7355406724455
3.362205129887535
4.683217183823651e-08
0.9461929410166787
1.804550615791775e-08
0.0
3.036922353111601
8.699741406822258e-07
1.0007694636861733
6.442120771075513
1.0370044590088154
5.812419134414001e-09
72.7779247241453
0.339871284644101
7.287755589550175
2.2699859727673313e-07
3.300892308620121e-08
0.00042072825907098644
3.2356849246882395e-08
0.056148440888773785
0.0
0.0003802698567536069
0.0013833423394581583
0.054513713309777445
1.7204100078137747e-06
5.5986350304250716e-09
6.009097496795193
5.379008632318935e-07
0.041619102386458814
4.1074450049917473e-07
2.449350579586782e-08
1.113396951779446
0.27663895118340154
0.09185375188472769
1.0669138336393517e-06
0.0
8.592267784613726e-07
0.041375147453531845
2.5466085434464957e-06
4.3956975316058644e-09
23.766341882250746
1.4764957406805484e-06
0.03511661393071615
1.557087904894363e-07
1.810922865146433e-08
1.8441405358072083
4.780996107396817e-08
1.0282093017571356e-07
7.827260887403049e-08
9.644990856149872e-07
0.0
1.865368636977186e-08
5.7564513616232874e-08
4.221382843157163e-09
2.0457623911645526e-08
2.3684419089705944e-08
35.422053806416216
3.904054687140263e-07
2.5566795994063385e-08
0.11417376095757459
2.948308380711274e-08
4.190935884963312e-06
2.0132860492285543e-07
4.8035981138570765e-06
2.6530171503151602e-06
0.0
2.579097483421945e-06
5.206454157592863e-09
2.5056469936716515e-08
2.7258048081737892e-08
1.5070029117830472
4.356696144805919e-07
4.9772248610333644e-08
0.8250384810674547
5.137601821679509e-08
0.007940959015195176
0.12870270629664513
6.58816399639565e-05
0.11572906267304951
1.0576633933568113e-05
0.0
4.406008325476925e-09
8.76439905132333
4.522886998102408e-06
3.751910697358113e-06
1.8829158524858914e-07
5.462435995863268e-08
1.5303259284344484
3.130445848895453e-08
8.995887877299226e-08
2.036031976121297
1.1999030446136904e-06
5.866331420267053e-07
0.07575598959659278
1.7112485643726248e-06
0.0
18.016101700632728
5.348089649551866e-07
0.05300690783580031
2.751242194121074e-07
4.870345546266736e-08
0.005722420951786982
0.00021286917994564012
8.449672961784342e-07
1.0142776785024263e-07
6.04434802410923e-07
6.61523489782696e-08
3.5069607558325136e-07
0.0006219315881075742
6.6213253928166996e-09
0.0
0.0013173355348215315
0.0848545697129908
3.498643377045434e-07
4.5152003070999834e-08
0.006945899218364559
3.9622596156660915e-08
3.718785253659235e-06
0.006891012896234105
2.5374704074934083e-06
0.10355904011351799
0.011124940348664254
0.00033036310731712987
4.739924238011635e-09
50.32484636321311
0.0
0.6992945951051521
4.0977979395048796e-07
0.06536245172042368
0.0740240750302693
5.575687873214048e-08
0.0004688674848154251
4.1213056232489034e-07
0.05802518928410836
3.2648101572567017
0.0001898207274432294
0.2220042532675708
5.612030055413949e-09
0.0003208831952996975
0.00019107080836771844
0.0
0.000275589860687023
0.029007885200126544
0.09636152837613379
7.023873157299426e-08
8.458576024071967e-05
4.889079440447304e-07
0.029055423573108093
0.15418161488708945
2.9789955264818066e-05
0.04009659427231146
6.574161310581339e-09
2.0165734583504502e-07
2.997837481311616e-05
0.00046638922338595784
0.0
