0.0
11.475374426445994
11.475374426446008
11.457413189117055
11.457413189117073
23.986597988070773
0.0
44.610025350937114
44.8423317166893
46.049666840846925
46.13281368415125
63.99220452609676
0.0
97.07741206409295
99.94445035777473
100.0
100.0
99.9999999999999
0.0
72.87703440013222
94.23528285825002
100.00000000000003
100.0
100.00000000000001
1.028898101777764
60.58170616160612
60.50683036472575
63.18315280536231
72.65894392280798
100.00000000000004
0.030390824869923574
0.4822571494497036
0.6843434297685151
0.47416687970804683
3.371072652556196
25.368794310889932
0.0
0.0
0.0
0.0
0.0
0.0
0.0
0.0012400634596830933
0.00017715192281187044
0.00017715192281187044
0.0
0.0
0.30601655866288735
0.0014172153824949638
0.0
0.14262290357594815
0.0
0.0
0.9445394981051339
0.0
0.0
0.1589414769781342
0.0
0.0
1.3219087276877903
0.3888219081086663
0.00696521764364422
0.30148213992256273
5.749937217537889
2.113340045251086
0.7206988369221813
0.0
0.05848028450377765
0.7017666763871291
1.666696115257568
0.6250110003018268
0.20833692474327659
0.0
0.0
0.08056600160141328
0.21484267096412735
0.0
0.0
0.0
0.0
0.0
0.0
0.0
0.0
0.0
0.26714831255076027
12.809401273023127
12.809401273023141
12.792852260304398
12.79285226030441
0.2661475882700823
0.0
29.98606465779157
44.048891622253514
44.21390761551908
41.78663746483244
41.85939095272374
24.00000011077819
0.0
46.61500427239697
71.19081081104872
60.598998006182335
43.44759809729285
62.99556796436636
33.935913675301514
0.0
52.839185499406945
79.19342324196137
70.82111524883017
66.40811233934099
68.69341499210476
48.27363806409058
0.6384602954375839
51.58621972890976
69.19575526591677
69.4073406251354
73.13708562394018
62.098965762236084
57.463783615279105
0.6781250674916562
0.0
4.165207162811505
4.179641897119998
4.164629286401391
4.37155112731912
3.3203486283931802
0.5902841871194036
0.0
0.0
0.0
0.0
0.0
0.0
0.0
0.0
0.0
0.0
0.0
0.0
0.0
0.3060164951093465
0.0
0.0
0.0
0.16299760408679784
0.0
0.01577781853024105
1.0754243333230387
0.0
0.0
0.09751304701101918
0.09751304701101905
2.1690338476810793
2.120277324175566
1.5637159335690316
0.0
4.678078006957282
2.3243342998497747
0.30190101192824836
0.7671511294788537
0.7671511294788529
0.4140589488512697
0.03169027917754883
0.0
0.034007743013830395
0.034007743013830326
0.2869415321117177
0.2869415321117179
0.07226643499114961
0.0499837905390457
0.010290300496105681
3.9716023924996247
3.971602392499637
0.8657941858873335
0.30430826165101776
0.07760145198423936
0.07514682697637225
3.3296781886899316
2.3953069069725115
0.0
0.0
0.0
0.0
3.7400763757106428
3.7400763757106428
3.7400763757106428
3.691521610832833
3.7309556674790487
3.730955667479018
0.0
28.14102513852099
42.338873519687006
34.9335174657698
35.83629549819343
35.992203780317936
38.75831843468645
0.0
52.10756605078249
61.50055347192408
54.65126907567703
46.53593174830304
42.42862841213461
48.64977994677263
0.0
66.25019233028858
71.93245605034991
66.06123196849802
63.12203626171529
58.515144684273224
55.169872073246374
0.5586527585078859
58.21942782676542
58.009818418416074
58.97474785728586
57.59488987493725
58.07553371548282
52.486666446633386
0.5933594340551992
0.2676561449798524
0.0
0.2416978702893942
0.10742120092668112
0.10742120092668116
0.0
0.5164986637294781
0.04591279600262192
0.0
0.0
0.0
0.0
0.0
0.0
0.0
0.0
0.0
0.04105967469998346
0.8618601837687307
0.8618601837687319
0.0
0.0
0.0
0.0
0.0
3.312007585911525
3.3120075859115254
0.6180192830136433
0.0
0.0
0.0
0.3123288165025187
2.4708909605030795
2.470890960503072
0.025848682269148493
0.0
0.0
0.0
0.0
8.354077591027874
3.7471860297179327
0.0
0.027728994280355225
1.0101362638996776
1.048394955877016
0.03825869197731929
2.0201632164600802
0.6427791440367069
0.0
0.043735816721665
3.5327274130725854
3.532727413072587
0.1440642069454795
0.8609557168963572
0.2998576013524397
0.06790127048620943
0.06575347360432572
0.0
0.0
0.0
0.0
0.0
0.0
