0.0
11.466465771821355
11.466465771821353
11.466507374677052
11.466507374677045
23.999694208146
0.0
46.25109457303529
46.25109457303529
45.82663527752245
45.927967737076045
63.633984206129696
0.0
100.00000000000001
99.9999999999999
99.99999999999993
99.84926024269795
100.00000000000001
0.0
76.74766446017384
76.15583261055777
84.80712564919547
99.99999999999999
100.00000000000001
0.0
59.96029199165159
59.972147457736746
60.356499621992334
70.0025756444315
100.00000000000001
0.0
3.4659495897598793
3.4659495897598793
3.4659495897598793
3.4659495897598793
30.437636096692547
0.0
0.0
0.0
0.0
0.0
0.0
0.0
0.0
0.0
0.0
0.0
0.0
0.0
0.0
0.0
0.8015140784597988
0.0
0.0
0.9131799716391994
0.0
0.0
0.0
0.0
0.0
0.9131799722547355
0.6723116948133814
0.0
0.5818998726752842
8.099899669938306
2.5951134770528133
0.86503781715554
0.0
0.0972669833102968
0.0972669833102968
0.0972669833102968
0.0972669833102968
0.0972669833102968
0.0
0.0
0.0
0.0
0.0
0.0
0.0
0.0
0.0
0.0
0.0
0.0
0.0
0.2666570113515254
12.799781440536947
12.799781440536945
12.79983691101121
12.799836911011202
0.266650077542243
0.0
24.061547716236056
41.97355448367071
41.97355448367061
41.58436966378045
41.673035565889855
23.967019096836196
0.10133245955358751
44.628944959992936
65.23068910313646
65.23068910313647
68.88864152424526
77.56506263184808
33.53910689764758
0.28075826875000337
58.02308364834296
87.35721290329315
87.03586477821875
71.75050545827492
71.95571459135714
40.75839602142574
0.0
52.338336321912244
65.11076256713234
65.12431167122992
70.64155860364792
58.20290734572865
59.66724084257825
1.5467233763962691
0.0
3.4659495897598793
3.4659495897598793
3.9006445814048125
3.9006445814048125
0.0
0.0
0.0
0.0
0.0
0.0
0.0
0.0
0.0
0.0
0.0
0.0
0.0
0.0
0.0
0.0
0.0
0.0
0.0
0.9160160896683415
0.0
0.0
0.9131799763361694
0.0
0.0
0.0
0.0
0.0
0.0
1.0617724802549315
0.0
1.4805612288786736
14.425002708143108
0.6650284259146103
1.2469282985898946
1.2469282985898946
1.2469282985898946
0.0
0.0
0.0
0.0
0.0
0.0
0.0
0.0
0.40716015147980555
4.4781017849972775
4.070941633517469
0.8806916578776133
0.32189325920305634
0.08498829864055811
0.8058097065076277
1.5108931997018045
1.5108931997018045
0.0
0.0
0.0
0.0
3.733198158921356
3.733198158921356
3.733198158921356
3.733101085591401
3.7331010855914033
3.7331010855914033
0.0
36.09232157435414
36.0923215743541
36.0923215743541
35.665531102759836
35.665531102759836
35.665531102759836
0.08866590210938907
53.38842657262997
62.23130515204199
52.422047923933626
43.21551683532292
39.05791271182847
49.81490019559375
0.24566348515625297
61.424246661814166
77.25105041659808
66.60160769853435
63.51601891321887
60.18841220659874
61.13759393645291
0.0
58.35638643233159
58.10196065803458
62.64190784757117
60.15994738348176
57.3673721487688
52.20883573725599
1.3533829543467355
0.2590055573335493
0.11041304953518229
0.43469499164493336
0.0
0.0
0.0
0.0
0.0
0.0
0.0
0.0
0.0
0.0
0.0
0.0
0.0
0.0
0.0
0.0
0.0
0.0
0.0
0.0
0.0
0.0
4.311972273212717
4.311972273212717
0.7109015758607297
0.0
0.0
0.0
0.0
2.581839787068186
2.581839787068189
0.0
0.0
0.0
0.0
0.0
4.56551303058619
2.080295109177138
0.0
0.0
0.0
0.0
0.0
2.686227985904615
0.46258650067931234
0.0
0.0
3.640885925081215
3.6408859250812275
0.0
0.8753799392029202
0.31658154097638697
0.07436476131048834
0.7050834931941743
0.0
0.0
0.0
0.0
0.0
0.0
