0.0
2.7947195290690477e-09
3.26585670061308e-09
2.9042837150784245e-09
2.5558462103404257e-09
2.8338157151022822e-09
2.4523916105545754e-09
2.3567174471326935e-09
2.725947557986058e-09
2.667999267544587e-09
2.826418886111534e-09
2.7304279583600425e-09
0.0003592751085105742
2.4350720282138616e-05
1.188564151126601
0.0
2.3161388059569474
14.86695744637628
1.9404049547948379
1.4524674325083011
13.9947712894831
12.297360726776672
0.7185079180227144
0.21635750128388476
221.3067644714567
0.5086736912557385
119.24766467455771
1.5323231536080415
1.8342662819483917
5.376948536220578
0.0
5.376948535235313
1.854471773725794
1.5284388873836328
1.6299535635106044
0.14202986342116924
2.11035760888289
3.6431405088405002
171.23806612630062
1.8973341429904935
190.4251839336051
0.08029809944618287
5.014329026936139e-09
0.00013452687870939907
3.71057291554639e-09
0.0
5.321747579667691e-05
4.077517627169896e-09
3.4262744646625582e-09
3.44989883006748e-09
3.763765273289671e-09
3.771934630977975e-09
4.041595654356465e-09
3.781381311875777e-09
0.00029366983721437734
4.5428725462911034e-08
3.847127168916908e-09
0.0003939619693754952
7.289252625308958e-06
6.4679509007453525e-06
0.0
4.656102262917111e-09
3.958430166361178e-09
3.967402147131369e-09
4.332146209143185e-09
5.4509179257270895e-09
4.620180527459174e-09
4.349733593398462e-09
0.0005454243751163334
2.3993171834037913e-05
4.234860629269014e-09
0.0002022226258413938
1.6404137486740445e-05
4.880898230020667e-09
0.0002722675938343093
0.0
4.450352148662444e-09
4.658845095523592e-09
8.76037732876055e-09
3.5174756176485498e-09
1.5440447874153174e-08
8.767854755259417e-09
0.0006494610947547727
5.284047739332197e-05
1.4564512523214095e-05
0.0001493451362042072
1.8389167990935246e-05
4.6154120174614396e-09
4.2013830896803705e-09
0.00033283442412636544
0.0
1.4770945343524687e-08
1.0841298385419419e-05
3.54988440266271e-09
3.7427695504219425e-09
3.4104558401433648e-09
0.00023831984933482845
2.989933639709013e-05
1.633919824900886e-05
9.963169243664959e-05
1.9890657086980314e-05
3.4436231496182086e-06
4.959419138287521e-06
0.00019118691126569483
0.00033487351320063213
0.0
6.0229169704089386e-05
5.743356555157952e-09
1.4299562024971069e-08
7.617158942650022e-09
0.00039854855013815707
5.169562582831368e-05
5.346763710863205e-06
9.485825409421604e-05
1.6837099854360127e-05
4.643437816064681e-09
8.380211087530362e-05
8.20042148150729e-05
3.982527687919051e-09
3.991499516902593e-09
0.0
3.5578776598489974e-09
2.1097024817885675e-08
1.4486475412505655e-08
0.0006154425216057712
5.385543447542232e-05
5.311819866252871e-06
8.409914846875877e-05
1.0160919728986961e-05
5.780119740786964e-09
0.00012413031058249068
4.759824009984639e-09
4.001846277011262e-09
4.0108197964092685e-09
4.42197512599961e-09
0.0
4.723902196144989e-09
4.4395241568370035e-09
0.0005476539995861579
2.3852547758595848e-05
1.3195316693121671e-05
6.669651141969637e-05
2.5510287242733157e-05
9.699336171506253e-06
8.60024356195177e-05
4.7958992819315445e-09
4.092518451643841e-09
1.495249597221307e-08
0.000216172911832892
1.1230585287720175e-08
0.0
0.0004393062129146529
0.00020265108275371418
4.2095243692075006e-05
9.901416489195544e-06
7.924972382274079e-05
2.116905020608443e-05
3.1037117008677066e-06
6.133730605152168e-05
6.126116070827736e-05
9.515863765169976e-06
1.5883997016612342e-08
0.0003607425036769686
5.745158871248242e-09
0.0003328678064474363
0.0
0.0004332887328174492
5.220663957099361e-05
2.678725776115551e-05
5.3282418926573494e-05
2.6573370232939993e-05
7.317451012674964e-06
1.0289096113799116e-05
0.0001398576777033007
0.00019980390642282186
4.695407668171901e-05
0.0002470094914451292
8.369982664947015e-09
2.0833670768848266e-08
4.69520647075905e-05
0.0
0.00010141078678577373
2.773036262001277e-05
3.990024171450268e-05
2.6740315610579095e-05
1.0256875886759834e-05
1.3864286858221448e-05
9.73053058744507e-05
0.00010101220975506335
8.905875639279493e-06
0.00014441276763481044
1.1113986845340236e-08
1.934433939776517e-08
8.900909570682512e-06
0.0004786456514994005
0.0
