1.0712417819191633
12.187908728769827
12.269620219440354
12.132390439634985
12.132390439634973
0.4455599622756189
0.0
25.899004209371803
44.066858861864816
44.18282412508712
46.06680423369339
44.83975710884347
27.11281376012703
0.0
42.89657204709222
92.1660841861731
99.5343220436526
100.00000000000007
100.0
40.61960815682156
0.0
45.7106524867933
99.05419679759775
100.0
99.99999999999999
100.0
60.85807451363429
1.7946050768179143
46.23690325503828
83.31015206747989
82.70939278357942
100.00000000000001
91.66799649839973
62.76989321942955
3.0035940186883856
0.09988327640775975
1.7705507606168966
1.7788698799288614
1.4873925478226266
3.60894548680367
4.626296033076935
0.7710493106303595
0.0
0.0
0.0
0.0
0.0
0.0
0.0
0.0
12.187908728769829
12.269620219440354
12.132390439634982
12.13239043963498
23.99086976668163
0.0
44.066858861864795
44.18282412508714
46.0668042336934
44.83975710884348
63.86964543098302
0.0
67.66257203880548
57.166196359552714
77.80965923114495
76.33456728609086
99.62832923446344
10.129942861427798
62.68320537495015
63.58663589776705
56.11356597998418
68.41492014500176
100.00000000000001
6.812131222879206
40.46822916277913
39.86746987887867
25.90328346616368
28.898103278970183
100.0
0.0998821292999148
1.7705507606168966
1.7788698799288614
1.4873925478226264
3.60894548680367
29.732652001760442
0.0
0.0
0.0
0.0
0.0
0.0
0.0
0.0003995143393260714
0.0001997571696630357
0.000659604588948205
0.008845766669945604
0.0
0.0
5.630648058398388
0.004064382853431523
0.0
0.1302513151103947
0.9005989926180583
4.609824190175416
4.6098241901754164
3.193978808937956
0.052999767045513096
0.0
0.0
0.029887815566799328
0.5678688065065133
0.5678688065065134
2.946364416324343
0.6671943278939362
2.6273819960753606
13.715290786782925
0.2802886008686287
1.9681449476023667
1.9681449476023667
0.10652313174283583
0.28198687525155086
5.813895672412636
5.325467861421017
1.283373507190805
1.364085687133108
1.0370823411651438
0.0
0.38177973309664354
10.519447593703784
11.309171565875662
3.5047651772444177
1.3413645258774523
0.4876238279033563
0.12181099303215275
0.12887844069232976
3.8268765180284054
3.8268765180284037
0.5549899163398462
0.22199596280131934
0.0
0.0
2.503921483339851
5.295332179257616
3.424767400370932
1.8680395757523716
5.293119139074555
3.6406283067112875
0.0
19.46372686874203
50.3122680887854
32.25120188920488
21.681141286912116
51.32155461930638
34.049825055625156
0.0
53.17673240302125
67.99173705234499
63.0520528017825
44.226689180725685
39.93409779982882
42.506140414560974
0.0
60.1065813626106
88.24404378602286
74.07043528506595
77.4004369098389
70.42043808413261
61.11205291043561
1.7946050768179145
52.77554303572975
73.54377684909335
67.19418809091236
72.95907788350759
66.81677014523045
62.769893219429534
3.0035940186883856
0.6510896969749879
0.0
0.22171398151644486
0.5829546642124686
0.1997654057076745
0.0
0.7710493106303595
0.0
0.0
0.0
0.0
0.0
0.0
0.0
0.00045984741928516935
0.010923630014762993
0.027725032131994867
0.010081000634126903
0.0033601131674373657
3.128137817760626
0.022323144306068694
0.1302513151103947
0.9005989926180583
3.68114115471032
1.2270469766900023
3.128137800183842
0.12220731406010285
0.0
0.0
0.0
0.0
2.295274726076734
0.19515847995454202
0.0
0.05326156587141791
0.053261565871417914
0.053261565871417914
1.201518548270499
0.0
0.0
0.0
2.5920880669619493
0.9720323858644806
0.3240105296742198
0.0
0.48842781099161436
0.6362383687110671
0.8579523502275123
0.48842781099161436
0.9768556219832287
0.0
0.0
0.0
0.0
0.0
0.0
0.0
0.0
0.0001997571696630357
0.0001997571696630357
0.0001997571696630357
2.082472010903806
2.0824720109038064
0.0
0.004064382853431523
0.14614617591466986
0.1461461759146698
0.0
4.021558222987967
4.021558222987967
0.9005989926180583
0.052999767045513096
1.8962131570811736
1.8962131570811733
0.059775624888254296
0.0
0.0
0.0
0.6671943278939362
0.0
0.0
0.6810811278044065
0.6510896969749879
0.6510896969749879
0.0
0.28198687525155075
4.167060128761382
4.167060128761382
1.7718013181824195
8.16076191289018
2.725825320572452
0.0
0.3817797330966434
2.7150412050725468
2.7150412050725468
2.7150412050725468
1.3415163898036468
0.48777574830194104
0.12181099303215276
0.12887844069232976
0.5549899163398461
0.5549899163398461
0.5549899163398461
0.22199590006107942
0.0
0.0
