0.0
1.26383784229351e-09
1.0612581008206276e-09
1.4804616156828503e-09
1.2638211929497484e-09
1.2453946563020366e-09
1.1336974222630061e-09
1.5199615130336738e-09
1.2155725902081628e-09
4.077521630355425e-10
1.2815065025547061e-09
1.2556159094871328e-09
1.2727659085195044e-09
1.12386866834266e-09
1.2207978785227356
0.0
0.7833631240698935
41.18775853035332
0.6104516851462902
1.9578931917333702
1.0354935401391043
21.682476623420204
0.919081092493484
2.0710927856765666e-10
244.0351300022342
0.4843847927936091
68.89526737403243
1.6030114654162415e-08
0.543809386679166
6.80046469931401
0.0
6.800464698571595
0.6028401423154253
1.9841355356191053
1.5439326450450324
19.791731042570653
1.0680256570352078
120.33356568268262
103.3621829470186
0.6478523814863273
42.17599645563908
1.509833427626955e-08
0.08270976178576657
0.8260783302477668
6.51728651916983e-10
0.0
4.69788569204636
1.6219511275527807
1.0623626693605657
15.242474795663732
3.8289818501789545
1.1260907360826169e-10
28.346840768285766
0.5091450027874541
128.2237327531074
1.0528595748236352e-08
6.257144532016518e-09
0.0003351894198854094
3.7014040745438063e-09
0.45258267887770504
0.0
3.625849444295596e-08
2.2650308686065302e-07
0.12546773615281304
0.07770355850045438
0.552668281407513
0.12728267393948955
0.0638858494093657
0.12012250960119387
8.126737804068158e-09
2.7714299290142403e-09
1.9204034048004384
0.6397656601490932
3.8166650670447475
2.1274627592139964e-07
0.0
3.3666677857928035e-07
7.75627053226052
1.9461778785459425e-07
6.310932121014748e-11
0.022762456213694396
0.06083115173457599
8.666318537550465
8.412741008124374e-09
7.362281129253992e-10
0.06248700520669208
0.0610229966149321
0.062354915408170994
1.2477798730585351e-09
7.192598671930855e-09
0.0
1.5106892849310753e-09
1.6831473492562434e-09
5.75582928823874e-11
5.754519245208871e-09
6.458127432573956e-09
45.58098961652415
1.4798920392339792e-08
1.4220792018868886e-09
0.0007683685437111219
0.000768926622018679
0.000768351919315515
2.23381743868106e-09
4.7388257597083126e-08
8.778992595873511e-08
0.0
3.2629158943670887e-09
8.06354053941132e-11
5.961585330595772e-09
6.563106955343859e-09
4.790906799931939
1.557900616022808e-08
1.3752916576022925e-08
0.4886916098292067
0.38171695825167706
0.1776158660218401
1.3884108155338803e-07
3.9667015680777124e-08
1.6316129151576648
0.15024630406747905
0.0
5.85964619351624e-11
0.7334922457967671
2.2907323266584603e-08
1.4586561780265796e-08
6.583904341281415e-09
0.03795482784218737
0.06466477732215231
5.33945677894848e-09
5.24465917712437e-10
0.06744939317707298
3.637387426614285e-08
2.2576526899670709e-07
0.12000787338163166
0.06255360126772311
0.0
0.12228346544670397
0.055292536309895855
20.53052961580238
8.199596284611634e-09
3.084762955198452e-09
5.627998591029616e-07
0.0005389152364549423
0.0005386486314800448
1.3763889120548284e-07
6.011940936370862e-09
1.6215698052272208e-07
8.683675833252632e-09
6.139872004236574e-08
1.3712595189745045e-10
0.0
0.00012201945669220676
0.411267288875396
1.4004463268304909e-08
2.8726967167043074e-09
0.1821943210847931
0.12633188193869702
0.000538910633032997
8.428312440658425e-08
0.2224176882735342
0.5616947631096256
0.0038680171292778997
6.60263500842764e-08
7.863246774243774e-11
2.7658124990634225
0.0
2.461907526463127
1.4689787168680705e-08
1.7499909286031048e-09
0.18604043907215106
6.844382417132809e-09
1.0756486507384915e-08
2.5026740420212214e-09
4.579307776259992e-09
2.2624044538308157
0.0001583819829062642
0.00012570715195296147
1.0474169475392405e-10
0.6342481339186984
0.00015839918026978698
0.0
0.00016539802518650564
2.036842318186824e-09
0.00972364013822434
7.266420016007134e-09
2.973379614196962e-09
2.76083364340563e-09
6.9057234397185514e-09
0.15799219809567144
2.268016793883366e-05
1.8543845329323042e-05
1.3082204242578413e-10
2.5145399597257284e-08
2.2700242906585365e-05
0.0004913290482014184
0.0
