0.0
11.466465525973293
11.46646552597329
11.466507180053432
11.466507180053432
23.999693834628943
0.0
46.2510923735957
46.251092373595895
41.58437493566838
45.927971572212044
63.63399104147089
0.0
99.99999999999983
100.00000000000006
99.99999999999991
99.84914113459797
99.99999999999994
0.0
76.74768605893064
76.15584870807372
85.09553672635062
99.99999999999999
99.99999999999999
0.0
59.960258326178895
59.97210889521836
60.35695195327925
70.00338190756621
99.99999999999999
0.0
3.4658926720797574
3.4658926720797574
3.4658926720797574
3.4658926720797574
30.439250861892376
0.0
0.0
0.0
0.0
0.0
0.0
0.0
0.0
0.0
0.0
0.0
0.0
0.0
0.0
0.0
0.8014991103110406
0.0
0.0
0.9131812320170041
0.0
0.0
0.0
0.0
0.0
0.9131812326339013
0.672327421505489
0.0
0.5819224835637136
8.099859575847306
2.5951006313499514
0.8650335352334179
0.0
0.09728288750664353
0.09728288750664353
0.09728288750664353
0.09728288750664353
0.09728288750664353
0.0
0.0
0.0
0.0
0.0
0.0
0.0
0.0
0.0
0.0
0.0
0.0
0.0
0.2666569995732794
12.799781173028585
12.799781173028586
12.799836711802106
12.799836711802104
0.2666500572265896
0.0
24.06154656680905
41.97355248732192
41.973552487321996
45.82664100509979
41.67303918189162
23.96701971263278
0.10133056711226272
44.62935872038725
65.2304152021073
65.23041520210725
68.88905016017033
77.56433558376597
33.53839762107818
0.28075356438215504
58.02315589787296
87.35724903024155
87.03590514602288
71.46227223973862
71.95637239267087
40.758490301736636
0.0
52.33833172661757
65.11074017344002
65.12428368091422
70.64188743430854
58.20264898143557
59.66704487805894
1.5466580548848563
0.0
3.4658926720797574
3.4658926720797574
3.900620504037788
3.900620504037788
0.0
0.0
0.0
0.0
0.0
0.0
0.0
0.0
0.0
0.0
0.0
0.0
0.0
0.0
0.0
0.0
0.0
0.0
0.0
0.915998983212618
0.0
0.0
0.9131812367254099
0.0
0.0
0.0
0.0
0.0
0.0
1.0617803240110952
0.0
1.4805364212422105
14.425146031269215
0.6650542669299584
1.2469767504936717
1.2469767504936717
1.2469767504936717
0.0
0.0
0.0
0.0
0.0
0.0
0.0
0.0
0.4069226307437978
4.4778642641988755
4.070941633455065
0.8806916577486066
0.3218932589777229
0.08498829853067047
0.8058237925956565
1.5109196111168535
1.5109196111168535
0.0
0.0
0.0
0.0
3.7331979940259115
3.7331979940259115
3.7331979940259115
3.733100801172254
3.7331008011722537
3.7331008011722537
0.0
36.092319850213556
36.09231985021356
36.09231985021356
35.66553734894593
35.66553734894594
35.66553734894594
0.08866424622322988
53.38833328242702
62.23154205134878
52.422234262383554
43.215523138475184
39.05791325291544
49.81515236465198
0.24565936883438566
61.42427140126944
77.25105226599484
66.60164721902129
63.51602762010165
60.188459278766906
61.13773535667257
0.0
58.35629357091218
58.10184916890619
62.642116546670074
60.16021154365132
57.367403045834315
52.20866426830157
1.3533257980242492
0.259022110435584
0.1104230192605673
0.43472783195803066
0.0
0.0
0.0
0.0
0.0
0.0
0.0
0.0
0.0
0.0
0.0
0.0
0.0
0.0
0.0
0.0
0.0
0.0
0.0
0.0
0.0
0.0
4.311891746992114
4.311891746992116
0.7109253316186308
0.0
0.0
0.0
0.0
2.5818208859404543
2.5818208859404517
0.0
0.0
0.0
0.0
0.0
4.565678893774851
2.0803872764502347
0.0
0.0
0.0
0.0
0.0
2.686426476898294
0.4626178576786623
0.0
0.0
3.6409688938994753
3.640968893899485
0.0
0.8753799392028575
0.31658154088112367
0.07436476121433666
0.7050958185211994
0.0
0.0
0.0
0.0
0.0
0.0
