1.0712459912288228
12.187937773503402
12.270128602008315
12.131216103096431
12.131216103096442
0.44114165439244307
0.0
25.898958142347674
44.06645757449311
44.17789733008158
46.246875459868775
44.9081370293191
26.545035893040524
0.0
40.688839332920445
92.58760347607571
91.61180092615857
100.00000000000001
99.90710903171639
47.410133334197134
1.4125080111713908
49.83571334875199
99.99999999999999
100.0
100.00000000000001
100.0
75.71335992170611
3.295748317334356
50.964925303121106
89.12083958210094
89.0156677904396
99.99999999999991
97.22269652404775
66.75298677495546
3.8323274390375452
0.0
0.3749139999153205
0.46507784340974573
0.19466221863811722
2.3235196645271947
4.626295171220614
0.7710490804944875
0.0
0.0
0.0
0.0
0.0
0.0
0.0
0.0
12.187937773503403
12.270128602008315
12.131216103096431
12.131216103096445
23.99203118427553
0.0
44.066457574493114
44.17789733008158
46.24687545986878
44.90813702931911
63.90612737269443
0.4645482547392261
52.401911214336955
51.42610866441982
68.16075536104518
71.07991444069336
95.20079806082828
0.0
61.425321815334854
60.44421460495053
60.14618226073297
98.38252790524571
95.68270884042609
2.254377569225437
35.61617809831531
35.51100630665411
29.055774646527357
30.527721163552805
69.19428819970234
0.044103951593452866
2.9384606442575785
3.0286244877520065
2.758208862980377
4.887066308869454
90.80160565255127
0.0
0.0
0.0
0.0
0.0
0.0
0.0
0.0003804239308907695
0.00019021196544538474
0.0006369136204727446
0.00870803350927799
0.0
0.0
3.5128907199390995
0.0029408998959641903
0.005881799791928381
0.1315259435523577
1.5425784437962606
9.21713735078676
9.217137350786762
2.3117332442139835
0.05405784814892098
0.0
0.0
0.0
2.921810242812786
2.9218102428127866
3.111860655604773
0.08108723433855933
2.836077295328757
9.786916022099618
0.18503326947694193
1.6077632877281613
1.6077632877281613
0.8970143293261059
0.277446790910581
4.452378089415711
3.747812103889497
0.7257964586053243
1.4515929172106485
1.4515929172106485
0.48386418121889696
0.7761989274898938
10.75927755936705
13.979384232177601
3.996305600300456
1.2014381355100077
0.7761989274898939
0.7761989274898939
0.12887848735796717
3.8268765537592406
3.8268765537592437
0.5549897215109393
0.22199585969342833
0.0
0.0
2.503918203824612
5.2954008012887375
3.425781976719306
1.868572471077546
5.2935117551779145
3.639203041156148
0.0
19.46373098102722
50.3105403018044
32.23597195261412
22.016214752821504
51.370857096605214
33.44020405811068
0.0
52.27984088228518
70.96400246309176
82.6969550232093
61.67126278340877
45.44611110998978
40.69271936801369
1.4125080111713908
61.69849906845794
87.59608827618618
97.37844194119725
90.3213625870362
84.59082289415122
75.71335992170611
3.295748317334356
55.83448170732325
61.649872505675376
70.81875382829104
78.37097384688599
71.26907104649514
66.75298677495546
3.8323274390375452
2.1307534136431676
0.0
0.22836064690100044
0.552852353511673
0.18428627545197362
0.0
0.7710490804944875
0.3823284836466774
0.0
0.0
0.0
0.0
0.0
0.0
0.0004467016550273598
0.011070238862926855
0.02541914885175026
0.0071755255127817375
0.0
1.9516059910880477
0.014526044151715795
0.08480853987179178
0.7031975049524251
3.664615550545257
0.9871391630184776
1.9516050954182227
0.08800509404041967
0.0
0.0
0.0
0.0
0.981107195314893
0.0
26.163228668843725
0.0
0.17859807048397341
0.17859807048397341
0.9576354616170466
0.0
0.002007830307121523
0.002007830307121522
6.302751111585157
2.1529056565151867
0.2827781064289357
0.0
0.9005613783198865
1.0495976627545451
1.0699418128934528
0.7045659855262112
0.7045659855262112
0.0
0.0
0.0
0.0
0.0
0.0
0.0
0.0
0.00019021196544538474
0.00019021196544538474
0.00019021196544538474
2.0834146609232276
2.0834146609232267
0.0
0.0029408998959641903
0.14575123783074734
0.1457512378307473
0.0
3.9904877954047175
3.990487795404718
1.5733024057316871
0.05405784814892098
1.926278889545804
1.9262788895458052
0.4495088912490907
0.2322741273696129
0.2322741273696129
0.0
0.08108723433855933
0.0
0.03469088730918868
0.5897907010105086
2.2882431183546488
2.288243118354649
0.15748970471148185
0.27744679091058105
4.980811045912695
4.980811045912695
0.7257964586053243
6.103287352330763
1.129620400860397
0.0
0.7761989274898938
0.8882483543992247
0.8882483543992242
0.7761989274898938
1.1681897130772445
0.7761989274898938
0.7761989274898938
0.12887848735796714
0.5549897215109393
0.5549897215109393
0.5549897215109393
0.22199563084352542
0.0
0.0
