0.0
8.663306557696063e-10
7.433103495694762e-10
1.0772970809049573e-09
8.663247290832594e-10
8.53688892984327e-10
7.717410176052183e-10
1.0258324984316787e-09
8.282285123189569e-10
2.968867823036452e-10
8.688746229898497e-10
8.607059820882372e-10
8.804046893998151e-10
7.73519444913797e-10
1.231082604656655
0.0
0.7766201311061558
8.832301064218218
0.6182595224850738
2.7741278867220887
1.045451876331876
41.202065728566026
0.9330132800174773
1.4617223107679715e-10
259.3442611163013
0.4851381215084696
65.4671512880637
1.2094234199483334e-08
0.5453026675843493
6.801053818266954
0.0
6.801053817750777
0.6054234765831226
2.7378563380152072
1.5550266042860814
31.742863915718015
1.0937937429007134
120.33386024225604
91.01607733689876
0.6495405930137577
41.76481946983949
1.1461517459426788e-08
0.08215151335883505
0.8261400017674353
4.463268055912329e-10
0.0
6.216736851270943
0.11690893394062057
1.0670974298327067
13.740301583111599
3.8053789952670183
7.722832998853515e-11
27.345077967910463
0.5096582380759961
130.81698372907783
7.1413752024365165e-09
4.136930967069305e-09
0.0002916988487461421
2.8223249538154e-09
0.4329567594954901
0.0
2.467940510793189e-08
7.697348774107559e-08
0.12560084407542144
0.07775942965600238
0.47496023977239304
0.12732806671091096
0.06376272145364784
0.12020044098533014
5.547313728397975e-09
1.8878910662110837e-09
1.9782072777689133
0.6499553803340808
3.840900336731636
8.110571091699733e-08
0.0
1.1248398486278388e-07
6.869293318786043
7.57107913618972e-08
4.329238946600599e-11
0.02292384349888534
0.04599468590148723
8.736304972654496
5.644628286206468e-09
5.056795021263078e-10
0.06082362977035104
0.059336218736376733
0.06099777209755197
7.654137496620637e-10
5.136617405360323e-09
0.0
1.0506101178673188e-09
1.191607959640133e-09
3.941271103946191e-11
4.130697804446036e-09
4.6167914518082e-09
45.50464666245115
1.0225333294740643e-08
1.0496593891697057e-09
0.00020782062727072709
0.0002078378364482873
0.00020781391665385547
1.4201025173505071e-09
3.4056236013861634e-08
5.1988908542259495e-08
0.0
2.378487730411123e-09
5.561715382849256e-11
4.271914704368517e-09
4.687525200403427e-09
4.710672492914069
1.0619826268815438e-08
9.122346337586862e-09
0.4634616514723301
0.3882135642680874
0.1752459853973679
5.33689069060196e-08
2.7046824930647627e-08
1.6313147075745145
0.1502322447778581
0.0
4.012167705512951e-11
0.69846580022856
1.8138236394395573e-08
1.0357555457954571e-08
4.602070414417872e-09
0.03784724422449652
0.06465664171823622
6.0869777056409685e-05
3.623428724662121e-10
0.06754323768214282
2.469682655604003e-08
7.675610757331877e-08
0.12019615334587401
0.06260422090911544
0.0
0.12239126020247573
0.055142816481329265
20.554950511036573
5.5722109356362366e-09
2.0612596851565072e-09
1.7886589855508283e-07
0.00016421519940826914
0.0001641963583988382
4.926441951693149e-08
3.956909334753356e-09
8.248408852209172e-08
6.072888816225869e-09
4.1861640322205496e-08
9.526867829510852e-11
0.0
9.223161365498028e-05
0.3861361433540854
9.820527785643305e-09
1.9110413794822672e-09
5.477963197440616e-05
0.00016401383605841056
0.5746070677554536
3.149411612734932e-08
0.0877010496633579
0.5616132002302442
0.003954563971527587
4.538384992162427e-08
5.4366077363695643e-11
2.4396932431789566
0.0
2.38190356207959
9.972507047995426e-09
1.314527465537282e-09
0.18048702241349035
4.689246628286545e-09
7.961211765353182e-09
1.3386334748372053e-09
3.2749197216797574e-09
2.2776880276980958
0.000137832420120326
0.00010938840178522295
7.29342599673272e-11
0.5848597861613443
0.00013784492247758036
0.0
0.0001445426488715015
1.5920945726591273e-09
0.009526088616887557
5.098675223721936e-09
4.126122054295223e-09
1.5210682821677862e-09
6.603390013409172e-09
0.15930419048144723
1.974789622558836e-05
1.6138174539775787e-05
9.149020818832607e-11
1.734437136245224e-08
1.9762446159387028e-05
0.00042062868059364463
0.0
