0.0
0.0003638342714103746
0.0014516317473788451
0.0015436671430355184
1.4247774577277796e-08
1.0593157156222499e-05
5.656304361310643e-06
6.845644163184868e-06
6.0039327225577485e-06
4.834049594200893e-06
2.965725752348007e-09
5.11979725913206e-06
6.587216228526915e-10
3.253507168697261e-06
1.8264331206744937
0.0
1.826409235182675
3.469322299130515
0.9133375924253712
0.6524199651420781
1.0442999368030654
1.8581248201116967
1.0440120761657317
2.4852487397399567
333.5696952666878
3.269331883476802e-05
47.00610448289048
1.0841223921758392
0.00013595754638131175
0.6901126080928092
0.0
0.6901124229050728
0.43720394499923587
8.799713969044253
9.233528377037516
3.7440228681475363
5.906212317634806
20.458699951499096
54.36257519347021
19.83024429229472
264.08808535676866
1.8160075826083713
0.8665275965493904
1.7303249729158603
0.00025872547396061025
0.0
5.506697216495487
5.514843837031786e-05
3.1376816589015515e-05
0.029831486242043063
4.325222305122144
0.00012961906438687065
10.6635236412002
1.38394824665618e-09
2.6983210911555733
1.7982738102404234e-09
0.00015558475730025008
0.002527534707432162
0.00017783354610437354
0.1883992690429579
0.0
0.00026279058346345685
6.03768692669215e-05
5.378980586336056e-10
6.395638187119544e-05
5.182274944577334e-05
4.047360347834215e-09
4.4711239787297e-10
3.235549436632008e-08
9.36372401028222e-09
7.765174701452126e-05
0.00026934393262249156
0.001655287012524659
3.937260323982206
0.000636870015578524
0.0
0.0004467216246703632
0.0003659636802952182
0.00041054664657012965
0.00017469963486046845
5.138498454828622
0.00014618682317070933
1.843037205680056e-09
7.23318334841538e-05
1.0148518692839841e-08
0.005359628173727247
1.6673827133430462e-08
9.99728962367133e-10
9.600827751212612e-05
0.000810840357674884
0.0
0.0005830127865435272
9.22079522437827e-05
7.190292339996186e-05
1.1813616127726725e-09
7.649008037271607e-05
1.5922828906874264e-09
8.54926276610619e-05
1.7436468169490457e-08
0.002618391123192284
1.265687763834927e-08
0.0008612483676914145
5.430827675764616e-05
0.0004023102502807837
0.0007488801721113538
0.0
0.10862854792671858
4.2556578772266553e-05
9.254554806665734e-10
0.00011807592377788203
11.02753397783744
0.00010114950727282169
0.0008977017374002143
0.0004843182493121399
1.2469283169957288
1.718427317028897
9.510979733605523e-05
0.0002897524198063141
6.066426951862052e-05
1.884402859451285e-09
0.0
7.215822191002513e-05
6.130786116294509e-08
0.0001882172703962267
18.935694880950095
0.716442598031624
0.0013606641056485426
4.3715321411185404e-05
0.00017941337016564934
0.000369276577491909
6.438654071715214e-05
0.000263483953198587
0.0017113892984798595
0.0008148581179385152
6.381735427320729e-05
0.0
1.297127771811779
2.635871281267041e-08
4.6222672476466355e-10
9.45831753134151e-09
0.002472388630953348
3.626908061928752e-06
0.0013372118873493765
6.293849465559074e-05
5.127110916767548e-06
9.561328146210884e-05
4.837777613137051e-06
5.314583221728158e-05
0.0005498706433915621
3.909725019508404e-06
0.0
0.0008175187595350639
0.6723116948133789
5.19170762398858e-05
0.09861398904661275
0.0008964383009295975
0.0009865528229889649
0.0005240056178502799
5.67028728347401e-05
0.00031129652142453384
2.944191142988486e-05
8.687838071177301e-05
0.0004882714334919874
4.355480634959889e-05
4.933251313269788e-09
0.0
10.993950224228117
0.00010155878254911803
0.0026794742878681237
0.001361696803890282
6.085759625175522e-09
5.162306694410834e-10
2.5398090411978465e-05
3.937145253534711e-05
8.435726350537807e-05
0.00046723197188802343
1.4806583457966014
2.0533397249376614e-05
8.296765731661978e-10
0.0004594971592712074
0.0
0.00024350405475195573
0.0027291378973441772
0.002649411530148519
1.014160050140695e-09
5.240294375325877e-10
4.5223348735078035e-06
7.2888985132143305e-06
1.7870860325014564e-05
0.00039322434736601216
2.1415882953164634e-05
3.6091269313127367e-06
9.37757654695462e-10
0.00022558128002825675
0.0011006446133437417
0.0
