0.0
2.8734762683660095e-07
1.3183748852027492e-08
2.155053825645347e-08
1.8049840734801917e-08
1.7532754256623438e-08
1.7257465729943586e-08
1.7456276385185747e-08
1.8119311099710103e-08
3.110739525419966
1.7200252444864833e-08
1.7965771940824733e-08
1.9227879321440592e-08
1.5481690488133904e-08
10.850080187896456
0.0
2.7842586296825997
9.194437370820902
3.550997183516934
10.453450806755704
26.567842727090625
43.79217589597841
5.810315805097584
1.0368754730702739e-08
136.05904587378265
12.711579795539093
124.20529896617853
0.9734283917406028
3.6876440671880033e-08
2.1027854291054484
0.0
1.6812173502422039
0.026769382928941134
5.106024469426389
8.905507234007083e-07
13.572019451863543
0.7911273060689081
42.27988188289274
97.59386581300811
21.636600038437567
189.71551347995347
6.390130916091918e-08
0.7857087048970118
3.0943984237031135
2.0907735766996747e-08
0.0
11.059236107653462
3.6994647453896816e-06
3.5656892286334954e-06
6.448434306243955
1.4840624148099428
5.172617054410116e-09
24.4930367160742
1.6331180534271645
15.320366776872913
8.67367098906882e-08
5.1396788352685155e-08
0.0011863840454378151
4.177506875554515e-08
1.050832057445857
0.0
0.00029198390240088156
6.663789655936145e-06
0.06649418192293505
4.189824396122556e-06
5.264236512271578e-09
15.315168858276623
4.3693164368301493e-07
0.04015440887059536
1.1105143270866692e-07
3.9207681152718793e-08
2.213496019141434
0.8544160130327081
2.8513124390971827
6.54758550143504e-06
0.0
9.071517605809054e-06
0.036497859606148875
6.28336066575051e-06
3.757874803543537e-09
38.28695179692951
6.640615701381626e-07
0.028960005989160126
1.210654816024691e-07
1.1376080504345798e-08
1.251971365166003
4.233954717263866e-08
3.944846719064538e-08
1.8382616337203462e-08
2.3690021282413713e-07
0.0
4.1248206643541566e-08
1.563573563044545e-08
3.8833562137461264e-09
0.045555989590667076
2.242667753414008e-08
40.69981935353335
0.1790380577893463
2.0358462483058954e-08
0.11717417593456445
1.6996246947218305e-07
1.1281318843302917e-07
3.765237749474705e-08
0.00016998957176965048
2.181810355443386e-06
0.0
1.8540573398986753e-08
4.906859814746871e-09
0.12468771635748938
2.5946942334505618e-08
1.6494728549780606
2.5528212158009026e-07
0.051229279442179546
0.5022679234779768
1.9464104279376577e-07
2.99069129085562e-08
0.02936429760771968
0.0005224719894942762
1.9057031851790556
6.179755489341543e-07
0.0
4.233243101229348e-09
1.3529687483368504
6.516296525223908e-07
0.09006204319006197
1.22280989378496e-07
0.26466427481382065
0.840353961380389
5.111603368615838e-08
2.1443505711860886e-08
5.144149328107875e-06
3.866723557907379e-06
6.088096111852718e-06
0.09454197409829318
4.1682244401969605e-06
0.0
0.1003821924648993
4.368803704418043e-07
0.049098246080549454
1.1075517908680222e-07
3.274107954529416e-08
1.9864685709169916e-06
1.519784778319026e-07
1.189286365100868e-08
0.03458174694984088
6.788635569043278e-08
1.0018876716588552e-06
1.3217484282721737e-07
6.842741495084527e-06
3.75347126533548e-09
0.0
0.0009454820512656446
0.11467995611873358
2.0371033474980284e-07
2.819981180744621e-08
6.135492446701128e-06
1.434408842238018e-07
2.393390464005263e-08
2.426315121745722e-06
3.6904229947129967e-07
0.6400123341934418
0.014634690085668815
3.420956235031143e-06
3.4312803554520954e-09
36.75377183693754
0.0
0.7687694184717953
1.861510418843537e-07
2.0844743252183083e-08
0.03404678302282075
1.4769855184494947e-07
5.012389393462241e-08
1.5054064493106835e-08
6.575965147266387e-07
2.4855703267657923
2.519036916351643e-07
4.632938028175633e-06
3.25995159649764e-09
4.2360213922432575
8.285245724248917e-07
0.0
2.3750317350535928e-06
1.9203016363906426e-08
0.005599911767948363
1.4244118284679784e-07
1.3305795911208074e-08
1.313944799680627e-08
7.008626151879209e-07
0.1770230100521083
9.28084233921938e-05
0.0001045796320940533
3.223075589035482e-09
0.25970716165778923
9.34615543016924e-05
0.0002433958216802663
0.0
