1.0712408014575945
12.187903215634856
12.269542825846933
12.124808539816252
12.124808539816256
0.4407012624985513
0.0
25.899003908651657
44.06685882126612
44.182828068682475
46.23244555461092
44.909049966189606
27.71156847910394
0.0
41.3750272382318
93.93556774509075
93.04005058621273
99.99999999999999
100.00000000000001
50.97587288571834
1.4531148903919155
43.94420804709737
99.87302851862215
100.0
100.0
99.07135008542494
68.75652870276322
2.5732822790031875
54.1306462598277
90.97549991035889
91.3392646423239
99.99999999999999
100.00000000000001
72.45865654347395
3.9755576241171493
0.0
1.90758924688946
1.9075892468894595
1.5064967180771616
3.615313430139806
4.626295881833
0.7710492637071129
0.0
0.0
0.0
0.0
0.0
0.0
0.0
0.0
12.187903215634856
12.269542825846933
12.124808539816256
12.12480853981626
23.990572168042092
0.0
44.066858821266116
44.18282806868248
46.23244555461093
44.90904996618962
63.839281993817536
0.0
56.92563996753162
56.03012280865356
75.74029476207974
83.70416453344085
98.26162083944192
7.625214221744737
62.277533675120424
61.47891748049026
59.957669770946815
99.99999999999999
97.64017485934437
0.0
36.91180804302684
37.27557277499187
9.986155220417615
43.34968060093756
73.40685215927425
0.21159771913488826
1.9075892468894595
1.9075892468894593
1.5064967180771611
3.615313430139805
80.3882764057654
0.0
0.0
0.0
0.0
0.0
0.0
0.0
0.00042854020031046536
0.00021427010015523268
0.00021427010015523268
0.00826986029750711
0.0
0.0
0.764775857260408
0.04032800176122243
0.04032800176122243
0.12815240263531413
1.260037500175471
9.15481763873228
9.15481763873228
2.545721120784268
0.052290728149999084
0.0
0.0
0.0
0.0
0.0002390168247826641
2.337446969878397
1.2143101353992292
8.495191261977892
6.065975953199382
0.28710585649019577
0.2387265809625982
0.23892740251836864
0.2387265809625982
0.28485526810479744
4.035356582879902
3.674361236475092
1.013135496324412
0.9236521029851152
0.9236521029851152
0.18755211185065157
0.1411521454183066
0.0
4.070953167955429
4.070953167955429
0.8780486989335923
0.31929013410835166
0.07982245946804467
0.12887845006612406
3.8268765246982457
3.8268765246982457
0.5549898775177173
0.22199595163708535
0.0
0.0
2.5039219671961277
5.295319791508329
3.4246120605776773
1.868785963268431
5.259387382161969
3.6428319183330835
0.0
19.46372687473592
50.31176207910163
32.25070777034627
21.970186557266707
51.470150930430684
34.55752393031895
0.0
50.87951015707419
72.16145474106689
82.36234442654276
54.847324452728515
50.975872885718346
50.975872885718346
1.4531148903919155
59.10542993738179
99.71032958970875
88.79903558517641
84.84417732113435
78.39944906803392
69.00773168607282
2.7319931596518243
57.43000630026575
61.092285993477454
59.09243199185698
86.2078753786214
84.13819110191017
72.20745356016437
3.8168467434685134
1.230014379084153
0.0
0.1308100154057116
0.6202600587603675
0.2115977191348884
0.0
0.7710492637071129
0.0
0.0
0.0
0.0
0.0
0.0
0.0
0.0007338777313826987
0.009516930608549499
0.027465612819332717
0.010769291818414508
0.003589042137065774
0.6657193688642988
0.01514754393059414
0.08782440087409171
0.7083871420121151
3.6159928050733616
0.9692018105134879
1.7910343053982976
0.15067299692893105
0.0
0.0
0.0006640491859372579
0.0
1.2450412385175014
0.0
15.316041463625488
0.7406763323481241
4.3601428600284615
1.4725221169917855
0.406799469754896
0.0
0.0
0.0
5.028740124524791
0.8684439351368913
0.2894807720467743
0.0
0.3609953464048133
0.4482020755277519
0.5790120909334633
0.3609953464048133
0.7219906928096265
0.0
0.0
0.0
0.0
0.0
0.0
0.0
0.0
0.00021427010015523268
0.00021427010015523268
0.00021427010015523268
2.0829978758107255
2.082997875810728
0.0
0.04032800176122243
0.18317813318384596
0.18317813318384596
0.04032800176122243
4.11498156458099
4.114981564580989
1.5496881284317152
0.052290728149999084
1.8708455155171126
1.8708455155171122
0.0
0.0
0.0
0.0
1.2143101353992292
0.0
0.0
0.0
1.5654995111019463
1.5654995111019463
0.0
0.28485526810479744
5.649725392138564
5.649725392138562
1.3741308427292251
1.84363324037779
0.7093042109921073
0.0
0.1411521454183066
4.7991740101555145
4.799174010155516
0.0
0.8780484420457204
0.3192901190152511
0.07982245946804467
0.12887845006612406
0.5549898775177172
0.5549898775177173
0.5549898775177173
0.22199583120034538
0.0
0.0
