0.0
11.476863780605937
11.476863780605932
11.438606949499928
11.438606949499972
23.987494321858335
0.0
45.6195150037026
46.050586446679915
46.53228033598513
46.67438389364269
63.228199743939015
0.0
75.09722672442601
95.94599262495541
100.0000000000002
99.95204396979956
100.0
0.0
79.85338230665766
81.55979350429179
73.14447441752755
87.1213956187577
99.99999999999997
0.0
60.318285435109836
61.1000045185289
74.95112587546294
82.0806434674634
100.00000000000027
0.0
0.25252565415344097
0.2525256541534411
6.157913027924143
2.468521155528662
22.3207748708781
0.0
0.0
0.0
0.0
0.0
0.0
0.0
0.0
0.0
0.0
0.0
0.0
0.3311543354695377
0.0
0.0
0.6098281533566341
0.2135916406712829
0.05781145502501824
0.4389845429286852
0.0
0.0
0.05518555659403159
1.4365306268489137
0.4788435295998305
0.4389845708347374
0.49218760833747893
0.0
0.0
6.630387507090683
2.486395273709309
0.8287984027446925
0.0
0.0
0.0
6.678087664092327
2.504282859983455
0.8347609425178268
0.05586838683667635
0.0
0.0
0.0
0.0
0.0
0.0
0.0
0.0
0.0
0.0
0.0
0.0
0.26725991543974903
12.810975845904215
12.810975845904206
12.772204776806387
12.772204776806447
0.42784847717352575
0.0
31.522756022778093
49.88496314546154
50.377616223150035
46.34562927590258
46.46996988885295
28.661227544297574
0.28786680880456283
43.22395840438192
74.10207511348113
52.92215484982776
55.84819948767889
74.6314796336874
37.079564534394024
0.0
50.01383400514811
82.90707360435464
84.85725783022211
76.76300068728598
61.97303527395704
49.375577123241484
0.9662501058009807
58.69851767199331
68.53972359779151
69.43311683598422
67.60995000037254
55.82800933870563
49.287491371863545
0.0
0.0
3.8429184602590323
3.842918460259033
0.0
6.334235967604761
2.6448440952092844
0.47019450026087106
0.0
0.0
0.0
0.0
0.0
0.0
0.0
0.0
0.023766219207750922
0.0
0.0
0.0
0.0
0.33115430621904746
0.0
0.015844146138500614
0.0
0.0
0.12956901819640668
0.12956901819640668
0.4389845313233859
0.09895261228322114
0.0
0.0
0.0630692075360361
0.0
0.0
1.3780994735584589
0.0
2.197460969851184
5.528409002985984
0.013074918630692777
0.5086342220628477
0.5086342220628489
0.18178841178800864
0.11540844323708632
1.8605477013718708
0.0
0.037322468782020224
0.40700105154576616
0.40700105154576804
0.14573791406889594
0.10253003984903362
0.3696512222632403
3.844690568756581
3.8446905687565853
0.8317453814505557
0.30400336106340065
0.08026489280664134
0.05633499759209684
1.9109137639649567
1.9109137639649434
0.0
0.0
0.0
0.0
3.7416388161564864
3.7416388161564864
3.7416388161564864
3.6809887771206373
3.725017252976199
3.7250172529762122
0.0
28.45877101998117
50.97568224686171
39.169442024987454
38.668934573891946
43.16630285166764
37.35294521705464
0.2518834577039925
48.88978091378964
76.31103950792516
56.501369994365476
46.47460163326909
42.68554828210665
50.56055041209327
0.0
38.95451226477396
99.79305977081006
62.808222349601984
66.62409742665217
62.84975641790004
56.79888222025347
0.8454688425758581
47.26521929481261
76.33560336439714
61.09966017461984
36.84530125778397
85.18486031667695
53.88587975331043
0.0
0.9391149162433761
2.044272887802535
2.333032114390355
0.0
0.0
0.0
0.41142018772826217
0.0
0.0
0.0
0.0
0.0
0.0
0.0
0.0
0.0
0.0
0.05102201518360422
1.3848783220262673
1.3848783220262715
0.0
0.0
0.0
0.0
0.12956901819640684
4.447037021723004
4.447037021723004
1.9126532392541158
0.08658353574781849
3.3190358298269107
3.3190358298269262
0.23650929239546226
3.9794839869748153
3.9794839869748126
0.0
0.0
0.0
0.0
0.039219705622586865
5.973809838280061
5.973809838280061
0.0
0.10098238783245053
3.678644014653501
3.6786440146535107
0.0
4.7275761155832186
1.0368334689867436
0.0
0.08971378486790442
3.268145520245512
3.268145520245505
0.0
0.8267288550592731
0.2989868483476918
0.07023178120581118
0.04929312289308477
0.0
0.0
0.0
0.0
0.0
0.0
