0.0
0.0004978136298009941
0.001987305368841075
7.342683468365185e-08
2.0355928495488255e-08
1.4475766625886929e-05
7.698373166868498e-06
9.115252470563182e-06
8.165835009201657e-06
1.1529955725817183
2.25525907948579
6.962149418268812e-06
6.102903916988239e-09
4.796858195286168e-06
9.298545007264984
0.0
2.3401411825603673
6.951707582827444
2.340551275842174
5.578015978512698
1.6328174175796581
10.584248918144063
1.6337007301102349
8.078450726318552
258.5506346793405
5.632985412962963
97.89145740371598
2.2335483462563515
0.17577623276188808
0.6277240249814975
0.0
0.6277252899930601
0.08601818234779701
10.270490049950485
8.952403219805744
9.310406645915199
8.951523645203027
15.399356784164391
124.82577179695745
8.938452801671854
201.66642229906887
0.8841502807760402
0.243213987085519
0.678696627124179
0.0002580419262074139
0.0
2.5310040444238755
7.536962455901898e-05
4.274041222501837e-05
0.0006745179412994695
4.514592188437396e-05
0.00018525021870858334
21.67657090552492
4.666916151530225e-09
5.6827489582314535e-09
1.7636832710334846e-09
0.00021302387465964247
0.0032677220839726195
0.0002558223365549477
0.0028448716427672462
0.0
0.00036010240082865114
0.001972677996507487
2.7521593213885476e-09
8.720146225310303e-05
0.0006756960860484174
4.652401753687342e-09
5.74018661042218e-09
6.636103082712982e-09
3.057891336542675e-09
0.00010627893529988646
1.093771394172368
0.0013614937495791475
0.04874902035925323
0.00027846410216111265
0.0
0.00024240393895594547
5.7586469975164625e-08
0.0002732581072328671
0.000189407204381536
3.536604558449861
2.4069816555716255
11.07284357850665
0.24308994477319695
1.0847376693744781e-08
0.004843391151776793
0.00830896650693319
2.6643951030391825e-08
0.00013725857554265533
0.000746763536193942
0.0
0.00048548519689533073
0.00014989481248332153
9.836903078077533e-05
1.0787973951135023e-09
2.4180484534085704e-08
0.7616855351653247
0.00013418855517839635
2.890819938607055e-07
0.004344530111552758
2.233824677129214e-08
0.0012083690957673493
7.66760106306996e-05
0.0003855251414411612
0.0010302969569705779
0.0
8.214931180403617e-05
5.793403149966722e-05
1.4407472052840895e-09
3.781697823764906e-08
11.019630641361937
0.00015264704389147165
0.0012176062763298665
0.0013554193417813388
1.1080526763372154
1.4058519224580341
0.00013169233343055979
0.0004926699528511419
8.276064584456099e-05
2.5128163153278264e-09
0.0
9.860288902982289e-05
0.1819226619069272
0.0002575437900326226
25.782614682050042
3.447804887715725e-05
0.5680414845083437
0.9349313689519003
0.0002571241471082289
0.0005054590756667905
1.5043310543207193
0.0003610943745471836
8.215788580099887e-05
0.0011133913303108746
8.701721172062807e-05
0.0
4.036320717947869e-09
4.206709926164094e-09
4.4520337747197756e-09
3.0137550109871057e-09
0.00340567624094436
4.959544093313772e-06
0.001830246104665212
8.601660600822762e-05
7.0035587599239115e-06
0.00012993089225193935
6.600765489474901e-06
8.325791211887416e-05
0.0007056707752177449
5.341761044745006e-06
0.0
0.0011193425866017368
0.688726873407646
7.650135876540372e-05
0.6271221306375238
0.12540943065988622
0.0013506516951378076
0.0007154289967257221
7.868724012361149e-05
0.0003310763943478941
4.018672706335921e-05
0.0001417401578404437
0.0007604359347559979
5.947316641393963e-05
1.1368881721375597e-09
0.0
10.284988626399702
0.0001530454569013497
0.000427683821799405
0.00186082940166188
1.1299880503832899e-08
2.3204005296197675e-09
0.08964052424290961
5.38136060367911e-05
0.9979171991890001
0.00043798039090662123
1.7455104258882645
2.804458171711527e-05
1.49500501371734e-09
0.00039849148956951026
0.0
0.00023473896555728383
0.0038091255940842857
0.0035883554961697447
1.8764036663262294e-09
1.6244197796646365e-09
6.376622045144645e-06
9.96810463374515e-06
2.441945152883707e-05
0.0006489436673915159
2.9255779501361242e-05
4.932242343951985e-06
1.6698913475645945e-09
0.00014282667728559713
0.0015071880294619808
0.0
