0.0
2.7712974928649517e-07
1.962847237391061e-08
2.7095839090459567e-08
2.8834385263510827e-08
2.4928197895738844e-08
2.476347832792749e-08
2.4681719010456316e-08
2.5196115605185655e-08
8.787982500299709e-09
2.3949274122780824
2.9699602608031553e-08
2.5401321520272567e-08
2.49908766326575e-08
7.36711637594767
0.0
4.430845463102601
10.254611311632997
4.495987839200712
8.372733292940384e-07
6.200787300563498
26.400761561236123
0.8684138009114133
0.9711399870289792
192.09045567735313
0.2729730107898616
145.18158362918024
7.583550236335372
1.869789184312515e-08
2.636767244991599
0.0
1.9987821204213532
0.032760004832987674
10.104387343860184
3.592511148639512
12.978697033254317
5.831815035598771
44.758232546928454
11.47513623894574
26.274289381355416
238.79283616004614
8.016822401848856
1.9841335777143918e-08
0.8793188362792794
1.6044581490956176e-08
0.0
5.263513524484595
3.130525232418653e-07
0.8317534175432821
6.495849621822604
0.8335681507361048
6.7975724117512984e-09
58.24338446862794
0.2695579407980179
7.514860448462928
2.109674317550998e-07
0.00016661136390135577
0.0006722388787654308
2.6126977219679336e-07
0.3437471076240248
0.0
0.0002037899772812153
8.450834209559453e-07
0.05453254118925989
9.104818254559926e-07
0.041767453463450996
0.05641517913631186
4.929278316010116e-07
0.042497348889168465
2.5769738047509295e-07
0.00012467301490799018
3.292282260489469
5.14811177254704e-08
0.0969349562661794
0.0008706581419662302
0.0
7.478712764442629e-07
0.043519434293280014
1.3224702650383931e-06
5.6781100983997546e-09
7.35298057371083
1.2671263235875135e-06
0.03775484479543406
1.4623438243713694e-07
1.0308526212541514e-05
0.0034351195849184283
0.001920701113824831
1.1628799715887452e-07
0.00022016862679661594
0.0005676206016744437
0.0
0.00021011418167471467
3.316011558703745e-08
6.6206459740697405e-09
2.309990923873361e-08
2.3160458523534578e-08
35.460358870789136
3.106382072240732e-07
1.9251146484205857e-07
0.0006393976070411832
1.3689134593424425e-08
1.3434692738488259e-06
2.3695982724814172e-07
6.464374723122495e-05
1.9461180104647642e-06
0.0
0.2794884463750293
9.507449071247466e-09
2.8420545128807593e-08
2.7627979905373262e-08
3.3879016510895408
3.698785603512889e-07
2.0082548449676678e-07
0.001437635247193187
1.8006302059336323
0.008099960308767883
0.0071701407611396584
0.0006172286930775008
0.007106102741084445
3.89746910815462e-08
0.0
6.613710429930722e-09
11.08470056570199
0.00011209623608915284
3.1935756275553456e-07
1.750935105158726e-07
1.3959543521003957e-07
0.3787344592999613
1.4187721853881845e-06
0.00036995368784735634
0.02977528480624598
1.063932544842747e-06
5.158814754190809e-07
0.07559418312105204
9.090156975631622e-07
0.0
31.990128652519175
4.926825316220775e-07
0.05413312260162071
2.3335177778471895e-07
0.003965564738678562
5.271956601117883e-07
2.4662588323510127e-08
0.0004566729493547419
1.898026667050713e-07
1.1439617249173998e-06
7.51096156633972e-08
7.44629740371486e-06
0.0008706776529004542
9.810244385841987e-09
0.0
0.0012653317869886437
0.08925795990088947
3.104317124312633e-07
6.601456797517825e-08
0.006138465837132448
1.8386873463312702e-08
1.4997532213589188e-06
0.006176040656597078
2.0356981406225826e-06
0.18406737404121415
0.01220553198008847
0.0001734886960229068
5.563447510255554e-09
69.37868429660284
0.0
1.2115204812146987
3.4897107345455796e-07
0.3057916555987819
0.2574260745117697
0.11228368285167066
0.02685731523897039
1.076771520762055e-07
6.337882428572906e-05
4.54686005584172
0.0004920390837633299
1.0695820366611302
0.06632602380791582
1.609734504072217e-08
0.0002373137097196927
0.0
0.0007727721627074943
0.0663800764726064
0.06857871718947704
0.05934130342358819
0.028765205640891908
3.944830046548464e-07
1.0216698097857553e-05
0.19379961431874562
0.0002875977977819245
0.08345896263111349
0.046652978840380124
0.005533212029151084
1.2417783515369658e-05
0.0009082190419921435
0.0
