0.0
4.301730154386411e-08
3.7185595129443733e-08
6.12316146198628e-08
4.303482414036789e-08
4.240542867101363e-08
3.843188700186112e-08
4.576272102996832e-08
4.124288045198096e-08
2.4771967831435257e-08
5.6456856213660045e-08
4.2933315640956226e-08
3.920802590749885e-08
3.188136417341306e-08
1.2012064987722841
0.0
0.7654737145747322
14.58512676464467
0.6980021568522947
2.8277846819311705
2.235010185596547
25.190789772485722
2.107642532231478
8.789711600187975e-09
255.1434125480688
1.0811418923790743
75.06104923886008
3.614601887571005e-07
0.45857460451214194
6.812661980276053
0.0
6.812661960120885
0.7286947317336916
2.8237987866580965
2.7650770386170858
21.989155411726692
2.291148442681717
120.33966431287327
88.37996972436248
1.4120463569732224
50.670833076581026
3.1981471036333276e-07
3.371984744681822
0.8249300489991389
2.2165117237118504e-08
0.0
4.818670695877562
0.18354892837422176
1.0400278283305397
12.848947165052294
3.796285084096951
3.846000566302048e-09
27.074388123512705
0.7855853034446392
124.40703526801863
3.1690873676597664
1.202863217567026e-07
0.0003821774475354765
1.23275001359848e-07
0.437919127844735
0.0
1.472843947577016e-06
5.108431546924137e-06
0.1256186800526518
0.07785442475915605
0.5254939588480158
0.1273062772099976
0.06359754749084022
0.6531194313375792
2.5766350014649507e-07
8.653199355354418e-08
1.9829860566050894
0.6427057140714287
3.673919875719765
0.00034959920757100387
0.0
7.503643449374069e-06
0.02295281200546187
6.73765635459229e-06
2.162172789841808e-09
0.023175432836620203
0.13767427147070546
8.584936018856856
2.3798545050652765e-07
1.806074391296114e-08
0.057161166610379545
0.05597817566442955
0.05732687723605987
3.867843515096582e-08
2.5478903955295335e-07
0.0
5.122927481692612e-08
4.470556690500429e-08
1.9662932892884545e-09
7.403878702900173e-08
1.1416379122338118e-07
43.90863972246413
4.176715649993759e-07
1.7360597531995088e-07
0.001470588842790174
0.00022354155881429557
0.00022317820976547862
1.67367699064064e-07
3.912497842411911e-06
1.5634125091835687e-06
0.0
1.0038101614762487e-07
2.850862158752839e-09
7.923315717790444e-08
1.1810720680283013e-07
4.07043989988591
4.598232197802847e-07
4.4151427190278685e-07
0.45025557306754965
0.3948890055001282
0.17627155220696372
4.445921107849919e-06
1.5816463918479232e-06
1.6312978836568388
0.15020689540340146
0.0
2.001429046575235e-09
4.63449765430336e-07
5.323422791062443e-07
4.6391732302784766e-07
1.7705842441587915e-07
0.03818742048933251
0.06479486849851504
1.4380230774856855e-07
1.7555071464067753e-08
0.06747027404550335
1.4681164164407907e-06
5.084467798737284e-06
0.120118480233046
0.06260009823193154
0.0
0.12230972911435933
0.05489840992661499
18.31685105352421
2.585989445324063e-07
9.987264118578909e-08
2.162014814191802e-06
0.00018178990590894965
0.00018065041848351984
1.6900620136703367e-06
2.3627628447375287e-07
1.7887166780730935e-06
3.026723784899869e-07
0.00026783263042843105
5.031823446104662e-09
0.0
0.0005558886220697115
0.24959548056789838
3.709858439698091e-07
9.371678316941774e-08
0.2349158588078456
0.15288360862538872
0.00018163734078054016
2.800224315498339e-06
0.18166087008197032
0.594478120529357
0.004001148429892341
2.5755511346073433e-06
2.628928704440944e-09
4.578208393590391
0.0
2.421486571045572
4.415402558460334e-07
5.751782803065789e-08
0.17651655007110556
2.251970665309006e-07
2.7863690854351464e-07
6.23796555473815e-08
1.593365426767367e-07
3.5378998324762216
0.0001809679743611498
0.00014343656476884545
3.6745037971840055e-09
0.8589715495048456
0.000181329792013617
0.0
0.00017606776597128764
6.832376782159551e-08
0.009424835663683098
2.5817499675971503e-07
3.4943202879072077e-08
7.108703877012258e-08
2.4250218709594644e-07
0.28166108985386623
2.5790034798941485e-05
2.136820671213732e-05
4.6224077976973964e-09
4.071280548597612e-07
2.6180304761557255e-05
0.0005941330286235189
0.0
