0.0
3.4629383963953565e-09
2.9894842798093865e-09
4.028658170125953e-09
3.4628982995948734e-09
3.4122658888348515e-09
3.0500320271992978e-09
3.594088985061316e-09
3.2779332896302867e-09
1.1305699588212986e-09
1.7680795155687464e-08
3.3667889287034636e-09
3.1570283263488157e-09
2.8827150122203828e-09
0.9992048185962475
0.0
0.9422136956573957
13.899590489900483
0.568196373414285
2.2684381093654724
1.0854040374283511
28.54278710700105
1.6791457737521018
5.855100969647957e-10
254.7515675969745
0.5464649205513749
78.67451190825486
0.3118953636410196
0.4944426007154027
6.796014642886298
0.0
6.796014643612346
0.5609140484590609
2.2571401617228726
1.6109454933062168
24.2593921562222
2.1860631988093364
120.3313406539195
87.6746325727147
0.7434532751340218
51.70364188522048
0.3096121569211838
0.13983608359409458
0.777383231679914
1.8092836360405175e-09
0.0
4.486728406615919
0.09744088989796819
0.9830961013191987
19.530325803650637
1.5621750278173838
3.1004435496130776e-10
24.32073043239984
0.5320051278158322
131.57116580290716
3.096041785164386e-08
1.5343748661479813e-08
0.00044305043701848407
1.0968565193987175e-08
0.4419922706504374
0.0
1.0100083185663683e-07
1.2574865495139026e-06
0.12559360431039712
0.07750814152728489
0.5095872855682785
0.17055131907878723
0.06263698750665544
0.12021731111034736
2.2996336816292382e-08
9.544659806180452e-09
1.2882404118458004
0.16834855238313098
4.737550734078265
1.193533331085458e-06
0.0
1.8814971824534922e-06
0.6964233738854464
1.1168114437124303e-06
1.7426599887981643e-10
0.023859339495071484
0.11341317313278135
8.973057196485115
2.340345789366792e-08
2.0953167227875602e-09
0.17880615477781234
0.11990512427355891
0.19660976490277676
3.4294223088794516e-09
2.259156831375763e-08
0.0
2.113022130358895e-08
6.837768246996409e-09
1.5861715944193669e-10
1.4027385490729808e-08
1.930957793855336e-08
43.22443747595224
0.11513938040482095
3.800616731455103e-09
0.006051801144355307
8.974953275729128e-08
6.230746504855777e-08
1.1178528189217956e-08
1.4780171277233923e-07
2.629539577861729e-07
0.0
1.5455218240241905e-08
2.2594571328180273e-10
1.4868074949424065e-08
1.9306164815578597e-08
3.8242992996220013
4.2912417474182316e-08
0.00641457127880083
0.2814756697019321
0.34559345301747385
0.0596754081804051
0.0068138350936974325
1.0438730454868037e-07
1.6232045668649155
0.15359870590093713
0.0
1.612812933783679e-10
1.0231360764261204
0.0002427046642192633
0.6279803967703473
2.976274617394376e-08
0.046058598745286276
0.0630996205901608
1.827275978248295e-08
1.449110790779507e-09
0.06613394686103882
1.0109677245829638e-07
1.2507864745071347e-06
0.11898019674601464
0.061359166827566945
0.0
0.12117736363099106
0.05339168026952596
16.89519788557744
2.3131210180644534e-08
9.304660817622472e-09
1.5727573549530117e-06
9.247870438785259e-07
6.516277575234966e-08
3.5547110338200924e-07
1.7042454452257606e-08
6.327508858324993e-07
3.461047781035381e-08
0.0003085924032502167
3.9438458082418567e-10
0.0
0.0006571497601023564
0.23465307134934388
3.518360567361284e-08
8.056412777635384e-09
0.042703044404926206
0.054327139340383225
0.2857423196796608
4.608823461016085e-07
0.18973665845759297
0.5592920488932908
0.004273233733442886
1.897454794836234e-07
2.174598579188849e-10
2.632289139431285
0.0
2.216230491897111
4.168903455407898e-08
4.597544251600796e-09
0.1594423745052983
4.335249840119206e-08
1.0224225425024995e-06
6.52965485497828e-09
1.3301467753444384e-08
2.8788453181235374
0.00023798889730146123
0.030061174401420983
2.8472979663793665e-10
6.735801373142194e-08
0.00020919139990499395
0.0
0.00023069568695904057
4.976061202420282e-09
0.008913198510031046
5.11868865015877e-08
3.888606837377893e-08
6.96865266191248e-09
4.876434491093233e-08
0.2169630021821959
7.575398920286303e-05
0.0018786023550875443
3.543912829003022e-10
4.549001110310389e-08
3.0034218075061885e-05
0.0004966907345864565
0.0
