1.0712444299948893
12.187926229410602
12.26991212491596
12.132169711270484
12.13216971127047
0.44682822011750367
0.0
25.898325875482612
44.06081532429738
44.1084168567852
46.07857922689844
44.84128354292478
26.559249544487407
0.0
41.22888068515937
97.34932162921041
94.07881620488513
100.00000000000001
100.00000000000003
49.52369504882631
1.2189096683107572
49.775429040489726
94.39406591904552
100.00000000000001
100.00000000000001
97.66538080464022
69.24169358872753
4.156369703178688
53.3993089293289
90.22536153278028
92.0045977855836
100.00000000000003
99.99999999999997
75.97600536513785
5.306859576536111
0.0
1.988591850383343
1.9885918503833437
1.554407746418179
3.6312831240340304
4.626294992828187
0.771049015461543
0.0
0.0
0.0
0.0
0.0
0.0
0.0
0.0
12.1879262294106
12.269912124915962
12.132169711270484
12.132169711270459
23.99044499703914
0.0
44.06081532429735
44.1084168567852
46.078579226898434
44.84128354292478
63.90147836541723
0.0
52.560205862400835
54.058277078016594
72.86062830077039
78.11786783407753
98.38861206121528
0.5731030954434213
67.66243167869804
64.75053698565073
50.489395553865826
100.0
97.0478469655658
0.0
37.04330843614325
38.82254468894662
11.047098531548986
57.095547828153336
84.7704277826903
0.23543149006120534
1.988591850383343
1.9885918503833442
1.5544077464181791
3.631283124034031
72.47241205640759
0.0
0.0
0.0
0.0
0.0
0.0
0.0
0.000405583263400406
0.000202791631700203
0.0006784931406085737
0.009208444722557125
0.0
0.0
3.1903814002674444
0.00397532575546292
0.0
0.18368693231832206
1.2700698892401825
6.812268194195641
6.812268194195642
2.293311903259143
0.05374322324889574
0.0
0.0
0.0
0.0
0.0
2.0072295168495478
0.12836434623724216
4.539716848483401
4.93575591192581
0.8759192138847754
0.31453347791644665
0.31453347791644665
0.31453347791644665
0.1401585883085916
0.0
0.055352547048576346
0.057409401873212175
0.4124705475687789
0.412470547568779
0.07003438516259242
0.12985451371384146
0.0
4.089240947479369
4.089240947479369
0.9974368103860747
0.3719899554983538
0.2370738665267445
0.12887848966018772
3.826876570331899
3.826876570331902
0.5549897035481485
0.22199586932307222
0.0
0.0
2.5039196052850694
5.2953710457185394
3.4253482077989155
1.8674846830001726
5.292922298400518
3.6406770148126455
0.0
19.463788346436274
50.28868400272939
32.02364396388203
21.711886816129553
51.27702628058185
33.51755096108469
0.0
52.26125591916432
69.82548871973296
73.77600207375194
53.91473232877179
49.485943197359155
49.485943197359155
1.218909668310757
61.596688023617666
92.3620090948428
84.82080883949942
92.24425425266993
86.29489840473968
71.28069509004507
5.16446065391586
56.58235024154941
61.24755164709031
58.067938551048556
86.14822665690058
82.34857741904172
73.93700386382031
4.298768625798941
1.1001521658439248
0.049137249271812865
0.2364266639424412
0.7079753813182311
0.23543149006120534
0.0
0.771049015461543
0.0
0.0
0.0
0.0
0.0
0.0
0.0
0.00047570150890837066
0.010969831023345247
0.026941267211636036
0.009583684664259514
0.0031939291923788276
0.9289699302664202
0.03148365356504353
0.18368693231832206
1.2700698892401825
3.711886578479189
1.2372953810390812
1.772434060149675
0.09236348782819483
0.0
0.0
0.0
0.0
1.0941611081727514
0.0
25.517181173255008
0.6669231114547292
4.380585091733711
1.485761887797169
0.18704296101236315
0.0
0.055352547048576346
0.05535254704857634
4.882457396758365
1.3663534650956823
0.4554506529529959
0.05524118771986019
0.32224907450509743
0.434624379451767
0.46733890215248297
0.16767418253518512
0.0
0.0
0.0
0.0
0.0
0.0
0.0
0.0
0.0
0.000202791631700203
0.000202791631700203
0.000202791631700203
2.0940488619622544
2.094048861962256
0.0
0.00397532575546292
0.14612022589488696
0.14612022589488693
0.0
3.929615718287061
3.929615718287061
1.2700698892401825
0.05374322324889574
1.9228085621637208
1.9228085621637203
0.0
0.0
0.0
0.0
0.12836434623724216
0.0
0.0
0.0
2.7686210028311713
1.7453789888122104
0.0
0.1401585883085916
4.76539242104945
4.765392421049448
0.0077148919171765
0.19932913630205096
0.07003438516259239
0.07003438516259239
0.12985451371384146
4.415131044567625
4.415131044567626
0.0
0.9381679153882222
0.31272146222005487
0.0
0.12887848966018772
0.5549897035481484
0.5549897035481486
0.5549897035481486
0.22199560252276154
0.0
0.0
