0.0
7.043735958224381e-08
5.530526384494638e-09
5.829524139690654e-09
7.297702672776698e-09
5.456892125385223e-09
5.251383454647938e-09
5.254418891160604e-09
5.544708281512784e-09
2.037168206172503e-09
2.752569535484083
6.378551326961644e-09
5.5377139641319774e-09
5.06305680377947e-09
5.293479573747293
0.0
3.1124950297479916
9.182984867976902
3.191241314078099
1.8216364966600653e-07
9.248422661172954
20.48300733350129
0.8480816051613453
2.5379487581467868
167.12175355367185
0.2660736821602485
164.51823246989008
11.984432715600164
7.228676882463842e-09
2.9299786756131283
0.0
2.068056722525215
0.03274055844695994
9.38705266028682
4.73019437379139
15.482434612426607
5.104470999004548
45.828333880803164
11.524861412359144
41.60577157803975
218.10615410431774
5.272894391368602
5.3651003937716105e-09
0.8360713954882512
4.3968917315650035e-09
0.0
4.553542215882726
1.7576871207448684e-07
0.814349031028544
6.488230029568971
0.8141660794121075
1.3563908043372628e-09
67.49378755051069
0.26256670672525617
7.5049812124991195
2.5654333898364735e-08
8.623799200093649e-09
0.0002483142215323501
6.437908797411897e-09
0.6703807567953712
0.0
0.0001335827723031447
1.7852647252370865e-07
0.05472396084606647
2.2953778829368464e-07
3.6364724829899575e-08
0.05658045845253818
1.0305567991015164e-07
1.6428384346378473
0.4300089695139581
5.5684857957068945e-09
3.2254969828959497
6.79529878410409e-09
0.09865751564678629
0.00014869452703453556
0.0
1.6050516874862717e-07
0.04443731061231129
3.2890604166141625e-07
1.1326823729779886e-09
8.619512623585443
2.5770171412800315e-07
0.03784920250155891
3.0510079925849874e-08
5.451717652398235e-09
2.2480276325694407e-08
4.755879895829826e-09
1.9924750396938057e-08
2.173947936957587e-08
0.0002783353715615954
0.0
0.00034968124720744214
0.03246057263539833
1.2159945901568463e-09
4.720549665361394e-09
4.52529221479344e-09
35.43661920867078
4.7598391875455604e-08
7.914027528844062e-09
0.0003779638227760738
1.963932311371962e-08
2.3772302760827449e-07
4.9437177693411136e-08
5.3146947532286434e-05
0.0003966517731339925
0.0
0.09072809604184964
6.987886103673574e-09
5.9406687464319626e-09
5.466019800714306e-09
1.5747898847454056
5.611536920510134e-08
0.23914560708874807
0.0033389085043825737
2.037524726561193
0.35255415672442103
0.006678026191973244
0.0002365634292493642
0.006677839529471461
1.031265036477571e-08
0.0
1.1573972267352906e-09
20.851167765084536
2.0627671141397202e-05
0.522843682541966
0.2821592599248961
3.259462357069525e-08
2.2203242027784356
6.755329579230434e-09
1.040917492279174e-08
4.206260711103543
2.3217917148336927e-07
1.1034114632234067e-07
0.07600360908602771
2.2696633732697825e-07
0.0
9.08441040545695
1.0490528922170856e-07
0.052879986330949286
3.5289804273968966e-08
0.001165439063954919
1.7214341782817885e-08
0.023329803999865898
0.0004674360028259157
1.684675680356288e-08
4.2802480026105604e-08
1.946955081468832e-08
1.4827679258394004e-06
0.00036973684215720564
2.1082654177403682e-08
0.0
0.0005246287521704899
0.09227046471560962
3.574952861614815e-08
6.269026865048309e-09
2.265709680539181e-07
0.2488669391319004
2.51632073932707e-07
3.965441103067719e-07
0.39603959656651183
0.09744993998948956
0.010925914873107859
2.6007913143386958e-05
6.483884851395142e-09
81.57643985382899
0.0
0.7467455504282365
5.2622455161361155e-08
5.461467205337014e-09
3.211960424020864e-07
6.1741905724374535e-09
0.00028874939488016983
3.5435302468924484e-08
2.2318912126633682e-05
4.560031338061118
0.00014574210979772563
3.3044526501272085
1.9583365798566134e-09
0.00039521600593334463
0.00014637727645777033
0.0
0.000137369776147862
5.3124081677347375e-09
1.5377977020149008e-05
4.555679703456256e-09
0.00044102791468250555
2.1106816697628345e-08
1.014673483813896e-06
0.3784515258519564
1.1933790631451368e-06
0.20652472242760156
2.3173287760678558e-09
0.0003566403186035078
1.9290982796674858e-06
9.923874282895603e-05
0.0
