0.0
11.475378189571503
11.475378189571508
11.457419974316744
11.457419974316696
23.986617414957845
0.0
44.60972121904084
44.83694520911969
46.04501126028981
46.13253349880675
63.99129945711852
0.0
92.53494241184045
99.99999999999945
99.98182411772322
99.96411987578368
100.00000000000003
0.0
79.7197793366899
100.00000000000006
100.00000000000009
100.00000000000001
100.00000000000001
0.0
64.4866796026589
64.2852238509868
67.02498685093099
65.50812443128153
99.99999999999999
0.049134694975685435
0.7796418781455784
0.9896817647811885
0.7169279599034272
3.465515799989287
28.33823694059174
0.0
0.0
0.0
0.0
0.0
0.0
0.0
0.001257338898825765
0.000179619842689395
0.000179619842689395
0.0
0.0
0.3060467928331889
0.0014369587415151602
0.0
0.1748745958515695
0.0
0.0
2.1913969940007307
0.0
0.0
0.0
13.39699398185389
0.0
1.9506489929021682
0.5587584299852872
0.020616426552449916
0.020616426552449916
6.346157466141951
2.364346716697977
0.9736633903753937
0.0
0.024838700583730035
0.25486429534786464
0.6802972262186063
0.3046021233742325
0.1167546306505723
0.0
0.035597984375835626
0.11547150460966076
0.26077338693999547
0.03559798437583558
0.0
0.0
0.0
0.0
0.0
0.0
0.0
0.0
0.26714853431882973
12.80940532028877
12.809405320288773
12.792862621310903
12.792862621310848
0.2661798584673576
0.0
29.98601009308029
44.04861945714245
44.20918458959559
41.78218421435309
41.85876617305541
24.000000214743714
0.0
46.874299795051996
79.05052645948113
46.23346550635046
55.862409735042654
72.43460226783303
36.67913487682222
0.38917482312754414
52.31767548430687
68.85663197073247
85.03800024422476
64.94387728214392
69.5362720408532
48.406013353697986
0.1524979792241031
53.00228916677072
61.54092320959187
61.3843359346027
62.84089423037572
62.05868577997767
57.27281107461189
0.7467806091152652
0.0
3.222787430468944
3.4479559746509953
3.428473560016871
3.910420696945197
3.4555777126951948
0.6143249078723807
0.0
0.0
0.0
0.0
0.0
0.0
0.0
0.0
0.0
0.0
0.0
0.0
0.0
0.3060467007211355
0.0
0.0
0.0
0.1629042426512055
0.0
0.0
2.191396995867647
0.0
0.0
0.2886299717342987
0.28862997173429883
2.3426798060493876
2.1418323692876977
2.3021037522671497
0.0
1.7820176848855764
2.012187059176032
0.2535203004205657
1.4312943401028595
1.4235106980594874
0.47308298327522386
0.0
1.6535664834326647
0.7824496931667875
0.06988837831760844
0.4529156672680869
0.45291566726808824
0.1632509912895078
0.11217475940663452
5.70622806590806
4.070154863183656
4.070154863183665
0.8798642360899642
0.3180843049452101
0.11022428389086664
0.07820732381011174
3.3367768765851866
2.49286148862306
0.0
0.0
0.0
0.0
3.740079480463616
3.740079480463616
3.740079480463616
3.691492149218577
3.730866993649927
3.730866993649967
0.0
28.1410119667327
42.33779736203605
34.922916713253784
35.82718467838799
35.99129901572072
36.09612157948923
0.0
47.0469442780318
69.05521565646377
68.44103569850886
39.685646290828664
38.51856106502147
47.42879111911165
0.34052797023660114
49.29199193879342
89.74354840782331
59.89826048801318
63.29415417708463
59.29172699108997
58.158015976558254
0.13343573182109025
57.22158598636286
59.47521087220928
59.88507651899302
58.39880813485522
58.3260794000547
52.35783872033859
0.6534330329758571
0.34454173885475486
0.0
0.224644374190259
0.14923087017753375
0.11098551649226628
0.0
0.5375342943883331
0.03491298571212729
0.0
0.0
0.0
0.0
0.0
0.0
0.0
0.0
0.0
0.04109138354979033
0.8623933551169644
0.8623933551169639
0.0
0.0
0.0
0.0
0.0
3.7266786839568464
4.785194456473727
2.8917242346574907
0.0
0.0
0.0
0.7586121172132538
6.796076489590954
6.796076489590952
0.0
0.0
0.0
0.0
0.030038520233941594
7.471032265359166
3.468605120039647
0.0
0.0
0.0
0.0
0.014741079843247787
1.7713577245904317
0.4887817999697821
0.0
0.09815291448080526
3.575572337796735
3.575572337796717
0.0
0.8742047294551147
0.3124256977278677
0.06307313805216241
0.06843140833384785
0.0
0.0
0.0
0.0
0.0
0.0
