1.0712446670830382
12.18792721868673
12.269921835939558
12.130984214656772
12.130984214656776
0.4827499518094686
0.0
25.898797048067006
44.065009410522855
44.160047943052
46.22665643163914
44.899849249032144
26.50181348506527
0.0
41.63849657669427
95.62826159990837
97.80950234544098
100.00000000000001
97.9135799666229
41.49053767946384
0.0
51.198261432597945
97.96619420972185
100.0
100.0
97.73988426546101
77.15733327662524
2.8861600485368237
50.099153694953145
88.78339486348878
89.22231497281777
88.38148768371929
97.17964806767245
62.40331170962131
3.6051443030198276
0.0
0.23977679244107808
0.34834233000251996
0.15085537507799915
2.313148055336345
4.626296110672689
0.7710493286187323
0.0
0.0
0.0
0.0
0.0
0.0
0.0
0.0
12.18792721868673
12.269921835939558
12.130984214656777
12.130984214656786
23.993219546298818
0.0
44.06500941052286
44.16004794305199
46.226656431639135
44.899849249032144
63.908130961965625
0.0
61.53806858906862
56.81739670791579
91.66448619694248
99.99999999999999
99.58981094413483
0.0
65.1649522890721
62.33357680431635
56.08545729710577
82.22972731287413
100.0
7.202285765581483
35.11120439383207
35.550124503161086
46.30853598526114
33.92487327698373
100.00000000000001
0.02820594646893291
3.1356979668549765
3.2442635044164136
3.0467765494918955
5.20906922975024
40.41997778354953
0.0
0.0
0.0
0.0
0.0
0.0
0.0
0.0004118705882988988
0.0002059352941494494
0.0006641743684068667
0.008784678882235785
0.0
0.0
4.57097603678228
0.0027694084119745904
0.005538816823949181
0.0
0.8031188499738339
3.9814269156007005
3.9814269156007
0.8808068256814895
0.05389848372875666
0.0
0.0
0.274719834085896
1.991720250981197
1.991720250981197
2.6550354218361316
0.013976849806288346
0.0
12.41724923900233
0.2243167138656707
1.7571477934969248
1.757147793496925
1.4967749222544955
0.23049365416864398
2.404841226141164
1.7811090596433963
1.3083256525820601
1.6356791488016125
1.6356791488016125
0.6964062049154741
0.6272008061399269
12.377144475334838
15.737121192167265
3.9871775229723623
1.1824449435079598
0.627200806139927
0.627200806139927
0.12887844572889778
3.8268765073872197
3.8268765073872206
0.554989910667335
0.22199595638537323
0.0
0.0
2.5039195489904005
5.295374671201016
3.425370243943968
1.8684376500066564
5.291365364162431
3.6062880542501463
0.0
19.46374567937674
50.304866953120374
32.18136240280243
21.98042148652165
51.355090565732084
33.406317533526675
0.0
52.665639239979974
71.06800597909911
87.32159557676161
49.035107994783885
51.34174629487673
51.28189152445523
0.0
62.614903082599035
87.23251204819569
97.95554190665361
98.84387892110618
92.51664248892916
78.19109490748829
2.8861600485368237
55.384473292748396
60.60661402066826
71.21988601074804
71.44929054458615
64.52864517837568
62.40331170962132
3.605144303019828
1.9495307258323094
0.0
0.2153708322384204
0.45256600083237425
0.1508552367843849
0.0
0.7710493286187323
1.1453453954629804
0.0
0.0
0.0
0.0
0.0
0.0
0.0004582390742574172
0.012225612298265891
0.02639222634428298
0.007083644418292144
0.0
2.5394311352661747
0.0
0.017513545236097033
0.8206323952099309
3.980421443777568
1.3268071180123469
2.5394311149869573
0.08612700205933048
0.0
0.0
0.0
0.0
0.7055047621741711
0.004162105376509157
0.0041621053765091565
0.08171850425252442
0.1785801459565176
0.09686164170399317
0.6600417916405291
0.0
0.060201747077633205
0.7848870459423534
11.115784994227699
3.155782307776178
0.45753354972280114
0.0
0.8436534314755015
0.9873938074033445
0.9252512836806974
0.6237321664977677
0.6237321664977677
0.0
0.0
0.0
0.0
0.0
0.0
0.0
0.0
0.0002059352941494494
0.0002059352941494494
0.0002059352941494494
2.0862107273465513
2.0862107273465504
0.0
0.0027694084119745904
0.14676871560688326
0.14676871560688323
0.0
2.907934890538866
2.907934890538866
0.8031188499738339
0.05389848372875666
1.928366535162027
1.9283665351620258
0.0
0.0
0.0
0.0
0.013976849806288346
0.02795369961257669
0.02795369961257669
0.4486334304536124
3.274173142660393
3.2741731426603935
0.3514295267915151
0.23049365416864398
5.580401725144737
5.580401725144738
0.0
13.297897654145439
2.68322749001575
0.0
0.6272008061399269
0.6272008061399269
0.6272008061399269
0.6272008061399269
1.067043336095395
0.6272008061399269
0.6272008061399269
0.12887844572889778
0.5549899106673354
0.5549899106673352
0.5549899106673352
0.22199587624063688
0.0
0.0
