0.0
5.489307965386949e-08
3.917085671048388e-09
4.725268744929922e-09
8.551497208444367e-09
4.658249492772795e-09
4.4308898836105905e-09
4.284547382767518e-09
4.642173170160279e-09
1.9871674439803423e-09
5.588451857901219
5.565465347991985e-09
4.7237535315281436e-09
3.840917298926821e-09
2.337297460692984
0.0
2.0184597200627645
8.653700132317915
1.3267769627863901
0.4258961507792431
6.0014910496510545
19.528174082072237
2.4214660490697586
1.060378711190452
158.44896651992173
0.2846520282929641
167.65012841522065
16.30680668879352
0.5094528622014005
3.0850037381813014
0.0
2.8677595609967916
0.8608194977214947
10.38949213592953
6.425765730538835
14.7921002915571
5.964407501023207
48.53445519314863
11.410339614420042
39.40531739551671
212.1564394358278
3.3498002423846382
9.256191918276237e-09
0.49841707033337745
3.978925675741499e-09
0.0
4.992666516172422
1.298412047841061e-07
0.8617975321647955
6.540390610051399
0.8615588538410246
1.102605621836937e-09
72.83251933956475
0.2771320294688918
7.599393345653664
1.4020705383940446e-08
9.866124898907131e-09
0.00028046432599723975
7.775802014412371e-09
0.5933638638527817
0.0
0.0001382128956509355
1.3762627363305324e-07
0.05483173249539169
2.566347178765238e-07
0.2286548188814302
0.056474135345812276
8.537724874680649e-08
2.577191269636997
0.18733150314083447
6.442575066358118e-09
4.9924827623639425
1.2381823267782415
0.09141368866220345
0.00027968526918924777
0.0
1.4219779054368575e-07
0.04122267914193294
3.7423127606081496e-07
9.121341622627645e-10
8.862999120294534
2.3426977644939783e-07
0.03510393740611978
2.508189311506124e-08
4.823594512179679e-09
2.7017289311555122e-08
6.032682539404462e-09
1.6900597083844914e-08
1.9967215584649118e-08
0.00031489490354703577
0.0
0.0003966498701234159
5.64817224378898e-09
1.0035796728820897e-09
0.15697520357716088
3.5870889545130515e-09
35.30079592170289
3.3283936111164725e-08
5.3989659397342055e-09
2.7828001539688584e-07
7.254687781869234e-09
1.7550692794253283e-07
3.283732016720788e-08
3.3405747224872673e-07
0.0004485600456666363
0.0
1.0684709459101166e-08
1.4888689342354725e-09
0.34554016256857556
4.369588397387104e-09
1.489193220236782
4.0319748913771115e-08
0.2089550732035389
0.3318012967813789
1.3312519902736906
0.20579849110043702
0.007287316119844941
1.4468013136744145e-05
0.007287140292961152
1.0283252072235302e-08
0.0
9.494380072428664e-10
29.707672206457296
5.710083092622977e-07
0.6519536353130948
0.3150614399706209
0.09337093262606348
2.1363144003883066
8.434655907762837e-09
1.0215832354014078e-08
3.1422103435092064
1.8340871230356916e-07
9.672883796803438e-08
0.07653930853174282
2.5531553713079845e-07
0.0
14.496121785108816
8.888244061392593e-08
0.05153382373742893
2.473304631106384e-08
0.0013556593486831478
1.522025122786451e-08
0.010183874439109388
1.0779694823503802e-07
1.2028174513486953e-08
4.6596731800382125e-08
1.387827148095684e-08
5.2922005080925105e-08
0.0003781509313403342
1.584551768764711e-09
0.0
0.0006785706917247234
0.10394952070527036
2.602133521828721e-08
9.466946837804038e-09
1.2287260967276002e-07
0.12207460315912916
2.657281547121457e-07
1.036680360202672e-07
0.15206394618032693
0.09521076043968578
0.00980702053410997
0.00011811089399518191
9.256664940465409e-10
79.74824700146561
0.0
0.8190403098322967
3.9133935280253127e-08
0.4215772585238362
0.2488509249206587
0.10951786481197373
0.0003253711163655825
0.05242566991276142
0.5578894253350895
4.837914997739088
0.0001651424150352055
5.981519625881505
4.600756133123349e-09
1.637086783748418e-07
0.00016531887093687453
0.0
0.0001421693911939276
0.09065130755080195
0.15042538320874466
0.06578340709679177
0.00048819144853265385
0.04633309397511641
0.09630703512046852
0.21150218159560558
7.65949422261545e-07
0.10269584100566653
6.530620753803892e-09
0.5709787176692195
7.928861087372e-07
1.6103800276214053e-06
0.0
