0.0
6.303421571537875e-08
1.2796368938696034e-09
2.4859061214997142
2.420059279499988e-09
2.1491624783575584e-09
2.0322474243523336e-09
1.8829402220206925e-09
2.048605757033586e-09
6.246468916023711e-10
3.8029483912004185
2.365086740654479e-09
2.1506264664746917e-09
1.9171072944106506e-09
10.610732268655024
0.0
3.4758683557526986
8.2071450710221
2.2774521736066253
7.866869172801304e-06
3.5569518956729085
20.401771012888602
0.8952176924113602
2.1522327857641627e-09
161.98832762851669
0.2811646824106763
165.50026563584223
13.532007205789931
0.0326471393304134
2.742326642524177
0.0
2.324779834064919
1.7392784188314663
14.002674300423166
7.424852671261114
16.038009531455092
8.854954297797647
46.91733182793554
11.435323697171716
43.562269744941844
204.7622844440699
5.003075648532233
0.2521225691380009
0.5144014006150608
1.191005417250265e-09
0.0
5.313479988543584
7.868750248012658e-06
0.858794186522533
6.521536467175692
0.8587168031055107
5.018123781636657e-10
57.36654982615893
0.27747873458114736
7.5558887317897945
1.0736558557078258e-08
3.0693539146588866e-09
0.0006526072929663821
2.749156798348143e-09
0.07529355817201952
0.0
8.580567288397602e-05
3.903884726546133e-07
0.054989958440628685
5.7592712761616496e-08
1.3435713523821862e-09
0.056866162149169105
3.532565248409268e-08
0.8669487247416103
0.25947607399860023
2.32500440451946e-09
8.817961349865975
9.470278358111341e-09
0.10626959075943239
0.0003459457411756746
0.0
5.407288963860215e-08
0.047875800149771705
8.294593499739569e-08
4.2342226707143435e-10
9.943190901572043
8.233013463036555e-08
0.040225244388468986
1.0376383188592552e-08
2.3892533918696803e-09
1.0262984401840602e-08
4.474283041871216e-09
8.616059397328119e-09
7.716006772720467e-09
0.00022210186668080657
0.0
0.0002795677638416822
0.03719388748824011
4.819728935500462e-10
1.5387704328272522e-09
1.48280035011867e-09
35.43059870817763
1.620555054990342e-08
3.258196394389588e-09
0.00017038701274720957
0.00016793712340972051
8.413997687417427e-08
1.6131096285879534e-08
6.164429124760896e-06
0.0003164249859722243
0.0
0.10305245676826102
4.687287436281037e-09
1.946333510787712e-09
1.7988101776629802e-09
1.5510931765247948
1.919910002171129e-08
2.7605271611523e-09
0.2098688606865908
2.6824606922221097
0.00882328311704916
0.0060898334497192265
4.044786615455148e-06
0.006089768802323484
2.936226440924684e-09
0.0
4.5279387507107647e-10
18.39073776608187
5.844414500168272e-06
1.6941099264463104
0.6605138645950155
3.523973939128584e-09
1.0458004263505216
7.819317001483159e-09
1.866681672475588e-09
1.7227180321681528
7.992171750828013e-06
3.7650866545110165e-08
0.07642877452792785
5.756584590616505e-08
0.0
25.531792733756646
3.5978636868032135e-08
0.05300480785817629
1.1511693840217329e-08
0.0008299293631113679
5.4857987278855594e-09
0.03778005048212058
0.0005040387593992985
5.552337606721853e-09
1.0914869947625068e-08
6.735095470570823e-09
1.5373451287024787e-07
0.00024887898415919924
1.6477891292158312e-08
0.0
0.0004043990939569913
0.09130119578567027
1.1212136419933973e-08
1.6048747472700466e-09
0.06131599117994975
0.4014612150009015
9.567380426269995e-08
0.10067560839167806
0.30768064066532885
0.09563399728358243
0.011009277208168806
3.484448140086074e-05
4.437195969332983e-09
71.48792769216527
0.0
0.7411929506512419
1.7430793648446353e-08
1.230798280326588e-09
1.0869067906243398e-07
5.897711114196532e-09
0.00023927413162820482
7.685763835877183e-09
9.906891633567131e-06
3.806957919812688
0.00011789802950092655
3.548771313933006
8.952965623253542e-10
0.0006500103397839861
0.0001180369656271714
0.0
0.00010693297627700889
1.3322452245955578e-09
2.8995935133126634e-06
1.8385497370206986e-09
0.0004860500166779096
2.9983394515656648e-09
2.1951323561390446e-07
0.30503199067745024
1.9825639353365479e-07
0.2217952409668138
1.1538940806115967e-09
0.000557622305205008
3.415771001190601e-07
5.396075870780374e-05
0.0
