0.0
11.466465728401031
11.466465728401026
11.466507340269304
11.466507340269299
23.999694142202095
0.0
46.251090174259595
46.25109017425971
45.826646733579224
45.92797540806001
63.63399787787574
0.0
100.0
100.0000000000001
100.00000000000009
99.84922100016581
100.00000000000006
0.0
76.74772146570888
76.1558882694205
85.6313903663971
100.00000000000004
100.0
0.0
59.96024442004451
59.9720989071962
60.356891656161295
70.00262537500743
99.99999999999999
0.0
3.465800090683225
3.465800090683225
3.465800090683225
3.465800090683225
30.438916151182134
0.0
0.0
0.0
0.0
0.0
0.0
0.0
0.0
0.0
0.0
0.0
0.0
0.0
0.0
0.0
0.8014841396154225
0.0
0.0
0.9131677078023894
0.0
0.0
0.0
0.0
0.0
0.9131677084178402
0.6723309737051985
0.0
0.6650647347845555
8.09999565899922
2.5951442308252926
0.8650480684090162
0.0
0.09729430717551592
0.09729430717551592
0.09729430717551592
0.09729430717551592
0.09729430717551592
0.0
0.0
0.0
0.0
0.0
0.0
0.0
0.0
0.0
0.0
0.0
0.0
0.0
0.26665700921970353
12.799781393350091
12.799781393350083
12.79983687584112
12.799836875841116
0.2666500739083243
0.0
24.061545417245306
41.97355049105488
41.973550491055065
41.58438020838751
41.67304279855819
23.96702032874226
0.1013286744806831
44.629563670139454
65.23011112894322
65.23011112894316
68.88944951193588
77.56447432907454
33.53860253647249
0.28074192864189706
58.02300532745782
87.35726933510415
87.0359348205376
70.9262889981358
71.95651814648049
40.757996210274754
0.0
52.338328822733
65.11072394992267
65.12427193523897
70.64170259704801
58.20307820639873
59.667331298193
1.5467535282667861
0.0
3.465800090683225
3.465800090683225
3.900531210690609
3.900531210690609
0.0
0.0
0.0
0.0
0.0
0.0
0.0
0.0
0.0
0.0
0.0
0.0
0.0
0.0
0.0
0.0
0.0
0.0
0.0
0.9159818738461971
0.0
0.0
0.9131677125014148
0.0
0.0
0.0
0.0
0.0
0.0
1.0617692851645752
0.0
1.4804750604468333
14.425203985797804
0.5819316429364861
1.2469963777210427
1.2469963777210427
1.2469963777210427
0.0
0.0
0.0
0.0
0.0
0.0
0.0
0.0
0.40716198625708716
4.47810361976337
4.070941633506273
0.8806916578545521
0.32189325916267125
0.08498829862085823
0.8058554229910836
1.5109789181082842
1.5109789181082842
0.0
0.0
0.0
0.0
3.7331981290758502
3.7331981290758502
3.7331981290758502
3.733101034716539
3.733101034716539
3.733101034716539
0.0
36.09231812586805
36.09231812586801
36.09231812586801
35.66554359613649
35.66554359613649
35.66554359613649
0.0886625901705977
53.388335015189895
62.23169912788173
52.422420629358214
43.21567157534136
39.05795771294596
49.81525365911725
0.24564918756165993
61.424219843797566
77.25110534758524
66.60162179296344
63.51606522099834
60.188293623125304
61.13699421967529
0.0
58.35626017003599
58.101810608535544
62.642098982494716
60.16046011229539
57.36756944125996
52.20891488591887
1.353409337233438
0.2590263841266373
0.11042480758177232
0.4347311200073837
0.0
0.0
0.0
0.0
0.0
0.0
0.0
0.0
0.0
0.0
0.0
0.0
0.0
0.0
0.0
0.0
0.0
0.0
0.0
0.0
0.0
0.0
4.311811208541687
4.311811208541686
0.7109362212277185
0.0
0.0
0.0
0.0
2.5818330462507006
2.581833046250703
0.0
0.0
0.0
0.0
0.0
4.565746039968716
2.0804220716281097
0.0
0.0
0.0
0.0
0.0
2.6864936504233055
0.46263947633290936
0.0
0.0
3.6408476273378825
3.640847627337865
0.0
0.875379939202809
0.31658154095924007
0.07436476129325095
0.7051234951171986
0.0
0.0
0.0
0.0
0.0
0.0
