0.0
1.0047412311360488e-07
1.9520598959799566e-08
1.5422758036107855
3.089620607179156e-08
3.046875928706425e-08
2.5917144112379378e-08
2.7389982208076803e-08
3.0902834963335166e-08
2.145870966271123
1.960858131910027e-08
3.089755481222646e-08
3.663386307533162e-08
3.140406400830967e-08
5.529928278282163
0.0
4.606276764289466
16.033014316905575
3.107764253556197
3.5389641797250673
17.498042510279944
31.799647437715898
8.071005298130997
6.041874339145935e-09
223.64641836721432
20.451749803589045
58.40496379939705
1.8794396379986076
7.501282673154631e-08
3.979098143700807
0.0
3.3112654150321457
0.1917237283654009
8.912122025572126
0.7349020090082627
7.833298136289407
6.047825468694752
68.23034411541656
44.92945007551911
12.21282460907499
187.18443683273603
3.2776686736065868
3.561471926153223e-08
0.7472330754543608
1.9387665151356576e-08
0.0
3.588021320754744
1.3818067588107437e-06
1.1745429400871377e-05
6.433411478739439
0.6358903796825326
4.662378303301538e-09
31.64508666662391
0.18838215496302602
59.31692201761553
1.9305147080239774e-07
6.141664478747359e-08
0.0008589191060546788
6.929973376355976e-08
0.09442273739371337
0.0
2.005355107816203e-06
2.21922208973242e-05
0.09402272053818223
0.05278839758990217
3.5237507834663546
0.09523176227137031
0.0485724368052889
0.08839478308626729
2.149944000501746e-07
5.587010718829118e-08
2.3294671779891196
1.1530713869544928
0.05796561568495316
0.00026055400697189135
0.0
3.3472829865364755e-05
0.02516645591690752
2.3949774958132734e-05
3.3736284809933814e-09
0.02529191335093134
0.005960076409444277
3.976227963912069
1.6708937530128555e-07
1.108773376042734e-08
1.4292417947094076
0.1955406524839935
2.0195729089223672e-08
2.207874616066781e-08
1.6065644321827893e-07
0.0
1.1332314098951907e-08
1.4006979148025667e-08
3.083831055928541e-09
2.494824509779615e-08
2.625082427414227e-08
43.54466196439007
3.322004083735584e-07
1.795534869629672e-08
4.2647913657313953e-07
8.743770433458399e-08
1.2833115167872057e-07
3.970466487096139e-08
0.00016622855275740979
3.400413068587525e-06
0.0
2.086996425538657e-08
3.5265758510375785e-09
2.8861068436940137e-08
3.0876715559386796e-08
8.961599146540962
3.58633711537135e-07
4.9466182412129154e-08
1.1568061187393457
0.08708298919946472
2.586844172717401e-08
1.5471502201511738e-05
2.036728593257189e-06
1.6917206694391465
0.15019495629680243
0.0
3.272174563226354e-09
3.2284790386302596e-07
3.266295024532892e-07
3.240233356531963e-07
1.212456491116868e-07
4.5755565924144795e-08
0.1133149598918733
6.982289125859281e-08
1.9648423333477957e-08
0.0475254233061438
1.9920937072356286e-06
2.1987821699866753e-05
0.09949450285346853
0.04554666871987629
0.0
17.723164272225723
0.043629707883679904
0.08938000516064701
2.1845154436543078e-07
2.268613149946428e-08
0.0017073316152224247
5.122588848458685e-08
1.4492933198314525e-08
7.447037010652731e-06
1.57461901048828e-07
8.724594071192153e-06
9.54214057793915e-08
0.00023688504093762655
3.129902878034607e-09
0.0
0.001351610632850564
0.5557522886887916
2.7916043520241875e-07
2.9772553899719218e-08
0.0018824531677023046
5.067746025405129e-08
1.8638853236421062e-08
1.0063734185514472e-05
8.592274872852985e-07
0.5789251474702924
0.004294159504599476
1.3851516443911897e-05
2.8483041069609956e-09
21.303342343431794
0.0
7.548832689969635
3.309603783731647e-07
1.196242317970012e-08
0.1541801434886913
4.104476036315343e-08
3.2154161406668055e-08
2.1833757986381908e-08
1.1768953780764648e-07
2.9789900374885745
0.00042012831681063586
0.0003332943962434412
2.4929491564216263e-09
8.421363172514088
0.0004203935515264492
0.0
0.0004125268722463783
1.1832530324334312e-08
0.008779120133603338
3.934976936196208e-08
1.0928543833741091e-08
1.9440255361928446e-08
1.0164836142230895e-07
0.2550156883210952
5.9808362212243374e-05
4.911200984201174e-05
2.4934380205655135e-09
2.9835262448359627e-07
6.007926671604792e-05
0.000704579025603964
0.0
