0.0
0.0008153968471853608
2.6595960707458007e-08
3.857259622836809e-08
6.403355250073605e-08
4.3416129125459226e-08
4.130158554846879e-08
4.019032431169514e-08
4.4311474000827417e-08
1.1948775160706007e-08
4.765974785565274
4.894739672475751e-08
4.389916389000758e-08
3.9315281434535894e-08
2.1317476201200796
0.0
2.1317475043880476
8.704288670812286
0.9866044816069439
0.9055264135598564
6.9206333383078675
33.5737140815784
3.612727367513894
4.959953336023594
149.20010773628337
8.599461756616941
153.10967994636053
17.16531321438132
1.6616023015564563
3.042897667744746
0.0
2.6570024411090927
1.694059118186798
11.657657289596951
5.222508844018657
5.476477123259089
4.326170178217424
46.880430874708864
11.390957295135218
39.892456867005336
221.56877747676486
5.07087586990317
8.480569493342213e-08
0.6577718616107754
3.5647946658896665e-08
0.0
2.5419566811525955
1.7465910139608122e-06
0.8439976054069153
7.913077675980384
0.8860003488227229
9.412838648370287e-09
74.09177264884592
0.3228259663782054
7.553130090186968
0.03546016169045926
8.330147172304081e-08
0.0013970111073213702
5.8162436971839866e-08
0.43290660925279956
0.0
0.0002754675163966578
1.355503102208745e-06
0.1882079930707552
8.721921148779022e-06
1.2988028224628607e-07
0.056323379649630016
0.014908677345416071
0.05561497776179067
0.014765391204501953
5.009173260797585e-08
5.764893764774797
3.1235816750931473
0.07337127896380244
0.0006068859581383637
0.0
1.303583677782728e-06
0.03297238541650878
1.2966991643358215e-05
7.553214745193228e-09
9.746304367410955
2.7018867585886938e-06
0.029082993967787095
2.114704618749015e-07
8.670692902238445e-08
0.36766463999361987
4.1759685028261116e-08
1.3853166446339797e-07
1.6674545453417853e-07
0.0006135523761895671
0.0
0.0007709928539026201
0.05554299137294802
8.187707247569089e-09
3.321175730364433e-08
3.0678284980253525e-08
35.23978161674101
3.21204984217465e-07
1.0208563090608667e-07
0.0038143634361182278
8.339499675687979e-08
1.1843573520425693e-06
3.6124006965822746e-07
2.2790034994501024e-05
0.0005888097874538125
0.0
0.14823370024025712
1.271722901675491e-07
4.438370015125732e-08
3.726732209239838e-08
1.6386518695406997
3.81358845179266e-07
0.24235038387521762
0.9822639966705082
0.4087147501661539
0.006425143389898032
0.14968333575586262
0.0001383864233806278
0.12978760413958287
2.3603389942063673e-07
0.0
7.83036582255466e-09
15.735754578669727
4.407533976998572e-07
1.3349926564384913
0.465331322182506
3.0140165351562347e-07
1.8815331637285357
6.199112369458868e-08
9.535967082096974e-08
2.9751535641854376
2.272144436452631e-06
1.006044300838848e-06
0.20974540522653976
8.649263211204244e-06
0.0
22.608218528951966
0.014972280199480496
0.06572005945590878
0.01482476482082841
0.005480588766703908
4.379149839850803e-08
2.1285602328789275e-07
3.0964357243847444e-07
5.7334887668592636e-08
0.00014035291971746037
5.937358269490188e-05
1.998251536927268e-07
0.0007571452386841427
5.3532319497867e-07
0.0
0.001718336956288576
0.10233435638088019
2.9306645895023447e-07
1.5446608366922744e-05
0.10564158840295523
0.0008954049020496216
2.0751323173807465e-06
0.024641176423350307
0.3341596773366501
0.10393955332804355
0.006226364564011204
0.00022363393626271264
1.1735351698549422e-07
56.429209401778586
0.0
0.8083504579529416
3.765257564411338e-07
7.067486286022344e-08
8.232516953800414e-07
0.37415001084654836
0.0005957969480772093
2.866200532552787e-07
0.00014020302511529866
4.2665028458690175
0.00030805128145999826
4.516091442753591
1.2370675986733824e-08
2.4623301849304384e-07
0.00030821362611250434
0.0
0.00028022030747238563
6.662356629015919e-08
1.1823462305547514e-05
3.4824201656623087e-08
0.0003180612395253124
1.493454956024209e-07
1.520921485244194e-05
0.37502734581748487
1.9956910786047665e-05
0.2822431929341832
1.4434148059925986e-08
2.479940051293929e-07
2.0118392513996867e-05
0.00011724692553479648
0.0
