0.0
7.774182337857836e-08
1.4414154694862792e-08
3.397443838929749
2.393062203474981e-08
2.3105208556602053e-08
2.150960450862893e-08
2.1088067927844928e-08
2.3373639428200386e-08
0.18648364844156942
1.5967905633910472e-08
2.4241607817387396e-08
2.4178850151108202e-08
2.219307532183267e-08
8.748679203864375
0.0
4.457017989566779
11.543560460654607
5.334770683468392
2.1700515801933133
17.383664164589252
28.739181967134254
3.1066309761869095
1.0385459976738943e-08
181.50573511304214
6.333176957375889
122.64477722317781
1.996027157102466
2.0098168933765868e-08
3.027860044761591
0.0
2.1675215112233963
0.03289241395480616
15.262989297170616
3.9986158047906337
8.233710681391461
9.978633987531909
47.82875414080157
11.501897205701722
28.03646793899157
220.72197129447858
10.276057312012082
1.4801139502182593e-08
0.9163234107795527
1.3549844142346073e-08
0.0
3.583972725529306
2.4475517574102465e-07
0.8125801919830848
6.482729946044443
2.7544892744649188
4.531057043729809e-09
57.11617497363944
2.4405407052303763
7.500011421765855
1.5887261391879437e-07
2.7110655984708977e-08
0.0006263822778933657
1.9913855594615024e-08
0.2650959719098922
0.0
0.00020070182405324688
7.091954611076294e-07
0.05455434863351087
7.019287870034372e-07
4.63665328773107e-09
0.05639088951775261
3.8182153295149774e-07
0.042685152602956127
1.9688373103538894e-07
2.24538014330134e-08
5.218979113386638
1.7344508971895906e-07
0.09835234766355692
0.00042131263052921827
0.0
5.798022275262157e-07
0.04425361188171638
1.0255576214153116e-06
3.555892421250047e-09
7.22879656119378
9.805094821201589e-07
0.03789199026673361
1.123985945937988e-07
1.4729832966416603e-08
0.9288896489740548
8.763630466963645e-08
7.399881428319714e-08
5.741525510463656e-08
2.1213713390146116e-07
0.0
1.1980538623847053e-08
0.030718536734483742
3.3835499382114077e-09
0.03204789630386132
1.9123485008094436e-08
37.749249278368964
2.5572003301945526e-07
1.9358743460805864e-08
1.6963773493414626e-06
1.2809596496517903e-08
1.0739822186783852e-06
1.348607001700616e-07
9.062005955222117e-05
1.591325034020273e-06
0.0
0.09496035516909443
3.892111426770298e-09
0.09924926124870477
2.2529481664552974e-08
9.396671549375368
2.8736439684027824e-07
2.1186826952515847e-08
0.5654757107829894
2.1762470799880593
0.00820644967881047
0.19854233860213477
0.00039942535796185256
0.006995147188052533
2.0263661107039027e-08
0.0
3.4964621638693634e-09
11.150874040199223
9.722977963391934e-05
4.7775463890604323e-08
1.3353763133217937e-07
3.0465246752963405e-07
2.273618065626839
1.605555070673504e-08
3.3368523438988195e-07
8.65990629052937e-07
9.7143143739379e-07
3.96137370243711e-07
0.07603648577069706
7.034514704352457e-07
0.0
43.992865422222096
3.8398079326537314e-07
0.052977859951512406
1.8247995083297935e-07
0.0037165751973454704
3.747867382549485e-07
1.3223338845983161e-08
0.00046358539361510576
0.0102931611125881
1.4122382756770506e-06
5.624389550348879e-08
4.842798573069261e-06
0.0005139842042718409
3.1448977800228895e-09
0.0
0.0009758091638218523
0.0877789330818568
2.565482731027955e-07
1.9960059774500203e-08
0.004744673001312288
1.3233926349701598e-08
1.2298851973196724e-06
0.004731104197255188
1.7444918182033853e-06
0.12676073970916857
0.012297223062073828
0.00016162942783578085
2.6512893647287574e-09
86.82613677343207
0.0
2.849808124749331
2.7605553584064976e-07
0.22099288011403362
0.00043174059391586897
1.539269623875646e-08
7.979178362304991e-09
8.091847306483592e-08
5.616582481631182e-05
4.530607743530871
0.0002204525685503111
0.9810028983521101
3.2089963582728017e-09
3.4967294300955687
0.00022243366034997318
0.0
0.0007340307766964768
0.12905169363421035
0.00013782466484967123
1.0281674390540202e-08
0.0004160846248939139
1.9619186675027177e-07
8.705651626676828e-06
0.30736193769995557
4.5088492256961815e-06
0.1842127926199217
3.5668001468077725e-09
0.20789454981936073
1.028308971732088e-05
0.0008992450937717351
0.0
