1.0712472901012287
12.187945416985437
12.270239340989125
12.131150884652222
12.131150884652214
0.44851360317749167
0.0
25.898668443102764
44.06387688727191
44.14612446776117
46.06865322474666
44.83682662532389
26.470049044069885
0.0
41.036065531839064
97.51718946723138
95.89697280760146
99.99999999999996
99.99999999999994
45.43762759817018
0.2029612401786991
49.155345172685244
99.99999999999997
100.00000000000003
99.99999999999999
100.0
68.1040007407038
4.6281021123119395
54.81218426420401
91.47737873148667
91.41851627005828
89.61811333480378
90.64893775642794
63.77340251219806
3.175813664209622
0.0
1.8093477851401867
1.8093477851401867
1.4961308673794007
3.611857070366649
4.626294768261598
0.7710489646372782
0.0
0.0
0.0
0.0
0.0
0.0
0.0
0.0
12.187945416985436
12.270239340989125
12.131150884652223
12.13115088465221
23.99202996220111
0.0
44.06387688727194
44.14612446776117
46.06865322474666
44.83682662532389
63.906338037479685
0.0
57.183992776503615
55.56377611687368
77.02804715870317
75.92251987320527
96.48549393027005
1.0366066768561213
57.03355955695024
53.81352027297702
60.45041691116377
88.59009422681584
95.33933758364967
0.0
36.66519446728274
36.60633200585425
27.253328009068692
26.875535244229937
47.93355831452076
0.20300549914121815
1.8093477851401865
1.8093477851401867
1.4961308673794007
3.611857070366649
98.02387798801576
0.0
0.0
0.0
0.0
0.0
0.0
0.0
0.00040731508108943497
0.00020365754054471749
0.0006610539319928671
0.00886771261428819
0.0
0.0
5.832779964054423
0.0029748937987262797
0.00594978759745256
0.15670891374135362
1.0835371782299859
5.108298480742441
5.108298480742442
1.9437255547687504
0.053856718727410074
0.0
0.0
0.0
4.158168983109955
4.158168983109955
1.6832278169119728
0.0
1.065519360229074
5.8461994993034825
0.0
0.0
0.0
0.0
0.252669585847021
4.770035071328682
4.476284555681248
0.7783780977846431
1.0813602008280716
1.0813602008280716
0.3127244087623311
0.7877805790605616
12.717947595200734
15.929159625870227
3.9989926097300534
1.1989594257685519
0.7877805790605614
0.7877805790605614
0.12887850312635563
3.8268765728520187
3.826876572852021
0.5549896439835043
0.22199582168482918
0.0
0.0
2.5039174980740593
5.295415694016087
3.4260011018953245
1.868333580939254
5.293418453849398
3.6392578048374413
0.0
19.46375722882312
50.3004742438201
32.13880682988344
21.695479434848203
51.26319388123785
33.436289223471256
0.0
52.42090166125718
69.35937034451908
69.02880810996477
48.43331733251923
44.02731702029714
43.557841265458755
0.20296124017869915
61.87384591553799
85.59459860352332
92.67659358883894
78.12523221434616
74.60995671002986
68.1040007407038
4.62810211231194
57.700112278839114
61.28294925425157
58.87141101366163
100.0
69.33641836527745
58.83204753934889
3.1758136642096217
0.8732003027589804
0.0
0.2616105185800373
8.276408502217931
2.1622591781753346
0.0
0.7710489646372782
0.0
0.0
0.0
0.0
0.0
0.0
0.0
0.0004573963914481496
0.011087870905268141
0.02515367170706889
0.0070342053708180976
0.0
3.240433323115829
0.026859984215829413
0.15670891374135365
1.0835371782299856
3.695479181794509
1.2318262627607597
3.2404332932361575
0.08780717087565558
0.0
0.0
0.0
0.0
3.220039271028414
0.0
10.236494959761124
0.0
0.0
0.0
0.3364271550680414
0.0
0.0
0.027778933093795234
1.174021361818327
0.3046494420402836
0.10111300612288907
0.0
0.4948074218888838
0.5820110411767505
0.9363151691627718
0.5875010312948672
0.5875010312948672
0.0
0.0
0.0
0.0
0.0
0.0
0.0
0.0
0.00020365754054471749
0.00020365754054471749
0.00020365754054471749
2.088353364272338
2.0883533642723373
0.0
0.0029748937987262797
0.1457493010571435
0.14574930105714354
0.0
3.9863278774997317
3.9863278774997317
1.0835371782299859
0.053856718727410074
1.9268686654697915
1.9268686654697902
0.598916354627704
0.26520776483319686
0.2652077648331969
0.2652077648331969
0.0
0.0
0.0
0.0
0.8732003027589804
0.8732003027589804
0.0
0.252669585847021
3.9504254295310313
3.9504254295310295
1.0721286134320769
1.5046310806751528
0.2038408832235373
0.0
0.7877805790605616
0.7877805790605615
0.7877805790605615
0.7877805790605615
1.189894391543462
0.7877805790605615
0.7877805790605615
0.12887850312635563
0.5549896439835045
0.5549896439835043
0.5549896439835043
0.22199553184496887
0.0
0.0
