0.0
0.00022859006698172155
0.0009122329897826467
0.07953251490551086
9.685543416440502e-09
6.689439872061709e-06
3.573039529621199e-06
4.320905663717645e-06
3.7919949310812095e-06
0.4300310680015895
1.3322446646259628e-08
3.23064497572546e-06
5.883869047350116e-10
2.046060273606124e-06
1.2476292251476764
0.0
1.2476161121274414
2.373491254992757
0.6238904040607363
0.024066929022725548
0.3483906844562729
1.4214505669746509
0.34829442950567496
2.241804871287537
337.0894985911984
8.266546100066318
38.89009579596932
0.8896732726643602
8.543480042880101e-05
0.591433423757024
0.0
0.518603801736279
0.02393442694594089
9.072781684817006
8.488439431724697
4.551090839505569
8.488537422832561
18.024645039185835
54.98388098227253
10.702129026525917
274.2141695227942
1.66179596978801
0.7488996614583707
1.4959502056900553
0.00011886931003513137
0.0
3.9430590621376984
3.466940487754191e-05
1.9741933429354514e-05
0.00030914818294896053
2.0861034612529835e-05
8.149203805066409e-05
17.593832564920188
1.1411311341387424e-09
5.308965930535379e-10
6.499681621937489e-10
9.81008387620043e-05
0.001287503832105976
0.00011795603657079273
0.8273839287164383
0.0
0.00016574535690550387
3.800398193371188e-05
3.66684021516253e-09
4.024973383299677e-05
0.007788425167153635
4.612728220639241e-09
2.586665863775892e-08
4.112727465533527e-09
5.947686152891194e-10
4.892968037838829e-05
0.00016960276688541054
0.0010395966155184147
2.8651761119165133
0.0003917942314413815
0.0
0.00028124574881783837
0.00022960817491754018
0.00025883631399484285
0.00010987870814465658
1.2656298889741762
9.20237796622638e-05
5.335453477031306e-10
4.547695861714271e-05
5.473992903648729e-09
0.0030637106478279947
8.742146468737205e-09
0.10755357236739102
6.0632432029699496e-05
0.00047677382994939057
0.0
0.00034013097184125326
5.8220214832214066e-05
4.526938353873003e-05
8.578909005000122e-10
4.8102703346980356e-05
6.420228132352304e-10
5.3772568894229826e-05
7.197637875333542e-09
0.0016414069086950075
5.167927966101779e-09
0.0005408506486662638
3.428701085995815e-05
0.00025862094438058425
0.0004707637051361305
0.0
0.03222237789937835
2.680128232595343e-05
2.8305853464762007e-10
7.424670478417534e-05
11.207234235623812
6.358910497446753e-05
0.0005638949998584372
0.0003042439496236313
0.3805981948028531
1.3419172593986923
5.993350753060329e-05
0.00018249981793328572
3.8176839527348134e-05
6.997842177561554e-10
0.0
4.543161721340538e-05
2.459454598900941e-08
0.000118369827363857
18.66364213737761
0.84733000758812
0.0011297393747988931
2.751189468558811e-05
0.00011835716327949418
0.00023231952755069056
4.051959690453104e-05
0.00016621972054091247
3.790395869370769e-05
0.0005104810939654829
4.015914429725941e-05
0.0
1.8856556220187577e-09
0.11633679636238331
6.28312060462682e-10
6.314819429413602e-10
0.0015524739380812017
2.281669123248422e-06
0.0008398479484452042
3.9536680880151335e-05
3.2261855474338637e-06
6.015658029325111e-05
3.042141808003679e-06
3.40027523619126e-05
0.00034682852208680085
2.4627606485785713e-06
0.0
0.0005139590994404418
0.6868823872092866
3.2632320260439596e-05
0.03890216845493565
0.0005609166742993815
0.0006200936010996247
0.0003291273699160762
3.574648183577816e-05
0.00019962866538611218
1.8530639167879787e-05
5.5821673583995906e-05
0.00030669614331575333
2.743538697363607e-05
3.357053095251092e-10
0.0
11.13146841940979
6.384332137603232e-05
0.0016797552311035322
0.0008553661581187204
2.463106962729937e-09
2.5063298183441216e-10
1.603220255721671e-05
2.4795707732985083e-05
5.3067048178297e-05
0.00029886848408906504
1.5111123864461873
1.2934587480351616e-05
2.922019008593061e-10
0.00028936001025718877
0.0
0.0001532249888986307
0.0017131624939955362
0.0016638531231884725
4.1033887725193357e-10
2.903221617806202e-10
2.8553253728754947e-06
4.5876243859597245e-06
1.1224799564430683e-05
0.0002506182665449988
1.3451262181658522e-05
2.2736144964731985e-06
3.2190246489796966e-10
0.00014171382678646112
0.0006919818587346207
0.0
