0.0
0.0003755748265744178
0.0014984219036092003
0.0015933733978479637
1.5168082717017046e-08
1.093516796438832e-05
5.838793009514749e-06
7.066507023095059e-06
6.197633836032414e-06
4.9899323914701555e-06
3.1380830476089597e-09
5.285242120678769e-06
7.021135843557036e-10
3.3584132110355217e-06
1.8261801077207178
0.0
1.8261554697198887
3.461788964695347
0.9132149945922305
0.6534876635092697
1.0457832719382385
1.858686109494851
1.045490444744535
2.4747746115441007
333.53448563872206
3.374773194611835e-05
47.018880820566714
1.0842563903593765
0.00014034269200266167
0.6894062737537697
0.0
0.6894060809836302
0.43625874371625417
8.795733712668232
9.226992840453718
3.729580195488799
5.911614108073735
20.459201672918603
54.381818189437425
19.823784339825217
264.10686428657874
1.8163797168821407
0.8656995558695797
1.7285808588910738
0.000267053581534338
0.0
5.501183766830602
5.6928201192817826e-05
3.238866309103802e-05
0.028817769001772908
4.320842997565427
0.00013379875379952553
10.685972693506052
1.4743350531260385e-09
2.7051504955964982
1.91575601680859e-09
0.0001605974438174714
0.0026089886033426983
0.00018356546650037656
0.1887399962498411
0.0
0.00027126377884502894
6.232447569642799e-05
5.734095283788205e-10
6.601893550709206e-05
5.349377601033496e-05
4.299801309532901e-09
4.764845276139466e-10
3.3754217797770363e-08
9.999948065340558e-09
8.015329532679622e-05
0.00027801549719365045
0.001708694160961946
3.9361156845173517
0.00065716227677859
0.0
0.00046111075375143684
0.0003777736584876947
0.0004237487048822004
0.00018033292063289772
5.180938513772581
0.00015090044408774524
1.9690691179277007e-09
7.46636041986426e-05
1.0815828766506958e-08
0.0055324236665777494
1.779083676400178e-08
1.0689017141236418e-09
9.910371577447841e-05
0.000836996767153015
0.0
0.0006017973686502264
9.517551192383371e-05
7.422163576020442e-05
1.2600013883899111e-09
7.895584266101409e-05
1.6964778860477658e-09
8.824920524243771e-05
1.805314619072634e-08
0.002702808620552241
1.3506026178068051e-08
0.000889016864481383
5.605925770917465e-05
0.000415273165659277
0.0007730272824593479
0.0
0.10795304976137515
4.392888677963366e-05
9.925057102473117e-10
0.00012188269903595656
11.055394949221652
0.00010441146347404639
0.0009266450222789023
0.0004999347068895343
1.246331614341643
1.7160940725098146
9.817664458193091e-05
0.0002990951149681802
6.262122615741468e-05
2.020209303824729e-09
0.0
7.44851650743148e-05
6.542153506932909e-08
0.00019429207036140338
18.91794147333689
0.7153953563867592
0.0014045386835452461
4.5124614497204894e-05
0.0001851917138487986
0.00038118354785189406
6.64629022353032e-05
0.00027197974844938677
0.0017666429127517866
0.0008411317831723315
6.587550787626577e-05
0.0
1.2975129235964311
2.2566764969041135e-08
4.925764223358302e-10
1.0103293648001849e-08
0.0025521058125906842
3.7439131388498555e-06
0.0013803305148512787
6.496784988411345e-05
5.292520504950171e-06
9.869581324739974e-05
4.99396716473075e-06
5.486022091394294e-05
0.0005675734638648294
4.0358910553256164e-06
0.0
0.0008438819614118749
0.672771366265801
5.359169809373734e-05
0.09889422190783878
0.0009253678261065894
0.0010183472710917191
0.0005409001167373988
5.853150636588241e-05
0.0003212833046867795
3.0391377247442555e-05
8.968063020715784e-05
0.0005040202705368029
4.495952502321385e-05
5.2695148373441054e-09
0.0
11.020874819129833
0.0001048340091256932
0.002765864093710182
0.0014055984833287757
6.49462323051529e-09
5.508639410365987e-10
2.6217381010094704e-05
4.064117477279435e-05
8.707738605089116e-05
0.00048229544685418944
1.4784490191099224
2.119559532295595e-05
8.86717662073543e-10
0.00047430382301169685
0.0
0.0002513570619556768
0.002817124932278776
0.0027348483233828394
1.0822635556659786e-09
5.591848775130978e-10
4.668287193511428e-06
7.524018196212246e-06
1.8447063335490906e-05
0.00040587780748857374
2.2106394165871032e-05
3.725542644204985e-06
1.0024529707229445e-09
0.00023285240060409148
0.0011361341013806433
0.0
