0.0
0.00032489986243761483
0.0012962761063327198
5.806727498830194e-08
1.985277918082505e-08
9.472602503065976e-06
5.0603781291783195e-06
6.12346751639348e-06
5.371563663935662e-06
0.5247286934094652
2.9565695522720106e-08
4.581281229896404e-06
1.3305640540968317e-09
2.908346381377755e-06
1.5304636682151642
0.0
1.2530507997821432
1.269427086481962
0.7653397652184634
0.08042861657613647
0.364116859180047
1.7988837954840973
0.3641321707016787
2.414051191448863
273.8757154220041
8.877911583478678
101.76114416045966
1.0244134853471365
0.00012144370053511861
0.7345220674750853
0.0
0.7345217911947612
0.055191772130284464
8.511758364665049
8.070788086882215
2.657927234018629
8.070775275712133
20.75682312747127
111.87696792808988
9.219960596608658
216.9266747323006
1.5452470882263132
0.7541396392376717
1.5056510189567334
0.0001685305076656192
0.0
3.9688794354218535
4.929168832082389e-05
2.8059013986409975e-05
0.0004394222115070959
2.9651710818005867e-05
0.00011581655091435246
24.628360759573802
2.0105072426929006e-09
1.9713724111754974e-09
2.254757275708057e-09
0.000139206550936248
0.001928195683856063
0.00016730191475405247
1.4639708818726431
0.0
0.0002354190934240838
5.401139760840426e-05
4.156276225307041e-10
5.720213090675159e-05
4.634941757281298e-05
0.23296257477271165
3.661889358392953e-10
3.4487023637499167e-09
1.5753769737201608e-09
6.946271979910788e-05
0.00024089407216066063
0.0014784387448331976
2.4342045930605787
0.000553248961917142
0.0
0.00039948792582019765
0.00032663666261931743
0.00036727499922302784
0.00015616057838484677
3.032458663408092
0.00013078305648071576
1.3476304793761475e-09
6.4630746463145e-05
1.2287265963450265e-08
0.004354048839197239
1.8303256653437913e-08
0.08866561687851174
8.606670445554349e-05
0.0006777209605254744
0.0
0.0004831032670152872
8.267502213895249e-05
6.434239615724176e-05
1.825447910527786e-09
6.835735812258643e-05
1.4356691429321009e-09
7.644504873244193e-05
9.823876770954168e-09
0.002332672503488775
1.2532615361236745e-08
0.0007686709709562199
4.8682822520993446e-05
0.0003674600453921719
0.0006690624411789619
0.0
0.10415561402986451
3.809212879591405e-05
1.3647963615192082e-09
0.00010551167560902859
11.181727098264862
9.037854927395464e-05
0.00080141667626586
0.0004324180640137311
0.567166323343783
1.1468450824514247
8.514557018949212e-05
0.00025933837903214206
5.426632843648006e-05
0.6341342686032952
0.0
6.457256481918851e-05
6.162167461766094e-08
0.00016830995527495517
20.349216222791203
0.8928421989109925
0.001605605055444604
3.9098728919994104e-05
0.00016805543142260604
0.00033014874056430703
5.75897269778472e-05
0.0002360839082011913
5.3872005914536156e-05
0.0007255249569511439
5.7078658045748315e-05
0.0
5.778143102929806e-09
2.28880320454746e-09
2.4370698744092823e-09
1.7959271003029941e-09
0.0022064639614923116
3.2435345536203032e-06
0.0011936387569583492
5.619199420497239e-05
4.585967866742352e-06
8.54854603829517e-05
4.324291909207747e-06
4.833534575611581e-05
0.000492400128856616
3.501355855983629e-06
0.0
0.0007304810107510037
0.6553014952966846
4.638071507567401e-05
0.00709334725882173
0.0007975342605965038
0.0008811118829645667
0.0004677479726950404
5.0780218436150046e-05
0.0002830003694012691
2.633587235227397e-05
7.9344189891091e-05
0.0004359517931790504
3.899320829875507e-05
1.0465318731862364e-09
0.0
11.22067571550907
9.074019351766797e-05
0.0023873035034911645
0.001215607835023122
6.20876712156972e-09
8.656426947403387e-10
2.276976279168845e-05
3.523987951115785e-05
7.541776682618827e-05
0.000424683220949778
2.3496356131563276
1.838391490122031e-05
1.1137164821809463e-09
0.0004110416154931612
0.0
0.00021776909796262047
0.0024346704619299
0.0023647964176059877
1.0330619817144264e-09
1.1302991969559481e-09
4.055929235945691e-06
6.520232530590911e-06
1.595354713209396e-05
0.00035592197052066403
1.911742379857429e-05
3.2322306032395497e-06
1.2853829535764974e-09
0.0002013536400289283
0.0009834644136160217
0.0
