1.0712430608349588
12.18791737612158
12.269769543998033
12.131126008968227
12.131126008968234
0.46277072059682645
0.0
25.89929457987928
44.06945447827376
44.04330164655285
46.662874057235584
45.082879899188605
28.17460169686744
0.0
39.18775809463726
88.25101637510697
98.47709050183649
99.99999999999997
99.99999999999999
47.585963248324965
0.4808036319108803
49.78418719495157
99.2631236769197
100.0
100.00000000000001
99.99999999999999
60.77897321519949
1.3463751967188449
51.42889110473631
88.30926108333645
90.52969185062817
99.08946779580127
92.38237732363565
62.24352649004246
3.5518825637057914
0.0
0.6235703696145438
0.6235703696145437
0.22123206470735682
2.3131480756726517
4.626296151345304
0.7710493391122737
0.0
0.0
0.0
0.0
0.0
0.0
0.0
0.0
12.187917376121582
12.269769543998033
12.131126008968227
12.131126008968241
23.993035146946657
0.0
44.06945447827377
44.04330164655285
46.66287405723559
45.082879899188605
63.82269689969921
1.3316916063959927
73.29716426418497
60.19603829244036
79.60012039699976
77.01963627747755
100.0
4.492004636262757
62.49350431303646
59.6458682680451
65.70158518030588
95.71265281918033
98.26357090581479
2.2017884296099295
33.71629091286852
32.59061072968268
27.302354212199987
27.206636806711114
99.99999999999999
0.16774660378803727
3.5557843964966356
3.555784396496635
3.153446091589448
5.2453621025547434
45.58957752138096
0.0
0.0
0.0
0.0
0.0
0.0
0.0
0.00038744897213823523
0.00019372448606911762
0.0006355841646356209
0.008511829799138596
0.0
0.0
5.175093311744743
0.002747414029701776
0.005494828059403552
0.07002356173658093
0.5713166885245925
2.586042915739961
2.586042915739961
3.458246873798461
0.05221232325917367
0.0
0.0
0.0
0.16325202706615144
0.16325202706615144
3.3899100288680715
1.5771698712932325
8.287650681716872
6.205142243204246
0.25734277055527616
2.667202931962991
2.6672029319629904
1.5092722386339312
0.1042393281796456
0.0
0.002000442986017048
0.01170836955447971
0.35421893011834804
0.354218930118348
0.12620119043714711
0.5883629612232332
11.669840028372947
15.077954266784424
3.9964771996347053
1.154135954895332
0.5883629612232333
0.5883629612232333
0.12887844163319215
3.8268765084925036
3.8268765084925076
0.5549899253098984
0.22199596496126062
0.0
0.0
2.503920521610191
5.295352862129476
3.425065751598968
1.8688599621251234
5.2918582258485545
3.6114148393868284
0.0
19.4637004733802
50.322214453570155
32.348791448642594
22.739982466997823
51.75586974943864
34.83542123365028
0.0
51.35347945413906
78.97280644102939
66.13178423290071
51.72073418270548
46.666687650779345
45.11240079279468
0.48080363191088027
62.04211430799754
85.80685579134818
100.0
90.36349371579236
76.82334030716417
62.28685407993433
1.3463751967188449
56.64554300298509
63.0853422435584
60.12245172850918
73.74057338474002
65.23914439105548
62.24352649004246
3.5518825637057914
1.2791503005084501
0.0
0.14879889098498836
0.6102106696198277
0.1677466037880372
0.0
0.7710493391122737
0.588293377222977
0.0
0.0
0.0
0.0
0.0
0.0
0.0004418596785665033
0.012014636879339062
0.02669428985330998
0.007340071061399743
0.0
2.4705225817383023
0.0
0.02733346082383218
0.37031832008391186
4.739982480363175
1.5799941548973748
2.875051847336379
0.1662215797685562
0.0
0.0
0.0
0.0
2.1107597193452348
0.0
12.944701340366718
0.0
0.460489430705477
0.46048943070547693
0.5500043794712074
0.0
0.0
0.0
7.504230038572787
2.782466355643081
0.9274884692478315
0.0
0.26703455514242597
0.41831309325271493
0.3000774290952772
0.061999199713481015
0.061999199713481015
0.0
0.0
0.0
0.0
0.0
0.0
0.0
0.0
0.00019372448606911762
0.00019372448606911762
0.00019372448606911762
2.0776955505065025
2.077695550506502
0.0
0.002747414029701776
0.14661050224397743
0.14661050224397754
0.0
0.0
0.0
0.0
0.05221232325917367
1.8563690620378723
1.8563690620378734
0.02511524203495904
0.6658458031979964
0.6658458031979964
0.0
1.5771698712932325
0.0
0.048251352684213045
0.8202796624008446
1.2791503005084501
1.2791503005084501
0.0
0.1042393281796456
3.5441375427418027
3.5441375427418045
0.024269944856569393
9.030102455510153
2.2330483684531806
0.0
0.5883629612232332
0.5883629612232332
0.5883629612232332
0.5883629612232332
1.122432071508085
0.5883629612232332
0.5883629612232332
0.12887844163319218
0.5549899253098985
0.5549899253098984
0.5549899253098984
0.2219959000606216
0.0
0.0
