0.0
11.466448947788164
11.466448947788162
11.466487849424635
11.46648784942463
23.99965293088417
0.0
46.16098890382022
47.97530172446356
41.7957228779166
46.15490647377197
63.95071057224023
0.0
92.81765727325833
99.99999999999993
99.95055826676551
99.98394245264132
100.0
0.0
83.25263023874906
99.99999999999999
100.0
100.00000000000003
100.00000000000006
0.25782823574196084
58.70425528564341
72.23027598423496
63.07088352192406
68.1066967692891
100.0
0.0
0.8167318973168192
0.9800649757118303
0.8287206300263044
3.8668533938365743
29.576133696741145
0.0
0.0
0.0
0.0
0.0
0.0
0.0
0.0
0.0
0.0
0.0
0.0
0.0
0.0
0.0
0.10689810764256462
0.0
0.0
0.8248838771102731
0.0
0.0
0.0
8.43157019105255
0.0
1.0998720443017647
0.6448764140874825
0.005384034847763607
0.4054887660541265
6.891640572523735
2.491832110852948
0.880861688862295
0.0
0.22920346541375788
0.36539908208576727
0.6200590474358777
0.3751273404194829
0.3751273404194829
0.0
0.0
0.08484829069908126
0.17499957936604865
0.0
0.0
0.0
0.0
0.0
0.0
0.0
0.0
0.0
0.2666562986180917
12.79976302762294
12.799763027622943
12.799814896471567
12.799814896471558
0.26664981501201457
0.0
24.014455098726916
41.891768734513164
40.077455913869876
46.05449511691531
41.90060343042999
23.96863440985138
0.026372954317419525
50.34688253086952
79.08482717880099
49.12753096541974
55.48790728636619
71.2028687582652
35.69178446536258
0.32814976460611683
53.00169789716706
72.73739017016283
79.59748869637633
72.10657985572225
72.51994848071408
47.93001385857359
0.570153574593941
52.5344216840599
68.88685104496344
62.12383115598584
68.50790138167136
61.08822337473937
59.36166202034777
1.3991001945023191
0.0
3.5239084224346366
3.8455194434185667
3.834709133012459
4.051718616141764
3.430141973791358
0.6098030121996016
0.0
0.0
0.0
0.0
0.0
0.0
0.0
0.0
0.0
0.0
0.0
0.0
0.0
0.0
0.0
0.0
0.0
0.12216926587721672
0.10867951001140312
0.10867951001140305
0.824883868396172
0.04307227878210891
0.08076052271645409
0.07537648786869047
0.07537648786869047
1.898932656960033
1.8989326569600322
1.5777298955142096
0.0
1.718458608651987
1.8172900648237866
0.37529620197642216
0.6668412186772721
0.6668412186772721
0.6668412186772721
0.0
0.0
0.0
0.0
0.23886682814753288
0.2388668281475331
0.05512299616031781
0.0
0.4277817399393855
4.498723373032229
4.070941633092841
0.8806916656047912
0.3218932637942849
0.0849883003891759
0.0776317310171824
2.7319321460316046
2.4745120377645216
0.0
0.0
0.0
0.0
3.7331881806532845
3.7331881806532845
3.7331881806532845
3.733097410168204
3.733097410168203
3.733097410168203
0.0
36.02168264809037
36.02168264809037
36.02168264809037
35.95295161477704
35.95295161477706
35.95295161477706
0.02307633502774208
45.48288505939153
72.4713563458542
57.39150595073609
38.40774214551935
37.47138283400356
47.78940567561821
0.2871310440303522
66.32816905041093
73.16974997423105
67.40856788329282
63.95162990030254
58.65134835211619
54.77715869551265
0.49888437776969835
57.754203813538005
57.73641920307766
57.736419203077446
59.41319091664678
57.2867462733814
52.1988743760714
1.2242126701895293
0.5241655344654883
0.0
0.17499957936604915
0.0848482906990812
0.0848482906990812
0.0
0.5335776356746514
0.0
0.0
0.0
0.0
0.0
0.0
0.0
0.0
0.0
0.0
0.0
0.0
0.0
0.0
0.0
0.0
0.0
0.0
0.9226058106145001
0.9226058106145001
1.9666538181089301
0.03768824393434531
0.0
0.0
0.23573383394418604
2.18897589561242
2.1889758956124186
0.04630768732169231
0.0
0.0
0.0
0.0
8.707357522325193
3.407075974025675
0.0
0.0
1.1845634328059689
1.184563432805964
0.05512299616031781
2.597623430729034
0.9395174838284297
0.0
0.0
3.631906530613416
3.6319065306134206
0.0
0.8753799304007415
0.3165815366470782
0.0743647628405289
0.06792776464003458
0.0
0.0
0.0
0.0
0.0
0.0
