0.0
11.466465419279471
11.466465419279466
11.466507094653574
11.466507094653572
23.99969367021862
0.0
46.25107726948981
48.0081698138937
45.82668034197002
45.92799791222507
63.634037986396876
0.0
100.00000000000004
100.00000000000024
99.99999999999997
99.84901537397322
100.0
0.0
76.74786571689873
76.15602117049711
85.63179522465501
99.99999999999997
99.99999999999997
0.0
59.9600820096846
59.97192813706687
60.35827530544605
70.00304811616903
100.00000000000001
0.0
3.465308983434235
3.465308983434235
3.465308983434235
3.465308983434235
30.443181839776752
0.0
0.0
0.0
0.0
0.0
0.0
0.0
0.0
0.0
0.0
0.0
0.0
0.0
0.0
0.0
0.8013963087610843
0.0
0.0
0.9131357691166827
0.0
0.0
0.0
0.0
0.0
0.9131357697327784
0.6723955985219697
0.0
0.5820393704069426
8.100278681531154
2.595234907917689
0.86507829407938
0.0
0.09738587121981593
0.09738587121981593
0.09738587121981593
0.09738587121981593
0.09738587121981593
0.0
0.0
0.0
0.0
0.0
0.0
0.0
0.0
0.0
0.0
0.0
0.0
0.0
0.26665699444723534
12.799781056951126
12.79978105695112
12.7998366241166
12.799836624116596
0.26665004855155094
0.0
24.061538672731654
41.97353877784947
40.216446233445375
41.58441114287689
41.673064016850056
23.967023942678168
0.10131757025500152
44.6315338587256
65.22837106180002
65.22837106180006
68.89205240401817
77.56227733627755
33.5366310676668
0.280693668978138
58.02280955321915
87.35743409508771
87.03614286931132
70.92595627839388
71.95907065119192
40.75675526424254
0.0
52.33829630385637
65.1105830484154
65.12412147970939
70.6422510760927
58.203515102803536
59.6675487402016
1.5468260089305197
0.0
3.465308983434235
3.465308983434235
3.9001653265632084
3.9001653265632084
0.0
0.0
0.0
0.0
0.0
0.0
0.0
0.0
0.0
0.0
0.0
0.0
0.0
0.0
0.0
0.0
0.0
0.0
0.0
0.9158814957269533
0.0
0.0
0.9131357738299998
0.0
0.0
0.0
0.0
0.0
0.0
1.06176963734406
0.0
1.480220566886342
14.42589373147608
0.6651878518936488
1.2472272223005905
1.2472272223005905
1.2472272223005905
0.0
0.0
0.0
0.0
0.0
0.0
0.0
0.0
0.407087438308655
4.478029071736958
4.070941633428313
0.8806916576936228
0.3218932588812651
0.08498829848361188
0.8060044649585307
1.5112583717972474
1.5112583717972474
0.0
0.0
0.0
0.0
3.733197922261295
3.733197922261295
3.733197922261295
3.7331006797217143
3.7331006797217143
3.7331006797217143
0.0
36.092308009097444
36.09230800909746
36.09230800909746
35.66558024767509
35.66558024767508
35.66558024767508
0.08865287397312632
53.38801734681633
62.2328898583338
52.42351402744597
43.21613855388253
39.05809263188224
49.81642257616467
0.24560696035587076
61.424152808565445
77.25127753158279
66.60169190024845
63.516208075196126
60.187939930151344
61.13513280029075
0.0
58.35582449089721
58.10129339241898
62.642769129650816
60.162163979306214
57.36820081750909
52.209105147676404
1.3534727578142047
0.25909908644989255
0.11046521904097496
0.4348563431289733
0.0
0.0
0.0
0.0
0.0
0.0
0.0
0.0
0.0
0.0
0.0
0.0
0.0
0.0
0.0
0.0
0.0
0.0
0.0
0.0
0.0
0.0
4.311338696454963
4.311338696454961
0.7110437774463156
0.0
0.0
0.0
0.0
2.5817995166484144
2.5817995166484184
0.0
0.0
0.0
0.0
0.0
4.566591934504497
2.080874143724846
0.0
0.0
0.0
0.0
0.0
2.687397370525202
0.46281715476406365
0.0
0.0
3.640755565168722
3.6407555651687034
0.0
0.8753799392024302
0.3165815408400573
0.07436476117316039
0.7052539068387148
0.0
0.0
0.0
0.0
0.0
0.0
