0.0
11.46650121756538
11.466501217565375
11.46653548206134
11.466535482061342
23.999748164600163
0.0
46.25103000024232
46.25103000024215
45.82680353163371
45.928080407978484
63.63418500080581
0.0
99.99999999999991
99.9999999999999
100.00000000000004
99.77367616092218
100.00000000000003
0.0
76.74816771555044
76.15637133601334
85.63058471420318
100.0
100.00000000000001
0.0
59.95911937173535
59.97083392645073
60.36318543695849
70.00427816784965
100.00000000000004
0.0
3.4633165782547892
3.4633165782547892
3.4633165782547892
3.4633165782547892
30.423716306991174
0.0
0.0
0.0
0.0
0.0
0.0
0.0
0.0
0.0
0.0
0.0
0.0
0.0
0.0
0.0
0.801074355372101
0.0
0.0
0.9130008583988831
0.0
0.0
0.0
0.0
0.0
0.9130008588086228
0.6698418619418446
0.0
0.5824512660234108
8.101701785148899
2.595690856810317
0.8652302798244
0.0
0.09852493988523402
0.09852493988523402
0.09852493988523402
0.09852493988523402
0.09852493988523402
0.0
0.0
0.0
0.0
0.0
0.0
0.0
0.0
0.0
0.0
0.0
0.0
0.0
0.2666587159972629
12.799820001792135
12.799820001792128
12.79986568778675
12.79986568778675
0.2666530052479348
0.0
24.061513954969815
41.97349587239761
41.9734958723975
41.58452453157999
41.67314179838167
23.967037205554668
0.10127687634496195
44.63308576771956
65.22061154828253
65.22061154828242
68.88993005649286
77.87093007304634
33.72551146561496
0.27389254443218375
58.02129336666087
87.35684065712697
87.03563617617398
70.92207218165723
71.94451163260887
40.750153670537955
0.0
52.33790207944332
65.10851450803395
65.1219025705658
70.64328625420805
58.2039032499876
59.668264179621694
1.5470644894240275
0.0
3.4633165782547892
3.4633165782547892
3.8986151912983544
3.8986151912983544
0.0
0.0
0.0
0.0
0.0
0.0
0.0
0.0
0.0
0.0
0.0
0.0
0.0
0.0
0.0
0.0
0.0
0.0
0.0
0.9155135489966869
0.0
0.0
0.9130008615830213
0.0
0.0
0.0
0.0
0.0
0.0
1.0617030348810463
0.0
1.4443552369859103
14.386266762774074
0.6656585897410409
1.248109855764453
1.248109855764453
1.248109855764453
0.0
0.0
0.0
0.0
0.0
0.0
0.0
0.0
0.4066881737108852
4.477629815451249
4.070941641740365
0.8806916748895187
0.3218932889125137
0.08498831312830658
0.8066205598856252
1.5124135497855453
1.5124135497855453
0.0
0.0
0.0
0.0
3.7332220239616825
3.7332220239616825
3.7332220239616825
3.7331420734710887
3.733142073471087
3.733142073471087
0.0
36.092270932454724
36.09227093245472
36.09227093245472
35.66571459361178
35.665714593611774
35.665714593611774
0.0886172668018417
53.391321989406414
62.232945408573656
52.4275217621422
43.21787649892023
39.05703411453807
49.77450415505125
0.23965597637816077
61.4236336077918
77.25158563977563
66.6012094515495
63.5163995572893
60.18612233490965
61.12523044084114
0.0
58.35439298466882
58.09958324388453
62.6449008818691
60.16896765183946
57.37067737902841
52.20973115716898
1.353681428246024
0.25933524339807035
0.11063306747319618
0.4352986130435653
0.0
0.0
0.0
0.0
0.0
0.0
0.0
0.0
0.0
0.0
0.0
0.0
0.0
0.0
0.0
0.0
0.0
0.0
0.0
0.0
0.0
0.0
4.309606760883687
4.309606760883693
0.7107689416487719
0.0
0.0
0.0
0.0
2.5820302563966773
2.5820302563966804
0.0
0.0
0.0
0.0
0.0
4.567770132572635
2.08183046294824
0.0
0.0
0.0
0.0
0.0
2.6908900409169436
0.46348671032375527
0.0
0.0
3.640452660110493
3.640452660110502
0.0
0.8753799392046384
0.3165815535323302
0.07436477398726826
0.7057929898999216
0.0
0.0
0.0
0.0
0.0
0.0
