0.0
1.93201327802671e-09
1.6762697545817054e-09
2.3684499495722405e-09
1.932529503841084e-09
1.904870676064139e-09
1.6939089365221479e-09
2.129343363367782e-09
1.843358169485129e-09
6.592407827382322e-10
1.977934721471101e-09
1.9128417946612303e-09
1.8363247549929114e-09
1.638702662553725e-09
1.0986316481148761
0.0
0.8026291518126877
9.612756603380884
0.5881990315510512
2.4943225252224117
1.0691889308120894
36.87625250134728
0.94342620994766
3.249382226452372e-10
252.70364883004314
0.4955496419616755
76.92727281324258
1.9813981631050284e-08
0.48861439556112374
6.797810260467115
0.0
6.797810260469916
0.5754575958391686
2.469270561962294
1.59008155261395
29.015905401989134
1.1070998539382357
120.33223846309826
86.51587084107774
0.6659051497788812
49.3392816045486
1.8642439322027732e-08
0.27764743478344844
0.8047760872911571
9.980844213290716e-10
0.0
4.627573040347787
0.10796644583990866
1.1342086222644359
14.344987136747655
3.7732407236684025
1.7195811090835725e-10
31.50327837092263
0.6562535594379345
127.14625431445944
1.5919051796790955e-08
8.29553920825809e-09
0.000328256634470694
6.279504896702955e-09
0.4338513920800581
0.0
5.712538683058536e-08
2.0473035626696957e-07
0.1260529983347215
0.07802866193595663
0.4799305128836724
0.1277705047513018
0.0632013233480476
0.12071331991745432
1.2097676305106889e-08
4.4389419926241874e-09
1.6311020307393012
0.37655027271822356
4.1682373155688435
2.2232956912609012e-07
0.0
3.0047691309360596e-07
3.3560141986692495
2.1117132015793872e-07
9.655620635176954e-11
0.023645072428813335
0.13160085042201874
8.596779088158614
1.2034287897332079e-08
1.120058554511167e-09
0.05489204561322884
0.052669312788295744
0.05569698700807895
1.7624562697866005e-09
1.1632875435109063e-08
0.0
2.3077470994580833e-09
2.1561657967418773e-09
8.783425687925137e-11
4.49478116166558e-09
6.4249507269074736e-09
44.53129060806142
0.20226752977119875
5.338666263534944e-09
0.0012602681768263354
3.395676836899206e-05
3.392916301014678e-05
7.545612538422155e-09
1.2959290484488295e-07
9.738253068357853e-08
0.0
3.7202498031093093e-09
1.2559963812699915e-10
4.792751232096833e-09
6.451341998582557e-09
4.097864109268903
2.220716866594633e-08
1.6825876737087036e-08
0.4014360800411314
0.43182360817188337
0.1851491033131249
1.4510883166389172e-07
5.9536706982185324e-08
1.6298714151380658
0.15018642559139272
0.0
8.936833357220709e-11
1.177332391244123
2.5179565167603546e-08
2.0860381949707778e-08
8.341285764115383e-09
0.04374955355772567
0.06400539251864079
6.788055520649263e-05
8.072870447972057e-10
0.06689920444553715
5.714131765759062e-08
2.0394228163052863e-07
0.11970360645304164
0.062071493866004815
0.0
0.12192699938813822
0.05407351038194057
18.46767777184345
1.2169482382173566e-08
5.0580907604485895e-09
3.8228395333550356e-07
3.742372024905378e-05
3.73532208409347e-05
9.567670755308698e-08
9.319728746009493e-09
1.493977463069321e-07
1.3081118817047487e-08
0.0002286320154838245
2.187601758362059e-10
0.0
0.000453042142754393
0.2516601836959951
1.8544021708831105e-08
4.230891702810864e-09
1.2722305848453664e-05
3.7411510750222374e-05
0.5376508684248612
8.694039718944478e-08
0.1058132075189783
0.5612010283554947
0.0042187446483936564
1.0604302215566334e-07
1.1654025578700085e-10
4.454651177132988
0.0
2.4100067391082813
2.141408851384112e-08
1.9589883763617167e-09
0.16318583238903103
1.0118021556143584e-08
1.2755899481957323e-08
2.4289653849482228e-09
7.0520475242313605e-09
2.67466373097278
0.00015604123203486665
0.00012353518000087095
1.5209913928964716e-10
0.8382259823647047
0.0001560596780854249
0.0
0.00015034077273981457
2.0834807319379432e-09
0.009047029198033473
1.0974599638251868e-08
6.363937332138283e-09
2.578220213867995e-09
1.1416729548570233e-08
0.1972244215048288
2.2180505956882298e-05
1.812533344530842e-05
1.8774064503547842e-10
2.1019516477914925e-08
2.2200678920976937e-05
0.00048154131757949313
0.0
