0.0
11.466501122200755
11.466501122200757
11.46653540645455
11.466535406454556
23.999748019575726
0.0
46.25106023115983
46.251060231159826
45.8267247979795
45.92802768776765
63.63409103946606
0.0
99.99999999999974
99.99999999999977
99.99999999999999
99.77377603905856
100.0
0.0
76.74829971916326
76.15663189734485
85.63133773572268
99.99999999999999
100.0
0.0
59.95979148502242
59.97158992556481
60.35821869426633
70.00381897712205
99.99999999999997
0.0
3.4652742908678307
3.4652742908678307
3.4652742908678307
3.4652742908678307
30.413903091574902
0.0
0.0
0.0
0.0
0.0
0.0
0.0
0.0
0.0
0.0
0.0
0.0
0.0
0.0
0.0
0.8012801151949536
0.0
0.0
0.9130409335755911
0.0
0.0
0.0
0.0
0.0
0.9130409339887683
0.669652864000499
0.0
0.5820314513943748
8.100426446432007
2.5952822531387625
0.865094078597225
0.0
0.09815283455920518
0.09815283455920518
0.09815283455920518
0.09815283455920518
0.09815283455920518
0.0
0.0
0.0
0.0
0.0
0.0
0.0
0.0
0.0
0.0
0.0
0.0
0.0
0.2666587113615143
12.79981989810199
12.799819898101992
12.799865610440381
12.799865610440389
0.2666529973192153
0.0
24.061529755120667
41.97352331196002
41.9735233119599
41.5844520620151
41.67309209057973
23.967028738881588
0.10130288978827319
44.627415046459404
65.22519730502755
65.22519730502756
68.88120310592797
77.87569617144611
33.729482202175056
0.27402366448393767
58.021905825174905
87.35665558926172
87.03528247540969
70.92415391981996
71.93903560598258
40.756375620340194
0.0
52.33813561223137
65.1092797115664
65.12276364361423
70.64179510495762
58.20197978557631
59.66712205427811
1.5466837809734442
0.0
3.4652742908678307
3.4652742908678307
3.900097607069306
3.900097607069306
0.0
0.0
0.0
0.0
0.0
0.0
0.0
0.0
0.0
0.0
0.0
0.0
0.0
0.0
0.0
0.0
0.0
0.0
0.0
0.9157487030799468
0.0
0.0
0.9130409367635581
0.0
0.0
0.0
0.0
0.0
0.0
1.0615894077803965
0.0
1.4450466904087667
14.383678474907175
0.6651788015935712
1.247210252987946
1.247210252987946
1.247210252987946
0.0
0.0
0.0
0.0
0.0
0.0
0.0
0.0
0.406648402878271
4.4775900445990375
4.070941641720761
0.8806916748480539
0.3218932888410414
0.08498831309352617
0.8060222766916555
1.5112917687968521
1.5112917687968521
0.0
0.0
0.0
0.0
3.7332219590611992
3.7332219590611992
3.7332219590611992
3.733141962469015
3.7331419624690145
3.7331419624690145
0.0
36.09229463268094
36.092294632681025
36.092294632681025
35.665628730792854
35.665628730792854
35.665628730792854
0.08864002856473904
53.392445454631776
62.22986676516191
52.42496028315248
43.21643479521505
39.05663760788862
49.77108368181906
0.23977070642344545
61.42384332143892
77.25081899852314
66.60076214672402
63.51582659684094
60.18772788150309
61.13456336562188
0.0
58.356194233451205
58.10170283566365
62.64248840767835
60.16235511678843
57.36814008078245
52.20873179749334
1.3533483083517637
0.2590299632728529
0.11048148962904802
0.4348233162014756
0.0
0.0
0.0
0.0
0.0
0.0
0.0
0.0
0.0
0.0
0.0
0.0
0.0
0.0
0.0
0.0
0.0
0.0
0.0
0.0
0.0
0.0
4.310713704094357
4.310713704094356
0.7104690217847465
0.0
0.0
0.0
0.0
2.5822441847797286
2.5822441847797273
0.0
0.0
0.0
0.0
0.0
4.563409408597635
2.0796786310132687
0.0
0.0
0.0
0.0
0.0
2.687463972234912
0.46279624835816374
0.0
0.0
3.6409362212341625
3.640936221234157
0.0
0.8753799392055972
0.31658155350280776
0.0743647739568354
0.7052694921051985
0.0
0.0
0.0
0.0
0.0
0.0
