0.0
9.22492561900078e-08
1.0678848773856794e-08
1.0578333145076775
1.88315416222561e-08
1.8235553700249223e-08
1.4818029604824624e-08
1.55202826893422e-08
1.8790410091727358e-08
1.901652469057119e-08
4.6606017336949295
1.881380907372207e-08
1.882643247660004e-08
1.7580720682224457e-08
5.966561056355211
0.0
5.650767673213391
10.417998591588866
4.147948450433364
0.9064134795926836
39.360389892438604
28.128044160145368
5.124665302720608
9.052788683693486e-09
216.6899025245463
11.632779018196697
69.76505957171048
5.858370793855669
1.376222743066225e-08
2.666502353467287
0.0
2.10820506978831
0.032444334240714516
8.008357990629582
0.9852303839739964
7.909768636322608
8.381119331749842
45.75106819725994
11.164608900458123
15.281258832585895
260.19715307437866
3.6720089904456756
3.933196305339726e-08
0.9494563340849262
1.1483117812162439e-08
0.0
4.739994180401442
5.96243898615006e-07
1.0023605982820825
6.455709241500693
1.0397152585776213
4.534542365126038e-09
60.86613040667326
0.3404159222839248
7.296431968178002
1.5304686261898e-07
2.328858234310852e-08
0.0002124178246449738
2.0414240724199337e-08
0.27129614403234875
0.0
0.00036557478647464617
0.0013101483632183021
0.0542386671171859
1.0762760424488405e-06
6.527203930390802e-09
5.81435473425322
3.4709888351577647e-07
0.04166687677507347
2.773931790610706e-07
1.7693660739414493e-08
0.6022747570012024
0.34515925017310867
0.09037179166233344
6.925280450366155e-07
0.0
5.718100311110825e-07
0.040501178604182536
1.5875974165125979e-06
3.5410095969207637e-09
20.361004353259936
9.821768444975065e-07
0.03497431431884571
1.028586231113696e-07
1.2864471072273935e-08
0.3683974339952253
5.166276189096245e-08
7.179332331835857e-08
5.6543698980204966e-08
3.2047232585909324e-07
0.0
1.1190606657369311e-08
0.007842901981233216
3.854394838613242e-09
1.3036076957677929e-08
1.549928299377758e-08
36.72099742750869
2.9460563431903105e-07
1.7862109768902383e-08
1.2264031866113574e-06
4.233337314814699e-08
2.335364920204189e-06
1.270460153086827e-07
2.7720287051522416e-06
1.3575377281142666e-06
0.0
0.023718753546911622
4.394491315534659e-09
1.5996421967576835e-08
1.785459679229053e-08
3.2668491682758245
3.2372811825795044e-07
3.847780110396064e-08
0.695714992364545
0.11441008804356315
0.007829803014775115
0.1311851316042003
4.196397488241288e-05
0.11700515652655144
7.2876515084587475e-06
0.0
3.847207214279937e-09
9.18844831746721
1.3498345005151212e-06
1.2903709100988658e-06
1.2007611862811498e-07
0.09024980031178563
1.3580315820131674
2.1754755645344695e-08
7.835432489439137e-08
1.5614707004280945
8.163375625618698e-07
3.9039629034817733e-07
0.07528805804617893
1.0708885804996229e-06
0.0
7.410611169487296
3.4369437945026893e-07
0.052942320100741
1.8367041965613384e-07
0.003170715401828621
0.009124432126786498
0.0001137998076162695
4.093412039014973e-07
0.003187659101714028
4.128070697216131e-07
4.7039010308857315e-08
2.592044407197865e-07
3.5255009020927455e-06
4.4622654683858245e-09
0.0
0.00041600120313992886
0.19599204790593758
2.6815254010129427e-07
0.013885427217944186
0.024003386901516738
1.4043105363838532e-06
1.8595588149773187e-06
0.02172879060859058
1.4680195318886214e-06
0.10784313822060387
0.010844504145479342
2.7674417744343984e-06
3.3424804115571363e-09
47.510316289433035
0.0
1.1690730074384066
2.812096894992913e-07
0.03600534166283024
9.95353719497341e-07
1.6912394709937104e-08
0.0004779284481898666
9.75359793763463e-08
0.05851129068245741
3.0711807775188698
0.0001789081676742237
0.10829175439579145
3.707802620155742e-09
0.00029662577588823746
0.00017949108510330623
0.0
0.0006753861894996012
0.02568801211595929
0.08396798813651113
1.6792287241725857e-08
8.516022596565247e-05
4.887269907412521e-08
0.028841553502148724
0.15362758244760877
2.7551058589080186e-05
0.035989200396656616
4.274351495803872e-09
9.924541798408205e-08
2.7643144517449642e-05
0.0005726662992003488
0.0
