0.0
0.0003648986284306569
0.0014558671232352241
0.0015481810316054089
1.4311690740046442e-08
1.0624250050580031e-05
5.672956769156145e-06
6.865786372385045e-06
6.021609603360062e-06
4.848279833872046e-06
2.9669847680047196e-09
5.134936854173654e-06
6.625238866997836e-10
3.263076978101254e-06
1.8263427967199446
0.0
1.8263188430926611
3.471325528612342
0.9132927845443588
0.6534014677607012
1.0459351646759136
1.859086610502081
1.045650165062225
2.487475241126444
333.5250831783374
3.2789828103927696e-05
47.023102647877785
1.0845332645248134
0.00013635611467870625
0.6901809803944906
0.0
0.6901807948538942
0.4380917561312235
8.801351333003781
9.239408230174472
3.748279703779155
5.909858295289746
20.459534602576262
54.37129996207148
19.825837516334488
264.06542994262225
1.8163241118213374
0.866671567663979
1.7306049573100775
0.00025948390164327395
0.0
5.507591336285166
5.53105217257543e-05
3.146917001693135e-05
0.030071973621337653
4.325920530939209
0.00012999925846452444
10.668150950995788
1.3908121313709748e-09
2.69682840065017
1.8076069853704717e-09
0.0001560415919717248
0.002534925561524879
0.00017835484974418843
0.18869209195626777
0.0
0.00026356096243671624
6.055457433870043e-05
5.411887440707544e-10
6.414461968709526e-05
5.197529466766068e-05
4.061414116525547e-09
4.4978782044107195e-10
3.2447337878174846e-08
9.37788510098596e-09
7.787997190413011e-05
0.00027013505421979983
0.001660112785945134
3.936685486050391
0.0006387632764021781
0.0
0.0004480317726163028
0.00036702804984179994
0.0004117569951013785
0.00017521211215593596
5.154112634559496
0.00014661744459605925
1.851746218027761e-09
7.254472251456062e-05
1.0202640277547851e-08
0.005375258134223137
1.6776179731763938e-08
1.0047404894858009e-09
9.629023647920867e-05
0.0008132211931523305
0.0
0.0005847197710487576
9.247916574857512e-05
7.211445008789027e-05
1.1857230759397993e-09
7.671517372111051e-05
1.6014521307955003e-09
8.57441948221202e-05
1.756643650988604e-08
0.002626023556441507
1.273361793147499e-08
0.0008637568245363104
5.446787989697301e-05
0.0004034940156882016
0.0007510730557912899
0.0
0.1086374721023039
4.2681764897133066e-05
9.280228285790816e-10
0.00011842325994322335
11.029452314320174
0.00010144713442557987
0.0009003205500605852
0.0004857309760245037
1.2478500064200493
1.717965275332597
9.53895829426041e-05
0.00029060364268629867
6.0842871240019444e-05
1.8933348073446223e-09
0.0
7.237049818592704e-05
6.168017600993732e-08
0.00018877015956555207
18.928052932599655
0.7161025675976124
0.001364631273553337
4.3844008891070527e-05
0.0001799404225806512
0.00037035946387471166
6.457609018629436e-05
0.0002642563848840152
0.0017163840857657845
0.0008172299255171276
6.40052160499843e-05
0.0
1.2984538193656552
2.7048253995188264e-08
4.6499079773084827e-10
9.470950743222667e-09
0.002479593578277348
3.6375903090437412e-06
0.0013411107873728826
6.312202285202338e-05
5.142200354274848e-06
9.589453074741383e-05
4.852015072627396e-06
5.330232357112371e-05
0.0005514862317848684
3.921225464124835e-06
0.0
0.0008199128652706129
0.6724989103704602
5.2069927491649285e-05
0.09900116584282007
0.0008990510159352606
0.0009894313712216106
0.0005255321752587958
5.6869529735934494e-05
0.0003122131933436888
2.952852399671095e-05
8.713403653148286e-05
0.0004897001908378044
4.36828806765867e-05
4.946203867069246e-09
0.0
10.99548998500646
0.00010185758838892586
0.002687288744392856
0.0013656664355964692
6.123149280534335e-09
5.190005052601878e-10
2.5472791060997824e-05
3.948748295399274e-05
8.460485802959032e-05
0.0004686018986073356
1.4798466753156356
2.059382779264934e-05
8.316145511537848e-10
0.00046084362754655975
0.0
0.0002442184818513011
0.0027370956420350603
0.0026571324410006717
1.02038816379233e-09
5.268328241479578e-10
4.5356288722315415e-06
7.310307491662089e-06
1.7922981275237006e-05
0.0003943842049088116
2.147829438327424e-05
3.6197432956301153e-06
9.399275812646525e-10
0.00022624455425931364
0.0011038676054414632
0.0
