0.0
2.665510570950154e-07
5.870198228352794e-08
5.070528241340411e-08
6.00337752032226e-08
4.190269015516315e-08
3.9402171994935656e-08
4.040298436584456e-08
4.1909369957988695e-08
1.8854765229509533e-08
4.181893661660565
4.8229603786190456e-08
4.2886873345270715e-08
3.8744955092891936e-08
6.900899899369712
0.0
3.8674212792802343
10.343925095019511
4.021214721669803
1.5201541130811489e-06
8.947205982545364
20.806194159143452
0.8466612644786126
7.66424663136176e-08
170.9850693579104
0.26579956321163
166.65955947425323
9.372543788768802
5.4884615618080284e-08
3.150169826280473
0.0
2.117753124082017
0.032958215364981155
11.346991198236829
8.468642969565861
14.83316292383147
8.896320673372937
48.67544284727461
11.513121242436817
36.56391312584072
206.3178439083267
6.928113335661224
2.7609727392658596e-08
0.9305353420815685
2.9312376669076042e-08
0.0
5.349578607749731
1.4803766977675024e-06
0.8147911278617075
6.50287735302684
0.8143350178546679
9.645147647674183e-09
69.32391372679172
0.2625226801493392
7.51272593816908
1.6888019871301422e-07
5.634864614397719e-08
0.00048407561468958584
1.0634846614589138e-07
0.3385692205674258
0.0
0.00023222966034811926
1.464457382982752e-06
0.05510466506905713
1.3773699062691602e-06
0.2369619308145823
0.056790559093536724
7.475343490573422e-07
1.554877346293259
4.727517264244979e-07
3.6669003405360925e-08
4.496221936695058
7.006078918533724e-08
0.09872533861208854
0.00047428661713944483
0.0
1.1268335947579666e-06
0.04461364950069632
1.9859593600549065e-06
7.956657484606829e-09
7.3187167713779
1.892128669719274e-06
0.03788536643965232
2.1686559355433485e-07
3.488651992852701e-08
1.4664429273133026e-07
4.409781714099705e-08
1.786783117023499e-07
1.7160141277921225e-07
0.0005776364010646462
0.0
5.242573223685012e-08
0.028870518694314465
8.931109014706852e-09
3.588380013008008e-08
3.460087179648619e-08
35.439939850856035
3.549106721267236e-07
5.90974710521903e-08
2.962004129554699e-06
8.455488783492688e-08
1.8021735710078154e-06
3.247401913699901e-07
0.00010421667226645073
0.0007149344108909206
0.0
0.08154774906473092
2.466586606012449e-08
4.69802676555143e-08
4.150033523831353e-08
1.576951559858566
4.1763742411474485e-07
0.25276989949949624
1.4807483246276068e-05
1.924290773260605
0.008249308966370484
0.006995328977341597
0.001053393029969069
0.00699402127834076
0.06323849934237104
0.0
8.550757239474515e-09
12.683193794984065
0.00014446740701875595
4.226202956861661
0.7626216693423848
1.1829003494676324e-07
2.017243053317381
0.00011244792466090224
8.076672333168836e-08
3.823747774191124
1.8808460197051511e-06
7.802806599268822e-07
0.07645045098609664
1.3711369815928639e-06
0.0
12.32106724117066
7.603861445115789e-07
0.05341094094303549
2.5870773470628726e-07
0.0020861964428657157
1.229767516774555e-06
0.027884426464500518
0.00046204405103895913
1.1759319901861905e-07
2.616044884488372e-07
1.1670898566206774e-07
1.343500215677432e-05
0.0006998195205904456
5.358364620540762e-08
0.0
0.0009812882428808455
0.0929319808086134
2.621424859269653e-07
2.7907225737697996e-08
1.1278779126643573e-06
0.36016970283107497
1.9314749999123304e-06
0.11522503445300261
0.28421185953147576
0.09561530873882622
0.011095410378309953
3.268453513980737e-06
1.9130361786816934e-08
68.14409569087422
0.0
0.7441023181500964
3.872815543244403e-07
3.632139465432015e-08
0.0005007532956127116
7.50954527580059e-08
2.2150750965600692e-07
0.029301519448721725
0.029380518044196516
4.24012163186499
0.0002563716483302682
3.049174348467058
1.3641699804449577e-08
2.8978634897224004e-08
0.0002599838550931096
0.0
0.00023667373140361423
3.64910312526152e-08
0.000220715206822263
6.402931878907162e-08
0.0004060606869525102
0.024525778109271656
0.02459181476629284
0.3383036051521958
7.970428315851028e-06
0.14511824369935447
1.576686681303858e-08
0.005970655519245851
1.7190130445356126e-05
0.00035957349346517873
0.0
