1.070905507837784
12.18585677634892
12.238085771587487
12.121043584222633
12.12104358422264
0.4771550532502177
0.0
25.903516957450186
44.05963294047611
44.216776832316576
45.69740162498679
44.68874786163489
26.395412538294476
0.0
36.39920029482139
92.65610200385925
99.99999999999997
100.00000000000003
88.03809298943115
27.482135916174066
0.0
52.90321183002602
96.4575197784236
100.0
100.0
97.63652937151278
61.42221347739543
0.0
51.07057279805875
89.85267321408804
91.31551348116898
98.41363321869277
100.0
64.99398247685471
3.398735973985159
0.0
0.7623845832927342
0.8511263052178435
0.4956953888433496
2.5421541508101058
4.626295950972133
0.7710492840906927
0.0
0.0
0.0
0.0
0.0
0.0
0.0
0.0
12.185856776348917
12.238085771587489
12.121043584222633
12.12104358422263
23.991067823908605
0.0
44.083416835432125
44.216776832316576
45.69740162498678
44.68874786163489
63.902126685253386
10.090057223995183
72.6391077742169
65.29520977807617
100.0
66.7206831125512
100.00000000000001
0.0
65.92446899735421
60.37100824913857
66.48553173432374
96.3181719819001
84.90124361332181
2.0991318111749586
36.587419679451514
37.13925135221696
42.98433629629469
42.07785861670385
99.99999999999999
0.08969139619958044
2.9710612903577647
3.0598030122828734
2.7043720959083775
4.750830857875136
48.43784205121361
0.0
0.0
0.0
0.0
0.0
0.0
0.0
0.0
0.0
0.24172431811210923
1.0877596608604796
0.0
0.023783894956045194
0.0475677899120904
0.008042180199645362
0.06944945431540164
0.06944945431540164
0.29699445884833897
2.3192862702665504
2.31928627026655
4.813399223005427
0.05375823457611296
0.0
0.0
0.0010487520574097896
0.0
0.001048898936032296
3.250723288580149
0.0
7.74718893075162
4.557077264478727
0.21075762492020636
0.7578121370310358
1.0618168127041827
1.628129096450989
0.05643501884203785
0.04704058113527837
0.0010486570684151695
0.3500139071074762
0.9185699064709202
0.9185699064709199
0.7000278142149524
0.3351555630655105
10.512636369861104
10.74344771187259
3.4086169539092017
1.54974641068909
0.6457275522757989
0.25829097020987996
0.12887843381261974
3.8268765329837646
3.826876532983767
0.5549899191066648
0.22199596734733934
0.0
0.0
2.5041226835977124
5.290837404632451
3.3618279775563504
1.8633619484713846
5.240632588842205
3.6094829405176028
0.0
19.4633166076567
49.34109321611761
32.30294070116908
21.184173077573238
51.047269098782934
33.50671418268769
0.0
67.59920029385742
99.31261416715324
68.1126141681172
29.262927058550417
35.06972617905827
37.958479772916334
0.0
62.74192981035746
98.46249157970519
98.72448787111263
93.95563965374623
85.14547495193293
63.029980824600656
0.0
57.39997996505626
63.28127441595323
73.70614595543253
85.64475248019156
71.02555650709658
64.99398247685471
3.3987359739851586
1.2397427620798789
0.0
0.07659337447814676
0.7108618327489886
0.1774834438502201
0.0
0.7710492840906927
1.291832205667024
0.0
0.0
0.0
0.0
0.0
0.0
0.0018715718909521682
0.004697181612751506
0.15484418448432846
0.0
0.0
0.047567847470108914
0.008475731720245289
0.24172431811210923
1.2220735126774314
3.0259612010607935
1.0086537087447225
1.7587418337760499
0.09175602914060536
0.0
0.0
0.0
0.0
2.01098052440936
0.4496669214891043
0.0
0.0
0.1255392906718348
0.7325432093142293
0.9527174331227795
0.0
6.054198642603184
0.3500139071074762
7.879321360351805
2.8895079117846607
0.9631692800399119
0.0041291867748262275
0.04858786122043155
0.4456758559581081
0.5222692304362551
0.2085047798563478
0.07659337447814676
0.0
0.0
0.0
0.0
0.0
0.0
0.0
0.0
0.0
0.0
0.0
3.113914380663335
2.026154719802854
0.0
0.008042180199645364
0.20417144424538972
0.20417144424538974
0.06944945431540164
6.353630349872086
6.353630349872086
0.0
0.05375823457611296
1.9233501599952787
1.9233501599952791
0.0
1.193634698505654
1.193634698505654
0.0
0.0
0.0
0.0
0.4215152214389947
1.3803836928096682
1.3803836928096673
0.0
0.05643501884203785
1.9187906307429208
1.9187906307429197
0.0
7.92650017784949
1.2918322056670242
0.0
0.33515556306551053
3.1778056118977167
3.1778056118977176
3.1778056118977176
1.2914554014620494
0.38743659192299895
0.0
0.12887843381261974
0.554989919106665
0.5549899191066648
0.5549899191066648
0.22199591855972936
0.0
0.0
