0.0
1.9773843879694436e-07
4.660282732972631e-08
2.5593664676904626
5.9260961869365005e-08
5.7457407964739223e-08
6.260513346312294e-08
4.6945108470247264e-08
6.08618312719851e-08
5.118733298374565
7.48664397624576e-08
6.095231179788143e-08
7.232978110008754e-08
1.1757651303738647e-07
5.99620945530082
0.0
3.767210519830969
9.952980163276521
3.8319603696037765
1.38060887776869e-06
10.014011056672532
22.448266412863852
3.9618134678784456
2.0832314920286433e-08
182.16956808610058
10.90070633197306
138.61281661887963
10.579930779143234
0.5959949565383986
3.3770015545286434
0.0
2.307552740518731
0.6284352748428046
15.37906597336805
16.039428502980776
15.666904128251474
8.362705761379713
50.48529786906846
11.654660765772995
11.25018576511252
217.65010903117724
2.8998686423837636
5.303358827376989e-08
0.5767312950855932
3.1557537114528164e-08
0.0
2.30063783461332
1.3165127944520344e-06
0.7601943088672763
6.522453715771626
0.7599559282338043
1.0563206572372359e-08
69.6821055701111
0.24293829486673793
7.625978511832988
1.5076628763861967e-07
6.254321001388552e-08
0.0012497296947853566
2.0711836122435298e-07
0.4390670667693868
0.0
0.00028675432411949227
1.4702686130415606e-06
0.05484928916173335
2.784996698908465e-06
1.0815213713900103e-08
15.549369758524369
9.680833098183204e-07
0.040766762699700775
2.3481767548694976e-07
4.9551382807406186e-08
1.9681529687519612
1.6994369447016489e-07
0.9013146385974237
0.00029701557869025194
0.0
1.5220153234696522e-06
0.04031584404830506
4.105966563908571e-06
7.773020110303386e-09
31.77323698011628
2.7039236834277602e-06
0.0343392965957698
2.716210252025911e-07
5.634377316116157e-08
0.8586561967856535
2.422301167547196e-07
2.466829320737399e-07
1.5041008444024953e-07
1.3731069877984392e-06
0.0
5.264663385931543e-08
0.12727307713647043
7.742850553110609e-09
5.228843866899279e-08
4.909875955036993e-08
35.323291424763525
3.862915400083308e-07
6.342429620176525e-08
5.772580015656729e-06
3.155990453621666e-08
1.936650417099267e-06
2.9021278202636277e-07
3.1741515927195848e-06
0.0008650870076468511
0.0
0.2980382538656979
8.932964826013914e-09
8.971536611608916e-08
5.822915805073538e-08
1.5545776941923892
4.716214044972771e-07
7.039700062738894e-08
0.7113789604380746
1.3571646628316563
0.007921599159636685
0.007393682971388829
0.00014898000331286628
0.007391757797228069
1.7129634993777176e-05
0.0
8.026870672538092e-09
0.09277615302212575
3.329022343856722e-06
4.396883419537118
3.34573440133805
9.965864444451315e-08
0.5735894616802482
3.907680962290717e-05
1.0270557327784902e-07
0.005584435293296499
1.8548764935963794e-06
1.0413350810546516e-06
0.07645652974251321
2.777786547408463e-06
0.0
0.07971752864464558
9.693183510492306e-07
0.0518042452464411
2.3110971551822736e-07
1.539429487274668e-07
9.842869955948685e-07
0.0029840952858067125
2.4861237131607916e-07
6.469023742905856e-07
3.69756061767631e-07
1.0311970191475936e-07
2.6785510350734133e-07
0.0009655835273322676
9.831729960498716e-09
0.0
0.002099949056620531
0.10677326216699333
3.3538708362245904e-07
6.969345084394797e-08
1.2837822875263078e-06
0.19087538008813199
3.4242485927127412e-06
1.059161550107796e-06
2.842933387937355e-06
0.0961008216240333
0.009520087921565494
0.000220966706024431
7.431636591368762e-09
113.02104512596249
0.0
0.8246857010981558
4.4372072011622284e-07
0.6664811064675926
0.3048922166857421
8.346720749874218e-08
0.0005996199607023019
0.1669567535820331
1.051396598766917
2.8522137003545023
0.00031256048651056044
3.1282270333345217
4.925167264765206e-08
1.0953302103613791
0.00031401690002487914
0.0
0.00028754746708460177
0.09932229337246191
0.1788060000030151
9.572113897576264e-08
0.0003786650121001748
0.0801204353619788
0.10953035556024443
0.2155906011638142
1.2301075032688279e-05
0.6130660798685473
7.265112582702524e-08
3.632714649471192e-07
1.2551284846828219e-05
1.1937351775663785e-05
0.0
