0.0
0.000435516930158706
8.312228319404983e-05
0.3892273150392275
0.00010054707384525506
7.833285992157849e-05
1.073856957597236e-05
2.0658552662714357e-05
1.2052917962601083e-05
0.6308323108183249
0.0002085438873939265
1.5926348220243262e-05
0.00020717325359195462
4.157332032311522e-06
2.7050599526543575
0.0
2.2443725748772874
6.8535610496277535
3.274852738259162
1.617777346721018
0.9129618865302385
2.2331196600796734
4.155985283057042
1.8205374378971548
310.96404897422923
4.974181969325865
47.18967657757735
2.103442094083736
9.408873242700987e-05
0.6680054318270493
0.0
0.6662095584062541
0.00011790629825269903
9.05689072465486
5.840942784742067
7.212397775104395
1.5046015612010566
18.016030792782935
73.50831209324546
9.719439888918998
264.32539104764305
4.303926321195929e-06
0.5706095404031613
1.5999529379297224
0.00016104736597760813
0.0
3.898010138930963
0.0001553455197531551
0.865750516401576
0.0005151339698735626
0.6552105510644608
0.00011702846722744557
17.538307438630245
7.738368891634699e-09
0.0006407804071158045
6.255159892388659e-08
0.0001248857057572708
0.000989843755395984
0.00012565065191198825
0.004232283990731313
0.0
0.00020274547006622965
0.00012067327793521865
6.309834488426712e-06
9.360243468161915e-05
6.793259374675933e-05
11.568831686259895
2.046062746071562e-09
0.0031738169599313582
4.478422729681879e-08
7.534308280070015e-05
0.2513773664297852
0.0011848957100773815
2.7539048763509606
0.00019146402018837763
0.0
0.00016108735491889936
0.0007655148333525999
0.00017963552745516088
0.00011987501397030992
4.16161309119019
0.00013064685698944224
0.3600873289691557
6.432966611311356e-05
1.2585267242101547e-08
0.08060228732613497
4.325104089184003e-05
0.08652769731066359
7.865692194433861e-05
0.00031218504281201
0.0
0.00035760677000982733
0.00010631869521635429
6.596147448760002e-05
1.626944557560364e-09
7.707375631335955e-05
0.050763150331239904
8.959478869680548e-05
1.0086720994143508e-08
0.001961180568722223
2.707224878403914e-05
0.0009514580413016579
4.57837959576793e-05
0.00029811596459319433
0.0005305837309792402
0.0
0.07126675619796041
3.936793738851748e-05
8.569899973517659e-10
0.0001352156939170253
10.772627995492488
0.00011853318072801134
4.600453114418052e-05
0.0005819803359049936
1.7538292296384417
0.08316369425272489
0.0001232006302603029
0.00018811277894462437
8.988552142887113e-05
1.138357623230533e-06
0.0
6.609678174613026e-05
0.31268858826404605
0.00017401162800584835
20.082098420955987
1.1589302230631631e-06
0.0005630082599152458
6.15577779109079e-05
0.00014614757176934008
0.0002718456276685731
9.75623466268179e-05
0.00020111278442572645
8.558497062907984e-05
0.0008939695110456091
9.306402255845348e-05
0.0
0.0047594399936895775
2.3349821486091363e-09
0.004759237619598681
4.5002743157222117e-08
0.00281968978848195
4.917715863851917e-06
0.014221936169165068
0.001582497925052949
7.2686704781408025e-06
0.00010417641939505304
6.5174457511400485e-06
6.367330358248799e-05
0.0005824763370442059
3.5799954235858906e-06
0.0
0.0009259175507655732
0.6590697683412938
6.0499718171895425e-05
0.001959361819803294
0.000995120925526199
0.010774216247909014
0.0005748485664748028
6.579483152131819e-05
0.0761725827659066
3.996074977672333e-05
0.00010514675134335076
0.0006230075719958892
3.9859472942030433e-05
7.671311985411152e-10
0.0
10.683119424180191
0.00011904383758254768
0.07229669241469124
0.0015514510942730218
1.3683045415529187e-05
2.8005618930869686e-09
2.1889746726138443e-05
0.1478982323521987
0.4783665689503901
0.0005394294702490432
1.1986615124034359
1.9147225823833484e-05
6.883300557928842e-10
0.0005192846029184486
0.0
0.0004255462450637657
0.0735671691947367
0.004448061768491813
2.3412297925856295e-06
3.602502690642718e-09
3.831803401249441e-06
7.674760975693212e-06
1.999555625517898e-05
0.0004795758674759034
2.2932025631976335e-05
3.3309478109545504e-06
7.863168710702807e-10
0.00025664157213159974
0.0009479763478591564
0.0
