0.0
3.2780636676231543e-08
4.992099666942097e-09
2.008956331529451
8.911940385297197e-09
8.56925295407668e-09
9.551232617986214e-09
8.685657735348112e-09
8.703502456926543e-09
0.208370781678531
6.6490262154623455e-09
9.320909188509405e-09
8.932239851759477e-09
8.339740823463922e-09
9.911925219223523
0.0
5.692574982358173
13.739119425625514
6.26969802967513
3.8106439939800963e-07
7.147746664490228
19.654235792272292
0.8432156330124353
6.252832407625643e-09
203.9561894319194
6.099508883302591
127.04228387677084
2.7967914859073537
6.3356741417958945e-09
2.8601212842918846
0.0
1.9394013954226295
0.03261863804490614
15.784224755774623
10.634183059143771
9.017963763056029
12.596440336025285
46.79551586590216
11.49626241624443
25.114226821221898
218.18176688707908
8.983541237820646
7.95088763474271e-09
0.7608562085127308
4.368616166704694e-09
0.0
5.345467951612946
1.463533162460547e-07
0.8089157885693354
6.5282203303098285
0.8111036700829433
1.858502270493495e-09
57.05062098568237
0.26193491625721255
7.566546643486838
7.74003321670349e-08
7.39111584890423e-09
0.0006944605907201061
6.149991174904092e-09
0.36361149296593387
0.0
0.0001677232382143093
2.920594652176271e-07
0.054790453132377945
6.089942117273331e-07
1.9365398734042474e-09
0.05615494403806753
1.4874163226183698e-07
0.04218701801026802
9.863628397526339e-08
6.266906280362243e-09
3.344923241997737
0.6085358192756751
0.4206568260731433
0.0003554552285823362
0.0
3.129555889359898e-07
0.04313111459664699
9.071795856105598e-07
1.4637139237005079e-09
5.75014927473102
4.678560827741979e-07
0.03662653419181601
5.163499913135793e-08
5.2025713701324166e-09
0.8380272135589483
6.939201875811159e-08
3.103901551262741e-08
2.3011701524680188e-08
3.955303661431511e-07
0.0
7.313466171607468e-09
4.114151579862147e-08
1.4503976479816433e-09
7.239271036535046e-09
7.450306186522871e-09
35.5108834064135
1.208418289208141e-07
6.2114855749701006e-09
6.154074535013547e-07
3.911902847878382e-09
4.5835230251250026e-07
5.471281556252045e-08
8.04101532780515e-05
1.0262634135290606e-06
0.0
0.03086340846407628
1.6110941636370952e-09
8.978550470088876e-09
8.737458581560767e-09
7.852038578468053
1.364196341941373e-07
5.810630550623367e-09
0.2687081675860189
1.6113001709745203
0.007952156403893866
0.007253980478609921
0.0003202780577826979
0.0072535485518962104
9.938370668292748e-09
0.0
1.4887401651661165e-09
11.226505459704917
6.139198239159945e-05
2.6639484700481848e-08
6.380591494212003e-08
0.0012081810440176147
0.4611105577011152
5.256980436415595e-09
0.00027868871023362574
3.368279971929033e-07
4.5853329933721056e-07
2.0894245687454858e-07
0.07628807411457146
6.041550395804433e-07
0.0
43.81025128197629
1.447371551793758e-07
0.05306697242278266
8.568909980696609e-08
0.00313270427387496
3.318694941502847e-07
6.78591253985497e-09
0.0004499445932174001
5.8675140156311665e-08
4.294035482494747e-07
3.38704830207462e-08
4.011281440244054e-06
0.0006874696236914957
1.5538731191799385e-09
0.0
0.0009994407617007113
0.08943942891864728
2.7230461764528965e-07
1.2940010629366849e-06
0.007968858596271715
6.038957346030825e-09
9.560610257360661e-07
0.007968775207959272
1.1210564007719015e-06
0.11194528359522375
0.012090258586789956
0.0001356142068970251
1.2418038788588954e-09
55.91663980739051
0.0
2.409427851692799
1.297942722590961e-07
0.2377097044272092
0.2660173058293913
0.09227074594541947
3.804240105800336e-09
4.393612837177542e-08
4.188464405020497e-05
4.356121047406415
0.0001867297791182262
1.0515047551024708
1.5443400377800754e-09
5.254060083529907e-09
0.00018813099151338466
0.0
0.0006168906160112292
0.0778286012125287
0.08264367423813995
0.057674487376010296
0.0004117518398775119
1.3059585557872765e-07
6.143172614294354e-06
0.20098930268748086
3.140516437062179e-06
0.09032550838136268
1.7337808946050446e-09
0.005510719931905739
7.452561378034128e-06
0.0007387158863840292
0.0
