0.0
6.227908603349614e-05
3.065130345255706e-08
0.8414908694873353
5.380100948028987e-06
1.5919156542585838e-07
1.4326074086566297e-07
7.374683174189005e-05
4.640707520414736e-07
2.462812862776409e-08
5.531551436106163
7.151058999014226e-05
7.184301471731939e-05
8.641637073109562e-08
10.455390404537999
0.0
2.8094929925464966
8.86075869026293
3.2534387106184477
7.196410084744472
5.832312149421258
19.319724320611193
7.601192344162832
1.3442992767268371
158.6782078469047
17.16275519830142
145.91747821694446
9.50607497018174
4.791281946373755e-08
4.637425645444287
0.0
1.9725389497119705
0.02636858292043133
13.098240385333614
13.110542395537005
14.07810460612647
10.037107387996528
47.009418024871984
10.71552090127204
30.830011206893133
208.11185261071944
5.077472168712657
7.044435287398453e-08
1.0162843195702638
3.7306776362265945e-08
0.0
6.332441380584388
1.480883724894279e-06
1.0105366529977986
6.472491728412347
1.0121565140503108
1.1009919412367218e-08
65.80150009504268
0.3312612598292668
7.343497515614757
2.6936358122913664e-07
2.2579407120474373e-07
0.0009424850048842298
6.158560568467495e-08
1.006324035325399
0.0
0.00027515903136125493
1.5971988824611714e-06
0.05965857833496342
2.670722541444965e-06
1.471496648652915e-08
0.0616735650660953
7.679869401557286e-07
0.04485450551573902
3.724444713977012e-07
1.1931818082054628e-07
3.786446538350188
0.6767049880770027
0.09230431700728332
0.0004954243858834334
0.0
1.2396410703755965e-06
0.041612589087522106
3.959119099594606e-06
8.60482434097468e-09
19.840672670477886
2.2848000250129542e-06
0.03562345281153051
2.637389085216264e-07
5.543027725002268e-08
0.7099589875133908
0.23545826977374934
1.6189103434435947e-07
1.3573913743330036e-07
1.5940234569633567e-06
0.0
8.083389608184373e-08
0.003769069809178694
8.930492001908325e-09
0.006411924484163164
3.200615087062512e-08
35.36730101539802
4.955228999764789e-07
6.396825844582511e-08
0.017373517292959734
0.017498869189444127
1.7502125669060015e-06
2.596344297705975e-07
3.155812422143298e-06
7.959768857637606e-05
0.0
0.0112264107592812
9.762255881376482e-09
0.01896097616736657
3.913306608420783e-08
1.538350458608252
5.790702012963645e-07
9.233690405141459e-08
0.9610459190913812
0.8440955664260226
0.008034515165234827
0.008595548294937876
0.00012653356587769132
0.008593927675951085
1.0233590568417388e-07
0.0
9.007022495931394e-09
8.117938745734623
1.4622304381576248e-06
0.4057451044316532
3.8226268800265396e-07
0.04679361328814699
0.44045993275665457
6.262748753890775e-08
2.4470754302275406e-07
0.006434466514382193
1.9319628060563267e-06
8.494569136363941e-07
0.08294011136401722
2.656734055411995e-06
0.0
24.373184902960535
7.666151740068743e-07
0.05691272046524503
3.462312358163859e-07
0.0017119038759369626
0.003928560852778916
2.737245784920963e-08
1.7297794646668055e-07
0.0008971523392339449
2.1035227088232598e-06
8.598127376806934e-08
2.776764790930914e-07
0.0007467822610766322
8.180900240136746e-09
0.0
0.0018911449823929467
0.08934616775767693
4.5270242497664093e-07
0.00315903018636567
0.08372622772301425
1.5249290679988535e-06
2.597683331013225e-06
0.007919213313552437
3.4217655457417856e-06
0.08973841466132323
0.011593080965670726
2.8471868537758813e-05
6.512346620636241e-09
77.11754677020458
0.0
0.7246014074370908
5.587891599067244e-07
0.6275189049245288
0.26135843308182083
4.480746197849814e-08
0.0006085148723795202
0.24170102692071185
1.3703120011018803
3.4360870083095705
0.0003153460856015223
5.579264493960996
9.784822514443837e-09
8.693811151892142e-07
0.00031615260966669565
0.0
0.0002806047444618788
0.1326469810508394
0.23427468668555043
5.073823359519356e-08
0.0004346866230691804
0.10472338275968045
0.13291507357029478
0.24259776565563984
1.1906927754547485e-05
0.16140380062987247
1.1080370806037078e-08
0.09827984342623794
1.2006806552096388e-05
1.0359778560649387e-05
0.0
