0.0
11.466504321032275
11.466504321032279
11.46653331923616
11.466533319236161
23.999741181792604
0.0
46.2957264256176
48.13646697120767
41.51249238068089
46.34543278585993
63.74729892036444
0.0
89.80603192275461
100.0000000000003
99.9999999999999
99.98731384541406
100.0
0.0
81.46836519105204
82.59215571748823
84.45184145629416
100.00000000000001
100.0
0.0
67.43068633640723
67.61797411871198
59.25801458692048
67.09818588483134
100.00000000000007
0.0
0.4147429740111982
0.5135242134729217
0.41842584657955445
3.2900076078989264
25.1098411576585
0.0
0.0
0.0
0.0
0.0
0.0
0.0
0.0
0.0
0.0
0.0
0.0
0.0
0.0
0.0
0.610187309709276
0.0
0.0
0.15107457276641334
0.0
0.0
0.0
3.625483978403058
0.0
1.280603592904511
0.6356447695138012
0.008987768134249978
0.18784462574088903
4.008997103956475
1.4409463704538186
0.5642012847193132
0.0
0.03806665874858942
0.062191843010768216
0.3285340587047662
0.1330285302028002
0.06219184301076837
0.0
0.0
0.05131487610820127
0.10583690326354986
0.0
0.0
0.0
0.0
0.0
0.0
0.0
0.0
0.0
0.2666589341002634
12.799823299350871
12.799823299350873
12.799861963622716
12.799861963622718
0.26665410106628235
0.0
24.08487444780037
42.014065275402956
40.17332472981269
45.62684821138877
42.043451685827
23.859167971192917
0.16999944920888962
43.67264668815097
67.49565988466101
60.949414202991996
66.64022660004095
72.85175685500303
34.54481757415426
0.289036720839527
47.362697132979946
77.88292707465449
78.31666175552738
71.40425597226921
76.18450175639967
40.27133127991927
0.0
53.42304926217881
59.832799742945156
59.99667655246153
67.93376815403376
59.08384142314112
59.75449763816916
1.531686394977708
0.10466608424889079
4.111266162816685
4.118321965635382
4.111529225143002
4.316642208094388
3.1825317865511655
0.565783425623363
0.0
0.0
0.0
0.0
0.0
0.0
0.0
0.0
0.0
0.0
0.0
0.0
0.0
0.0
0.0
0.0
0.0
0.6973569253820295
0.08273715646750451
0.08273715646750461
0.1510745730895174
0.07190214507399992
0.07190214507399982
0.06291437693974986
0.06291437693974986
0.8230986304242223
0.8230986304242212
2.438538084491788
0.0
1.4994389820873126
14.629396888755895
0.20440783726473036
0.3832646948713692
0.3832646948713692
0.3832646948713692
0.0
0.0
0.0
0.0
0.14247508065504177
0.14247508065504175
0.032878781572016166
0.0
1.6290907412581004
5.700032386408883
4.070941645150772
0.8806916857120528
0.3218933038178972
0.0849883201786318
0.07202776814083892
2.5440750262753804
2.2958854903031236
0.0
0.0
0.0
0.0
3.7332250774036906
3.7332250774036906
3.7332250774036906
3.733157414927952
3.733157414927953
3.733157414927953
0.0
36.127311671700454
36.12731167170054
36.14856160285165
35.788751956789326
35.78875195678938
35.78875195678938
0.14874951805777842
47.3294962605692
75.41140782894671
54.56047537304651
42.086335005506044
39.076676155320236
49.246992642130074
0.2529071307345861
70.54569355784572
74.29335028141129
71.60167603973515
65.08666263608288
60.45486402950387
59.91952996032348
0.0
58.52167364736357
58.62717607131896
58.627176071318424
57.52389244433452
56.76232657994718
52.53337496937025
1.3402255956054945
1.15793449523574
0.0
0.1058369032635502
0.0513148761082012
0.0513148761082012
0.0
0.49506049742044267
0.0
0.0
0.0
0.0
0.0
0.0
0.0
0.0
0.0
0.0
0.0
0.021249931151111203
0.0
1.417248527950247
0.0
0.0
0.0
0.0
5.2897985970272
5.289798597027199
2.091813778064524
0.06291437693974991
0.06291437693974984
0.06291437693974984
0.06291437693974984
0.5277936923033714
0.5277936923033713
0.0
0.0
0.0
0.0
0.0
6.631513521737006
2.3158689904714795
0.0
0.0
0.0
0.0
0.032878781572016166
1.2116479468256178
0.46528740139787816
0.0
0.0
3.4395529463759504
3.4395529463759495
0.0
0.8753799352912824
0.31658155703643837
0.07436478015630284
0.06302429712323407
0.0
0.0
0.0
0.0
0.0
0.0
