0.0
0.0003820786774605486
0.0014959534484270715
0.3428924541406468
3.3973330655694053e-09
5.378750971200488e-05
1.1133346428310344e-05
5.1571368864747176e-05
1.2705392157765338e-05
0.4460185063394606
0.593920824527865
6.140782763451271e-05
1.3786453099029103e-09
3.966502830767994e-06
3.9828146072629216
0.0
5.230551772821604
4.491860275159664
6.41616791608535
1.3665271485971324
1.281672192906224
2.0006316064975924
1.2819264852391077
4.304283858051846
314.1115021522936
6.63131396523436
45.923464129204724
2.8005448471217305
0.0012336588799256973
1.2772568698721836
0.0
1.2772569097643407
2.25467881363524e-05
10.115069753909667
7.243497368984878
4.527940741740727
7.243258155548998
22.608131941277644
50.431351664537104
11.795981122250822
264.71880919615194
4.156607594995316e-06
0.5918250191690839
1.4395732199935
5.819978245328516e-09
0.0
3.645326624950853
0.00014489526763112508
4.7130375262724735e-05
0.0005354459649797145
5.186957338706458e-05
0.000144429559600973
34.7314515679411
5.119126304965793e-09
7.719560158057337e-10
4.600896711955203e-09
0.00015139580760641826
0.0017527689491005237
7.060049867278504e-09
0.0025460713394170457
0.0
0.0002563335090398056
8.154669386221007e-05
1.5933850682414082e-09
8.873564375660656e-05
7.361213761210926e-05
8.247646404342197
1.5770116922036753e-09
1.661733093162779e-09
1.4657847355577344e-09
7.441076250627809e-05
1.4727915967362497
0.0010853177397154988
3.4405514723728086
0.00018884171065235408
0.0
0.00015795614700415508
0.0007983088747624933
0.0001762774643954151
0.00013826325867112506
6.153141051594813
0.00019086722538039425
0.06681922097759636
6.22982960077338e-05
1.1569679411707091e-08
0.1861977394071646
1.3820213389785258e-08
0.16730063691938815
8.956031985830083e-05
0.0003326172532019421
0.0
0.0003860759446018175
0.00011157283885841946
7.437600991050375e-05
1.2627544797255863e-09
6.713276684150248e-05
0.00933432428335449
8.718933132604583e-05
9.810296947344764e-09
0.0018045160555407768
5.21984342442574e-09
0.0009317731099554834
5.1366482128569675e-05
0.0003217966727095464
0.0005941080441341005
0.0
6.160238688790706e-05
4.388621086551417e-05
1.3240185855986402
0.00011674636703377495
9.270952135889075
0.00011528591951527927
4.716184644705947e-05
7.070542382653015e-05
0.8478501882634719
0.01799224089611187
0.00012116832791447936
0.00021494442414755324
0.00010712619717706095
1.8590974106740324e-09
0.0
7.452521354841274e-05
0.5672653492419002
0.0002233135003573383
24.15200436054424
9.653773908558881e-06
0.002083764142825609
5.710405618522454e-05
8.292524024945353e-09
0.00034876792618939893
9.266060468547121e-05
0.00025660338903319514
8.13116880845776e-05
0.0009151508093142038
8.845409622095166e-05
0.0
1.6420147062116297e-09
1.6990471862089348e-09
1.7632451179302868e-09
1.4104739216958184e-09
0.0027255045550569007
4.579908673718574e-06
0.0014601519438409319
6.813532244509037e-05
6.923354162971189e-06
9.74101711454658e-05
6.2108574597080646e-06
5.847129615179517e-05
0.0005659582558760163
4.032743041485159e-06
0.0
0.0008943858310428157
0.5794344958764126
5.8893883296090045e-05
0.001903227864313377
0.1422430931797158
0.0010780851960692777
0.0005632390291081609
6.650365048700779e-05
0.0563656273636301
3.800228412411116e-05
9.535609494858296e-05
0.0006008360777902842
4.494831422018835e-05
1.0339361638033073e-09
0.0
9.073696058586691
0.00011577334604505541
0.0017704419966907432
0.1235503608745051
1.6704744500308364e-09
2.5557181874228278e-09
2.4434084441411637e-05
4.219670464445926e-05
9.222473834613523e-05
0.0004970313323749401
1.8335560164841012
2.1273341855330195e-05
7.787821177475378e-10
0.0004602600674123494
0.0
0.00044197167735919373
0.0015611207557526567
0.004312223536700218
1.3263433974263442e-10
2.670813140042988e-09
4.311946336396677e-06
7.77644492464092e-06
1.942598549622367e-05
0.000454448403508587
2.281930050108155e-05
3.727516022929786e-06
8.936438221364407e-10
0.0002270634926431596
0.0012033230133301114
0.0
