1.0712407024141057
12.187901652111702
12.269504491503554
12.132210059237059
12.132210059237067
0.4862263347267876
0.0
25.901075524140992
44.06021872521005
44.13416180892016
46.23418955667207
44.90302158586573
26.532693482769044
0.0
43.11379057716136
99.6631781153553
99.80846676254737
100.00000000000001
100.00000000000001
56.990050006431105
1.122979113433818
47.460000110829924
99.99999999999999
100.0
100.00000000000001
98.48453670097724
61.043464102176046
2.9672818816228155
55.657299884823516
98.0497740704921
100.00000000000017
100.0
99.7426086552429
74.59681923452943
6.2893667801781845
0.1109099251968313
1.8839954728935029
1.8839954728935036
1.4870968170745655
3.5792788265481996
4.620805842183309
0.7701342984897317
0.0
0.0
0.0
0.0
0.0
0.0
0.0
0.0
12.187901652111702
12.269504491503552
12.132210059237062
12.13221005923707
23.99313446115348
0.0
44.06021872521001
44.13416180892017
46.23418955667208
44.90302158586573
63.906542096028986
0.0
59.18757302818423
57.202758316818205
83.7694911806613
86.42853353354732
98.03996866551319
2.9400135683585167
66.00619054245291
63.989906807170016
62.80904866950253
98.9250130572068
98.43949341055213
0.0
31.28116053620894
30.593553437664692
13.871340444448737
54.95199836742975
90.61217108047268
0.11090974822496696
1.9644644655412562
1.9644644655412558
1.5675658097223177
3.659747819195952
80.96312159185221
0.0
0.0
0.0
0.0
0.0
0.0
0.0
0.0005543073380260124
0.0002771536690130062
0.0002771536690130062
0.008956784609819236
0.0
0.0
2.816414143352381
0.0042905799108057755
0.0
0.0
0.9297202171290968
3.5842623781868785
3.584262378186879
2.6995905052094074
0.0538613489865488
0.0
0.0
0.03120622022772402
0.5929182582043762
0.5929182582043762
3.6163296378126972
0.0714821908059377
1.0822570113908603
1.03899592702686
1.03899592702686
0.46874081870889384
0.36892045808290713
0.10911772623477442
0.14597456616982044
2.18361654858731
1.9693048707232939
0.4875038796271319
0.8324824522042936
0.5795924488285437
0.16906686120828857
0.15977448722561172
0.0
4.073373382993625
4.073373382993626
0.9905412038041648
0.4127254415343691
0.1650901542263863
0.12385406852082748
3.8365762144591433
3.8365762144591438
0.558180328518873
0.22327213102424343
0.0
0.0
2.503922222365382
5.295316548308571
3.4245368865745247
1.8676707498681089
5.290517674174582
3.602853174331525
0.0
19.46353858008963
50.29720793067728
32.10665475260287
21.99350390299589
51.362185580855034
33.43288589613284
0.0
53.264977425367825
71.3480482237622
90.73199430494192
63.70417730859065
60.399490270453406
56.99005000643111
1.122979113433818
60.56808399073358
92.76697623380919
79.65889236114498
69.66722980606934
65.80134349632552
61.3059655815214
2.9672818816228155
57.08080927739381
59.178955311138274
58.909602595217656
92.88943149895921
92.17927829949727
74.51803612288099
6.289366780178184
1.7080550359017144
0.0
0.1735993891444823
0.6582614729254748
0.22181967342179837
0.0
0.7701342984897317
0.0016938843906532676
0.0
0.0
0.0
0.0
0.0
0.0
0.0022236113418085865
0.012262948778425188
0.028487020391295387
0.009734473496260974
0.003244745684124754
0.05030889296213513
0.0022236113418085865
0.01314580899997841
0.9428660261290753
3.993503891147551
1.3311679550078819
1.8395260464341643
0.08761675404719256
0.0
0.0
0.0
0.0
2.0162837345316285
0.0
18.545711956083178
0.0
0.0
0.0
0.0
0.0
0.04326108436399989
0.04326108436399989
3.300449509857682
1.033253836920323
0.08652216872799978
0.0
0.28252512525787415
0.3982580990283101
0.5036440407789321
0.42862335572802773
0.42862335572802773
0.0
0.0
0.0
0.0
0.0
0.0
0.0
0.0
0.0002771536690130062
0.0002771536690130062
0.0002771536690130062
2.089833260469951
2.0898332604699537
0.0
0.0042905799108057755
0.14736877668251577
0.14736877668251572
0.0
2.862457489084697
2.862457489084697
0.9297202171290969
0.0538613489865488
1.9270390813081704
1.9270390813081701
0.06241243116535903
0.0
0.0
0.0
0.0714821908059377
1.4071741161616094
1.407174116161609
0.0
8.463458762579503
1.7080550359017144
0.0
0.14597456616982046
2.7795190908302145
2.7795190908302136
0.7018155574911458
2.131061171223316
0.020804625375011904
0.0
0.15977448722561172
5.432332836873535
5.432332836873533
0.0
0.8254510267792466
0.24763529262586048
0.0
0.12385406852082748
0.5581803285188729
0.5581803285188729
0.5581803285188729
0.22327211394448526
0.0
0.0
