0.0
3.402352085452265e-08
8.085643014162425e-09
1.9004966112783336e-08
1.1973727144092227e-08
9.190934871848748e-09
8.078436008747272e-09
1.1122044380010325e-08
9.108583959600273e-09
2.139940041001955
6.813892920215857e-09
9.323396293992557e-09
9.761113166353039e-09
8.57708393938553e-09
4.376261097792595
0.0
2.283946403763239
20.469773549939283
2.2825133203826042
3.733652132825856
7.503004348392498
15.738329000216059
7.676208048132005
3.873843823702437e-09
210.58543804526263
10.123284719558818
92.3678992804835
9.913568087079886
3.227367751353632e-08
3.829142131268232
0.0
3.3968846330365787
0.1569459789627306
7.615957022711439
8.409539623592947
26.74888161050429
5.61189107489634
67.44445783714352
42.571420080635974
10.937330088445586
170.79305740683145
1.389009326703573
1.4460943110167561e-08
0.6886043659060697
7.629941987302398e-09
0.0
3.1905681932972287
2.870995102331347e-07
2.435859750929941e-06
6.484117471898536
0.6106595613466368
1.7292620276423475e-09
34.179700597299174
0.18261605536237807
58.59986722325434
6.55976091650092e-08
3.4818469408964615e-08
0.0014051284402703493
2.9830227801738396e-08
1.849666679552231
0.0
3.80015883126102e-07
4.562712104229597e-06
0.09905275811824293
0.057598869746373606
1.6423536710666132e-09
0.10020149515583959
0.0559694894672762
0.09339593079444267
6.901036893327204e-08
2.7340027686143285e-08
2.808038390623983
1.823457496992511
0.13983153702797094
4.601467709820674e-06
0.0
6.886173514389624e-06
0.020670971772046905
4.272097564489005e-06
1.253613250313043e-09
1.856328267113085
0.009325454358020544
14.446074820536218
5.015021331355778e-08
5.540058955035787e-09
0.30919132738681476
4.34438861070087e-08
3.9586216456965895e-08
1.1686099012741948e-08
1.2726194049848205e-07
0.0
6.22115142575602e-09
5.270785758172621e-09
1.3421268626703136e-09
9.300270179816069e-09
1.0046647904708e-08
38.498283123011106
1.0200713515265418e-07
7.904190021102021e-09
0.012690350196809513
0.012707230148869805
4.64675443345044e-08
1.4020136200553598e-08
0.00010212804419384954
3.43561506090388e-07
0.0
8.20751280517536e-09
1.5662336724695046e-09
1.072658197316419e-08
1.1693881820633012e-08
6.537965839382764
1.1223864354717852e-07
2.014830733961425e-08
1.3018810112221382
0.2537024957540037
0.0687919923328624
2.9800592034397155e-06
3.808121935577105e-07
1.6559323736870872
0.1505597105301712
0.0
1.4030109838286753e-09
8.1562035255301e-08
8.201965762092818e-08
8.21139866026607e-08
3.495867006234367e-08
0.29351911676531883
0.6375108172918194
3.066902769404085e-08
6.3857745997311905e-09
0.052523614649114286
3.799258000841537e-07
4.5300209245345954e-06
0.10325632477448121
0.04983578760793726
0.0
21.077060082824836
0.05141955192963793
0.0930958248671507
6.948746560179635e-08
9.689513456795933e-09
9.63449744398352e-06
1.0110855487533115e-08
6.615971306835812e-09
6.417527976917463e-06
4.8718849294189375e-08
7.524753861626681e-06
5.976335232764397e-08
0.00030767803408341055
1.233542610265092e-09
0.0
0.000833285567878883
0.40496934865537004
8.856808043130505e-08
1.1975687292364635e-08
0.008709507671309015
0.008686517557645154
0.008006460973679234
2.053969335465617e-06
1.4764823480947135e-07
0.5686095514865579
0.00242943773629333
4.723303274084404e-05
1.1638817967067463e-09
46.2683053927272
0.0
5.248167654106992
1.0531854511676431e-07
4.886651003417098e-09
0.27796000045152947
1.120500292385978e-08
1.6922335521645275e-08
6.3487215870544944e-09
2.8781093181417005e-08
3.1446459681701313
0.0002620977921777796
0.00020774513948869927
1.0098792883001601e-09
6.4526290818235434
0.00026215650369235116
0.0
0.00023860197689763924
4.931707678799924e-09
0.012653801610354752
1.0673467597096986e-08
7.664058733393884e-09
5.636410551348362e-09
2.422633372646271e-08
0.246974887934991
3.708388839541332e-05
3.0371914704032357e-05
1.0135552196061863e-09
6.718343652345714e-08
3.7141889349012615e-05
0.0008397336840551367
0.0
