0.0
9.653792225752009e-08
7.863959188930358e-09
0.9453281066958125
1.67790083928324e-08
1.3890633870577382e-08
1.299017397112366e-08
1.3191897468340986e-08
1.4229709874463609e-08
3.5052728022123985
5.07790401011477
1.4255262290262182e-08
1.4771003006880324e-08
1.3755704222782424e-08
7.905610226111929
0.0
6.950045179451429
15.693831054782903
5.575310450228059
4.474478632468449e-07
14.82043179888802
20.900467297874354
4.821570024422509
5.938221256390811e-09
234.13416964134777
4.651812442736432
92.14726772411612
5.997786168171664
0.19151976002780938
3.108790456752959
0.0
2.1833920251395336
0.5995938697258244
15.278268899860386
5.778258746155504
7.65180531948878
8.225756170441576
48.500259079767595
11.421777177322648
14.070552473376914
239.579232231172
3.4818723279734782
1.053526882757553
2.996968179419436
7.83025398811171e-09
0.0
9.826831989022004
4.465299932186403e-07
0.8332182303866885
6.525077993548267
1.5927043253834514
3.0903591741553152e-09
46.037250317346746
1.6767450938289168
7.523128705784046
1.2362653774808908e-07
1.1827217236841808e-08
0.0013162845451660144
1.2423308291080181e-08
0.4403823526714826
0.0
0.00024833770034338057
3.654540898925797e-07
0.05436261963167
8.683850607532917e-07
3.6626543514338474e-09
0.18608242163243072
2.7247718717706766e-07
0.04215609986975043
1.7422408506249963e-07
8.112057996757616e-09
5.271471177594904e-07
1.9350143801436843e-08
0.5110991760855951
4.834948721048029e-07
0.0
3.531303341557486e-07
0.038590373017042406
1.2794153271023663e-06
2.3112271992666846e-09
31.156775789377992
7.628590346036377e-07
0.0337130511607283
8.791484933609427e-08
7.675698842446825e-09
1.3121216388608112
1.1617246973354021e-08
0.02484580087747705
3.4488429115121676e-08
2.5350335310083874e-05
0.0
1.0873014528360093e-08
9.057329017525868e-09
2.2664746737186085e-09
1.290159784251339e-08
1.2969664760761573e-08
35.334872207043205
1.9477364711787404e-07
8.621853817974032e-09
8.559582248158073e-07
1.5086653008332448e-08
1.2436816114206155e-06
8.263582298556637e-08
1.8986759130317204e-06
8.675286575433213e-07
0.0
0.03149040555524424
2.797973652330045e-09
1.6067081456372984e-08
1.543541956871905e-08
4.132495029196819
2.506696172166026e-07
1.144791769099822e-08
1.2041342670919413
2.0240539179794452
0.019927241390329174
0.1544411737886204
0.00010309151663508063
0.13115472494045158
8.611310660686931e-06
0.0
2.31682722820697e-09
10.605252670930874
4.406999468700831e-07
4.425615551212877e-07
9.382597667020553e-08
1.2877363469001951e-08
0.5763660665577527
1.2791443903521938e-08
1.1922018943617025e-08
4.3099760119981705e-07
6.294255380914615e-07
2.450647270278246e-07
0.07546754129830677
8.64839113581824e-07
0.0
6.536101037309345
2.742506047035301e-07
0.053797053495548856
1.4313820965837204e-07
9.062026712484073e-09
0.007507984031718409
0.0001217304441363825
4.0779007302132196e-07
3.349969543340881e-08
2.7015825457996235e-07
3.016426804027006e-08
1.2000639831037821e-07
0.000332290269632003
3.784407331068638e-09
0.0
0.0010240522954813455
0.24801795676431618
1.9967026672330568e-07
1.0043747452657146e-08
0.09376903069473039
1.4468264840964875e-08
1.399704966752715e-06
0.006974896819291269
1.1902533777266003e-06
0.09522076530798071
0.0087414102110044
0.00019528517686113886
2.5871052118943806e-09
42.26402915850639
0.0
1.4205634054248453
2.2234479712829092e-07
0.21005359362698642
0.14328281340561028
0.033894734788588954
0.00038562767975723844
4.1654181816165325e-07
0.29040113495992137
2.483462792347403
0.00025209778402030176
0.6043682816334062
3.48666577836731e-09
0.00045419462659857174
0.00025233146119848414
0.0
0.000924419895621497
2.598849384939977e-08
0.17976201705678407
0.02364361313899304
7.203921965325746e-05
5.613620555612314e-07
0.03915974564880475
0.15004350512931855
4.3272759173494924e-05
0.041482942654224274
4.280913034869593e-09
5.0029236773403166e-08
4.33119423563566e-05
0.000782253596052549
0.0
