0.0
5.8117563546359676e-05
2.4131815728001476e-08
8.27120753436129e-05
5.3943269222483986e-06
1.6554478716811977e-07
1.606107623917277e-07
8.26378425990614e-05
4.5430479854381964e-07
2.0511066645060367
11.981721848390682
4.426065908292787e-06
8.178609719712087e-05
4.84134710005707e-08
7.602443068019282
0.0
3.6382748920442696
9.70851419872528
5.025164420325011
0.7781395236247655
9.256392393002898
8.976696851765588
4.726522832970243
2.7217704316477613
190.51740687645173
21.13360712147462
119.5781925081902
13.965161003570513
2.703104379012166e-08
2.86526325319189
0.0
2.0735919498070725
0.02619458144544448
12.670355520965227
15.357082605898263
21.822875984286757
7.061543859425814
47.06391722076911
11.081664272327572
22.71703326735301
212.11190916600668
2.478269273473762
4.917995022706019e-08
0.8103175234997873
4.040273641829047e-08
0.0
4.949991950282982
1.4761790716500634e-06
0.8460046216913941
6.5216547555028175
0.8455675473937629
1.2751620468976717e-08
59.15556524486034
0.2720236333391475
7.529675929271539
1.6541385574921907e-07
5.5241443192466125e-08
0.0010449986269944864
6.462464029503598e-08
0.7038402827669137
0.0
0.0002831561172013938
1.6093081829074692e-06
0.06015505494384283
2.842511064832892e-06
3.812330817795004e-08
1.870057663331294
9.207515175414172e-07
0.04408910155565954
2.441975028796256e-07
4.499812679370069e-08
3.346181620041449
1.9756447249374988e-07
0.9239751008761785
1.94848651127437e-06
0.0
1.5543335216335244e-06
0.04334437595991196
4.197609060449409e-06
9.53798158335536e-09
13.306633246001903
2.64145297862194e-06
0.036663821380179956
2.8481818715050295e-07
3.404867805930804e-08
0.3600448915950466
0.38904762641484836
2.927131610596867e-07
1.541431429843814e-07
3.1280928451112725e-06
0.0
5.5328384372238576e-08
0.14208214937617228
1.0212861637955105e-08
5.344174827547312e-08
4.8455133152262125e-08
35.34138513510061
4.0240629022288963e-07
4.0130644404971464e-08
4.104923768366221e-06
0.071720022542299
2.475622939971483e-06
3.0370896943137173e-07
1.4124248006464114e-05
1.5532963775748966e-05
0.0
0.31652357749433413
1.1519860628453645e-08
7.720638083776294e-08
5.786249959339274e-08
1.4723896017136038
4.866938008693364e-07
4.5168569546060625e-08
0.034606792031019976
1.2189043205010022
0.008345100732422707
0.007388396517806541
0.0005705742910107617
0.007386405245939279
8.334274583048435e-08
0.0
1.0293827699574643e-08
2.818203768142827
0.00011416845809747317
4.893437539816893
3.416192124042167e-07
5.2359118303079854e-08
0.47059041153751646
6.465280326020794e-08
1.1003323860965046e-07
1.923558001362962e-06
1.963851432904896e-06
1.0632826197859532e-06
0.08402299559903928
2.8313761515973705e-06
0.0
8.913076119372045
9.208001364301672e-07
0.0553618364089261
2.4020033311903125e-07
0.005699143683518364
1.5781825681841516e-07
4.070132340969156e-08
2.624258099979612e-07
1.6186482633612232e-07
3.639826271032821e-07
1.0540472703520953e-07
3.4553516866134777e-07
0.0009327690268576569
1.0336597912657671e-08
0.0
0.0019413047228252975
0.10429024556900957
3.410215285764069e-07
4.279669575580527e-08
1.0055327032352624e-06
0.202664100307768
4.101363372346744e-06
9.13517733537621e-07
4.138185425329247e-06
0.09524284786194098
0.012904041661190347
0.0007073231796922798
7.675613239906637e-09
74.20835197723444
0.0
0.8067782066156791
4.5842488089537483e-07
0.7129098296021703
0.32597685260690573
0.0007803842963769136
0.054347894414941575
0.2183456903052136
1.3624479121008215
2.1701603243433873
0.00032007475938197424
5.035551023369439
1.93838031549775e-08
4.3875205074812535e-06
0.00032777664119449117
0.0
0.0007641435308048365
0.12415119197207695
0.11439653346299433
0.0011907611845622438
0.050717060173359356
0.10029759650445091
0.13487483519838891
0.227926538651672
1.0698026785090635e-05
0.6718471498143359
2.5963757512532022e-08
4.518660705055921e-06
1.9463395412914088e-05
0.0004116262031285585
0.0
