1.0712496028241545
12.18795877240006
12.27043303494561
12.130601906603422
12.130601906603424
0.4845075546552783
0.0
25.89456344655944
44.04900037561025
44.0217373665901
46.16830156670755
44.87690453681079
26.548146592680848
0.0
37.7343848114079
84.56705333333922
83.45238944006294
99.99999999999999
98.15861276200191
49.61125339387097
1.1591303422753054
52.442660966186075
100.00000000000003
100.0
100.00000000000001
97.15319457797114
73.11501998207946
3.931640350292595
52.781100926150074
88.86838700040028
88.81245809500561
100.00000000000003
100.00000000000001
68.45598734862746
3.463683645099891
0.0
1.9130054208727787
1.9130054208727791
1.4930447227237624
3.610828998246978
4.626295369762256
0.771049121641852
0.0
0.0
0.0
0.0
0.0
0.0
0.0
0.0
12.187958772400062
12.270433034945608
12.130601906603419
12.130601906603424
23.993545089510825
0.0
44.049000375610184
44.02173736659011
46.16830156670754
44.876904536810784
63.90415791885928
2.310145373473485
52.39512878088366
51.28046488760738
79.64666472512307
99.99999999999999
97.42958979219905
0.0
64.70833659685603
63.011731730162566
65.6026302893535
82.72023009209946
99.99661805986447
0.025129954101123543
36.22614873766126
36.17021983226664
8.341593342044183
44.46850508423671
100.00000000000001
0.2250584838720437
1.9130054208727787
1.913005420872779
1.4930447227237622
3.610828998246978
43.049730917422316
0.0
0.0
0.0
0.0
0.0
0.0
0.0
0.00044046048877263645
0.00022023024438631823
0.0007181683111646
0.009602369487278018
0.0
0.0
2.7051118762256214
0.002873693498241923
0.005747386996483847
0.046915542484379034
2.030709357163787
13.087673168238547
13.08767316823855
2.98822136248479
0.05401269633342538
0.0
0.0
0.0
0.22071282600392317
0.22071282600392314
2.563998955102305
0.09982903151783372
3.511312160101728
5.7073620957462605
0.3737425308805404
1.5659950070898243
1.5659950070898245
0.7455824809723632
0.19856622510347233
2.168295147769325
1.8579913670226675
0.6068516902087098
0.6068516902087098
0.6068516902087098
0.20228362901631824
0.08456674446686496
0.0
4.04085552803596
4.0408555280359595
1.2243843895428275
0.4538619714799025
0.13720254020393263
0.12887847655262344
3.8268765458431333
3.826876545843135
0.5549897665965223
0.22199589289119148
0.0
0.0
2.5039162684865737
5.29544508886153
3.4263890833454553
1.8671618686991382
5.290291002547312
3.5972382671767766
0.0
19.463880534358545
50.253127034583365
31.768227357155233
21.87418916303851
51.32690639394951
33.4731372307207
0.0
49.70854484493236
77.35420474743732
98.5548033748231
52.49666415491984
48.236877400796
47.46823435262519
1.1591303422753054
62.8224664949298
84.38354163473147
99.99999999999984
91.71189861913057
84.16804387966435
73.11501998207949
3.9316403502925947
56.67742239141003
60.11555757253258
59.79944658612233
78.76938955261899
74.38662976344507
68.45598734862746
3.4636836450998905
1.513485668406712
0.0
0.15210844145285138
0.5860889382639758
0.19536215389065625
0.0
0.771049121641852
0.07268601963461874
0.0
0.0
0.0
0.0
0.0
0.0
0.0004979380667782818
0.012635098009837035
0.02524399258689716
0.006305252240152427
0.0
1.5028399511468968
0.0
0.0
1.614094359880062
3.6103833528982894
1.0275911654580092
2.2323882722913093
0.08985156378180105
0.0
0.0
0.0
0.0
3.5806429985445223
0.04267754470273102
2.238727479672364
0.4164200755832714
2.11127813144611
0.7073111420714976
0.11185702830405243
0.0
0.0
0.0
3.858340497699369
1.4072193408941953
0.4690728897552659
0.0
0.5838832273348037
0.6852891687763794
0.5638181636410856
0.3103037807466582
0.3103037807466582
0.0
0.0
0.0
0.0
0.0
0.0
0.0
0.0
0.00022023024438631823
0.00022023024438631823
0.00022023024438631823
2.1116047349993035
2.1116047349993057
0.0
0.002873693498241923
0.14704807565860034
0.14704807565860034
0.0
4.138337170314802
4.138337170314802
2.147810729331264
0.05401269633342538
1.9246317115837202
1.9246317115837188
0.033955297808852127
0.30236469755446166
0.30236469755446166
0.0
0.09982903151783372
0.0
0.0
0.0
2.3074737513225245
2.307473751322524
0.0
0.19856622510347233
4.582962219435975
4.582962219435974
0.0
1.6008852061953305
0.07268601963461876
0.0
0.08456674446686496
2.8752699073811345
2.875269907381135
0.0
0.8111232540538942
0.26396436087760344
0.13720254020393263
0.12887847655262344
0.5549897665965225
0.5549897665965224
0.5549897665965224
0.22199568233872913
0.0
0.0
