1.0712428003468768
12.18791655323805
12.269770225437453
12.131124276271578
12.131124276271583
0.4749026819991229
0.0
25.89929184069895
44.06943295587277
44.043278794018256
46.66007846881345
45.0793794944757
27.755715626145435
0.0
41.15056978559456
99.78406529338709
100.0
100.00000000000003
100.0
52.03824518357121
0.6610757588580599
51.46395332011867
93.22099711172118
100.00000000000001
99.99999999999999
100.0
65.1432729455212
2.4011381842636226
51.901985064274
90.51157266541288
91.310075454482
99.52817678259828
93.83943982686105
62.90265621731635
3.7715924679453616
0.0
0.6311558909487472
0.6311558909487472
0.22444514828637088
2.313147976875586
4.626295953751173
0.7710492827132339
0.0
0.0
0.0
0.0
0.0
0.0
0.0
0.0
12.187916553238052
12.269770225437451
12.131124276271573
12.131124276271585
23.99303525023347
0.0
44.06943295587277
44.043278794018256
46.66007846881345
45.079379494475695
63.84651817378189
0.0
71.80531873594467
69.74550916118994
87.27786619193363
82.97066642662526
93.73748502266415
0.28487814692056374
66.26952904085638
57.80438242972447
59.57669917277502
95.20056055119653
92.27008786428237
1.725241811054911
32.29217705280086
33.09067984187003
30.85465547686601
28.02162201431287
56.974969603801696
0.17012001939425667
3.5463174861805844
3.5463174861805826
3.1396067435182062
5.228309572107424
98.09668193843422
0.0
0.0
0.0
0.0
0.0
0.0
0.0
0.00038534614887279843
0.00019267307443639921
0.0006328205215334032
0.008510838950400265
0.0
0.0
3.3189747519632586
0.002742094870095576
0.005484189740191152
0.0
0.0
0.0
0.0
3.027790864545647
0.05245977032318053
0.0
0.0
0.05329150400237619
1.0125391343109167
1.012539134310917
3.0485740988970087
1.1715039237106462
4.688734446810496
20.36352989919567
0.22213030315727997
2.302642942055763
2.302642942055763
1.1613057567434013
0.12592441635596663
0.0
0.0018824523951014988
0.013324878208340482
0.35530092434167204
0.35530092434167215
0.12657904595577016
0.6608897944100188
13.459828833757127
16.799616565731863
4.000677526384755
1.1638671307657784
0.6608897944100189
0.6608897944100189
0.12887845996679637
3.826876507817268
3.826876507817267
0.5549898622950451
0.22199593100752973
0.0
0.0
2.5039205101773128
5.2953516848056195
3.4250663641056778
1.8688549320107897
5.291856461160069
3.6113925147786836
0.0
19.46370070461752
50.322132185392576
32.34799668739339
22.74209690754786
51.715002634098894
34.43652922965434
0.0
52.391094985922805
81.6767169342636
71.71084139139239
66.07712030862658
57.46428840142423
52.03824518357119
0.6610757588580599
62.469524568911375
85.995461359505
99.99999999999997
93.97063804819032
82.23837791679333
66.56700610823651
2.401138184263623
56.4905015858978
62.85026845265881
62.71048112395056
74.10065034251633
65.5788799376461
62.902656217316355
3.7715924679453625
1.3624301150327394
0.0
0.15268734171993067
0.6190101750670958
0.1701200193942566
0.0
0.7710492827132339
0.36555612501862533
0.0
0.0
0.0
0.0
0.0
0.0
0.00044014744709700406
0.012014171965291098
0.026686056080769814
0.007336500673280026
0.0
1.8438748761208572
0.0
0.02728644136485918
0.3697964659001729
4.742096896155356
1.580698927186722
1.8438747945581164
0.14388840708607797
0.0
0.9583162432276224
2.395790419987058
0.7985965844110681
1.6861436115529775
0.0
0.0
0.0
0.397874815862388
0.39787481586238804
0.5086202531604972
0.0
0.04051621512112565
0.4416245111631873
8.142747644695584
3.053530328622922
1.017843414350172
0.0
0.2545379483049544
0.40976933834210394
0.3079187317570804
0.06361897889782774
0.06361897889782774
0.0
0.0
0.0
0.0
0.0
0.0
0.0
0.0
0.00019267307443639921
0.00019267307443639921
0.00019267307443639921
2.0777348488157976
2.077734848815799
0.0
0.002742094870095576
0.14661068742183
0.14661068742182992
0.0
0.0
0.0
0.0
0.05245977032318053
1.8768910966613284
1.8768910966613293
0.10658301242167602
0.0
0.0
0.0
1.1715039237106462
0.6402946335521951
0.681944369627566
0.7080406407108891
1.3624301150327394
1.3624301150327394
0.0
0.12592441635596663
4.281430987478411
4.281430987478409
0.022885084507259443
9.314495323377392
2.4711820202334085
0.0
0.6608897944100188
0.6608897944100188
0.6608897944100188
0.6608897944100188
1.1699656910199279
0.6608897944100188
0.6608897944100188
0.12887845996679637
0.554989862295045
0.5549898622950452
0.5549898622950451
0.22199579804280434
0.0
0.0
