0.0
1.348861219708984e-08
5.50892354611879e-09
9.513576193144716e-09
6.841666811930693e-09
6.693309129447527e-09
6.133651826093538e-09
7.161658897969378e-09
6.267618700827646e-09
3.3888516601568883e-09
0.41021840151490374
6.296360633306118e-09
6.80482314208413e-09
6.253315126945536e-09
3.032749243691807
0.0
2.2087250179933746
18.64553327642082
1.949977394300431
1.656547261631191
8.32783618267418
33.91606954608509
7.540957905000865
5.144382532654058e-09
254.89791566616464
14.257626565889101
42.28090420728242
0.8582250871279449
0.5794285743985907
5.203311169519727
0.0
4.869379994824984
0.610024166828639
6.4475685712054265
0.19190898097219156
8.850831446917152
0.5839487502944982
93.48619706391159
41.04761897207958
0.3493432385944912
166.05041688256247
1.3958723498224397
2.522448234008608e-08
0.8911116080152994
4.58007332440651e-09
0.0
3.4088428718674297
0.5744010010478999
0.8895040240353228
7.492685135695062
1.8921872080220405
8.603121324300236e-10
35.954015802936695
0.17011296080705485
83.06394462124207
0.888106611484772
1.8940928389183076e-08
0.0002786083198397847
2.0885309501144734e-08
0.12319418847064215
0.0
2.3365764957691582e-07
3.233369254449974e-06
0.1228485353613209
0.076431153194504
8.192938536509798e-10
10.215940086671507
0.06416659092473387
4.594493261187774
4.479934671796957e-08
1.513608003479038e-08
0.5453073718615611
0.6095850361537913
1.0570936897328616
3.0838296254624027e-06
0.0
4.890769992260956e-06
0.18030328445633215
2.8756126933820866e-06
5.562230651714436e-10
12.4142765460982
0.007821555646501284
9.512449057848935
4.175571718867356e-08
3.6945043698642198e-09
0.7515520283440125
1.2460348842835365e-08
9.930303391527642e-09
5.754885465414898e-09
4.4728743706651554e-08
0.0
4.286350210512079e-09
4.383813675166566e-09
5.02818508171662e-10
9.544884604306779e-09
1.1093848012039655e-08
39.543818132297886
7.866906972381279e-08
6.409618662961466e-09
0.10485676256769318
3.046022414738298e-08
1.2008020624282642e-08
1.8559218712326344e-08
4.733575714841854e-06
3.021349996635644e-07
0.0
7.195742467057033e-09
1.8500587147490746e-09
9.862026796604603e-09
1.21355931990781e-08
4.728447739422657
8.102659504750566e-08
0.0014750277311762457
1.1771388600747774
0.25313573436466547
1.1303477464233402e-08
1.9270243902421257e-06
0.0003236776787859479
1.6419225734278504
0.1503162143482781
0.0
5.192729576838947e-10
12.927017415806478
8.207586884765763e-08
7.789875469841372e-08
2.6955450288064083e-08
2.5807582491810915e-08
0.06960563642126712
2.4620522811207228e-08
2.93713691380986e-08
0.07129498399012593
2.339261351169685e-07
3.2072738521852167e-06
0.12351238762044735
0.06620662562461857
0.0
0.1258212058564393
0.05862405719887711
0.11354396252918697
4.528401078724603e-08
1.0468257812044535e-08
5.542685047153527e-06
0.001897981617298928
1.2515294631588762e-08
2.7959178588165245e-06
3.227948257097292e-08
3.6924044223524167e-06
4.3479426634081875e-08
0.0003054413503700707
5.217276169387721e-09
0.0
0.0006682171538452902
0.29725086146784047
6.551606359916769e-08
1.2006229881871366e-08
0.0997842409485466
1.570137710630511e-08
9.154013464678299e-09
1.3244133840175736e-06
1.000138010983731e-07
0.5644196809694391
0.0034019647807952205
3.838809309486267e-07
7.002209979465791e-10
14.46917584671092
0.0
3.5843591539045914
7.57229654824526e-08
6.262392876461043e-09
0.21516859951026468
1.3808612477618275e-08
2.5704976610991583e-08
5.249677642903496e-09
2.2060877141681734e-08
2.821364030269714
0.0002520337363658407
0.00019957178027816416
5.529451045194865e-10
1.7304395762677798
0.00025208607331789895
0.0
0.00022875807862904584
6.3331355549349154e-09
0.010728001432602077
1.37329685920011e-08
4.6596618161388295e-09
4.754424118968032e-09
2.082662621755979e-08
0.21547268991077412
3.564486857688192e-05
2.91701146047137e-05
5.842728046107554e-10
5.8168272710049696e-08
3.569853669937401e-05
0.0005982630996247266
0.0
