0.0
11.466494426042953
11.466494426042951
11.466530097558882
11.466530097558884
23.99973782808932
0.0
46.25105964349191
46.25105964349178
45.82672631513604
45.92802870233427
63.63409285023447
0.0
99.99999999999969
99.99999999999979
99.99999999999999
99.77371019040505
99.99999999999996
0.0
76.73635931735518
76.1449637197084
85.62093400224592
100.00000000000003
100.00000000000003
0.0
59.918512921477515
59.93229832951049
60.357572711858985
70.00534380931025
100.0
0.0
3.461431914173532
3.461431914173532
3.461431914173532
3.461431914173532
30.413395557479046
0.0
0.0
0.0
0.0
0.0
0.0
0.0
0.0
0.0
0.0
0.0
0.0
0.0
0.0
0.0
0.8012761525817647
0.0
0.0
0.9143554078266153
0.0
0.0
0.0
0.0
0.0
0.9143554082540061
0.6696887292956076
0.0
0.6318789454627144
8.075106934132764
2.587170175961471
0.8623900524138791
0.0
0.0995972527536905
0.0995972527536905
0.0995972527536905
0.0995972527536905
0.0995972527536905
0.0
0.0
0.0
0.0
0.0
0.0
0.0
0.0
0.0
0.0
0.0
0.0
0.0
0.266658389703193
12.799812612959732
12.799812612959723
12.799860174980966
12.799860174980967
0.26665244445053704
0.0
24.061529449928383
41.97352277867588
41.97352277867583
41.58445345845374
41.67309304725219
23.967028899351465
0.10130238719797217
44.62831538863251
65.22411526695976
65.22411526695974
68.88446870509719
77.87581886855178
33.72799422104313
0.27393130007503586
58.02030832401271
87.34264323461692
87.01968342216742
70.91005212124834
71.93049221742832
40.75593248809564
0.0
52.3387013105953
65.06054633141706
65.0763010834554
70.63786435490785
58.19912419351937
59.66589857353811
1.5462759539393167
0.0
3.461431914173532
3.461431914173532
3.9007869383402283
3.9007869383402283
0.0
0.0
0.0
0.0
0.0
0.0
0.0
0.0
0.0
0.0
0.0
0.0
0.0
0.0
0.0
0.0
0.0
0.0
0.0
0.9157441743791594
0.0
0.0
0.9143554112702371
0.0
0.0
0.0
0.0
0.0
0.0
1.0623190370869056
0.0
1.4445596143133732
14.384046144393318
0.7221473662431022
1.3540263117058178
1.3540263117058178
1.3540263117058178
0.0
0.0
0.0
0.0
0.0
0.0
0.0
0.0
0.4062951527938893
4.477236793090015
4.070941640296138
0.8806916719018708
0.3218932836945774
0.08498831058395945
0.8065706322565619
1.5123199354810561
1.5123199354810561
0.0
0.0
0.0
0.0
3.7332174558447018
3.7332174558447018
3.7332174558447018
3.733134222307519
3.7331342223075175
3.7331342223075175
0.0
36.0922941748926
36.09229417489265
36.09229417489265
35.665630385032934
35.66563038503291
35.66563038503291
0.08863958879822564
53.3926660063136
62.229546128477125
52.425009650378556
43.21780098699302
39.05706492512354
49.77208486039003
0.23968988756565637
61.42329632350742
77.20754000083073
66.55665021327572
63.490354481680086
60.177481935066545
61.13389866208429
0.0
58.35897408974667
58.10497125008266
62.71264754251623
60.15695088479293
57.36598182141891
52.20766125184584
1.3529914596969022
0.2581989176805458
0.11023528899287242
0.43935502416669614
0.0
0.0
0.0
0.0
0.0
0.0
0.0
0.0
0.0
0.0
0.0
0.0
0.0
0.0
0.0
0.0
0.0
0.0
0.0
0.0
0.0
0.0
4.310692368838838
4.3106923688388346
0.7104216437753006
0.0
0.0
0.0
0.0
2.603341195941959
2.603341195941956
0.0
0.0
0.0
0.0
0.0
4.541936895654073
2.071490801627427
0.0
0.0
0.0
0.0
0.0
2.6793656669227217
0.4655112281878224
0.0
0.0
3.641454226700165
3.641454226700151
0.0
0.8753799392041943
0.31658155132697513
0.07436477176096451
0.7057493032244921
0.0
0.0
0.0
0.0
0.0
0.0
