0.0
11.466448754011594
11.466448754011582
11.46649393192836
11.466493931928362
23.999668399547172
0.0
41.900976892113945
46.17113381547491
46.034883706098825
46.06741119245387
63.882509477748094
0.0
98.73393755388396
99.99999999999999
100.00000000000004
100.0
100.00000000000001
0.0
80.17854417122987
81.87381021819408
89.58824906251255
100.00000000000007
100.00000000000001
0.0
64.47100450041549
63.40230904477066
57.65055587456524
86.67896904819507
99.99999999999999
0.0
0.20271192995660792
0.2604695057138143
0.19716322340621725
3.051414635395153
36.82131151847107
0.0
0.0
0.0
0.0
0.0
0.0
0.0
0.0
0.0
0.0
0.0
0.0
0.0
0.0
0.0
0.25728518014869867
0.0
0.0
1.0021348668732697
0.0
0.0
0.0
3.0606083507350537
0.04069752403208715
0.6652705451743753
0.7097924908181742
0.0
0.33435332389402905
2.923049233776496
1.282222285387885
0.5015299858410439
0.0
0.047178727201040875
0.299255698015183
0.007263492714033111
0.007263492714033111
0.007263492714033111
0.0
0.0
0.03000401368232953
0.06188280108582768
0.0
0.0
0.0
0.0
0.0
0.0
0.0
0.0
0.0
0.26665620845914445
12.799762909202805
12.799762909202785
12.799823146425156
12.799823146425162
0.266648678806348
0.0
24.019756857175143
46.171133815474796
41.90097689211398
41.77604974091561
41.80451129147629
23.98941300618164
0.03252748635480373
49.0416900279824
67.8795063230637
65.61130900815704
76.87758141429472
69.18774859406024
32.46093392397088
0.2849024388698966
47.19764373750963
77.18110329231813
77.84047753026495
69.17564157814382
68.26115938484423
47.37721045239628
0.0
56.84283947480106
66.51265988045172
64.90961669698358
64.06343733266294
57.495315511125455
50.41573967008379
0.8636391548471164
4.2266027604937
4.44533626182025
4.449461802945767
4.44493992563808
4.6488150264944315
3.120009629728026
0.5546683727065066
0.0
0.0
0.0
0.0
0.0
0.0
0.0
0.0
0.0
0.0
0.0
0.0
0.0
0.0
0.0
0.0
0.0
0.2940402058842271
0.0
0.0
5.021909353797847
0.0
0.0
0.0
0.3445971190477777
3.468071897139802
3.468071897139804
1.8624948943104367
0.0
1.502415233788231
15.054698621175469
0.058233765346880885
0.0
0.0
0.0
0.0
0.0
0.04074830207364984
0.0
0.06964398515947906
0.0696439851594791
0.0
0.0
0.051947632332534736
4.070941631320326
4.070941631320331
0.8806916602419835
0.32189325625781756
0.08498829700733435
0.07061273863911084
2.250781878600577
2.2507818786005767
0.0
0.0
0.0
0.0
3.733186918428022
3.733186918428022
3.733186918428022
3.7330815032888727
3.7330815032888722
3.7330815032888722
0.0
36.02963528576272
36.029635285762716
36.029635285762716
35.89263595389957
35.89263595389957
35.89263595389957
0.028461550560453262
43.13099040232268
68.52258335539987
59.93544699603201
42.87902705670336
38.982321871753506
50.33900195187458
0.2492896340111595
70.75599518388283
72.93523811245365
69.73910949349178
61.14683237680806
56.354375592242214
54.197331006499695
0.0
53.07540693125105
56.16212153211572
53.70056622437762
59.89030341653665
59.10868534450216
57.617988194381475
0.7556842604912268
1.769271815772878
0.0
0.06188280108582794
0.030004013682329495
0.030004013682329495
0.0
0.48533482611819323
0.0
0.0
0.0
0.0
0.0
0.0
0.0
0.0
0.0
0.0
0.0
0.0
0.0
1.247940557051405
0.0
0.0
0.0
0.0
1.3841364744336069
1.384136474433605
0.0
0.0
0.0
0.0
0.0
2.1489698569974576
2.1489698569974567
0.694660239044512
0.0
0.0
0.0
0.3376596101614752
5.087008913990562
3.538543631545755
0.0
0.0
0.0
0.0
0.0063252403769223095
1.0378471578300137
0.38919267005098757
0.0
0.0
1.0659720755183535
1.0659720755183526
0.0
0.8753799323316223
0.3165815348609956
0.07436475988141755
0.061786146309221926
0.0
0.0
0.0
0.0
0.0
0.0
