0.0
3.864724742172268e-08
1.2338370351055794e-08
0.689169124836667
1.4507188442300778e-08
1.3793691775750127e-08
1.645778593280571e-08
1.3233771107692147e-08
1.3971717334433155e-08
0.4741843751429268
3.0084784593514153
1.6248012522274415e-08
1.4059965563832666e-08
8.420712043290725e-09
8.414559640087528
0.0
5.63053268658728
10.281518687207647
5.1967219768923325
1.2567058117941399
27.171768624634772
24.134122188749952
5.95185039945164
2.7779460073576874
184.9556089365461
7.72618628746018
119.6407506243232
6.7082178634252605
1.1719327370919494e-08
3.008302316187739
0.0
2.1148138589635948
0.03267891822515645
13.92948819395997
6.5911863846901095
7.36137057647435
14.627489962413627
46.32060782755298
11.082168489296041
24.972441793639046
226.43462338005696
4.608673099557375
7.586979150264057e-09
1.0188792438130925
6.752310053618542e-09
0.0
5.76679999311188
2.1820022397407e-07
0.9502105591653804
6.439002282901791
0.9500533117475802
2.7160065681051387e-09
62.7271354756906
0.29742802968087767
7.590813429910553
2.757302992422468e-08
4.2922155503576994e-08
0.0006458056124770924
1.0419073376685564e-08
1.2546161843235364
0.0
0.00020851596482371085
4.141312498175247e-07
0.054867072567289385
7.867447155639272e-07
3.1867582312658966e-09
0.05679426898857313
2.2392600771276082e-07
0.04182330315760695
5.054136404873257e-08
2.629838920764522e-08
4.236314996439569
1.0205331372746962
0.09621758932509851
0.0004312426018769833
0.0
4.1307091373444724e-07
0.04329183693577115
1.1595097500397272e-06
2.1076175564700623e-09
16.199291670528027
6.35396898773699e-07
0.03712782365109679
7.059097075284497e-08
1.4781461428057687e-08
0.9101799982329415
1.0464573576306362e-07
4.292674221682871e-08
3.5015881002240084e-08
4.572305610008565e-07
0.0
1.1662587756493715e-08
6.303826820653685e-09
2.124547242745332e-09
2.546090612862966
9.45597319543481e-09
33.103474225880674
9.071725861712458e-08
1.5085702115098792e-08
1.3475830112465776e-06
1.0530845281482729e-08
5.276955422069761e-07
7.269534460823901e-08
9.728409757271718e-05
1.2172740812896294e-06
0.0
0.24927364370061794
2.3377721887118212e-09
1.4157847465655462
1.1821641572959164e-08
2.5760109155744226
1.2474150953446486e-07
2.381268352098638e-08
0.7289373363284872
0.7996010306603515
0.008035279537087119
0.007209274498869226
8.272631759484518e-05
0.007208694599005605
2.6947859183754132e-08
0.0
2.2125348435491562e-09
2.184418455323779e-06
0.00010350709751027053
2.662222654497177e-06
1.1348966541555125e-07
0.1569787947157282
0.7177115179694928
9.646381777814412e-09
1.0653025437095878e-07
0.290008407032978
6.750547785582569e-07
2.7931421534855387e-07
0.0763118857440715
7.842859350820667e-07
0.0
22.788678087071325
2.2137133119058034e-07
0.05281402643210692
4.943942462776448e-08
0.0018362102065224216
1.031348667258088e-06
0.011467071691404328
0.00045210003884963183
7.470909685672826e-08
1.6721093724306009e-07
4.950939227070125e-08
8.726131549648376e-06
0.000610068600947475
2.0294108125391095e-09
0.0
0.0009838548479603158
0.19112703056072977
8.706810097509786e-08
0.021478690759277084
0.02440558737936068
0.12241746430816844
8.906133782848431e-07
0.022822926666859374
1.0556891591459746e-06
0.16163741085340444
0.011072150125118734
1.6242875123437119e-06
1.6885858731968896e-09
67.57966790398598
0.0
1.684712354634362
1.1122395803237426e-07
0.2724837676523383
0.3440019824364098
2.162411479206897e-08
4.562600007032667e-09
6.145824100959329e-08
5.748525244298974e-05
3.6121571161882144
0.00022501046765275066
1.0440005716261784
2.1132322072975537e-09
7.513549012589608e-09
0.0002272581503581559
0.0
0.0010631716415387548
0.0749208857298167
0.08060315969986959
2.589200542424203e-08
0.00040253286248405904
2.3117073189353535e-07
4.261650395711708e-06
0.19543604310680948
5.786867884403845e-06
0.09053374728548431
2.1853910241860067e-09
3.9093254585485635
1.2284342659002551e-05
0.00029565992706928303
0.0
