1.0971014922833484
11.94147809707511
12.06211350680298
12.118332523053441
12.118332523053452
0.46340445314754436
0.0
25.900362428935424
44.07900431073011
44.053450314690494
46.61614414560624
45.060412723556105
27.493845804864304
0.0
38.04564753838635
93.77312928519231
93.02926852700328
100.00000000000001
100.0
48.73828219944071
2.9265331662112524
50.82594024855077
98.99212038011494
100.0
100.0
100.00000000000001
74.28132972599401
5.15059812184786
54.96771395236012
93.17066692984213
92.96190109258491
99.99999999999999
100.0
77.8602723978107
3.0547979542437935
0.09167496173136891
0.3716742003086726
0.3924914113971787
0.1621408587926033
2.3131478621845347
4.626295724369069
0.7710492186615219
0.0
0.0
0.0
0.0
0.0
0.0
0.0
0.0
12.345663401570356
12.466298811298227
12.522517827548688
12.118332523053455
23.99115589099531
0.0
44.079004310730134
44.053450314690494
46.616144145606235
45.0604127235561
63.86044808186461
4.216203051953121
59.627891397101536
58.88403063891253
70.64393456612925
75.35586729336632
95.48425429911883
0.0
60.00974142422649
57.93405350049786
60.52141529092981
79.65726640672835
99.75706423305994
0.0
35.42635386202024
35.18845488197232
16.90270808448559
58.47135667989902
84.62260726198373
0.0031106130394892907
3.2361425682121605
3.2569597793006664
3.026609226696093
5.177616230088025
72.53758330030755
0.0
0.0
0.0
0.0
0.0
0.0
0.0
0.0006049707183840325
0.0006049707183840325
0.0006049707183840325
0.0192960347334852
0.0
0.0
0.6731170269759723
0.05152388762318783
0.051523887623187825
0.08524479667391655
0.877070304086942
6.12000082999499
6.120000829994989
2.1254268702833223
0.05293380869126708
0.0
0.0
0.0
0.9523860348573995
0.9523860348573995
2.48413406898132
0.9266432267891143
7.758182627444708
11.667310506973996
0.004210343754616127
0.0
0.0
0.0
0.4179070370340055
7.868093854775188
7.241521413145388
1.8888640004491015
1.4634227873595949
1.0940588310174209
0.0
0.20674058474301046
1.4988850929608233
4.664192554263089
4.664192554263091
1.0060022193148797
0.36581849535005106
0.09145448833532287
0.12887847515236547
3.8268765071377167
3.826876507137718
0.5549897896579932
0.2219959066875464
0.0
0.0
2.488403267739214
5.292709734949398
3.4600663725808594
1.8548428885619022
5.241329427011831
3.616235234040727
0.0
19.4636033860698
50.01526604004264
32.36432059268936
22.667194240773828
51.66634506550218
34.2038894415727
0.0
49.83255908282152
83.29317211155856
68.57615879368802
54.178824459260355
46.600092100443476
46.600092100443476
2.9265331662112524
61.90644239705846
86.79429004146367
97.02834930318721
88.55404927870981
83.67962386174197
74.28132972599401
5.150598121847859
57.10286419315318
60.958922153604
68.20924327087052
89.50727979168612
89.50727979168612
77.86027239781068
3.0547979542437944
1.4163258041790714
0.0
0.1756930067428139
0.45759049216966086
0.13330938390838026
0.0
0.7710492186615219
0.0
0.0
0.0
0.0
0.0
0.0
0.0
0.0018555091147560898
0.013094838932806116
0.013094838932806115
0.0
0.0
0.5156674838073859
0.008386342921631706
0.04695762702068888
0.7657055303472579
4.689864913399836
1.5784020375324166
1.4877215086925946
0.13082962286469577
0.0
0.0
0.0
0.0
1.0678082887247622
0.0
18.07029534898615
0.0
0.0
0.0
0.5614172078378583
0.0
0.0
0.0797503302837496
0.0
0.0
0.0
0.0
0.6265724416297981
0.7085639131323612
0.8842569198751746
0.6265724416297981
1.2531448832595962
0.0
0.0
0.0
0.0
0.0
0.0
0.0
0.0006049707183840325
0.0006049707183840325
0.0006049707183840325
0.0006049707183840325
2.0223779188598616
2.0223779188598625
0.0
0.05152388762318783
0.19442127021656996
0.19442127021656994
0.051523887623187825
0.6475793070313818
0.6475793070313818
0.6475793070313818
0.05293380869126708
1.888230439200857
1.888230439200857
0.14652057641660257
0.10447837045794223
0.10447837045794223
0.0
0.9266432267891143
0.0
0.0
0.0
2.612860978666396
1.4163258041790714
0.0
0.41790703703400556
6.340745028511098
6.3407450285110984
2.515436442078899
0.5540451091029991
0.1846812806899749
0.0
0.20674058474301044
5.530290921348259
5.530290921348256
0.0
1.0060019969788356
0.36581858685345586
0.09145448833532285
0.12887847515236547
0.554989789657993
0.5549897896579932
0.5549897896579932
0.22199566447260402
0.0
0.0
