0.0
2.0328603288415694e-07
3.7252604993191357e-08
0.7283138665831715
5.4943915594514865e-08
3.605540461898395e-08
3.6210265386636043e-08
3.68985186566356e-08
3.242649748984853e-08
0.42246026640429407
4.7383116678734165
3.249127157662505e-08
3.7856917403019914e-08
3.527549262273296e-08
12.614285027361964
0.0
7.440317030394605
15.732797604464777
5.560388061787141
1.0472653106370254e-06
20.059568394784932
18.674629120486657
1.7213978762761002
2.415721448141754e-08
222.44523818239435
7.159296687368418
88.56687933765706
7.773219748926288
9.229578610424969e-08
2.6829925164171353
0.0
2.062876753487665
0.03229287906502099
11.686151217278702
3.6571519769426346
11.7550257661632
13.64762143011746
45.78777394776963
11.581058221981579
32.02777710723045
227.25589594761465
3.875612562636815
8.978050452313367e-08
1.5073049318268497
1.9762015242033686e-08
0.0
4.401328669163618
1.0162752822896e-06
0.765237379112581
6.557091040381835
0.8139611001270195
8.947529564830516e-09
53.000084738751625
0.26257271049667275
7.603562948779287
3.0079577123829033e-07
4.884283317578162e-08
0.0019725043179967816
3.386514489303101e-08
0.48886697240818416
0.0
0.0002972249658674832
9.913745863602315e-07
0.054316547261713866
2.7012707509906214e-06
1.2343269030048206e-08
1.871395991664497
7.476924512770826e-07
0.0418077090385557
4.4538060635693477e-07
3.668014901697599e-08
0.00022276068462344793
2.0738892063455815e-07
0.08483249088572989
0.0005230480790923492
0.0
1.0237432311520761e-06
0.03809753217403169
3.985562520066692e-06
7.101827589876173e-09
24.0176157365516
2.097584130358023e-06
0.033299089867149516
2.3355191169553157e-07
4.6619558875858386e-08
0.9255962471146539
6.10554834405629e-08
1.5989436441289191e-07
1.0437123964688597e-07
5.421828503966255e-07
0.0
2.2555038844811515e-08
4.7910668402143475e-08
7.362485088649145e-09
3.328646482306214e-08
3.7469490899086815e-08
37.33516362828895
5.294935703625406e-07
5.48327810904448e-08
4.2753489259485955e-06
1.3420604918132942e-07
3.4869383996192998e-06
3.011934049405933e-07
7.4179254899561615e-06
2.0803324689470555e-06
0.0
8.218915425158305e-08
1.1814760819558722e-08
3.990744091013384e-08
4.3971009817465896e-08
8.719758547933491
5.952826286011121e-07
5.200019803867902e-08
1.1757488036167558
9.328382696402582e-08
0.007425694988031434
0.18056719903569413
0.0006761361399495636
0.14872682500524817
1.5599543137611805e-05
0.0
7.394851830450685e-09
11.740684723631919
1.2174424130627086e-06
1.2175196102116767e-06
2.450962179237448e-07
5.997997406807288e-08
0.6490041150188472
3.488873995373651e-08
3.826354586585498e-08
1.6148927072895935e-06
1.4872330148676824e-06
7.090768282439689e-07
0.07591088767647716
2.684545491771212e-06
0.0
2.7585475591685316
0.40798035183075676
0.05180626432061984
3.664941837327824e-07
8.13017256556104e-08
0.007205288469024209
0.00034255563884342264
1.147125500586806e-06
1.532901762546052e-07
6.046106919721624e-07
9.846633054981002e-08
3.173653001232547e-07
0.0003957899928005746
1.942437254200446e-08
0.0
0.0012696352745331294
0.5332393349237112
4.619910145617188e-07
4.5705818596769745e-08
0.08984891405545269
7.437351793092941e-08
3.893605668516108e-06
0.00885015657934541
3.010298359500767e-06
0.09161830872288321
0.009116612821326978
0.00023472752353069788
9.156042764998444e-09
42.894999903063244
0.0
2.644446495814548
5.571868465897277e-07
1.579192426773581e-07
0.0158656876385474
2.2456966297033908e-07
0.0003729308218087032
3.545900167280414e-07
0.0062341387057743905
2.945251274062851
0.0003033096273985428
0.020413994878754543
1.4499217501951568e-08
0.0005591406570988237
0.00030397827198705863
0.0
0.0011055695616582163
2.3253470033900252e-07
0.1480244721380143
3.254446528987936e-07
6.945208000220909e-05
3.323900976984675e-07
0.004374871911184397
0.17754924924435622
5.404157854864607e-05
0.021836802641607714
1.9846765677814922e-08
1.3558457492373704e-07
5.416003595706937e-05
0.0009410624821933686
0.0
