0.0
1.5747684472670264e-07
3.9588128103566214e-08
3.855175262913546e-08
5.572265304033685e-08
3.23369730924505e-08
2.8855273527616463e-08
3.2528129570816195e-08
3.12781437103472e-08
1.3293353585588051e-08
2.5413555363041013e-08
3.6732696262433635e-08
3.687874312561132e-08
4.100328367756122e-08
5.27735415386807
0.0
3.2953262563320482
10.32560636466904
3.3607988979063608
1.5531221575318535e-06
7.512310607701584
21.421673932682896
0.8539287974462372
0.5935230740889483
145.50682989852498
0.26827774618252076
190.98211850735984
6.692428785632696
6.786554907399085e-08
2.9355879242718412
0.0
2.064410303684156
0.033094835118382473
15.992877392770314
7.148248945276828
15.325948414269352
8.834441410754746
46.99250837578403
11.501473998412958
29.92629643525151
211.0210620677592
10.331213072848591
1.8488573498775375e-08
1.0421111383190342
1.8451928275139154e-08
0.0
5.721024244465026
3.1214277974775535e-07
0.8170660444051419
6.472252098767964
0.817341817572091
6.456712003527317e-09
62.160198350908985
0.2641745142002207
7.430982255709562
2.1217353014830575e-07
0.00017268060756227732
0.0006419051397507523
1.1029152997729841e-07
0.36779423001843725
0.0
0.0002028926678777868
1.1658881820037238e-06
0.054534858259830205
8.941574495031956e-07
8.997237267759796e-08
0.05650467180991496
4.992946260332716e-07
0.0427187461155359
2.458225002455388e-07
0.00011808566960653493
8.133011317491205
6.348982872189126e-08
0.10060903203777626
0.0008310930456051523
0.0
7.636432124019714e-07
0.04513374230931941
1.3050608170105175e-06
5.209767394176472e-09
8.846094877776338
1.2530810499333129e-06
0.03906825601817172
1.463030382258682e-07
5.029237374731598e-08
0.2849272095641199
0.0018954386633589133
1.173682589504751e-07
0.00020783961003399915
0.0003364981394939979
0.0
8.294018323789645e-08
2.2051568637133715e-08
5.901602247413764e-09
2.2142812944015938e-08
2.3446774981845142e-08
35.46065133468152
3.193602033342847e-07
5.5165950950872744e-08
2.356211770252007e-06
1.544959986963617e-08
1.4292828040721726e-06
3.21461607078288e-07
0.00010063914246443422
2.207819677259831e-06
0.0
0.3490019257099414
9.502464852240526e-09
2.7696865901549e-08
2.7933930152479815e-08
2.4017373326094984
3.794586857834181e-07
3.357393747214693e-08
0.14247410707510733
2.5968044992403394
0.008398855935941908
0.006856397979664085
0.0005116306608951797
0.006796139479741318
2.3694439111164847e-08
0.0
5.989943174425327e-09
14.122227519482006
0.0001058172432946666
6.199453866543492e-08
1.7463808676617891e-07
0.009553506666644233
0.19875886513393454
1.3284469945322034e-05
0.0003369501829867612
1.4893749640529913e-06
1.7926271916048693e-06
5.21996903889491e-07
0.07552889787553939
8.932153664182863e-07
0.0
54.76691758348862
4.986158693615974e-07
0.05445484580315194
2.3450578939594875e-07
0.0037979241576445396
3.2227206492373534e-07
1.905171869363802e-08
0.0004742841125383506
7.584148209348319e-08
7.415002174398135e-06
7.118150584590859e-08
4.652673750641849e-06
0.000832784363235804
9.213940829460004e-09
0.0
0.0012122382689108181
0.08954742558703524
3.1201775487190815e-07
3.1547402356050683e-08
0.0022193378222505945
1.9046494196457168e-08
1.6607544142958007e-06
0.0022285175589422048
2.7590972598020943e-06
0.20892142115625262
0.012457853139474541
0.0001672212798447781
4.853026115486028e-09
78.28896561975549
0.0
0.9433523367519804
3.589304494290366e-07
0.2618721932873273
0.22173314648139836
0.0946785593875015
3.923945008246097e-08
1.0617657105266137e-07
5.8279529200666106e-05
5.281640504585146
0.00022548463665415732
0.8022404625018096
0.05746519425811267
1.5781449123661637e-08
0.00022805720609959658
0.0
0.0007532278348587943
0.07436002176686407
0.07745905535570706
0.06346727989841845
0.00042743098950334007
3.773390840894425e-07
1.0041938886513602e-05
0.2156229059820306
4.610110149013218e-06
0.10090445980879295
0.04724044094406863
0.005588681268270449
1.1325998337194486e-05
0.0009223550014759347
0.0
