0.0
11.466516550597559
11.466516550597547
11.46654763884528
11.466547638845284
23.99977150265482
0.0
46.25093132282033
46.25093132282029
45.827060555102676
45.92825251416911
63.63449173418359
0.0
100.0000000000001
100.00000000000009
100.00000000000007
99.77360785865817
100.0
0.0
76.7520978021703
76.1613081352808
85.66045782224225
99.99999999999997
100.0
0.0
59.958596352153116
59.97118850943516
60.357489930797875
70.00349119244683
99.99999999999999
0.0
3.4655386616975785
3.4655386616975785
3.4655386616975785
3.4655386616975785
30.47481747259353
0.0
0.0
0.0
0.0
0.0
0.0
0.0
0.0
0.0
0.0
0.0
0.0
0.0
0.0
0.0
0.8004026544817138
0.0
0.0
0.9129673605693043
0.0
0.0
0.0
0.0
0.0
0.9129673609150407
0.6699253873365725
0.0
0.5813138158626312
8.09088842750219
2.592226384133575
0.8640754566206567
0.0
0.09799484758976128
0.09799484758976128
0.09799484758976128
0.09799484758976128
0.09799484758976128
0.0
0.0
0.0
0.0
0.0
0.0
0.0
0.0
0.0
0.0
0.0
0.0
0.0
0.2666594523143205
12.799836683752273
12.799836683752257
12.799878134749235
12.799878134749239
0.2666542709396976
0.0
24.06146237753433
41.97340630606366
41.97340630606362
41.5847611061571
41.67330407034022
23.967064850325905
0.10119195906647681
44.6321843340349
65.21481346743666
65.21481346743663
68.89909432982127
77.8691226010121
33.723725666719055
0.2737706117524726
58.02668178376346
87.35811738954015
87.03593969413404
70.94919322514909
72.01810362039343
40.82665172080334
0.0
52.33959814982768
65.10968947224607
65.12408050914031
70.64318511165413
58.203020044143535
59.66671946121417
1.5465495835379297
0.0
3.4655386616975785
3.4655386616975785
3.9001236182691335
3.9001236182691335
0.0
0.0
0.0
0.0
0.0
0.0
0.0
0.0
0.0
0.0
0.0
0.0
0.0
0.0
0.0
0.0
0.0
0.0
0.0
0.9147458908362442
0.0
0.0
0.9129673631936412
0.0
0.0
0.0
0.0
0.0
0.0
1.060971803020017
0.0
1.4437122287706752
14.389585284579233
0.6643586467001499
1.2456724625627822
1.2456724625627822
1.2456724625627822
0.0
0.0
0.0
0.0
0.0
0.0
0.0
0.0
0.4040656056060209
4.47500725038761
4.070941644781605
0.8806916811803508
0.3218932999005828
0.0849883184864135
0.805971775813796
1.5111970796508682
1.5111970796508682
0.0
0.0
0.0
0.0
3.7332323324004895
3.7332323324004895
3.7332323324004895
3.733159793155768
3.733159793155768
3.733159793155768
0.0
36.09219356630159
36.09219356630151
36.09219356630151
35.66599489061437
35.66599489061439
35.66599489061439
0.08854296418316722
53.39000110732628
62.24292444570977
52.435883609038406
43.21831774963258
39.0570178501762
49.775824254043755
0.2395492852834135
61.425478655541326
77.24650480390815
66.59893813505992
63.5080724520442
60.194177737730996
61.239977530077745
0.0
58.35865037424098
58.104350877489345
62.64174798749749
60.16210213692913
57.367938331493306
52.208379528562396
1.3532308855956885
0.25848960498794626
0.11048516299956494
0.4345849565715547
0.0
0.0
0.0
0.0
0.0
0.0
0.0
0.0
0.0
0.0
0.0
0.0
0.0
0.0
0.0
0.0
0.0
0.0
0.0
0.0
0.0
0.0
4.305993191052099
4.305993191052101
0.7116495626127066
0.0
0.0
0.0
0.0
2.583116539253915
2.583116539253913
0.0
0.0
0.0
0.0
0.0
4.5431356551115645
2.072062187837338
0.0
0.0
0.0
0.0
0.0
2.687026046399588
0.4626507236730423
0.0
0.0
3.641106674903216
3.641106674903201
0.0
0.8753799392066205
0.31658155817723765
0.07436477867561181
0.7052253038370716
0.0
0.0
0.0
0.0
0.0
0.0
