0.0
11.46641610212271
11.466416102122706
11.466460858626169
11.466460858626176
23.99960054609332
0.0
46.22252395865247
46.22252395865249
46.007170878040775
45.99297193208651
63.663583019618834
0.0
92.97563669491194
99.99999999999994
99.83819926634249
99.94484446886703
99.99999999999999
3.232939111480322
84.21588459514138
99.99999999999997
99.99999999999997
99.99999999999999
99.99999999999999
0.23092422224859438
59.59694347889638
61.54024408164757
64.17969556206917
66.01135384446806
99.99999999999999
0.0
0.783273510136158
1.024156611551838
0.7819796944365965
3.8033039684267176
19.423152975596402
0.0
0.0
0.0
0.0
0.0
0.0
0.0
0.0
0.0
0.0
0.0
0.0
0.0
0.0
0.0
0.603454135857012
0.0
0.0
1.8808262103999156
0.0
0.0
0.0
5.0650977764085825
0.0
1.3889961008593457
0.46466223716147775
0.0
0.2976868053689146
4.3132366696703635
1.5297990933234074
0.4731922840533382
0.0
0.012638124707827993
0.28803956451164076
0.42574028441354694
0.42574028441354694
0.42574028441354694
0.0
0.0
0.12513400921106474
0.2580888988163528
0.0
0.0
0.0
0.0
0.0
0.0
0.0
0.0
0.0
0.2666547298665374
12.799727282578488
12.799727282578482
12.799786957916428
12.799786957916437
0.2666472704492931
0.0
24.044433780711678
41.94748557511545
41.947485575115415
41.748733064111775
41.76293201006637
23.879336733217418
0.12190683153373484
43.69296730161097
75.81108058206968
57.158742652693746
59.60330700665144
77.68560001380347
38.002636461153344
0.0
53.49419251944461
80.68400946348763
73.2552063042798
65.21400053296023
65.25044208932864
49.10591801526862
0.5525325411622599
52.97850475242081
69.28797966012357
73.20199073384582
61.73479762495963
57.5741860369751
50.84900123715556
0.8737345001289787
0.0
3.3595944637516935
3.3768003995670997
3.3595020483445825
3.575310925058163
3.4952221879347847
0.6213728260563433
0.0
0.0
0.0
0.0
0.0
0.0
0.0
0.0
0.0
0.0
0.0
0.0
0.0
0.0
0.0
0.0
0.0
0.6896618695508708
0.0
0.0
1.8808262126253217
0.0
0.0
0.0
0.0
0.6531893557782905
0.6531893557782911
1.6485407283942848
0.0
2.2644375045383054
2.2644375045382983
0.33615859014784955
0.7036715908767543
0.7036715908767576
0.49614467561485787
0.0
0.0
0.0
0.0
0.3417084517845566
0.34170845178455633
0.07885567942743012
0.0
0.0
4.070941622816745
4.0709416228167585
0.8806916514046302
0.3218932318213198
0.08498828448706074
0.07910463675239748
3.3930922205899225
2.5214610577688834
0.0
0.0
0.0
0.0
3.7331662181315233
3.7331662181315233
3.7331662181315233
3.733061786290104
3.733061786290103
3.733061786290103
0.0
36.066650671067485
36.06665067106751
36.06665067106751
35.819005099826136
35.819005099826136
35.819005099826136
0.10666847759201799
46.470434027248444
72.58732832766862
54.682270187401926
42.40152993788871
37.74989290140567
45.18448921873393
0.0
62.40973466028179
66.35598700930102
63.420112539045164
64.12636610688786
59.57028892038134
56.121049160306995
0.4834659735169774
58.19541061647507
57.991261563497694
57.991261563497694
66.04874024740836
64.5914181150323
58.98477543385595
0.7645176876128563
0.2595446370610467
0.0
0.2580888988163523
0.12513400921106477
0.12513400921106477
0.0
0.5437012227993003
0.0
0.0
0.0
0.0
0.0
0.0
0.0
0.0
0.0
0.0
0.0
0.0
0.0
1.40869181973383
0.0
0.0
0.0
0.0
3.414922938131746
3.414922938131744
2.032001859741519
0.0
0.0
0.0
0.07862773675533476
0.5383043007717992
0.5383043007717995
0.0
0.0
0.0
0.0
0.0
8.189702103273355
3.6336249188546534
0.0
0.0
1.1334204867317161
1.1334204867317141
0.07885567942743012
2.54914888425589
0.8601876310701996
0.0
0.0
3.8771131593937795
3.877113159393774
0.0
0.8753799233689076
0.3165815181376441
0.07436474892617814
0.06921655715834782
0.0
0.0
0.0
0.0
0.0
0.0
