1.0712450896272272
12.18792971501436
12.26995850995863
12.131310093389157
12.131310093389148
0.44866970543474693
0.0
41.99915568669015
53.01556030445062
53.19619845869673
46.10927832714027
44.85259725298132
26.482794181331293
0.0
43.01041277178671
99.28346764694948
100.00000000000001
100.0
99.7535603266692
46.75033323482295
0.3440344727107977
45.61006295118379
97.11215819954467
98.4923766408161
100.0
100.0
64.00112900585255
3.299491693968596
53.81082847060655
90.55464357499238
92.48439461117366
100.00000000000001
99.02808402955466
76.09369959382771
4.646770410090616
0.0
1.7763601949174506
1.7763601949174506
1.4788653157830436
3.606102879334089
4.626295940448319
0.7710492842996021
0.0
0.0
0.0
0.0
0.0
0.0
0.0
0.0
12.18792971501436
12.269958509958629
12.131310093389157
12.13131009338915
23.992036794399908
0.0
53.01556030445069
53.19619845869671
46.10927832714026
44.85259725298131
63.905874830427145
0.0
68.01763538890256
64.5682257917014
83.11511405707454
84.34332911897798
98.38906458338585
5.089949625598403
54.94153718592459
52.28359291517792
59.56129897132188
83.65881080507704
96.64173929683172
0.0
36.87691549888293
38.80666653506426
11.90332788498613
44.42694409919993
100.00000000000001
0.2063300540339863
1.7763601949174508
1.7763601949174508
1.4788653157830438
3.6061028793340895
51.34123023847364
0.0
0.0
0.0
0.0
0.0
0.0
0.0
0.0003945256496119549
0.00019726282480597745
0.0006375889617549617
0.00847048152957861
0.0
0.0
4.919178954437388
0.0029004483698115186
0.0058008967396230345
0.09764703962444227
0.6751645491368418
2.2012442838766866
2.2012442838766866
1.697345207003689
0.053861111150550756
0.0
0.0
0.0
4.252212117645806
4.252212117645806
2.9154402458265407
0.0
1.561929625640414
4.821119293151632
0.023789952048669814
0.19507462127935
0.19507462127935
0.19507462127935
0.21309298484553144
4.367908283273393
4.047870333425871
0.6222463389094188
1.0073445623594026
0.6873066125118816
0.11387405571201996
0.3369904693889084
1.1585404096294494
4.634097773289391
4.149538302437756
1.1592245751277153
0.49873823657412947
0.33699046938890836
0.12887844512769556
3.826876524609178
3.8268765246091796
0.5549898962867651
0.2219959536431681
0.0
0.0
2.5039193144693943
5.2953796606888135
3.4254427414336197
1.8689493459920747
5.293649966702103
3.639119214371255
0.0
17.999999997940908
49.83750294661862
32.37941755478931
21.769713885116165
51.28738976440977
33.43307301787341
0.0
53.22298020214028
68.42856089134685
58.21599349031755
45.76855784238386
43.33729416790066
43.33729416790066
0.3440344727107977
59.89818232109169
89.77218124793961
93.89466389628726
74.45650763797366
69.59129106630809
64.00112900585253
3.299491693968596
56.83816364372809
60.40990217944283
57.7605569407576
88.20400655331825
85.42073742934097
76.09369959382771
4.646770410090615
1.637714466252543
0.0
0.21298882669689106
0.5592335304054843
0.18741321591013568
0.0
0.7710492842996021
0.0
0.0
0.0
0.0
0.0
0.0
0.0
0.0004403261369489842
0.01104889328560261
0.025862983805288415
0.007407342755366895
0.0
2.732877237903994
0.016733689364910948
0.09764703962444225
0.6751645491368418
3.771031419859526
1.2570104120906225
2.7328772319237444
0.08762702572253092
0.0
0.0
0.0
0.0
2.016069284720244
0.0
12.278030378603104
0.0
0.0
0.0
0.0
0.0
0.0
0.0
4.082828864648166
1.439435535218505
0.4798116169442835
0.0
0.5683488287163063
0.6961421651515008
0.6608201129796066
0.640075899695042
0.640075899695042
0.0
0.0
0.0
0.0
0.0
0.0
0.0
0.0
0.00019726282480597745
0.00019726282480597745
0.00019726282480597745
2.0761232510404692
2.076123251040471
0.0
0.0029004483698115186
0.1457542618857913
0.14575426188579133
0.0
3.685936848901342
3.685936848901342
0.6751645491368418
0.053861111150550756
1.9270296813430523
1.9270296813430523
0.6541862848458095
0.0
0.0
0.0
0.0
0.0
0.0
0.07136798318349485
3.1300592313419204
1.637714466252543
0.0
0.21309298484553144
2.877251623799522
2.877251623799519
0.9422842887569396
0.557186065306956
0.22368653285593118
0.11387405571201994
0.3369904693889084
5.016142722219862
5.01614272221986
0.0
0.8525290652503292
0.35590730751275895
0.3369904693889085
0.12887844512769556
0.5549898962867649
0.5549898962867651
0.554989896286765
0.22199587120377326
0.0
0.0
