1.070879643030362
12.185765841497572
12.237794336848825
12.128327282786348
12.128327282786357
0.48049957252608555
0.0
25.900089864262846
44.05164745557889
44.025992103791275
46.283658516924916
44.92011482854768
26.511166365001234
0.0
51.0999288389461
98.46722340883623
100.0
100.00000000000001
100.0
30.614140502464743
0.0
52.629463475450756
98.4049383579271
100.00000000000001
100.0
98.17757356031792
53.49154032690742
0.5911422061107191
50.07775122048105
98.41638160959909
86.20276835481668
100.00000000000003
94.04260086644389
59.64622228670565
2.686114486432464
0.0
0.49911820285328745
0.5552086239476078
0.24955913081721268
2.313147873521217
4.626295747042434
0.7710492214204923
0.0
0.0
0.0
0.0
0.0
0.0
0.0
0.0
12.185765841497572
12.23779433684883
12.12832728278635
12.128327282786364
23.99260056260545
0.0
44.05164745557887
44.02599210379129
46.28365851692492
44.92011482854769
63.90533525297874
0.0
69.33392449845356
67.13736442568688
100.00000000000001
100.00000000000001
99.99999999999989
0.0
65.52346430574752
62.17577574880925
82.9570135748467
100.0
94.61763995671791
3.2916959294556007
18.35212544486491
29.763065651052568
11.487464058768744
26.51862280577001
22.055990993029997
0.05871837830970413
3.5813309312233472
3.6374213523176704
11.758160607123829
13.821749349827831
100.00000000000001
0.0
0.0
0.0
0.0
0.0
0.0
0.0
0.0
0.0
0.28012462498950935
1.2605618253913646
0.0
0.0
1.1617914696782285
0.005310435926091008
0.03676365864824329
0.03676365864824331
0.03676365864824331
0.03676365864824331
0.03676365864824331
3.1547283362452028
0.05391548784250334
0.0
0.0
0.3125108620538437
1.8937447948092416
1.893744794809242
2.736596080293311
0.0
8.07917159374019
6.748500542605896
1.2266617830030233
4.148308402616396
4.148308402616396
2.790956511763495
0.06755983047241847
0.0
0.0019890864588849085
0.01545230824588598
0.4023070094068266
0.40230700940682673
0.13535548858183277
0.2767429008385827
9.28193513662649
10.97557233084373
3.661567489198889
1.2471403454851968
0.4633356687363715
0.17760025278071565
0.12887847167581157
3.8268765063142087
3.8268765063142096
0.5549898047039208
0.22199590720171491
0.0
0.0
2.5041232970847567
5.290684608559207
3.3612868441782098
1.8628052080083377
5.278567438700998
3.607953209257437
0.0
19.463619768975683
49.1485589391128
31.921247520299232
22.088962031884996
51.38881452972524
33.39416990841735
0.0
56.625774261691944
65.66577166010764
74.6732322733071
51.21117242387551
59.913944099446425
58.63910476168448
0.0
62.64628258454153
81.47945277678238
97.9120415441346
87.1091237753966
71.77097380507607
55.3321497906657
0.591142206110719
55.60659300369576
58.376991036594085
61.47439543505597
72.85675492810955
63.10409177992615
59.64622228670565
2.6861144864324635
2.0182389371673644
0.0
8.458069577611022
0.618776906514944
0.1196587624427942
0.0
0.7710492214204923
1.0959717291964848
0.0
0.0
0.0
0.0
0.0
0.0
0.0015515042362736792
0.006242837046261635
0.1562744064297892
0.0
0.0
0.05130699185708114
0.007018474075580888
0.28012462498950935
1.269110629600148
4.092585641080431
1.363640419956514
1.7526266811966225
0.08544563236701455
0.0
0.0
0.0
0.0
1.4258479072618102
0.7275370020844929
0.0
0.0
1.879307153748129
0.7211026147559475
0.8026729687053543
0.0
7.610285440468244
0.0013595093901546177
3.4714487898755007
1.2871664099467504
0.4290553925449173
0.06946555458651556
0.03977701057498506
0.3288853011651132
0.3530882105854247
0.14658256205692738
0.0316808296744659
0.0
0.0
0.0
0.0
0.0
0.0
0.0
0.0
0.0
0.0
0.0
3.2960300496433446
2.035468224251978
0.0
0.005310435926091008
0.14392528535244853
0.1439252853524486
0.0
2.4934776506666765
2.4934776506666765
0.0
0.05391548784250334
1.928973317966423
1.928973317966424
0.0
0.4169551220078426
0.41695512200784257
0.293846519766183
0.0
0.0
0.0
2.4533235579125403
4.576248937694502
4.576248937694502
0.2527795530551149
0.06755983047241847
2.2970321261149613
2.2970321261149627
0.024207631113721706
6.30089290913247
1.0959717291964848
0.0
0.2767429008385828
1.9679302949816464
1.9679302949816477
1.9679302949816477
1.1757060231816268
0.39190170727535945
0.0
0.12887847167581157
0.5549898047039209
0.5549898047039208
0.5549898047039208
0.22199570177130823
0.0
0.0
