0.0
11.466397554523274
11.466397554523265
11.466453287691422
11.466453287691422
23.999590377388223
0.0
46.25062386066018
46.25062386066016
45.827860963881264
45.92878843932477
63.63544695231441
0.0
100.00000000000013
100.00000000000017
100.00000000000003
99.94544210626735
100.0
0.0
76.75882779334648
76.1690567322305
85.67600339200055
100.0
100.0
0.0
59.95695523143672
59.96959870590268
60.36883679286075
70.01464057631918
99.99999999999994
0.0
3.4627926333806363
3.4627926333806363
3.4627926333806363
3.4627926333806363
30.449490118057316
0.0
0.0
0.0
0.0
0.0
0.0
0.0
0.0
0.0
0.0
0.0
0.0
0.0
0.0
0.0
0.7983109526699851
0.0
0.0
0.9118285267980444
0.0
0.0
0.0
0.0
0.0
0.9118285278457607
0.6606286924158384
0.0
0.5820073750054099
8.093730354043531
2.5931368925956093
0.8643789488802963
0.0
0.101269521130918
0.101269521130918
0.101269521130918
0.101269521130918
0.101269521130918
0.0
0.0
0.0
0.0
0.0
0.0
0.0
0.0
0.0
0.0
0.0
0.0
0.0
0.2666537337716126
12.799707223716181
12.799707223716176
12.799781534607051
12.79978153460705
0.26664444491025374
0.0
24.061301743410812
41.973127237040856
41.97312723704083
41.585497833726976
41.67380937474003
23.96715086175048
0.10092747544353367
44.64252292603574
65.17248706317503
65.17248706317514
68.89404046426137
77.50858333791771
33.375388710868044
0.25529504220392574
58.020097421095194
87.35872185790743
87.03666438661895
70.94279151224494
71.99391624388417
40.81626579725149
0.0
52.33943829511229
65.10520082242661
65.11965050753037
70.64646016514833
58.19892373624868
59.665103399508304
1.5460108936964987
0.0
3.4627926333806363
3.4627926333806363
3.898063926931887
3.898063926931887
0.0
0.0
0.0
0.0
0.0
0.0
0.0
0.0
0.0
0.0
0.0
0.0
0.0
0.0
0.0
0.0
0.0
0.0
0.0
0.9123553744799829
0.0
0.0
0.91182853523958
0.0
0.0
0.0
0.0
0.0
0.0
1.0596136864012238
0.0
1.331369649183593
14.262846781632062
0.6651512857204681
1.2471586607258782
1.2471586607258782
1.2471586607258782
0.0
0.0
0.0
0.0
0.0
0.0
0.0
0.0
0.4007845917579481
4.471726204925934
4.070941613167982
0.8806916157772869
0.32189318567592906
0.08498826279457329
0.8068075494643037
1.5127641552455708
1.5127641552455708
0.0
0.0
0.0
0.0
3.733152272802577
3.733152272802577
3.733152272802577
3.7330222287435513
3.7330222287435535
3.7330222287435535
0.0
36.09195261511626
36.091952615116234
36.091952615116234
35.66686776794077
35.666867767940765
35.666867767940765
0.08831154101309197
53.40432858762513
62.25134844598316
52.46192389289064
43.230440927394156
39.05558918239542
49.62564893435211
0.22338316192843502
61.423224235013386
77.24612059785787
66.59512089697061
63.508734895107935
60.19139634859768
61.22439852912232
0.0
58.35778239931815
58.103133507332366
62.64569424936615
60.17274836308688
57.371015719009776
52.20696547456976
1.3527595319844363
0.25858782723988377
0.110802669120232
0.43527129355125055
0.0
0.0
0.0
0.0
0.0
0.0
0.0
0.0
0.0
0.0
0.0
0.0
0.0
0.0
0.0
0.0
0.0
0.0
0.0
0.0
0.0
0.0
4.294739853584139
4.2947398535841375
0.711068956945021
0.0
0.0
0.0
0.0
2.584942162563484
2.5849421625634887
0.0
0.0
0.0
0.0
0.0
4.532758403585051
2.0689922136751258
0.0
0.0
0.0
0.0
0.0
2.6929797692459085
0.46361937171266415
0.0
0.0
3.641790883627681
3.6417908836276673
0.0
0.8753799392003835
0.31658150990857303
0.07436472994525165
0.7059566057812657
0.0
0.0
0.0
0.0
0.0
0.0
