0.0
11.466517742397526
11.466517742397516
11.466548015126554
11.466548015126556
23.99977210673273
0.0
46.22070028746338
46.2207002874635
41.958333753236005
41.95833375323599
63.77269607594461
10.26438417600443
99.61020495957953
99.9999999999999
100.00000000000004
100.00000000000004
100.00000000000004
0.0
91.77188619022135
100.00000000000017
100.00000000000009
99.99999999999999
99.99999999999994
0.0
61.171683512534266
70.75682995495711
68.3039046547655
83.69638548816202
99.99999999999999
0.14374530114676598
1.30329104063541
1.3032910406354108
0.8286416492979997
0.8286416492979997
32.8169304825712
0.0
0.0
0.0
0.0
0.0
0.0
0.0
0.0
0.0
0.0
0.0
0.0
0.0
0.0
0.0
0.5946424059665251
0.0
0.0
1.010356963834042
0.0
0.0
0.0
3.3074106717562244
0.0
1.0103569661998466
0.40403921189346764
0.0
0.0
7.060724300743846
2.688506546003284
0.8961688406197864
0.0
0.2176998772308575
0.2176998772308575
0.2176998772308575
0.2176998772308575
0.2176998772308575
0.0
0.0
0.0
0.0
0.0
0.0
0.0
0.0
0.0
0.0
0.0
0.0
0.0
0.26665941077278643
12.799838093285423
12.799838093285404
12.799878456924121
12.799878456924127
0.2666543653179467
0.0
24.045662181035684
41.94596663784527
41.9459666378453
45.65304986090521
45.65304986090521
23.838687538196588
0.0
34.942693484740495
70.46066026306211
52.053568520448195
51.71428289326813
72.8437997187112
39.69812744627161
0.46383854765954896
54.27554111833604
74.7753674319494
84.30626837988659
71.89390959347624
72.39546028171162
59.50276734905475
0.47545626219379855
52.787870674569454
59.42321913441451
65.8036022191052
74.77036968531128
57.498203135258024
56.333462455521556
0.8322849692226492
0.0
1.1789435548296991
1.178943554829698
3.8571202963426128
3.8571202963426128
0.03194391160478413
0.08518375398373904
0.0
0.0
0.0
0.0
0.0
0.0
0.0
0.0
0.0
0.0
0.0
0.0
0.0
0.0181085245768053
0.0
0.0
0.0
0.6795913211046001
0.0
0.0
5.052732124262126
0.0
0.0
0.0
0.0
0.0
0.0
2.1106982460682873
0.0
9.156549688508326
3.6806231429567493
0.1366331780068905
0.5152960449337831
0.5152960449337819
0.3786628669268914
0.0
0.0
0.0
0.0
1.05352972759619
1.0535297275961888
0.0
0.0
1.916460097553368
4.070941646447173
4.070941646447176
0.8806916862674112
0.3218933072830579
0.08498832200811995
1.427201158472586
2.676002172136095
2.676002172136095
0.0
0.0
0.0
0.0
3.733231750819012
3.733231750819012
3.733231750819012
3.7331611144512546
3.733161114451253
3.733161114451253
0.0
36.06849327155357
36.06849327155357
36.06849327155357
35.75803130729487
35.758031307294885
41.80232639420345
0.0
52.21017131343559
69.87239185075342
57.43627847119575
40.58210361306515
38.3510986360507
44.81572627335681
0.4058587292021053
65.96559900664099
73.81375573989123
68.36855429915049
67.21827119397635
62.03062638334806
54.8728620195897
0.41602422941957373
60.14311990451903
59.639141369722665
59.639141369722665
58.85361564697708
58.19169464321937
51.523898083970366
0.7282493480698176
4.859268011124674
3.761649420805098
3.761649420805098
0.447214762466978
0.447214762466978
0.447214762466978
0.07453578473577165
0.0
0.0
0.0
0.0
0.0
0.0
0.0
0.0
0.0
0.0
0.0
0.0
0.0
1.498873017748047
0.0
0.0
0.0
0.0
3.144515687025213
3.144515687025215
0.3123012681957544
0.0
0.0
0.43173536335064866
0.0
0.7854633116816319
0.7854633116816335
0.0
0.0
0.0
0.0
0.43173536335064866
10.807875662075165
4.238003502451749
0.0
0.0
1.134616770595443
1.134616770595443
0.0
1.779027543993613
0.0
0.0
0.0
3.9723073765545176
3.9723073765545314
0.0
0.8753799376487162
0.31658156020334804
0.07436478175710494
1.2488010136635117
0.0
0.0
0.0
0.0
0.0
0.0
