0.0
2.56372419436913e-08
2.214940681588847e-08
3.0691917227677756e-08
2.5636123577579864e-08
2.528636424136611e-08
2.254688556435544e-08
2.7726323245394623e-08
2.420689247314598e-08
8.627692360814357e-09
3.263631037766887e-08
2.5586785135839683e-08
2.550743914008397e-08
2.2519402497447945e-08
1.1793998314318004
0.0
0.7800968451021857
10.87348492155842
0.6014044947340142
2.6310617287134943
1.0738418521965403
34.951790631640236
1.6700191548278769
4.310098258309239e-09
264.1082939969395
0.48973705292821734
64.59088306626685
0.25912999142992443
0.5287850290533871
6.799168117355683
0.0
6.799168109695978
0.5875910849249649
2.5972849476619184
1.592789916714258
27.950455325419917
2.170739385845226
120.33291738577135
90.13825500742323
0.6516982015448103
45.26829040022379
0.25761669055291886
0.07580395365346222
0.7871235370063834
1.3220083127759938e-08
0.0
4.435515782776419
0.09760461463351922
0.9762213218686479
16.927748959775265
1.5584754620936647
2.2844633211521303e-09
25.054676638514223
0.4710006365177712
134.34024852754698
2.312006037940418e-07
1.2559100145838345e-07
0.0007932931573716648
8.561400965986841e-08
0.437592815212183
0.0
9.416841048352454e-07
1.5753229255254767e-05
0.11892816293068371
0.07266361362364412
0.47274626870699166
0.12046814503169825
0.06090021162603413
0.11351616585919569
1.6612524129796704e-07
6.135430576771219e-08
1.7487000504079684
0.5698137721794987
3.5444134230295283
1.8268941503466812e-05
0.0
2.3971350048001007e-05
5.671519331430344
1.8084175879253535e-05
1.2816204982974542e-09
0.023324464606881312
0.21277434124268063
8.965892151029978
1.8744821182607526e-07
1.522387125101674e-08
0.2325428003139557
0.20576427131039432
0.23858507647183574
2.3340870672457427e-08
1.694135472360851e-07
0.0
1.2634769968213806e-07
0.0003744940691536834
1.167108971980205e-09
8.42070925842874e-08
1.1547215533659763e-07
43.447248339915774
0.0836591300838843
2.305540014203227e-08
8.21490435655129e-07
7.233888618985537e-07
5.948894338740858e-07
5.791673026061514e-08
1.219078269486364e-06
1.74469596009886e-06
0.0
0.0011230244010436707
1.6612682580374035e-09
8.971584785122335e-08
1.1506698995552603e-07
3.681655483047357
3.237721091650829e-07
0.019756159002175012
0.33136063807181915
0.2052126260184718
8.799578926420829e-07
0.03167318076349707
9.452608887894007e-07
1.6228634318931763
0.16629336181211704
0.0
1.1874844318007182e-09
3.473735358509949e-07
7.780336384420176e-07
0.8599904204892028
2.5634532615491166e-07
0.03495912858293504
0.060367824002112325
0.00017009942716914223
1.0808180610326052e-08
0.06256737275269796
9.382060580979367e-07
1.5610403057616845e-05
0.11490994940688501
0.05843030274701842
0.0
0.11704621574629595
0.05257022903233635
19.104936488674966
1.6624104658052517e-07
6.676654007685681e-08
1.1026864888481296e-05
8.203509474425268e-07
7.233973772607447e-07
7.851139630760459e-06
1.3340029257617517e-07
9.236773133251053e-06
1.8495599594402316e-07
0.0004153181345604959
2.774584030905882e-09
0.0
0.001317326838521299
0.22561057380473482
2.729400534968599e-07
6.082678529768889e-08
1.5456408399162676e-05
8.194606242380004e-07
0.5552848070570363
7.105101643214979e-06
0.09051922080985492
0.5591993732674613
0.0038518095518772577
0.00024389045518026698
1.6281746785428406e-09
0.8470128118133339
0.0
2.0867865885653756
3.1887646783644287e-07
0.11737000171743407
0.18387086268505953
6.730600461306672e-07
5.360116367080024e-06
3.0292573931734315e-07
0.02958183082395762
2.7367333474899986
0.00044307600320073307
0.17465538362340097
2.2886659764464027e-09
4.784271870895676e-07
0.00037642058698730845
0.0
0.00039663619798662906
0.02533098059414779
0.010343948871655129
9.407779145113876e-07
0.009132378358847908
4.578798744251432e-07
0.02954333000816211
0.15291806996882723
5.445232403719903e-05
0.031584630035244116
2.909043440865138e-09
3.1810598451182503e-07
5.364976670224675e-05
0.0006676128120935084
0.0
