1.070906147027268
12.185861271350857
12.238101558229376
12.118576413271432
12.118576413271429
0.4761360500192675
0.0
25.899228883820246
44.0688650721934
44.28995810985065
45.59547384209258
44.6480924672872
26.37492107495117
0.0
44.75262367997529
79.42639662943311
79.30286752527833
100.00000000000004
100.0
49.741021247416754
0.0
51.277980957055156
78.57958196854361
78.23541983138988
100.0
100.0
48.32362859632293
0.16464487039194756
55.574550628762886
63.63698301266339
65.06765436145398
67.2639881674216
65.10502164377985
69.6430622978476
0.0
0.0
2.023310658404387
2.0233106584043865
1.8278011194352006
3.671141246246432
4.008312287352356
0.66805204269886
0.0
0.0
0.0
0.0
0.0
0.0
0.0
0.0
12.185861271350857
12.238101558229378
12.118576413271434
12.118576413271436
23.99058081150843
0.0
44.068865072193454
44.28995810985065
45.59547384209258
44.648092467287206
63.90097034326949
0.0
79.42639662943314
79.3028675252783
68.17452236733276
68.50623615416556
100.0
0.0
78.57958196854366
78.23541983138988
54.66729943496261
54.960344972100536
99.99999999999996
0.0
63.636983012663386
65.06765436145399
67.2639881674216
65.10502164377986
99.99999999999994
0.23803651269076037
2.023310658404387
2.023310658404386
1.8278011194352006
3.671141246246432
14.974917491613674
0.0
0.0
0.0
0.0
0.0
0.0
0.0
0.0
0.0
0.23252309462841794
1.0463540132454263
0.0
0.0
0.24705815969680714
0.00891143252794501
0.08563070407279771
0.08563070407279771
0.6146524479651406
1.2746419329441225
1.2746419329441228
0.6883240883694387
0.05373123527802261
0.0
0.0
0.4372809639631679
1.6260625523306917
1.6260625523306915
0.7835683746109183
0.0
0.013104588204111357
0.6354801838878698
0.6223755956837583
0.0
0.0
0.0
0.08333705477623247
1.4823764453232817
0.0
0.033985814600682215
0.4300856625298814
0.43008566252988145
0.1539486813847868
0.1106692464690873
0.0
4.133488545084163
4.133488545084166
0.9754181354224074
0.3583363539988907
0.20522705381422834
0.09228154701698686
3.372339721390632
3.3723397213906314
0.49616755567091386
0.19846702180417203
0.0
0.0
2.504122877509589
5.29085171145557
3.3618785285059505
1.8635843198117357
5.228657976309754
3.6099669097902893
0.0
19.463706458911673
49.392978036847374
32.445995786122076
21.040089398820403
50.98798654549208
33.526049280311895
0.0
33.74976147754441
82.51921823168121
50.469297739685835
47.80605499971507
48.89673322173735
51.079508101515216
0.0
38.974728995927784
100.00000000000001
80.84293819567102
80.98636042046287
94.37812670716946
61.71539488302957
0.16464487039194756
32.4368714413825
84.26132743814074
53.537925845916924
36.3435662233769
83.99736189650386
51.97172871312845
0.0
0.047622279762112404
0.0
0.1801749860692517
0.43100963636200007
0.10937760840684166
0.0
0.66805204269886
0.0
0.0
0.0
0.0
0.0
0.0
0.0
0.001976972022898113
0.004227143861136728
0.1544064296456638
0.0
0.0
0.24705815417806057
0.008940579691462192
0.23252309462841794
1.0463540132454263
2.928496452825791
1.0337337151052686
0.6883242514006218
0.09283995654113547
0.0
0.0
0.0
0.0
0.6883242688583532
0.1455851152887743
0.0
0.0
0.0
0.0
0.11905569822755736
0.0
0.0
0.0
6.908692851273784
2.5907598068003646
0.8635865944115695
0.32567748508010935
0.16283874254005468
0.39034553364096736
0.400917695670437
0.16068437692852916
0.0
0.0
0.0
0.0
0.0
0.0
0.0
0.0
0.0
0.0
0.0
0.0
3.0675566745078604
2.0212026612624343
0.0
0.00891143252794501
0.2174370101931033
0.21743701019310346
0.08563070407279771
6.9127324832374955
6.9127324832374955
0.0
0.05373123527802261
1.9223840699236878
1.9223840699236878
0.22116491713937622
4.158063577867093
4.158063577867093
0.0
0.0
0.0
0.0
0.0
4.184278486437517
4.184278486437515
0.0
0.08333705477623247
1.373578208897792
1.3799506905409678
0.0063724816431777005
5.532642713526487
1.8442142323157276
0.0
0.1106692464690873
3.7627550831653678
3.7627550831653656
0.0
0.9182620505920915
0.3080095353556539
0.0
0.09228154701698685
0.4961675556709142
0.49616755567091386
0.4961675556709139
0.19846700525904296
0.0
0.0
