1.0712377807509121
12.187884194589595
12.269240146712397
12.119794625594201
12.119794625594198
0.501996697602124
0.0
25.899499639783397
44.071287532190034
44.237371592012565
46.22959069232592
44.90101763971647
26.502044691847946
0.0
40.18382985993978
95.3592009181315
100.0
100.00000000000001
100.00000000000001
42.13452115643854
0.0
54.29803003689256
97.54049310960826
100.0
99.99999999999999
99.99999999999999
54.860085736959526
1.7754789088398808
47.95989067891389
83.77539212940388
83.25105314394645
100.00000000000006
93.1930020144965
65.22651267671937
2.9643502164747795
0.0
1.926680854871361
2.00500197905132
1.603182694752933
3.64754208979804
4.626295870251649
0.7710492638612028
0.0
0.0
0.0
0.0
0.0
0.0
0.0
0.0
12.187884194589593
12.269240146712399
12.119794625594203
12.119794625594206
23.989848565308407
0.0
44.07128753219008
44.237371592012565
46.22959069232592
44.90101763971647
63.90818475238252
5.077903999341284
68.63141350969059
61.81815399555012
81.70366149153284
85.70668909864578
96.60339007257689
0.0
73.13460667547099
67.94876098623806
65.33363063746972
79.46980430945774
99.99999999999997
4.768500957776085
36.77494974489265
36.25061075943525
24.54953491994679
27.966489337777134
100.0
0.2266679085262039
1.9266808548713614
2.00500197905132
1.603182694752933
3.64754208979804
39.05351421959758
0.0
0.0
0.0
0.0
0.0
0.0
0.0
0.0
0.0
0.0
0.007120487020780475
0.0
0.0
3.9104287540264293
0.07259294296854168
0.0725929429685417
0.15948116338754081
1.1257967470135934
1.9509549514771094
1.9509549514771094
5.54799435584407
0.05428297616711705
0.0
0.0
0.012422879922821598
0.0
0.0
3.99999998494528
0.0
0.0
2.2079519416240903
1.1719001950995231
3.5828181078056294
3.582818107805629
1.5664273946544842
0.09654769275076801
1.6975563983255642
1.5225825333779328
0.4388458087877366
0.5954384033844705
0.5954384033844704
0.08183013880015977
0.37990960878405317
9.143126411681875
9.477225685035215
3.4264317571645693
1.406007959690442
0.5112755254074712
0.12781885462747652
0.12887843943526883
3.826876534413119
3.8268765344131186
0.5549899034479991
0.22199595938128275
0.0
0.0
2.503923912760934
5.295278224446032
3.424008968092064
1.86967596911418
5.167929768147588
3.5698731305505973
0.0
19.463681830689293
50.3286957477301
32.417167632389436
21.985719151619286
51.3574853620115
33.4061400976263
0.0
52.07468086897147
71.20037851543367
59.30952751249798
49.54367493108884
42.91515710156408
43.82692929675632
0.0
64.0179992021983
76.34361872862308
68.67774338004277
67.63079225969341
60.30739708053092
54.86008573695952
1.7754789088398808
56.158697753398144
64.47327638776036
76.58543942062222
77.1853073605099
72.23209871074465
65.22651267671937
2.964350216474779
2.0790002017235096
0.0
0.09262785535940443
0.7464340692927064
0.20885701704654852
0.0
0.7710492638612028
0.5544004420291669
0.0
0.0
0.0
0.0
0.0
0.0
0.002131804831101722
0.008741403731732994
0.028006852104072343
0.011559361967280381
0.003852939203745492
2.172460419802979
0.009639756771453458
0.028274012671724205
0.41251813841516166
3.9857191560130323
1.328573042948591
2.8565850060143614
0.0860766108829422
0.0
0.0
0.0
0.0
2.8565850220725912
0.15767773518481687
9.011369065465797
1.0120269526253178
10.75013226335924
3.426737089929514
1.2650263945318363
0.0
0.0
0.0
0.0
0.0
0.0
0.0
0.2955373338257765
0.37862809274905795
0.419041179421833
0.29847771054368744
0.34994772989526224
0.0
0.0
0.0
0.0
0.0
0.0
0.0
0.0
0.0
0.0
0.0
2.074057630490309
2.07405763049031
0.0
0.07259294296854168
0.24426076459673612
0.244260764596736
0.8251582044635158
2.873809262545558
2.873809262545558
0.0
0.05428297616711705
1.9276419628115329
1.927641962811533
0.024845758520615012
3.153780349303524
3.1537803493035246
0.0
0.0
0.0
0.0
0.5995246559212478
3.0910271543488275
3.0910271543488275
1.0120269526253178
0.09654769275076801
1.6228517601010988
1.6228517601010986
0.6138196737353677
4.310049870921914
0.5544004420291669
0.0
0.3799096087840532
3.773799590347571
3.7737995903475703
3.092332483811223
1.4060079053360213
0.5112755273295705
0.12781885462747655
0.12887843943526883
0.554989903447999
0.5549899034479991
0.5549899034479991
0.2219958987066903
0.0
0.0
