1.0709055961797538
12.185859957271097
12.23811650170754
12.11742002208675
12.117420022086769
0.4756754893159852
0.0
25.899214381830284
44.06874168723823
44.287754154430694
45.60112595457679
44.650350769453894
26.37599558108438
0.0
44.75293431077386
79.42953420934542
79.30617997304456
99.99999999999996
100.0
49.32811519738568
0.0
51.20727899883296
77.88703020787158
77.50323212855791
99.99999999999999
100.00000000000001
54.020731828970604
1.5845435341965886
55.4016240786777
63.51160726384014
65.92371539628228
66.47492472193973
64.18186396907466
60.554917626203526
0.0
0.7659894351128166
2.1231773337437305
2.3396281832218464
2.476952334198191
3.7770742692623327
0.017574846242358153
0.004038323779247672
0.0
0.0
0.0
0.0
0.0
0.0
0.0
0.0
12.1858599572711
12.238116501707541
12.117420022086751
12.117420022086764
23.99035731517389
0.0
44.06874168723823
44.28775415443068
45.60112595457679
44.65035076945389
63.90099307920343
0.0
79.42953420934543
79.30617997304455
68.03275794555248
68.03275794555248
100.0
0.0
77.88703020787153
77.50323212855794
58.911736228034286
56.79013084819201
99.99999999999986
0.0
63.51160726384019
65.92371539628228
66.47492472193974
64.18186396907467
100.0
0.24977938134885413
2.1231773337437305
2.3396281832218464
2.9695510796212967
4.269673014685434
13.484144614276927
0.0
0.0
0.0
0.0
0.0
0.0
0.0
0.0
0.0
0.23304161968974485
1.048688045401924
0.0
0.0
0.24670804974285243
0.009305494158448526
0.09297056479620265
0.09297056479620265
0.618568662739562
1.2347851535948475
1.234785153594847
0.7675949827245426
0.05373177327341975
0.0
0.0
0.49581152310035076
2.5351155290998895
2.5351155290998895
1.096178886173932
0.0
0.8589709878106387
0.5692132751380286
0.5692132751380286
0.38755330364572516
0.38755330364572516
0.15270176330887678
0.08838759695028248
0.0
0.0004899769575909472
0.02542496015436126
0.3164948060181746
0.3164948060181745
0.11312930947383448
0.18526510090740023
1.0957564503442672
4.1639848383017
4.163984838301698
0.9504891380241751
0.3478543058054493
0.08442099116588078
0.08125720604736529
3.7637101962132307
0.016191091698245293
0.0
0.0
0.0
0.0
2.50412274294108
5.290846293461893
3.361898810899686
1.8636299915837882
5.223172024744624
3.610204537502038
0.0
19.463707729025998
49.39034996772181
32.44155701328154
21.048151254578165
50.991340841273164
33.5249976014913
0.0
33.7497331296904
82.54753048254891
50.49761944381153
47.77232279350674
49.089293372827676
51.170009585440354
0.0
38.98115645241856
100.00000000000004
80.80471109055954
66.32843877033977
76.19276901518256
66.00666745057961
1.5845435341965886
32.45360621891813
81.15588320669777
51.95749981262963
36.745848826498765
80.58351638104224
48.423789008458655
0.0
0.1257180526050677
0.0
0.01337253384489731
0.006686266922448657
0.006686266922448657
0.006686266922448657
0.0040383237792476715
0.0
0.0
0.0
0.0
0.0
0.0
0.0
0.0020208376898042317
0.004001105684979544
0.1542079816688803
0.0
0.0
0.24670800015364477
0.009158458389489834
0.23304161968974485
1.048688045401924
2.913384918692106
1.0118346512773324
0.7675959699008934
0.09245729647958992
0.0
0.0
0.0
0.0
0.7675961126096571
0.14595888256456668
0.0
0.0
1.7560737909526103
1.7560737909526105
1.7560737909526105
0.0
0.0
0.0
8.103783682311438
3.517662203542354
2.449203068486678
0.017396764215050056
0.1014993382054397
0.10252840059483448
0.0010290623893948214
0.0010290623893948214
0.0
0.0
0.0
0.0
0.0
0.0
0.0
0.0
0.0
0.0
0.0
0.0
3.0700832726185854
2.0213952272166607
0.0
0.009305494158448526
0.22345366890331272
0.22345366890331275
0.09297056479620265
6.90196528512103
6.90196528512103
0.0
0.05373177327341975
1.9224031016737542
1.922403101673754
0.17046603042157807
3.8540700390242963
3.854070039024297
0.7659894351128166
0.0
0.0
0.0
0.0
5.589779439371506
5.589779439371506
0.0
0.08838759695028248
3.0380508104238246
3.042727372931253
0.5039615748529896
5.285684102567805
1.7618946464291332
0.0
0.18526510090740023
5.207367264696094
5.207367264696096
0.0
0.9504516931647803
0.34784794884665315
0.08442099116588078
0.08125720604736526
0.0
0.0
0.0
0.0
0.0
0.0
