1.071247228783489
12.18794237785319
12.27014523923191
12.132073624931017
12.132073624931012
0.4467858355976836
0.0
25.897763035619956
44.05598055952232
44.04913872384355
46.179721387912394
44.88152323373053
26.56159793186542
0.0
41.30587250018074
89.89726566201733
88.95482215478611
100.0
99.99999999999999
47.0227364999292
0.991336886583528
48.876234879859425
99.49441153761698
100.0
100.0
98.459212940792
68.80183430215656
3.091011957187384
53.26499108038976
90.10356879260536
91.33503047215504
100.0
100.0
73.0569193514345
4.1525378249650124
0.0
1.9918601522722716
1.9918601522722712
1.5553830814619467
3.631608697670428
4.626295634985709
0.7710491953253735
0.0
0.0
0.0
0.0
0.0
0.0
0.0
0.0
12.187942377853188
12.27014523923191
12.13207362493102
12.132073624931008
23.990399805748524
0.0
44.05598055952232
44.04913872384355
46.1797213879124
44.88152323373053
63.9036514841557
0.0
53.15654708725005
52.21410358001884
71.57234900541724
75.32821959449045
96.95883006552992
2.4626979446327186
61.936389247622216
63.406096097751806
52.93343770357886
100.0
97.12452502168931
0.0
36.9982809801702
38.22974265972007
9.58265672877884
50.97554606086685
76.17326523568693
0.2359862059360113
1.9918601522722716
1.991860152272271
1.5553830814619465
3.6316086976704276
75.52369128754177
0.0
0.0
0.0
0.0
0.0
0.0
0.0
0.0004351910440583906
0.0002175955220291953
0.0007127589670694115
0.009509323267353443
0.0
0.0
2.156533258674769
0.0039800721915513185
0.0
0.21099565651210378
1.651283409864452
10.100098748564967
10.100098748564971
2.0175292301219367
0.05379390643026072
0.0
0.0
0.0
0.0
0.0
1.7457342496972181
0.1103964298033245
3.892643353359786
4.288682681080821
0.8282930115474694
0.4373303109652815
0.43733031096528147
0.4291605315430642
0.1392949863455717
0.0
0.0023525205116875043
0.013761802854187825
0.40330441100664016
0.40330441100664016
0.04973578452907519
0.1256084299594072
0.0
4.089108138125726
4.089108138125725
0.9971173161119373
0.37158207056482645
0.235259822913391
0.12887845883685398
3.8268765410434766
3.8268765410434815
0.5549898373230975
0.22199592937550516
0.0
0.0
2.503918125399596
5.2954059722216344
3.425814336776193
1.8670502662114765
5.2927516518084134
3.6408076741423505
0.0
19.46383723380217
50.26988703218219
31.842406009046442
21.894594360117043
51.33418958111651
33.481217080835364
0.0
50.76342912995051
73.18073578448738
84.28960388176736
50.873498510526524
45.48637354550534
45.48637354550534
0.9913368865835279
61.134227915855114
93.11233853641642
87.2143700842766
89.89304953688261
80.64202294055434
69.40941655805048
3.226189713341218
56.778483326524025
61.841256083915475
59.097640700654246
85.69791396441538
80.12958776091206
72.44933709554059
4.017360068811179
1.0717361905154892
0.042708917818570925
0.2331503686704052
0.7098304327895186
0.2359862059360113
0.0
0.7710491953253736
0.0
0.0
0.0
0.0
0.0
0.0
0.0
0.0004951634450402162
0.011005822759496225
0.026339837140860568
0.009200665236812799
0.003066295791487433
1.2522942375530957
0.036168566020261576
0.2109956565121038
1.4588868469880318
3.1651508525750116
0.5687546133868793
1.884887022019134
0.09032643891297254
0.0
0.0
0.0
0.0
7.053836643306919
0.0
16.937787102416884
0.6129881299486294
6.540758969614659
2.1979213020387496
0.18073444612219502
0.0
0.0
0.0
5.992352888219042
2.24712529960512
0.7490369161177236
0.0550729979906568
0.32126333230762594
0.43552904174178475
0.4650459895612593
0.16702174848650997
0.006682919211243513
0.0
0.0
0.0
0.0
0.0
0.0
0.0
0.0
0.0002175955220291953
0.0002175955220291953
0.0002175955220291953
2.1032641921632997
2.1032641921633006
0.0
0.0039800721915513185
0.1461151019217608
0.1461151019217607
0.0
3.9803823152046673
3.9803823152046673
1.4588868469880318
0.05379390643026072
1.9246240965401045
1.9246240965401045
0.0
0.0
0.0
0.0
0.1103964298033245
0.0
0.0
0.0
1.5070830266252937
1.5070830266252937
0.0
0.1392949863455717
4.736029767820089
4.736029767820089
0.042784916791189634
0.42148696999367913
0.04973578452907519
0.04973578452907519
0.1256084299594072
4.270687424192116
4.270687424192116
0.0
0.9383021420571512
0.31276710366692195
0.0
0.12887845883685398
0.5549898373230975
0.5549898373230974
0.5549898373230973
0.22199579015300236
0.0
0.0
