0.0
0.0
0.0
0.0
0.0
15.32431130910677
0.0
0.0
0.0
0.0
0.0
35.311100208460786
0.0
0.0
0.0
0.0
0.0
39.364432296896844
0.0
0.0
5.131638878818278
12.50174271100432
0.0
8.530796666163504
0.0
0.0
0.0
0.0
0.0
0.0
0.0
0.0
0.0
0.0
0.0
0.0
0.0
0.0
0.0
0.0
0.0
0.0
0.0
0.0
0.0
0.0
0.0
0.0
0.0
0.0
0.0
0.0
0.0
0.0
0.0
0.0
0.0
0.0
0.0
0.0
0.0
0.0
0.9323114081356932
0.9323114081356932
0.0
0.0
0.0
0.0
29.438110075876086
0.0
0.0
0.0
0.0
0.0
0.0
0.6807194550425549
0.0
0.0
0.0
0.0
0.0
0.0
0.0
0.0
0.0
0.0
0.0
0.0
0.0
0.0
0.0
0.0
3.9999999999999996
22.710855225480802
23.62360556521828
2.3333333333333335
10.125206864728954
2.1263343220946984
0.0
4.999999999999997
51.291461623670365
40.041915956166946
42.31451178054778
36.93329542179473
33.87255791284224
0.0
50.467256207171225
97.967439139115
99.99999999999997
100.00000000000006
59.877451854381114
47.89595954967374
0.0
42.022397870819624
91.96103688573757
99.99999999999999
88.20748639381148
64.8796905968544
13.649866568995071
0.0
62.9317512658345
23.935642066622368
61.69270745220366
99.99999999999997
69.92661730753169
74.67132573663802
0.0
9.714599227498294
0.0
4.003423249124208
4.003423249124208
21.85428846579561
10.8364723954827
0.0
0.0
0.0
0.0
0.0
0.0
0.0
0.0
0.0
5.289144774519195
4.376394434781726
23.793000988761367
16.001127457365747
24.000000000000004
0.0
17.70853837632969
28.958084043833054
55.55804613229445
60.93926249104751
64.0
15.324311309106767
69.6365545024097
67.60399364152445
65.53487299809785
100.00000000000006
100.00000000000004
35.3111002084608
64.9949803236441
56.95601720938156
37.87035588087633
68.56738734432966
99.99999999999994
36.245321178086826
100.0
74.74467732542304
54.027384843137725
98.06407377282838
100.0
11.649907784973507
21.364507012471798
17.36108376334759
18.041803218390147
0.6807194550425549
11.999999999999998
0.0
0.0
0.0
0.0
0.0
0.0
0.0
0.0
0.0
0.0
0.0
0.0
0.0
1.3496429661071363
0.0
0.0
0.0
0.0
0.0
0.0
1.1795149707656867
0.0
0.0
0.0
0.0
0.0
0.0
4.746686704450629
0.0
0.0
10.343516855427739
3.500063453829911
0.0
0.0
0.0
0.0
0.0
13.963306237222369
0.0
0.0
0.0
0.0
0.0
0.0
0.48978145332380946
0.0
0.0
0.0
0.0
0.0
0.0
0.0
0.0
0.0
0.0
0.0
0.0
0.0
0.0
1.8736656779053014
1.8736656779053016
1.8736656779053011
0.0
55.00000000000001
55.0
54.99999999999999
26.127442087157764
26.12744208715776
26.127442087157764
0.0
53.53274379282872
53.532743792828725
53.532743792828725
55.601864436255326
55.60186443625532
55.601864436255326
0.0
79.32724509528752
75.67308954401767
74.740778135882
72.31080261634357
72.31080261634357
72.31080261634358
0.0
46.21216259001921
49.866318141289035
79.30442821716511
61.03370869661158
61.03370869661157
61.033708696611555
0.0
0.0
0.0
0.6807194550425549
0.0
0.0
0.0
0.0
0.0
0.0
0.0
0.0
0.0
0.0
0.0
