0.0
11.466541286002188
11.466541286002204
11.466567253299756
11.466567253299756
23.99980915667895
0.0
46.21249463033618
46.21249463033607
45.927165227515744
45.99528278519617
63.75395741285544
0.0
96.65701999974057
100.00000000000009
100.00000000000006
100.00000000000006
100.00000000000006
0.0
99.99999999999984
100.00000000000009
100.0
100.0
100.0
4.8056289957680836
58.13226715620932
63.645291859428184
70.29859009685677
100.00000000000001
100.00000000000001
0.8126107297365911
1.6730912707160375
1.8589903007955983
0.6991154911766565
2.9780321546906157
29.829889898953155
0.0
0.0
0.0
0.0
0.0
0.0
0.0
0.0
0.0
0.0
0.0
0.0
0.0
0.0
0.0
0.5387925853683004
0.0
0.4450935750816753
2.0472004715386296
0.0
0.0
0.0
1.889092203900431
0.02713952694523459
0.993236554140418
0.7372427065892816
0.0
0.37446796195699056
7.143601884544131
2.6369536500686457
0.8953100862574289
0.0
0.34175996045246676
0.34175996045246676
0.34175996045246676
0.34175996045246676
0.34175996045246676
0.0
0.0
0.0
0.0
0.0
0.0
0.0
0.0
0.0
0.0
0.0
0.0
0.0
0.2666606413991684
12.799863593832018
12.799863593832042
12.799898216895444
12.799898216895443
0.2666563135162431
0.0
24.041373515190198
41.93851864624359
41.93851864624345
41.67690139999205
41.73650426296242
23.977829635303404
0.06811755768055408
54.050182863387754
53.06326038289273
44.55072206326162
44.95375381950292
62.65841493518714
37.85515037325425
0.0
55.53870777716117
82.58074354233175
83.69659774526679
72.42557144231134
58.16478781338404
48.478595557326855
0.3952736529041849
47.80857165555895
69.97476409091703
76.45697996751693
70.13857290332498
53.25539192909678
59.03684868407725
1.3365926562389623
0.0
1.5655279653935035
1.8580451240287543
1.0683730718662867
2.1900166999062556
0.8389385894119877
0.25032080840168125
0.0
0.0
0.0
0.0
0.0
0.0
0.0
0.0
0.0
0.0
0.0
0.0
0.0
0.0
0.0
0.0
0.0
0.6157629547066293
0.006862035135439217
0.0548992644304558
5.2388016062263585
0.0
0.0
0.0
0.3045908452563441
3.016353396061949
3.0163533960619464
0.9878995383293517
0.0
2.1059492290450166
2.205417898588707
0.42712813625605367
0.8015960982130448
0.8015960982130448
0.7021274286693578
0.0
4.443489884494692
4.858645342003738
0.0
0.7156328409548416
0.7156328409548403
0.0
0.0
0.0
4.070941650125612
4.070941650125612
0.8806916927977143
0.3218933196815478
0.08498832810302434
1.2875468271224042
2.41415030085451
2.41415030085451
0.0
0.0
0.0
0.0
3.733248979588357
3.733248979588357
3.733248979588357
3.7331883892274047
3.733188389227402
3.733188389227402
0.0
36.062060272785345
36.06206027278535
36.06206027278535
35.775163821978566
35.77516382197855
35.77516382197855
0.05960286297048484
45.57990352564559
59.48738857665587
49.57799916712606
36.471858354745464
36.94723099102702
48.743114353497525
0.0
65.88336660039103
72.88760586510375
66.44283802925041
65.79597757897885
59.06838258738461
55.40410920837354
0.3458644462911618
56.97344070154504
56.228550754902955
56.228550754902955
59.7907202598183
57.06043206170287
51.65724259856759
1.1695185742090919
0.46132309339005645
0.0
0.0
1.2584078841179824
1.2584078841179824
1.2584078841179824
0.2190307073514711
0.0
0.0
0.0
0.0
0.0
0.0
0.0
0.0
0.0
0.0
0.0
0.0
0.0
0.0
0.0
0.0
0.0
0.0
2.9174581321216917
2.917458132121693
0.018870596622457853
0.0
0.0
0.0
0.7614771126474719
3.085613932552037
3.0856139325520355
0.5685695775487026
0.0
0.0
0.0
0.0
8.639263865436753
2.998600107035368
0.0
0.0
0.0
0.0
0.06505748591789155
2.1674880708072446
0.0
0.0
0.0
3.9077858354332133
3.9077858354332284
0.0
0.8753799386760851
0.31658156616402766
0.0743647870901463
1.126603473732105
0.0
0.0
0.0
0.0
0.0
0.0
