1.0712240331060234
12.187799981313049
12.267938156004627
12.119415968190735
12.119415968190728
0.4732360681582789
0.0
25.89851338019768
44.062468736040806
44.12874699009995
45.831902243017744
44.7430613648463
26.539206847850267
0.0
48.56583399823166
96.33425896146059
100.00000000000001
100.00000000000001
100.00000000000001
30.870814770348684
0.0
54.31910868197772
99.68299524068256
99.99999999999999
100.0
100.0
55.07421557693265
1.536982074861083
51.33286972289911
99.72183404568611
88.30857769791635
100.00000000000007
98.09526840302635
64.52222933115013
4.045030969137852
0.1608696553789137
0.37363178649989004
0.44452437177033405
0.0
2.3131481204737847
4.626296240947569
0.7710493649330146
0.0
0.0
0.0
0.0
0.0
0.0
0.0
0.0
12.187799981313045
12.267938156004627
12.11941596819073
12.11941596819072
23.99071708414381
0.0
44.06246873604084
44.128746990099955
45.83190224301776
44.743061364846305
63.896995231450916
0.0
65.49424435773636
61.34306089682303
72.04389025577753
71.89108989786165
100.00000000000014
0.0
68.55284572518173
66.82979156696565
63.11325285563278
73.98619235059914
100.0
1.6729801051866857
20.889266502354193
31.50210251876622
27.1628712331847
24.11754191816429
100.00000000000001
0.0
5.480338493577391
5.551231078847832
5.106706707077503
7.419854827551291
34.37014020391734
0.0
0.0
0.0
0.0
0.0
0.0
0.0
0.0
0.0
0.25403078498541387
1.1431385708363448
0.0
0.0
0.8272284546482405
0.008468378739690655
0.07738305730190036
0.07738305730190037
0.25001828258683767
2.1370434772344704
2.13704347723447
5.17696714352764
0.05363840965707089
0.0
0.0
0.13074548931301472
0.0
0.0
1.4407565924337873
0.1583124274940409
5.617350944749307
5.575428240328545
0.42889147219789414
4.0380643446003965
4.0380643446003965
1.4798272607759329
0.0
0.0
0.0
0.05249430145234515
0.3820419396728568
0.3820419396728569
0.1049886029046903
0.3307129517467646
9.034975423819128
9.64439566369511
3.471412084840801
1.319435394738736
0.4397737710142956
0.08788631689080384
0.12887842792517082
3.8268765159899107
3.8268765159899116
0.5549899678564156
0.2219959865866683
0.0
0.0
2.5039322369439514
5.295094077977406
3.42141186412696
1.8717553771094388
5.234305479233307
3.6128382973707076
0.0
19.463771505335487
49.28355093283049
32.21737331660442
21.37511801856929
51.136286277610054
33.59251678400749
0.0
55.48134415539379
60.49659333414263
53.58108317698033
37.547837137683516
44.10301646271104
51.3275757542144
0.0
63.34338288485171
76.00362071898383
74.04824498975526
63.096045532736824
62.79594217776241
55.900656622486125
1.536982074861083
55.92467892648397
59.05761349878325
74.904271230297
78.64420810176877
71.80477251676967
64.52222933115013
4.045030969137853
0.32016813261905164
0.0
0.2652345345085397
0.728179088161754
0.14178517054088768
0.0
0.7710493649330146
0.8364900525933429
0.0
0.0
0.0
0.0
0.0
0.0
0.001949936250292875
0.009390598594496601
0.031739506090135226
0.013409361985561571
0.004469747923633273
0.4595713736145813
0.008815432551415812
0.25403078498541387
1.3288770261047689
3.266522621131944
1.0888408704137154
2.7398149088785435
0.09656695606018095
0.0
0.0
1.5744672619271913
0.1239075287629822
2.739814910010253
0.9132486962192075
0.0
0.0
10.697375543503513
2.4487047512110367
1.3692481089317243
0.0
0.0
0.05249430145234515
3.7382599054565286
1.3710268994832049
0.45700896095656895
0.0
0.014889162764093054
0.17402983105578787
0.4392643655643274
0.16433529151806925
0.05462110003214597
0.0
0.0
0.0
0.0
0.0
0.0
0.0
0.0
0.0
0.0
0.0
3.169904864280569
2.026766293444224
0.0
0.008468378739690656
0.2105791784600187
0.2105791784600186
0.07738305730190036
5.498299197172447
5.498299197172447
0.0
0.05363840965707089
1.9190629941163333
1.919062994116334
0.0
2.45046877614471
2.4504687761447093
0.0
0.1583124274940409
0.0
0.0
0.8577829441672863
4.0417657145306105
2.8152641381830503
0.64333720818259
0.0
2.211472407055005
2.211472407055005
0.0
5.7113988493861125
0.8364900525933429
0.0
0.33071295174676457
3.0357058765138696
3.0357058765138714
2.8619918449648254
1.407378725989548
0.5277171103699795
0.08788631689080384
0.12887842792517082
0.5549899678564156
0.5549899678564156
0.5549899678564156
0.22199597892743778
0.0
0.0
