0.0
0.0002769799490500584
0.10295512136633461
0.12464639585776585
1.7134637557475642e-08
8.06813477055694e-06
4.307646558632236e-06
5.212708742493264e-06
4.572505700517585e-06
0.9381079015392813
1.1847466032058382
3.898964440598478e-06
2.9480863474071763e-09
2.476087993508866e-06
1.0685133853030115
0.0
0.7566780547274049
3.320595840657397
0.49314974807986345
5.543815445180929e-05
0.3339984683918371
1.8385773852999845
0.33399149812931617
3.5510276214503387
280.9306952998868
8.036747968399014
102.67170471442931
0.9510814274377092
0.09405510173839512
0.7431469829310955
0.0
0.743147280480815
0.21538818307288854
14.658023278098597
8.963078136723597
3.7477346022233102
8.963087234619927
14.858098518711712
113.48918998899799
10.661978438066297
210.42139809961608
1.440578029381634
0.3062421396334841
1.0618580979605223
0.00014363976888646221
0.0
2.7647987314355547
4.197111040397093e-05
2.388276285271259e-05
0.00037512415220774696
2.5236460219993944e-05
9.869144269977176e-05
17.208067310330293
1.370219278330486e-09
1.1892688824539609e-09
1.1892379287471659e-09
0.00011856930739855943
0.001644562547060332
0.00014226063403626285
0.09344393750394563
0.0
0.00020033593529509333
4.597068222002956e-05
2.4542684593960806e-10
4.869137663715333e-05
3.94530752193762e-05
1.3799286448705018e-09
2.1342611136664586e-10
1.2279458916373273e-09
9.894350075593552e-10
5.915699364389586e-05
0.5259880826488119
0.0012612394301393661
1.4649285373290186
0.00047237206427836213
0.0
0.00034054270655481454
0.0002786661053485327
0.0003134085728048977
0.0001330594662501428
2.3212449108667674
0.00011137081076866882
7.813839580034319e-10
5.500258180488046e-05
9.52506631936437e-09
0.0037167108028914237
8.571979402864817e-08
0.017402186024399316
7.32158096200829e-05
0.0005775637370857409
0.0
0.0004114996309439518
7.033586038017608e-05
5.475187277698003e-05
1.8160720190556528e-09
5.81872984623589e-05
8.63299261435719e-10
6.505111763718951e-05
1.1689894788642779e-08
0.0019910202717898237
6.62708970439431e-09
0.0006562682132394323
4.140717303801807e-05
0.00031292805072928326
0.0005702303028632152
0.0
0.05061784968455927
3.2407378900904646e-05
5.038489248948019e-10
8.982550620993405e-05
10.79925512786459
7.693494040655652e-05
0.0006839431789202651
0.0003689957887791862
0.5937984811978267
1.5927476122244077
7.246100397890776e-05
0.00022078804310728505
4.618554571056936e-05
9.6229463696328e-10
0.0
5.4947084476468844e-05
3.187520253016265e-08
0.00014330519642678124
19.997229585727055
0.8482891898148831
0.24303189964964206
0.27300119290782576
0.00014317577358940206
0.0002812419753051412
4.9070536459943867e-05
0.00020088303411517104
4.5854978041527613e-05
0.000619481493066931
4.8583270600100885e-05
0.0
1.975756597495236e-09
1.7653894812879988e-09
1.0864649709589755e-09
1.0313551313935465e-09
0.0018836769584618216
2.7620177645717943e-06
0.001018778451012323
4.795199633401091e-05
3.905582634187871e-06
7.278003086500298e-05
3.6812745983759837e-06
4.1119359124357094e-05
0.00041869811011501954
2.9790210201594232e-06
0.0
0.0006225769005939432
0.6621035445983062
3.9473816859713354e-05
0.0010257077268772225
0.0006806891217037961
0.0007518221953913282
0.000399279411439956
4.321487221262468e-05
0.00024088615242811532
2.2421982736203342e-05
6.751384934493525e-05
0.00037165796280634204
3.317625508363813e-05
2.3919540103994307e-09
0.0
10.804890565003088
7.724554989811234e-05
0.002037366033283994
0.0010374996303064397
3.1707482206486465e-09
4.181309544960425e-10
1.9364188135617856e-05
2.9983924473121296e-05
6.425096597186691e-05
0.0003617907171799162
1.8789028114362352
1.5637737779823562e-05
4.4371084119987995e-10
0.0003502542602437213
0.0
0.00018554405086434347
0.0020778823674174104
0.00201833814284516
5.283285042861136e-10
5.073818704524572e-10
3.4480835010865386e-06
5.553096947729407e-06
1.3611982247588352e-05
0.00030303227295261446
1.631658294639614e-05
2.7496160728016203e-06
4.971371423794533e-10
0.00017146352615500136
0.0008381780138399978
0.0
