0.0
6.818122491203453e-08
9.950122152938375e-09
1.740017261021999e-07
1.9269336533833783e-08
1.8831919853851308e-08
2.1223978660992614e-08
1.919773259467749e-08
1.922973496106314e-08
1.2896377263546863
8.477449781215663
2.089636320468802e-08
1.9611149574348558e-08
1.818712333450691e-08
9.359443217810284
0.0
5.79781195451242
11.958497142728095
6.082392107700394
2.493392689651783
11.260374307800678
24.09403900085244
4.4212329994770485
1.4565988190156846e-08
205.59143124823157
13.027683594112244
100.34183620804399
5.126308283970008
1.153664835970505e-08
2.969606606152132
0.0
1.8988548951990025
0.03249846893052907
10.963455529191169
9.594351989127556
7.850847225290002
10.860226470426674
46.996650045886526
11.581547335933493
23.89746884361654
229.88222857609992
5.21208415424317
1.3818060395783726e-08
0.6852343937565422
1.0999687959742879e-08
0.0
3.8920231079505783
5.463784291246997e-07
0.8116853670787914
6.542593459060747
0.8114943045338849
4.790183604838872e-09
55.25947824204445
0.26173250500444634
7.583518173114136
1.5721264470426652e-07
2.00825480856513e-08
0.0005069276888135839
1.4964971379148927e-08
0.7495906170531736
0.0
0.00016898074862202927
5.926443930214312e-07
0.05486871627681795
9.180790386323397e-07
5.172602517146439e-09
3.6391933804456813
3.707969047750617e-07
0.04165930318414088
2.2241463794638407e-07
1.9599878008419942e-08
1.438240014327698
1.1684426102624168e-07
1.3797392003808615
0.0003036005513020832
0.0
6.185292692722671e-07
0.04231240000892236
1.3536822071182773e-06
3.724377033875677e-09
12.706458226644807
1.060434113134215e-06
0.036018316594668705
1.236623860983442e-07
1.483136935356536e-08
0.47903159449304233
0.4006003574826885
8.470785007554457e-08
5.5043677804594286e-08
2.628790270854579e-06
0.0
2.0764636850873055e-08
4.420230936859568e-08
3.6671186238894265e-09
1.706340963039006e-08
2.007059666029815e-08
35.46392048877048
2.608265388042882e-07
2.337748628102433e-08
1.454051119634844e-06
4.107348374571119e-08
8.788804480631022e-07
1.2350728761348503e-07
8.095070436861046e-05
1.3397029265291367e-06
0.0
1.0319724971142485e-07
4.1011842739420734e-09
2.0293978789633405e-08
2.351048070197501e-08
3.9629261623377805
3.379216604965694e-07
1.4041409148415476e-08
0.867271764706099
1.306044532352295
0.007882308549594689
0.0074098928240644134
5.151621658158512e-05
0.007409144723478795
3.227025113409707e-08
0.0
3.764810913281028e-09
2.7985641801924044
6.707912720642451e-05
1.3285129449242998
1.7856704071239023e-07
0.5554449222079804
0.5419713965885669
1.5098376212794457e-08
0.0005023147295852102
1.917910887621495
7.552275899852753e-07
4.179370142224645e-07
0.07613799752197349
9.155583537440587e-07
0.0
1.5018775964318316
3.66860223014072e-07
0.053058131742313296
1.9377866575477444e-07
0.00147163054719556
7.571338473481617e-07
0.014420835081142856
0.00036016139368748936
7.648564698070802e-08
1.8809244685402604e-07
7.427954986417093e-08
7.860937336482787e-06
0.0004903049593919862
3.983498956388216e-09
0.0
0.0007396861082948806
0.08960303860346858
4.751865841661118e-07
9.700445617584772e-09
0.03825802905607691
0.4470792519645532
1.1268919355901675e-06
3.814727323108522e-07
1.0063929046205532e-06
0.13469289313728505
0.011052940915291357
1.840158813530048e-06
3.1505645905123767e-09
42.828099594038854
0.0
1.3043665551487926
2.9545428557406233e-07
6.6349298857185476e-09
0.0003574783965941182
1.2812522168931854e-08
1.1032604631820242e-08
7.711348030409203e-08
4.258672461768167e-05
3.6898224764598693
0.00018178552395669808
0.00010270589337036954
3.189168470422872e-09
1.1895525152107338e-08
0.00018357863893359535
0.0
0.0008485898551270489
5.8639041973322e-09
9.032662326870375e-05
7.0858652174076435e-09
0.00042203745475556003
1.8881335851065823e-08
3.6773327751475827e-06
0.2845280510973018
3.7992664100004342e-06
2.3167631682026304e-06
3.221109687762045e-09
0.005802728509845841
8.240016241336518e-06
0.0007155860362489366
0.0
