1.0712440416411333
12.187925784575567
12.269942055961574
12.13096734907758
12.130967349077595
0.483371178469639
0.0
25.898736617938766
44.06448126756678
44.15356101732344
46.25853096740348
44.91259664710067
26.50216247847353
0.0
40.93963683732114
98.36336789906427
97.30055605809594
99.99999999999999
100.0
40.83861244851919
0.0
51.15020739134886
97.83181185196192
100.0
100.0
97.70020913753316
69.54967122111731
3.862299599816095
52.81594776471121
90.02777236808562
91.82354254695277
93.48424583763519
100.0
75.16823572257431
4.672627796362077
0.0
1.9872914584259556
1.987291458425956
1.5476709404078342
3.6290375399911
4.626294984872341
0.7710490164593391
0.0
0.0
0.0
0.0
0.0
0.0
0.0
0.0
12.187925784575565
12.269942055961572
12.130967349077578
12.130967349077599
23.99324014524802
0.0
44.064481267566784
44.15356101732345
46.258530967403466
44.91259664710066
63.90815041824187
0.0
58.81944767754241
57.75663583657405
100.0
99.99999999999999
99.99999999999999
0.0
59.48056348402574
56.39523643829672
49.351566902392605
78.77054244606789
99.97938824472885
0.0
37.730108338173046
39.52587851704021
34.15798107551159
26.734577621535035
100.0
0.23250965087348952
1.9872914584259553
1.987291458425956
1.547670940407834
3.6290375399910997
33.29163501237255
0.0
0.0
0.0
0.0
0.0
0.0
0.0
0.000390216090745368
0.000195108045372684
0.0006506011780321936
0.008813638584193102
0.0
0.0
3.826122586682107
0.0027585691008324247
0.005517138201664849
0.0
0.8000188574644692
4.137267562507075
4.137267562507075
1.319434926510564
0.053899019492839276
0.0
0.012055400979898474
0.3237674539876514
2.4621271101201394
2.4621271101201394
4.768679307532071
0.0
0.0
14.457178134465133
0.0
0.00022039063694696029
0.00022039063694696029
0.046832739695307345
0.15555105419561993
0.0
0.0024632944872897823
0.024503152049936097
0.44986145937351724
0.4498614593735173
0.149953296785745
0.9046768160053442
9.957375215538454
13.064838417767573
4.0121400182344695
1.2018887299008616
0.9046768160053441
0.9046768160053441
0.1288784905974634
3.8268765668522127
3.82687656685221
0.5549897016888312
0.22199584837990688
0.0
0.0
2.5039193962573423
5.295374260776128
3.4254096709063018
1.8683736489285447
5.291308054717381
3.605686179556562
0.0
19.463751075031936
50.30281224929147
32.16152957745162
22.037802773836177
51.374183406470685
33.405988111030965
0.0
52.07090583474751
72.30153772090853
93.4634724156149
48.844847907915764
51.25235220634182
50.48914226473256
0.0
62.42535282909703
86.80694158383474
99.99999999999997
93.58448435860196
87.5631244869906
71.37112085672173
3.8622995998160956
54.78606649992078
59.91318313337867
63.60653013818532
84.48670321870931
80.81360065957145
75.16823572257431
4.672627796362077
3.851540451021281
0.0
0.20248812584530126
0.6960713140991079
0.23250965087348935
0.0
0.7710490164593391
0.04661234905836038
0.0
0.0
0.0
0.0
0.0
0.0
0.00045549313265950964
0.012246940729712982
0.026326677565895636
0.007040919112050976
0.0
2.1256236743249395
0.0
0.016349158661244485
0.8163680161257137
4.03780264315155
1.3459341228299535
2.1256236505348074
0.08610828781402101
0.0
0.0
0.0
0.0
0.9171388862089007
0.0
0.0
0.0
0.0
0.0
0.11610177509944611
0.0
0.0013024959106286802
0.0033069072922582033
5.459809413554216
1.94847442805073
0.6494908197383519
0.0
0.20647060042645993
0.4115240639256595
0.4107755194717553
0.08679442404099035
0.08356049391373596
0.0
0.0
0.0
0.0
0.0
0.0
0.0
0.0
0.000195108045372684
0.000195108045372684
0.000195108045372684
2.0872170858242547
2.0872170858242547
0.0
0.0027585691008324247
0.14678623623433337
0.14678623623433334
0.0
2.6923522764295384
2.692352276429538
0.8000188574644692
0.053899019492839276
1.928382811723134
1.9283828117231332
0.0
0.0
0.0
0.0
0.0
0.0
0.0
0.0
10.357588292088108
3.851540451021281
0.0
0.15555105419561993
5.288737086472989
5.292491162069137
0.04382517640780447
4.46131587968663
0.4025452261895139
0.0
0.9046768160053442
3.919612594945786
3.919612594945784
0.9046768160053441
1.3682387737334483
0.9046768160053441
0.9046768160053441
0.1288784905974634
0.5549897016888311
0.5549897016888312
0.5549897016888313
0.22199562326198155
0.0
0.0
