0.0
1.8379152149515745e-07
9.940366344453445e-09
2.1102469471950592e-08
1.9105070573501127e-08
1.8700090107451987e-08
1.6780748446903982e-08
1.8443243464758954e-08
1.900593085859213e-08
11.188774414758326
1.5762929958239063
1.9110703466979646e-08
1.865251677478015e-08
1.7027639120333073e-08
7.719072217730602
0.0
3.308244120329107
10.46664808786634
3.953052340828996
15.88753403777283
11.898339411130175
27.87729882060284
8.207120266848685
1.1290376839657998e-08
174.2746891911347
13.974213689471247
109.1299495915548
2.406759708277632
0.025107361756483017
2.87648813187731
0.0
2.0245132302132745
0.031526418084244764
4.403581285285805
6.256496819776583
10.831224765850568
3.650418141192755
46.673657158578536
70.06698986267477
6.32649886578218
209.04169112195126
1.7299613265145148
0.00020376497741436027
2.8840774405682876
2.0373170906778464e-08
0.0
6.1385533323414485
1.0003889527400122e-06
3.6058939934253183e-07
6.534556376587338
0.6999537482779103
5.098880077947334e-09
47.31742877035437
0.25493988930103584
7.55978945743791
1.6685514555438295e-07
2.2930905715983364e-07
0.000740482507748519
2.7565480757305678e-08
0.26464124765752983
0.0
0.0002464891515863553
8.349906716773765e-07
0.05410530577171337
4.656542855170613e-06
4.581489016681131e-09
10.3447113069284
4.3065560054215275e-07
0.04031451082204411
2.0116043841952087e-07
1.9376555302795085e-07
1.304955493745781
2.550661184877161
0.6074969324259165
8.383577982441174e-07
0.0
7.287738333113535e-07
0.026474203113374825
7.034615520701738e-06
3.892214995743636e-09
15.997574394801452
1.831141307161074e-06
0.023790453075255305
1.194403372182072e-07
1.3086606300376333e-08
1.1713343984010376
4.916654929179532e-08
3.0468644125358466e-08
1.8072213151863726e-08
1.9508744850272667e-07
0.0
1.3258406053296186e-08
1.333251469193893e-08
3.4891006341092893e-09
1.0401450193976873
2.597258793302174e-08
41.14090362602232
2.893226933911851e-07
2.4508858724453038e-08
0.1985233015994423
7.137577136309021e-08
1.8053867456263854e-08
7.699041378240126e-08
1.1134323912727078e-05
8.882220163831493e-07
0.0
1.8990079875944434e-08
4.352705848072506e-09
2.6288778201729724e-08
2.9233044812586895e-08
1.7777190688758657
2.9646255185506815e-07
1.820910729000637e-07
1.5455281888252586
2.67293957558503e-07
5.493484993390509e-08
0.12153026748507849
0.0002115021831318571
1.7549547267482097
3.2412265696359105e-06
0.0
3.5890607603168156e-09
28.57170065427847
2.191498601511123e-07
2.1847157766710216e-07
9.180141352656983e-08
1.443888738908244e-07
0.3133296547913137
3.904883869487635e-08
3.800690604688844e-08
1.0071722936146868e-06
1.2695466993406112e-06
4.923379509708416e-07
0.07535604539176463
4.635645396159762e-06
0.0
27.349462028826835
4.308362940815785e-07
0.05125915498839029
1.9034661390633873e-07
2.942086280842593e-08
1.0637956713069218e-07
6.428817894210868e-05
2.2018684019990148e-08
1.1518608531795817e-07
1.335974196260604e-07
9.603828870023268e-08
1.5176420957867597e-07
0.0008022088762191266
5.4654785875880325e-09
0.0
0.0016593426719296008
0.10531709718755325
2.3840975273278988e-07
8.086122070334935e-08
3.880692850508855e-07
4.0845383154489346e-08
0.00011965857227436472
3.0165483174279777e-07
4.3927871350824935e-07
0.594186906668529
0.0062064033596817255
0.00032976583325184956
3.811016959829105e-09
83.12902020293836
0.0
0.7866104489895371
2.740227049161014e-07
8.713698068989994e-09
0.3358805300937674
3.0152312329852534e-08
2.3438414288226515e-07
1.3319294046491414e-08
7.244860395044315e-08
3.1793532679058867
0.00025843991524114406
0.00023648685415776887
3.4050281058972547e-09
0.0005414159439992595
0.00025857686841736157
0.0
0.0002639896777467345
7.591547438922981e-09
0.014556723131166708
3.025090790032271e-08
1.3732187114311745e-08
1.2201126062356565e-08
5.7548411740548004e-08
0.16671060374000835
5.862054383095268e-05
1.3038702922711125e-07
3.5832873108799268e-09
1.6841410551982197e-07
5.875783192178924e-05
0.0008263994455399007
0.0
