0.0
11.46649420868512
11.466494208685122
11.466529963993487
11.466529963993484
23.99973756597137
0.0
40.08158720573376
46.14919321345146
46.09202330736396
46.10567181126726
63.95070036982947
2.7018537559374853
99.87928875322362
100.0
99.99860063809787
99.99826410197477
99.99999999999996
0.0
83.66914599119022
99.99999999999994
99.99999999999999
100.0
100.0
2.571289327337354
60.47543678360978
63.82050030149906
56.82478973234812
65.08460472724988
100.00000000000003
0.0
3.033375901590004
3.523013231038221
3.043202208846317
5.5432519670403915
22.374390548913123
0.0
0.0
0.0
0.0
0.0
0.0
0.0
0.0
0.0
0.0
0.0
0.0
0.0
0.0
0.0
0.10795906254679466
0.0
0.0
1.861072177069059
0.0
0.0
0.0
5.973773611324451
0.0
0.6338740626618311
0.6309184943141112
0.0
0.0
5.730496153419178
4.701735844116319
5.095241214471886
0.0
0.0
0.0
0.0
0.0
0.0
0.0
0.0
0.25435703882202443
0.5246114028386994
0.0
0.0
0.0
0.0
0.0
0.0
0.0
0.0
0.0
0.2666583924249051
12.799812361440244
12.799812361440248
12.799860035184734
12.79986003518473
0.2666524332068452
0.0
24.00829051842417
47.948668226889176
41.881062219171525
41.82864328270866
41.84058572362405
23.995557165061676
0.013648503903220767
49.19576026027277
74.1753275396925
47.82136991231308
60.43976458444405
74.5191167358872
34.493772865426806
0.0
53.887913745098786
77.23135796500623
86.01949414806779
68.79018234313097
68.05425757879135
57.50523114552612
0.9900271796239294
49.8834412291867
58.81360388299709
59.410536209502546
64.94379331082918
60.21337973022047
57.37445094510557
0.7824600771212578
3.427663745069043
3.64433345232547
3.6793075472860584
3.645035331415208
5.443391733083735
4.823017584271416
0.8574253457732323
0.0
0.0
0.0
0.0
0.0
0.0
0.0
0.0
0.0
0.0
0.0
0.0
0.0
0.0
0.0
0.0
0.0
0.12338178576776532
0.0
0.0
6.988672130236796
0.0
0.0
0.0
0.0
1.2261731718320805
1.2261731718320814
1.389014198977605
0.0
1.4197428448924863
2.236044572080341
0.8163017271878568
2.067129554453599
2.067129554453602
1.2221197917196893
0.0
0.0
0.0
0.0
0.6183294098371245
0.618329409837125
0.0
0.0
3.9133635467861994
4.070941633977905
4.070941633977903
0.88069172885444
0.32189331334370136
0.08498832091656318
0.10915561842236803
3.4793355753160893
3.4793355753160786
0.0
0.0
0.0
0.0
3.733217493948671
3.733217493948671
3.733217493948671
3.7331340648958338
3.7331340648958324
3.7331340648958324
0.0
36.01243577763627
36.01243577763626
36.01243577763626
35.95494933036468
35.95494933036469
35.95494933036469
0.01194244091531817
44.35485657691125
64.36769899101077
62.25463767822999
39.74242056337304
37.89851109864029
47.90485824772817
0.0
66.77112558466081
72.95324345318721
67.76830500578255
60.237712069174364
61.30552316650163
56.08674176091646
0.8662737821709382
59.51238809114685
59.19620405221622
57.93132368834293
54.72589917140771
52.496690233510385
50.20264457696738
0.6846525674811006
0.6449421429934266
0.0
0.5246114028387018
0.2543570388220241
0.2543570388220241
0.0
0.7502471775515782
0.059640928848329264
0.0
0.0
0.0
0.0
0.0
0.0
0.0
0.0
0.0
0.0
0.0
0.0
0.0
0.0
0.0
0.0
0.0
0.5807915128504193
0.5807915128504187
0.0734828792359186
0.0
0.0
0.0
0.19398520533830058
1.6438268581728528
1.643826858172851
0.05314800399886992
0.0
0.0
0.0883489643943842
0.0883489643943846
25.89497830605027
1.773590893231923
0.0
0.0
3.5965831455224597
3.5965831455224753
0.0562116655234298
2.511648398489033
0.8349730038766098
0.0
0.0
1.1413947023888869
1.1413947023888866
0.0
0.8753798680410844
0.31658151351834
0.07436478080199278
0.09551116611957203
0.0
0.0
0.0
0.0
0.0
0.0
