0.0
11.466454171600448
11.466454171600454
11.466492138756198
11.466492138756204
23.999661246385738
0.0
46.21233414247508
46.212334142475015
45.918521131690866
46.24960279270511
63.908442580930995
0.0
95.98237804001992
99.28853354396496
100.00000000000009
100.00000000000001
100.00000000000001
0.0
99.9999999999998
100.00000000000011
100.00000000000007
100.00000000000006
100.00000000000003
2.316728402084504
56.13413827293898
63.30328949923552
66.7494171038157
78.94964496133305
100.00000000000001
0.0
0.0
0.0
2.738499177275811
2.502327222251259
28.650741679887822
0.0
0.0
0.0
0.0
0.0
0.0
0.0
0.0
0.0
0.0
0.0
0.0
0.0
0.0
0.0
0.28751342931436596
0.0
0.0
0.0
0.0
0.0
0.0
0.0
0.0
3.210402031121888
0.6685134460328965
0.0
0.0
5.5912951134517765
2.0273439295628157
0.9032865602502161
0.0
0.0
0.17012906566939734
0.19630276808007388
0.19630276808007388
0.19630276808007388
0.0
0.0
0.0
0.0
0.0
0.0
0.0
0.0
0.0
0.0
0.0
0.0
0.0
0.2666565516354845
12.799768708531388
12.799768708531392
12.799819331405722
12.799819331405727
0.2666502237761924
0.0
24.03873417664238
41.93821326070594
41.93821326070579
41.674689654812255
41.964386108199726
23.935738633324156
0.08149260194768833
45.29527387862178
68.35514308130281
57.959101987770566
65.30155199197162
75.91208390832792
35.84970189964313
0.0
53.423783915604034
74.75066032203226
77.37045054271526
62.009735179688555
58.939527413223956
48.08402721057746
0.5399468642832648
48.29580895153514
61.22176713196935
60.94414438450251
62.26966023460064
53.55548497105193
58.16090914608043
0.8502385996262072
0.0
2.7384991772758105
2.738499177275811
0.0
2.9172368360080436
2.6810648809834925
0.4766337501008166
0.0
0.0
0.0
0.0
0.0
0.0
0.0
0.0
0.0
0.0
0.0
0.0
0.0
0.0
0.0
0.0
0.0
0.3285867763592754
0.0
0.1758243566114353
0.0
0.0
0.0
0.0
0.042431098404458335
0.0
0.0
3.6869877623618423
0.0
1.8627701351077273
2.02525724319382
0.18866081049676364
1.167329076088807
1.1673290760888035
0.3662598168079685
0.0
6.24672831423932
0.0
0.0
0.0
0.0
0.0
0.0
0.0
4.07094163211611
4.070941632116102
0.8806916574078528
0.32189325574891836
0.08498829677463418
0.06067843761441006
3.027481097625342
1.9341261661396523
0.0
0.0
0.0
0.0
3.733191722896784
3.733191722896784
3.733191722896784
3.7331031328666935
3.733103132866695
3.733103132866695
0.0
36.05810126496356
36.058101264963575
36.058101264963575
35.903607949986245
35.90360794998621
35.90360794998621
0.0713060267042273
49.776828137808934
73.3073988631865
58.6842202911362
47.23058144696013
42.32793691269865
53.02415225362107
0.0
65.98457907977551
72.68758685694489
66.44152552002879
63.904535199019485
57.925229229957516
54.95317395494567
0.47245350624785676
57.111233244819445
61.53358274482943
59.550284655489115
59.19023524759032
57.69814295444165
51.98415043430612
0.7439587746729313
0.45653371251528385
0.0
0.0
0.0
0.0
0.0
0.4170545313382146
0.058254154654240074
0.0
0.0
0.0
0.0
0.0
0.0
0.0
0.0
0.0
0.0
0.0
0.0
1.1381659208198376
0.0
0.0
0.0
0.0
2.504700794315389
2.504700794315387
0.0
0.0
0.0
0.0
0.21215549355405744
2.6307283407501867
2.6307283407501876
0.0
0.0
0.0
0.0
0.037208360840499305
3.923798488268722
2.3431453851222845
0.0
0.0
1.151690011941065
1.1516900119410696
0.0
2.45784471621571
0.8155581651593612
0.0
0.0
3.749604618450185
3.74960461845018
0.0
0.8753799368067722
0.3165815377658157
0.0743647596778049
0.053093632912608796
0.0
0.0
0.0
0.0
0.0
0.0
