0.0
1.9886850296015044e-07
5.038023732616739e-08
0.3445185050679921
8.120727152399062e-08
8.007865791468785e-08
8.630028278558734e-08
6.731979432808436e-08
7.626177091119558e-08
0.4164871138050884
1.3570181970437458
8.321391444448644e-08
7.925313698855637e-08
7.540367957940998e-08
7.341611520218853
0.0
3.4672009306170004
8.835218161401219
7.3264360241103885
1.752727105196529
10.755206057898965
29.15997787031815
3.5093263807981723
4.1340334894310414e-08
143.38170951580997
6.057713366630549
162.30246688246547
9.644801704632735
0.02538023340036135
2.9243269431965726
0.0
2.077796694020738
0.031782630474441215
14.02522199681194
8.14047170356007
9.992617372815683
12.070915530126285
46.837170170277126
11.283444991417078
34.67478727949184
214.74271333638228
5.560665078624064
2.1562169034912529e-07
1.1925925543083054
3.974474218631324e-08
0.0
5.956847036018825
4.103540677356071e-06
0.8890987402438906
6.442124782009048
0.8887807937255789
1.3882655757972388e-08
61.30193011208901
0.28867555142828843
7.392528388403531
3.1962096145008524e-07
6.621265742999564e-07
0.0012592554481706134
5.8372916104630727e-08
0.5716933729090056
0.0
0.0002504808647210605
2.85958656985048e-06
0.0551172256532686
1.9064083145232334e-06
1.543100863644282e-08
0.057030411321014
1.0714379991359125e-06
0.04181520753146252
4.24715652078248e-07
5.362636552234109e-07
6.815373716479027
0.3367837647952518
0.10180158364845669
0.000559659649680786
0.0
1.6390881339708117e-06
0.04589536749720252
2.7821262887660753e-06
1.1175201716691672e-08
8.660091777277616
2.673754254233754e-06
0.03865156994669165
3.135311220720977e-07
4.214997875302383e-08
0.5439979115399958
8.112863080574337e-08
2.1732120838040255e-07
1.6903639878781824e-07
2.3904892481526707e-06
0.0
2.9339256314074077e-08
0.4963471554120441
1.1062889788797477e-08
4.798617981812928e-08
6.892158322941235e-08
35.46161585800065
6.569897428598318e-07
1.0608224045210662e-07
0.0039498805450169806
3.3095097820167114e-08
2.569713379102619e-06
5.495456731501949e-07
0.00010029301039760768
3.1854865547191432e-06
0.0
6.237628649234831e-08
1.2741025215097366e-08
5.42010598309317e-08
7.753586248042652e-08
1.5958177421465645
6.805029939940748e-07
5.184018790914769e-07
0.2593370734700515
2.629571192852035
0.009345109805084113
0.006744626473433017
0.00018151234113698972
0.006742688193105384
6.212638071756976e-08
0.0
1.145463219702931e-08
6.368470293500127e-06
0.00019327173817931164
9.607235988175747e-08
3.6687680640756215e-07
2.969840200549534e-06
0.1587653958081393
5.280942395201635e-08
0.000653498812753482
1.1560814573137973e-06
4.652165431908498e-06
1.121021295185878e-06
0.07654762219402537
1.902925471159009e-06
0.0
69.10049426704546
1.0705840342964093e-06
0.05324245136528725
4.1446320247703693e-07
0.0024267056483952853
1.7372234818040213e-06
0.028942460392485776
0.0004737818438295048
1.7242761552485088e-07
3.5696854253234343e-07
1.7031899055330767e-07
1.9784733478845785e-05
0.0006931717782531036
1.2956131666839346e-08
0.0
0.0011262218569018728
0.08929958469610874
4.5327001500404356e-07
2.2552090338566434e-07
1.8286972367531015e-06
0.3087784952784223
2.6363659454995757e-06
8.650203655409132e-07
2.6122723610371055e-06
0.13697490042456717
0.011122282443420242
0.0006147126845270431
9.568774698957233e-09
48.75560489032443
0.0
0.6944285097693188
6.347604693505146e-07
0.06818838413148853
0.0005653001769598629
8.411884703692491e-08
2.6963995181409606e-08
2.630565956477893e-07
8.496042652022336e-05
6.700156579839429
0.00028891099786935596
0.00018249663081503994
1.2137551192938612e-08
3.215333890244297e-08
0.00029409933142171915
0.0
0.00026341634119660524
0.03889836580736539
0.0003323905450461213
8.581989585343916e-08
0.000410238571185239
1.338805480568385e-06
7.46799916432653e-06
0.4754362993233756
1.071168334367706e-05
7.080960485403294e-06
1.3307123303652232e-08
0.006070185725586429
2.38886213376916e-05
0.00042564683462385317
0.0
