1.0712428050528173
12.187916161007735
12.269757016538975
12.131136503919802
12.131136503919802
0.4685451815685161
0.0
25.899333639875344
44.06980628298931
44.04367553220128
46.628273899391715
45.06003924848746
26.58232922916039
0.0
42.64356043870556
92.66615127588953
99.99999999999999
99.99999999999996
99.87801311295813
44.232024193169565
0.14943144165633362
50.31110708398128
100.0
99.99999999999999
99.99999999999997
99.99999999999999
65.71235102650064
3.7415219700524904
52.85441173195854
89.98289478408076
91.54866192959393
100.0
98.93176270436108
73.5004829244275
4.439273480893449
0.05459858998028281
1.8017235337290463
1.8017235337290463
1.4437406984013754
3.5943947665617535
4.626295915107317
0.7710492737498678
0.0
0.0
0.0
0.0
0.0
0.0
0.0
0.0
12.187916161007731
12.269757016538975
12.131136503919803
12.131136503919814
23.993020398644163
0.0
44.06980628298931
44.043675532201284
46.628273899391715
45.06003924848748
63.912700041652876
0.993224093939945
66.98099089682616
59.05700316584502
71.62196235005987
73.2184630568715
98.0408236838309
0.26752096310649126
59.66442936502518
57.844240651540915
61.30064743098082
91.19551036409065
97.07879247591738
0.0
37.33217699742948
38.897944142942634
9.639491717114968
45.797738685106545
100.0
0.10919341526021263
1.747124943748764
1.7471249437487637
1.4437406984013756
3.594394766561753
45.853475263153385
0.0
0.0
0.0
0.0
0.0
0.0
0.0
0.0003862707471969204
0.0001931353735984602
0.0006340020992093476
0.008489545833385268
0.0
0.0
0.9086346396279814
0.0027460516502496894
0.005492103300499379
0.05454364274619796
0.46915303558151084
1.5733031609876222
1.573303160987622
3.276339680804487
0.05424577940453201
0.0
0.0
0.0
2.213134437368064
2.2131344373680637
3.1281734581271827
0.0
1.0220539141371867
5.458168580980352
0.01097996877576251
0.05655107123736357
0.05655107123736357
0.03079288742084908
0.23561983483092633
4.361205665992427
3.9472246282672225
0.719040111122435
1.2561473031818373
0.8421662654566329
0.13575687237341302
0.3786084066477358
2.054262390522475
5.638253135021797
3.962599151147058
1.306865830128794
0.5618246198179899
0.37860840664773593
0.1288784505307141
3.826876521744735
3.826876521744736
0.5549898799844051
0.22199594349789942
0.0
0.0
2.5039205983907733
5.295350637170654
3.425040740357939
1.8688928920520211
5.291897222511211
3.6118202207968997
0.0
19.46369690155206
50.3235887888959
32.36205714851963
22.704703940992694
51.58910839326595
33.330370872555584
0.0
53.073946408132464
79.02266296999494
68.60224324017321
78.32494603033776
39.98937716680135
40.142219115050636
0.14943144165633362
61.69884018962615
85.51183836857811
87.55442799021034
77.61041750975127
71.08800144077033
65.71235102650063
3.7415219700524904
57.02194800455621
61.05550114660511
57.41234641845326
84.40987603588907
80.40957560405603
73.50048292442749
4.439273480893449
1.3625833652112804
0.054598589980282775
0.17236225172038816
0.4874809503255536
0.16249332930663532
0.0
0.7710492737498678
0.0
0.0
0.0
0.0
0.0
0.0
0.0
0.0004408667256108874
0.011997628841686252
0.026717236610882357
0.00736023825799665
0.0
0.5901389903949554
0.0
0.028112179705324092
0.3790303006474777
4.867186773793576
1.7307174573673434
1.0807854493208928
0.08184298530912011
0.0
0.006799902926122687
0.016766121613512288
0.005587997269939838
1.8201886785745671
0.0
12.245848272683311
0.0
0.01539644371042454
0.01539644371042454
0.0
0.0
0.0
0.0
4.761628631801991
1.71705714962772
0.5723522547944819
0.0
0.526589906739101
0.5972481805787027
0.602402973304912
0.8279620754504091
0.8279620754504091
0.0
0.0
0.0
0.0
0.0
0.0
0.0
0.0
0.0001931353735984602
0.0001931353735984602
0.0001931353735984602
2.0770203393993074
2.077020339399306
0.0
0.0027460516502496894
0.14659792616367437
0.1465979261636744
0.0
0.0
0.0
0.0
0.05424577940453201
1.9317007877308017
1.9317007877308021
0.34048201606698925
0.0
0.0
0.0
0.0
0.0
0.0
0.03292989085031025
1.7718760084728176
1.7718760084728171
0.0
0.23561983483092636
3.843469180953828
3.8434691809538304
1.1330211488476398
0.5959139567882372
0.2438901789326036
0.13575687237341302
0.3786084066477358
3.613120380005273
3.613120380005271
0.37860840664773593
0.7035960960962047
0.37860840664773593
0.37860840664773593
0.1288784505307141
0.554989879984405
0.5549898799844051
0.5549898799844051
0.22199584148683182
0.0
0.0
