0.0
2.282618076408063e-07
2.1786954215471954e-08
3.1306320675867135e-08
3.253906936118076e-08
2.8278886150756507e-08
2.717542015675371e-08
2.8892066617973387e-08
2.852111484451358e-08
1.1448279388302135e-08
3.325648266561845e-08
3.275796963635968e-08
2.909532152189881e-08
2.6976500380487792e-08
9.117614215163199
0.0
5.297690164947912
12.551008116604807
5.400082935495311
2.107781441766469
6.855621192520081
25.738562596244073
0.8434255710074661
4.03940530332373
207.34626843109075
0.2649452021526638
131.29294363348302
5.475799700581467
2.0643649805399782e-08
2.699226300600591
0.0
1.9568880351609979
0.03267381620628654
9.963553632667297
4.360766982459465
13.66118164278788
7.088760150494004
44.254005597069934
11.506380347174577
19.29033440566581
242.29383265116914
8.499882685904645
1.8137723542469494e-08
0.7927008523983459
1.641414410355869e-08
0.0
5.223986729962927
3.315292610794366e-07
0.8086172330541257
6.504544377165578
0.8108636948153575
6.691096477322246e-09
59.24954372518309
0.2616941235775335
7.554332042781855
2.27129385891653e-07
0.00018506211241231519
0.0006887125758420577
1.5847345706554268e-07
0.379970048084681
0.0
0.00021063723952921911
8.656875888775728e-07
0.054561254508501106
9.9643206446479e-07
0.08628272552132278
0.05637911387105682
5.272515201323305e-07
0.04241746334925993
2.741878894227683e-07
0.0001268154067016419
4.440537283413437
4.389000040675379e-08
0.09590296135936784
0.0008898950607770426
0.0
8.051332017935129e-07
0.043072728887897406
1.4532616751840712e-06
5.355478142322854e-09
6.2016330089779155
1.3820164222494975e-06
0.037348145878246114
1.5609335148652002e-07
7.049288800808343e-08
0.17696943361074158
0.001271181178793152
1.0484487649104722e-07
0.00015991711776199146
0.00026580165739517353
0.0
2.6390791114364e-08
2.6959026445420433e-08
5.903211288573212e-09
2.5169194834086576e-08
2.8923423597887728e-08
35.69514874792564
3.630583714418674e-07
6.865671287286309e-08
2.314433622026186e-06
2.789636034849128e-08
1.4465535685658296e-06
2.1837640981030096e-07
0.0001043991335909494
2.0269417486381524e-06
0.0
3.5287276592169256e-08
1.4178531180929222e-08
3.04246628514189e-08
3.341571102754947e-08
7.966511141884104
4.0503669785321456e-07
4.4505846872363705e-08
0.13684333377770744
1.744420999348791
0.008017132466581645
0.007263603450951095
0.0005652864301652594
0.007191722379338525
3.6468907346358324e-08
0.0
6.041898311521772e-09
7.397606340700305
0.00011883288353585914
7.721078080481849e-08
1.8953594505762116e-07
0.015027894796155062
0.4362850791342007
5.226305327940504e-07
0.00041647829964172947
0.02888054149879946
1.0844663786009684e-06
5.52129599742074e-07
0.07565441090931195
9.9525698905834e-07
0.0
27.99122724121311
5.268422632990029e-07
0.05401764557370922
2.488079161888874e-07
0.004019159506830324
5.240116864709581e-07
6.830046695052819e-08
0.00045115745447984925
8.731259393785324e-08
9.6581331430806e-07
7.857108939922554e-08
9.029366561760318e-06
0.0009207588465235592
3.1914062843151125e-08
0.0
0.0012949333961415673
0.08983652988260422
0.00021471864716237173
0.0002991090921902044
0.007493187724413117
0.006791514662683451
1.577463916978106e-06
0.007570767337063989
2.149805153327673e-06
0.10296353514870882
0.012134964252550957
1.5428577131431325e-05
1.1622284320972022e-08
53.620844210959035
0.0
2.4407850087841365
3.79588778398702e-07
2.432767266870608e-08
0.000471294383747513
2.411100633686622e-08
1.3367748827068583e-08
1.2661885010326704e-07
6.694675189788013e-05
4.395637254635434
0.0002404764296656529
0.0001460590634896381
9.533802422032805e-09
1.7448536670708247e-08
0.00024320269770407424
0.0
0.0007170466423943498
2.7533589235597104e-08
0.00019581336946997846
1.8521521493258567e-08
0.0003983018290597629
7.3811798205948e-07
1.1105539201551762e-05
0.3530294864711171
6.350320421817255e-06
2.230366641577948e-06
1.2656982526127557e-08
0.005516391428604261
1.377360973008084e-05
0.0010000663627367087
0.0
