0.0
11.466550034198859
11.466550034198868
11.466574211681273
11.466574211681273
23.999822514836733
0.0
46.18502398771957
46.185023987719426
45.99870981197009
46.043189164244126
63.83933926569935
7.001304172623989
96.38924029542864
98.41730376786651
100.00000000000009
100.00000000000006
100.00000000000006
0.0
96.11713436829993
100.00000000000006
99.99999999999999
100.0000000000001
99.99999999999991
1.350797618181268
64.37837312343017
66.92574791325261
81.10774718214662
100.00000000000003
99.9999999999999
0.0
4.1284957518346435
4.128495751834644
8.2570475241229
9.50873608207402
44.2864195445834
0.0
0.0
0.0
0.0
0.0
0.0
0.0
0.0
0.0
0.0
0.0
0.0
0.0
0.0
0.0
0.35182046728411465
0.0
1.3322002645903406
0.8882495720200619
0.0
0.0
0.0
2.0006347942529885
0.0
0.8882495703993726
0.52504555176465
0.0
0.0
3.2739363956442835
1.1113739594915737
0.8285091545644385
0.0
0.0
0.0
0.0
0.0
0.0
0.0
0.0
0.0
0.0
0.0
0.0
0.0
0.0
0.0
0.0
0.0
0.0
0.0
0.26666106767119635
12.799873104603043
12.799873104603053
12.79990534124626
12.799905341246259
0.26665703809079605
0.0
24.027016049387893
41.91358449234152
41.913584492341236
41.742753860923465
41.78167329416325
23.985523192707916
0.04447935227398709
47.93432829120038
59.600478030114104
58.04263024724144
49.14963773408672
53.32948375845774
36.83346086385609
0.6004181121564756
52.47788619616665
74.03170623295482
73.27295013459234
63.73463741620568
53.57015874937459
48.60888630733175
0.6175162708103463
39.80127336211279
66.12305882435057
69.44476363200336
55.08371014474812
53.7500747241576
48.98694044673493
0.3793661642858409
4.002588714153342
2.0416856925774507
2.500560632092229
4.002588714153342
13.213964273962468
2.4102132056540486
0.4284823456793876
0.0
0.0
0.0
0.0
0.0
0.0
0.0
0.0
0.0
0.0
0.0
0.0
0.0
0.0
0.0
0.0
0.0
0.4020805340389882
0.0
3.106480222642184
0.8882495734708782
0.0
0.0
0.0
0.0
1.8732096838439238
1.8732096838439218
2.611782683138845
0.0
2.6385561638351245
4.061755562482752
0.8637656432183903
2.6036732835932908
2.6036732835932876
1.4437120780371158
0.0
0.0
0.0
0.0
0.23982294364336204
0.2398229436433621
0.0
0.0
2.0407916261457006
4.070941651144685
4.070941651144688
0.8806916947532248
0.3218933233047743
0.08498832987953762
0.054548476922467906
1.7387331492141778
1.7387331492141864
0.0
0.0
0.0
0.0
3.7332549473967505
3.7332549473967505
3.7332549473967505
3.733198533271145
3.7331985332711457
3.7331985332711457
0.0
36.04052407408185
36.04052407408185
36.04052407408185
35.853186610791305
35.853186610791305
35.853186610791305
0.038919433239738704
39.8495960530662
68.77804625555737
53.436150204081514
41.394888117981886
38.5682559866359
46.67278935076989
0.5253658481369161
62.56914126871596
65.5128794924019
62.87129414171476
65.13213584607612
60.47056504888157
57.59380454881057
0.540326736959053
59.25339132332587
58.90052290207514
58.90052290207514
60.208574785783256
58.98000465124994
56.32275181021719
0.33194539375011073
6.143304311807548
5.900380649380731
5.900380649380731
0.0
0.0
0.0
0.37492205246946414
0.0
0.0
0.0
0.0
0.0
0.0
0.0
0.0
0.0
0.0
0.0
0.0
0.0
0.0
0.0
0.0
0.0
0.0
1.8927178541461056
1.8927178541461052
0.0
0.0
0.0
0.0
0.14791719986199017
0.8571800897155596
0.8571800897155585
0.13805605320452413
0.0
0.0
0.2961955623377818
0.29619556233778194
7.783375618040836
3.400931273975442
0.0
0.0
0.0
0.0
0.0
0.9838829759130507
0.0
0.0
0.0
1.6502813814351545
1.6502813814351558
0.0
0.8753799389080822
0.3165815678557039
0.07436478864459542
0.04772991730715944
0.0
0.0
0.0
0.0
0.0
0.0
