0.0
6.5989786753037054e-09
2.2523967669191738e-09
0.14827738958002865
2.4935989468449266e-09
3.47207711794155e-09
4.480526430424459e-09
3.533579921706377e-09
3.571352215077432e-09
5.558724257233246
1.685043252954128e-09
3.087609585727966e-09
3.609081169013497e-09
3.2636289339686006e-09
1.1062564189862387
0.0
0.8695667996823272
2.4722107782265357
2.556397072334275
1.5859580071402877
1.0811566497770526
16.81391428734146
4.046479712825242
8.760002435147958e-10
154.458593887681
5.726217088671526
196.52174956186903
11.336618547466058
0.8987450505174973
3.237343647147825
0.0
2.979742604370408
0.9310945444398486
6.7152479840034225
17.61544513342849
18.054189744817656
9.253120784663164
49.853207138760766
11.111069380122814
36.715816966485804
195.1695980274167
5.698590285512477
0.17631272856808256
0.7795098420112291
2.6233264140371735e-09
0.0
3.108146165573768
4.3070366707516184e-08
1.0197009071587093
6.438809221427093
1.019452831451026
3.585528651147384e-10
85.10412744242265
0.33300870580038266
7.323557051548045
5.734025819172747e-09
6.957575141432953e-09
0.0001267644835306977
5.510629981348762e-09
0.07076488096937997
0.0
0.00022131056973328503
0.0007949506489963881
0.05454509357232174
1.6660925568649911
4.5385789274139694e-10
0.05628215924598118
3.372996839334693e-08
1.700393015484002
1.0837851506668335e-08
4.684358873658918e-09
1.0507958676845803
0.30348299031639164
0.09438802056300846
0.0002711378169446369
0.0
5.190541938935505e-08
0.04251953641079373
8.819985714671494e-08
2.82981608789613e-10
13.465649538533372
8.60961439049111e-08
0.03621709850445801
9.553560714059193e-09
1.1379867376566338e-09
1.1013654026406635e-08
1.721269459520361e-09
5.957947439653898e-09
5.8106383481040115e-09
0.00022948482330677967
0.0
9.382395757538334e-10
2.467579499847582e-09
2.744755692915918e-10
0.08377194561704344
1.3031211206143392e-09
35.383021101781935
1.4064347462347648e-08
1.6866073240757543e-09
1.138507769008824e-07
1.571437097188443e-09
7.209363715791492e-08
1.1445031887954483e-08
3.089090802376944e-07
9.858408046349818e-08
0.0
5.415006204493122e-09
3.0779895436738344e-10
0.20929017612221046
1.537305893591823e-09
1.4355266162037879
1.674576869993376e-08
6.12191374082666e-08
0.3156207032050489
1.0906024001630255
0.008150702772667048
0.6312484776463514
0.0003089645752768607
0.007015093076616406
0.6371233034934027
0.0
2.764090711067067e-10
33.86981288151866
5.913935719737969e-06
9.082968589905759e-09
1.3345384130867111e-08
0.22547669018049454
2.5766967385506985
4.468999196911398e-09
5.501632691244277e-09
6.752731561252486
5.962185003693473e-08
3.5892047034579994e-08
0.07570006873506625
6.282698944845307e-08
0.0
7.535141703070607
3.3722072999188254e-08
0.05321647143631131
9.231132479343744e-09
1.0107740732024681e-05
4.06275550377493e-06
0.01835586613143877
1.2759344659108799e-08
4.060732072760241e-06
2.239778288457052e-08
4.040479070453759e-09
1.3060109889180791e-08
0.00020922360909756777
3.659798269500821e-10
0.0
0.00042874404606473205
0.09314917245247387
1.1421170904424773e-08
0.01663061309017183
0.018598211067634502
0.08183169580989214
8.778739490781928e-08
0.01997553240882165
8.711112106574345e-08
0.0956530826027938
0.010960367809523013
2.1897135010898316e-07
2.850532211148664e-10
81.66432536343083
0.0
0.7383002775550965
1.6534321915739946e-08
7.410525030060207e-09
1.2678637532761559
0.10450868223792058
0.0002553390329032829
7.79750485209685e-09
0.21409387044214362
5.963372034852318
0.00012768768983947897
0.6452783734198261
3.728970072401102e-10
0.0002134267051683114
0.00012784299631629222
0.0
0.00011539818813307521
6.675720244836999e-09
2.606628582154245e-08
0.09503286287511616
0.0005181613248245563
2.6967780807104067e-09
3.8587401782327755e-07
0.3599056945832632
1.4392519354972825e-07
3.5580472121841276e-07
4.187311754128416e-10
0.3648265753046922
3.043884323718504e-07
6.308424693646133e-05
0.0
