0.0
1.2694197805550922e-07
0.5954304169156146
7.249625124162685e-09
1.069966752262323e-08
7.63149939194969e-09
7.107043075212553e-09
8.533141170296167e-09
7.739431788927962e-09
2.8303778751258775e-09
1.0781801453511589e-08
8.440533028707862e-09
8.827291944908634e-09
8.248145166939256e-09
5.749133198285709
0.0
3.6990469527839975
8.858605838756166
3.617186517034126
8.180872273828507
33.81227748893881
24.247948925823188
8.433531238740779
8.59772457215206
160.05862877374497
15.539353842002637
114.37380594780494
9.874552044621522
1.5701924879312307e-08
2.8728133150042665
0.0
2.1392627155831088
0.03256674264278775
7.043646036769944
7.42630983550146
10.719106345385022
6.715664147909888
44.24411082577018
10.992722185270264
21.408933263611438
243.94383330112868
5.372445894731882
4.971943199426625e-09
0.9516501952427627
6.017654261130125e-09
0.0
3.0338752726303833
1.5334419228328067e-07
0.9984669093059775
6.423856326931468
1.0368068210198365
1.6149726367852875e-09
70.29314665707636
0.33920387193036416
7.334281753081411
3.2285878061735066e-08
1.337183255900642e-08
0.0007873218626575418
1.1584584299171346e-08
0.6684987510399374
0.0
0.00032716939192387235
0.000993579012936359
0.05468831906296752
6.403463929360865e-07
2.4235056036808465e-09
5.440407959582531
1.3839040449695454e-07
0.14369411846326466
5.2219299971618674e-08
1.0929421464319674e-08
2.9923428583874703
0.15702475443660624
0.09439937566446689
0.00034969251464853513
0.0
2.4695556798266044e-07
0.042590031181385504
9.478489403568958e-07
1.240208792352615e-09
14.442787106667785
4.2228552819491285e-07
0.036245450184377206
4.477968758542139e-08
7.977087512196866e-09
0.47388785896904206
5.168753571441866e-07
2.8496720319916533e-08
2.470644835291811e-08
1.369265496472472e-06
0.0
6.280011846461173e-09
0.03304915437961432
1.3232200286673188e-09
5.307385347738895e-09
5.352133399247078e-09
35.42335800331885
7.116568367340094e-08
9.833623995451165e-09
5.995078304833011e-07
2.1360393028657815e-08
3.8960973980860255e-07
5.156710131064023e-08
3.394622685001963e-06
0.0005041855392442036
0.0
0.09211136220778356
1.5757797461386436e-09
9.010195381050012e-09
6.378253480128736e-09
1.4476641896305273
8.470875763605732e-08
1.1188457222486836e-08
0.3329026731961747
1.5627941750620473e-07
0.007866689843174972
0.12950829028140956
4.61298074496829e-05
0.11646657499797275
3.5785659294742294e-08
0.0
1.3770787004741614e-09
1.2012204586313236e-06
5.9428752764192066e-05
0.12867923318797025
0.08048976471308314
1.0790556263556232e-07
0.5118830681755792
1.2003758471966727e-08
0.0009146413988677278
0.4700539546645217
4.4985858404538183e-07
1.6399031247631166e-07
0.07592040269593936
6.381488398524643e-07
0.0
28.717605493156917
1.3468151385112244e-07
0.05357396591770211
4.685361866809897e-08
0.0030855481938972832
5.174913815582567e-07
5.354695703417584e-09
0.0004448991867761707
3.56164680876555e-08
3.7531460219970507e-07
2.9587296289174762e-08
4.0964905769354185e-06
0.0006794094098412268
1.7512315400271154e-09
0.0
0.0009848240446965345
0.086498122312505
6.915628872154826e-08
9.262428606652969e-09
0.009066237188847269
5.430738638311434e-09
1.00371182914881e-06
0.00907828218968381
1.0975317133980018e-06
0.10489247892682652
0.012018795176490224
0.00013402276285135416
1.1485908411305519e-09
119.21104489580449
0.0
0.7152107892955858
8.325814468554533e-08
0.640728996452624
0.4922209725166672
0.20460699604016028
7.536217471774529e-08
4.181913568083289e-08
4.124819373168078e-05
3.7800329887149133
0.00018352790185688242
5.4021562901967135
1.3414944162092917e-08
0.07264995192324743
0.00018496023432696676
0.0
0.00017210056401647183
0.29869315054535267
0.09660272878243781
0.07204621807624682
0.00040742100954175165
9.369915490533e-08
5.352512822014501e-06
0.21395372606400367
3.1737929923719635e-06
0.10671605768545817
2.0254318583615567e-08
0.06079791264338029
7.549958186618264e-06
0.00022302674987178343
0.0
