0.0
0.00029925089402997097
0.0011936897549809792
0.001270505487872664
9.64048407575958e-09
8.71613702131294e-06
4.657050784743757e-06
5.635179409005997e-06
4.943389962350443e-06
3.980463650781523e-06
2.002795809662531e-09
4.215061770459572e-06
4.464552069274306e-10
2.6784784331629398e-06
1.8260654618533827
0.0
1.826045731334764
3.4703243457230624
0.9131322231489938
0.6540941794377585
1.0507818558997792
1.8718388996373152
1.0508166002056551
2.486004198289703
333.5490974974272
2.692782603830609e-05
46.96965278517871
1.0864497896664602
0.00011187933005616838
0.6901879005679057
0.0
0.6901877748825701
0.43841643132072944
8.801678886892915
9.238722211173572
3.7373398016872605
5.908407968040835
20.455808519977577
54.32783547601062
19.838102580487206
264.1147303608545
1.8142909001866396
0.8664551007877781
1.7306658435359994
0.00021304889853707403
0.0
5.50758362019031
4.539058931422697e-05
2.5836525748286162e-05
0.03005832862906423
4.326178413727199
0.000106678862361115
10.661591134407246
9.369999405952556e-10
2.696677868504893
1.2213419846898735e-09
0.0001281232016123788
0.0020802150178301556
0.0001464985141411949
0.1881642758711069
0.0
0.00021638170968216758
4.971333702636484e-05
3.6483550349596736e-10
5.266406447408454e-05
4.2673789843002285e-05
2.73335002814242e-09
3.0304964717130054e-10
2.179776486942342e-08
6.3161065052852e-09
6.395124984067701e-05
0.0002218481525367201
0.0013609319360824955
3.9364467994999948
0.0005264883215574982
0.0
0.00036790460854695844
0.00030059345421354084
0.00033881739083432513
0.00014378293697297052
5.146423404902957
0.0001203830380794291
1.2470299366292424e-09
5.956454554329471e-05
6.8680097840244926e-09
0.004406679157489693
1.130521952645632e-08
6.771848489809465e-10
7.90628642536796e-05
0.0006674474870379324
0.0
0.0004800863930678053
7.599534041366245e-05
5.920841323827571e-05
7.986110710401748e-10
6.299018455838953e-05
1.0781478822136785e-09
7.039586859971011e-05
1.1814910566628849e-08
0.0021525367005922427
8.580822389233108e-09
0.0007079173799550126
4.47226187615879e-05
0.00033139184442876194
0.0006161454629577059
0.0
0.1084801327310285
3.5043541253902066e-05
6.243636549502712e-10
9.723088377409124e-05
10.986819673273052
8.32866519898361e-05
0.0007381063385671411
0.0003981930896061385
1.2481237389939908
1.7173235002896048
7.832234903717368e-05
0.00023858510932255305
4.9950702759042665e-05
1.2561906009131902e-09
0.0
5.941894130922991e-05
4.154696180953375e-08
0.00015490236490850934
19.177983336772513
0.7034599864598121
0.0011185680812633987
3.599948668193201e-05
0.00014774909977825
0.00030393117735201677
5.302054137118766e-05
0.00021696017859570928
0.0014091500340136193
0.00066971717324035
5.255021268025725e-05
0.0
1.298686389038466
1.829117408120967e-08
3.1328756136598807e-10
6.378882647357694e-09
0.002032362720797911
2.9861935345030126e-06
0.001099320198874387
5.174456059587686e-05
4.2212962764152615e-06
7.872977506895651e-05
3.982629099188187e-06
4.376057784078143e-05
0.00045303135324811425
3.219115422386803e-06
0.0
0.0006726100603781481
0.6698446110352592
4.2748196871378335e-05
0.09963713522129417
0.0007367594117449619
0.000811226821294945
0.00043074550303526433
4.669201844607553e-05
0.00025670332533219266
2.424192596133292e-05
7.153431653282276e-05
0.0004016411498151269
3.586544591990718e-05
3.465951418765364e-09
0.0
10.95204959446426
8.36227838795732e-05
0.0022029015032109236
0.001119484546001616
4.124687860085862e-09
3.497835878536263e-10
2.0917564273919826e-05
3.24315075308663e-05
6.943490907470408e-05
0.0003845370961484607
1.4444323503563279
1.690994137774199e-05
5.575703984006915e-10
0.0003782055205741341
0.0
0.00020041789166985106
0.0022437733438564803
0.0021777947488349253
6.874331748875582e-10
3.549365426154142e-10
3.7238493191607263e-06
6.000684653561428e-06
1.469255449278368e-05
0.0003243950428298707
1.760591412124386e-05
2.971845491089175e-06
6.301680032506063e-10
0.0001857676946627051
0.0009055671065749484
0.0
