0.0
0.0004724353640229878
0.0018830374229408724
1.1231218648293666
4.428842783050568e-09
1.3353381636370198
0.7453215708752539
1.8463631594222392
0.7454912558238476
1.8829975618654249
5.1325780745059546e-08
6.64429324778187e-06
2.333331347203635e-09
4.472412843059786e-06
3.317935961133287
0.0
5.273293368773425
3.916418282752646
2.6368165790383666
1.2544636821267057
1.0334868902580614
1.6032476594242469
1.0290451540558192
2.6354362544464953
319.35576565131345
1.157002874313122
58.709754674708655
0.4031912641282832
2.1888630735702623
1.2108834781583646
0.0
1.0855477536518991
2.188717788803136
7.722622845786497
7.701727785659037
4.014344500860662
7.667568383953875
17.129779332571182
61.89464100880302
11.1233909624394
257.68889471454054
1.164914873742292
0.0019250748746125201
1.764788021005446
0.00024310926117694995
0.0
4.321040394297491
7.156196772711372e-05
4.0579068692246965e-05
0.0006395768302528839
0.038466226252532515
0.0001687465737433459
18.141735065209236
1.140432584039097
1.8880475109381727e-09
0.419822660698385
0.00020147132828739404
0.002278792093592926
0.0002406277119399422
0.002699043206242051
0.0
0.0003410299593633659
0.001743243916622026
1.5979494808763871e-09
8.282292668896209e-05
0.0006401824756258824
9.850943988596438
3.0911585805078093e-09
3.382949810925286e-09
2.7956413738698257e-09
0.00010058707497975606
0.5499277986390227
0.001293688889438566
2.9202396616989565
0.00036496324233431835
0.0
0.0004160749332254477
0.0004281527091968626
0.00037768649273038515
0.0002267258878534849
13.889737808803371
0.13532666627421203
2.1399874355900883e-09
0.0001023539615028927
1.3412416428173634e-08
0.004610373433229937
0.8344172793931546
0.24011836558245767
0.00012389951454430887
0.0007286068143667144
0.0
0.0006241732336104054
0.00013148484103803372
9.302039257230499e-05
2.0379302156597407e-09
3.8738256393253497e-08
2.322875575120641e-09
0.00012445333051203238
1.6215555157924646e-08
0.0022382327792583798
4.176423539627028e-08
0.001149673206868592
6.998127261280144e-05
0.0003645437373944896
0.0006115033417350359
0.0
7.34601182318693e-05
5.4971287338173755e-05
1.5664831138291795
6.149453055195273e-08
11.526156658021511
0.0001417270988936259
0.0011144005871366169
0.0012862227741513076
6.923718673044081e-08
0.7796613142735181
0.00012294298698439142
0.0005272832012937424
7.862038121912032e-05
3.345894439971105e-09
0.0
9.321006320668695e-05
0.000713612104407943
0.0002444559522908158
16.724694725478795
3.174309453298241e-05
0.002334705061630002
5.662015939945915e-05
0.00024321724894817756
0.00047952126372339035
8.335952532880734e-05
0.0003419162995212284
7.802356919952128e-05
0.0010553694904732007
8.264390193222959e-05
0.0
3.2610707411236054e-08
3.177421092129323e-09
3.177421098773266e-09
3.1850864701906734e-09
0.003230490058957262
4.699085637358185e-06
0.0017349311963472376
8.158471527927622e-05
6.645818872658247e-06
0.0001236513438454388
6.267693541114573e-06
7.534369148598258e-05
0.0006702815028416009
5.056805446727061e-06
0.0
0.001062150207382425
0.720384770025414
7.145765219819148e-05
0.0022497273582003383
0.0011498580559711454
0.03883535020661
0.0006786413087144019
7.331041710878568e-05
0.0004234432805842618
3.81624425090399e-05
0.0001262758704073583
0.0007165454363064329
5.6309458476241305e-05
1.2817749587405875e-09
0.0
11.488601975411711
0.00014209762875415987
0.0022080891384853793
0.0017706172979912397
1.9609269881542165e-08
2.765166786033035e-09
3.28204341008921e-05
5.122672042651068e-05
0.47846351123597325
0.0006101271911146578
0.8565414929933103
2.6579056147477595e-05
1.1258804264609962e-09
0.00037836012807650643
0.0
0.0004992620631648043
0.0036248220622274356
0.003428851106705739
3.234975783382045e-09
2.6519005935714675e-09
5.846430627518102e-06
9.47718057417602e-06
2.315872543984719e-05
0.0005512069465095443
2.7802316798449503e-05
4.672306183925142e-06
1.3070280671020352e-09
0.00013550641504699978
0.0014310650167613922
0.0
