0.0
4.578530173872519e-09
3.931873563479972e-09
5.467038601822061e-09
4.578521897027935e-09
4.313106877163567e-09
4.071925016703744e-09
5.012187236194167e-09
4.356423760801427e-09
1.4522304375192557e-09
4.936231741445487e-09
4.539291659146317e-09
4.349749472824459e-09
3.9426540796554e-09
1.165937638170537
0.0
0.7282287221332373
10.064968602300233
0.5927316953947299
1.8837497102085958
1.0610836554659764
34.83234503845586
1.0976927875329954
7.420760396803142e-10
256.1574444159837
0.48876851914523745
75.32451088773708
4.847222717451118e-08
0.5047764274110775
6.797847903092531
0.0
6.797847901975583
0.5733216788215519
1.8323489226935885
1.5803066879716556
27.767107709453455
1.3403000151504318
120.33225728376975
88.93733482554778
0.6556210327970042
48.57401054462373
4.6866011252098477e-08
0.09796456273453406
0.8156771640140856
2.362096292491019e-09
0.0
4.718755744374099
2.0310967562249918
0.9782870465180923
18.95091536933632
3.7193714515230196
4.074199376698271e-10
25.21017020040457
0.5157848420911011
126.78063614253848
3.8876264235788206e-08
2.5451403274261566e-08
0.00047686547786433755
1.4331159968987099e-08
0.4542581919519346
0.0
1.2978819530014964e-07
1.178996687564908e-06
0.12590920060483304
0.07806050302023987
0.5549077437657691
0.12768226523075418
0.06346218377920593
0.12056954567564095
2.7696130573016274e-08
1.1114838598723073e-08
1.791819750863151
0.5365665489096778
4.070409513793998
9.921455092133945e-07
0.0
1.7862039065630812e-06
2.773615624690058
9.089330575494065e-07
2.2881179745314622e-10
0.023343182320007337
0.11116907373690105
8.656505205851886
2.7755393339658712e-08
2.7553082086791408e-09
0.062361992358326346
0.060820146433535865
0.06292983173604622
4.2292067038562034e-09
2.7726366673116163e-08
0.0
5.949139548675188e-09
5.382689426663407e-09
2.08087694874282e-10
2.0635301713819628e-08
2.0895779860198678e-08
45.17941554641979
0.11171191172414494
6.572863156455216e-09
0.0012669271553017742
9.788280110108211e-06
9.748703674996427e-06
1.7361898091214878e-08
2.997467520986632e-07
2.0616491585389627e-07
0.0
9.860690462351166e-09
2.9594882173402256e-10
2.1465024614541612e-08
2.1099572215151986e-08
4.061380492835674
5.125579544595896e-08
4.3979915214711414e-08
0.42502283372449623
0.40433754650861353
0.17314940777112114
6.16595285229103e-07
1.3932857940638375e-07
1.630117072362326
0.1502037325419983
0.0
2.1180576035498993e-10
0.9007877247288452
6.715035469379818e-08
5.0451902346228287e-08
2.043326810338795e-08
0.04080445456619054
0.06461803683068146
9.86387249221566e-05
1.914516381830761e-09
0.06726205670533869
1.2975570266203644e-07
1.1693117519018257e-06
0.11999548558737638
0.06243372495725472
0.0
0.12224677516155534
0.05455445640420382
19.208505584362292
2.8001923532523625e-08
1.3038327140356495e-08
2.385461891343324e-06
1.4933092929949013e-05
1.480073971801266e-05
7.446654959736168e-07
2.0094548132069685e-08
1.191339527293734e-06
3.008689682143283e-08
0.00033158616312853627
5.119969784222438e-10
0.0
0.0007143901778337585
0.24935520320446286
4.429001891615051e-08
1.0113427849367567e-08
6.6765941203128105e-06
1.4668060355728495e-05
0.49969967359928413
4.1848965548939235e-07
0.12566546382002775
0.5612718438226365
0.004089040783019176
2.409122345521126e-07
2.7785273052949226e-10
3.877818361789899
0.0
2.3899408861662024
4.926501376435127e-08
4.799558098894936e-09
0.17124655388344115
2.2343926656394638e-08
3.265564942991494e-08
6.285268777159599e-09
1.6214784177740488e-08
2.5498329784627396
0.000227455332667611
0.00017999246425065798
3.636101197906827e-10
0.766722705168439
0.00022750587229155005
0.0
0.00020750652614890324
5.199930204289527e-09
0.009285409775019014
2.4138592263757256e-08
1.737485984834279e-08
6.814768941630185e-09
2.9065122777775297e-08
0.18538579932489085
3.218450718582664e-05
2.632157973032936e-05
4.497967150231501e-10
8.472265149931753e-08
3.2244793658625024e-05
0.000738229589327843
0.0
