0.0
11.475189787549224
11.475189787549223
11.453677550756437
11.453677550756463
23.98981366143503
0.0
44.633779745279
44.902438088214765
45.91099785720821
41.77370404822833
63.990605125810724
0.0
96.2995398804153
100.00000000000006
100.00000000000001
100.00000000000001
100.00000000000001
6.581435847809648
96.23823171041619
99.88595881436541
100.00000000000003
100.0
98.597260060793
0.0
58.5019827112759
64.62172142883975
90.8880382927841
98.41317338540364
99.99999999999997
0.06234522487608218
5.8084433153370725
6.653678757423199
8.485121531705238
14.504507750038929
48.62091398343533
0.0
0.0
0.0
0.0
0.0
0.0
0.0
0.0009130199463120227
0.00013043142090171753
0.00013043142090171753
0.0
0.0
0.30567799306972643
0.0010434513672137402
0.0
0.19273710172389447
0.0
1.312579657722412
0.20404221950600612
0.0
0.0
0.0
5.101182185042217
1.7003940653887826
1.9789276833822351
0.8517348687844293
0.0
0.9263183066424141
5.81306801356641
1.8663035340809142
1.9789275921847835
0.0
0.024132956768012404
2.3617169563971157
2.441387201907473
2.284517474744947
0.7615044756378553
0.8763714268200511
0.0
0.0
0.0
0.0
0.0
0.0
0.0
0.0
0.0
0.0
0.0
0.0
0.2671285280297086
12.809212868022302
12.809212868022303
12.788473428716486
12.788473428716518
0.26558934052213456
0.0
29.98665799430157
44.031531687191574
44.2666077372604
41.65538548583324
46.04621907137401
23.985737548977948
0.0
46.87804249830784
52.33717003276567
54.17463571718907
49.564758533617386
59.53754540994574
39.467733772463255
0.0
44.5905338731901
76.81241570373228
78.42877131538228
69.22265743382826
59.50654437266982
49.77405706218105
0.7465474764159739
57.626464657880824
59.35553223232778
66.15072162431703
70.78568634402312
65.31570208313762
75.44734326701872
0.0
0.8565325589244162
5.435015843950353
6.349233807624584
9.30725769742072
15.957027558136817
0.0
0.0
0.0
0.0
0.0
0.0
0.0
0.0
0.0
0.0
0.004896849682099157
0.0
0.0
0.0
0.0
0.3056778428619207
0.0
0.006529132909465544
0.014133900085797535
0.2162868176064632
5.818286568347812
6.864819822647058
0.6147374774449328
0.0
0.1564195551863457
0.013547654343802371
0.013547654343802349
0.36095126842055403
0.36095126842055436
6.43363532612815
0.0
1.3475334822891283
1.5721971229273763
0.842209178399853
1.7685274850422656
1.7685274850422656
1.5438638444040222
0.0
4.405321693747888
0.4627620033849885
0.0
0.46297615334337583
0.4629761533433758
0.014934666587696724
0.3680864544665134
0.012946165199854727
3.9940540081809415
3.9940540081809477
0.8640581172490316
0.3158133050914562
0.08338291622461813
0.0
0.0
0.0
0.0
0.0
0.0
0.0
3.7397993924159225
3.7397993924159225
3.7397993924159225
3.692816640234052
3.7313879944603636
3.744446260279254
0.0
28.141166376283177
42.35055263816367
35.05150836136809
35.59829665862553
35.992777791317806
36.07091919975948
0.0
46.76176975397564
64.57702869781129
47.12242165756362
39.694855463965425
34.53758284689216
48.16534184288156
0.0
39.58267873797605
99.19025485608684
64.43644294447593
62.770305270370486
58.32402286797106
56.89758280769249
0.6532290418639771
55.20260623424644
58.8803120076259
60.1322128785241
68.80408064252939
78.45951102286769
70.45439122520214
0.0
4.451899331844377
5.436651657429066
5.222568650494742
0.0
0.0
0.0
0.0
0.0
0.0
0.0
0.0
0.0
0.0
0.0
0.0
0.013058265818931084
0.0
0.04045886779994955
0.856250414954716
0.8562504149547152
0.0
0.0
0.0
0.0
0.1796125691343597
8.078907540650444
8.078907540650446
0.0
0.0
0.0
0.0
0.25558735678382
4.7542910994283405
4.754291099428357
0.8399071014988394
0.0
0.0
0.0
0.18124631279796588
3.7464486949457285
3.7464486949457285
0.0
0.0
0.0
0.0
0.10251693349472454
0.2243769755802065
0.20908533222775422
0.20908533222775422
0.3220756476581993
11.732756276067889
11.732756276067873
0.0
0.8588463399066025
0.310601914526768
0.07296005169654086
0.0
0.0
0.0
0.0
0.0
0.0
0.0
