1.0712469747418691
12.187939952634354
12.270094071087575
12.130824576830925
12.130824576830925
0.4881795856219387
0.0
25.90075104826912
44.057135863154286
44.09642951562298
46.260536435469675
44.91487475452791
26.993777533495017
0.0
41.31842191830001
96.09977026400239
94.83900264833042
100.0
100.00000000000001
56.537086882109406
0.6682916094152758
49.44990833165162
95.75015860787673
100.0
100.0
99.99999999999997
68.19045947690458
2.4078797372775824
54.70324113291771
90.93729327909988
91.07058524026255
100.00000000000003
97.8891378008513
62.76872272639092
3.2411342852626857
0.0
1.9654903268024668
1.9654903268024668
1.5225262431685134
3.620656880274341
4.626296279692712
0.7710493760723791
0.0
0.0
0.0
0.0
0.0
0.0
0.0
0.0
12.187939952634355
12.270094071087572
12.130824576830925
12.130824576830932
23.99342994069294
0.0
44.0571358631543
44.09642951562299
46.26053643546967
44.91487475452791
63.89339813487625
0.0
55.457746290472166
54.19697867480017
78.87830169092474
91.3957633973229
99.92523125901343
0.0761707024585519
60.06496397645776
54.346957218661736
56.50229174002553
73.98003393346846
99.63080772794687
0.0
36.40379493665651
36.53708689781911
16.5276815443647
44.154912027228924
100.0
0.23123415698183858
1.9654903268024664
1.9654903268024668
1.5225262431685134
3.620656880274341
33.2770288084115
0.0
0.0
0.0
0.0
0.0
0.0
0.0
0.0004587890362770395
0.00022939451813851975
0.0007084259265694649
0.009093368286787269
0.0
0.0
4.538763416053827
0.0028015929642918364
0.005603185928583674
0.0
1.1054228332231595
6.582021307994887
6.582021307994887
2.477614108756591
0.05355441281716536
0.0
0.0
0.1413797743364674
3.145700042030807
3.145700042030808
3.4961533223650743
0.42358627206842353
0.0
4.261499331575541
0.017244305608757192
0.16857332939874192
0.1685733293987419
0.05530790763347322
0.1527663392148741
1.0465328258982005
0.9821585570580659
0.24857219098351713
0.573993344156926
0.5739933441569259
0.24411655049165773
0.20339216977318003
3.179553878555214
6.992725718473565
4.016564009691532
1.2213652123209635
0.4749191148277123
0.2033921697731801
0.1288784280252942
3.8268765125429476
3.8268765125429454
0.5549899717558461
0.2219959882642663
0.0
0.0
2.5039184581442635
5.295400434870882
3.4257133465285605
1.8679644580138612
5.29080420736711
3.6004581031792418
0.0
19.463568079093513
50.28507899858434
31.991113449499576
22.036985038994853
51.39929677844267
33.65266285532179
0.0
52.53560890520738
72.01251790585174
97.38921626230601
66.98174481381406
63.243354085386045
57.37445791407601
0.668291609415276
61.733568257596396
88.7112462909852
100.00000000000006
86.57391642694041
81.38272328931008
68.96716087466756
2.4078797372775824
56.10060278406822
58.67850756690093
66.44884455849274
90.64494823311927
72.81911150146003
62.76872272639092
3.241134285262685
2.0279879267124348
0.0
0.181488409110167
0.6450524545604239
0.21501745113277193
0.0
0.771049376072379
0.0
0.0
0.0
0.0
0.0
0.0
0.0
0.00047903140843094514
0.012465929554244045
0.026062210747194843
0.006798171564815701
0.0
0.0506728494979643
0.0
0.006355264933505211
1.1117780981566647
4.036985035120454
1.3456616751497608
2.5215352297619513
0.09993923230295623
0.0
0.0
0.0
0.0
1.4681653652978217
0.0
0.0
0.0
0.0
0.0
0.21986567856388717
0.0
0.0
0.10378466589205422
5.080321805862457
1.1156424068299913
0.0
0.0
0.37637192028033
0.5126044129099815
0.3820951705799529
0.09171371395433775
0.09171371395433775
0.0
0.0
0.0
0.0
0.0
0.0
0.0
0.0
0.00022939451813851975
0.00022939451813851975
0.00022939451813851975
2.095888068703848
2.095888068703848
0.0
0.0028015929642918364
0.1469493976573352
0.14694939765733517
0.0
2.7007076338476823
2.7007076338476823
1.1054228332231595
0.05355441281716536
1.9160577441052713
1.9160577441052713
0.3534494379586521
0.0
0.0
0.0
0.42358627206842353
1.6002147931414625
1.6002147931414625
0.03448861152531161
5.966410450810008
2.0279879267124348
0.0
0.15276633921487404
4.984893790327513
4.984893790327514
0.0
3.492696380039313
0.41982509384369315
0.0
0.20339216977318003
0.295011837621282
0.2950118376212822
0.20339216977318006
0.9407088749203555
0.31671357203996475
0.20339216977318006
0.1288784280252942
0.5549899717558462
0.5549899717558462
0.5549899717558462
0.22199598054978859
0.0
0.0
