1.071235694478778
12.187872267424712
12.269069307959779
12.126241441411455
12.126241441411466
0.48297378100404065
0.0
25.89940222111822
44.0704212701145
44.22670938340309
46.292608337138766
44.92680799176037
26.629550865012757
0.0
43.70638992054136
100.0
100.00000000000001
99.99999999999999
100.00000000000001
48.566311802514356
0.07368423781797637
46.690269339196085
100.0
100.0
100.0
99.94075474362451
62.37456123657292
1.9655532210723736
46.30076278488758
84.46725733917893
83.28709683256817
100.0
96.93806685107123
63.14893634059504
3.058643132708175
0.11229505185185656
1.8985577048906148
1.8985577048906146
1.5323112264448358
3.623917931298093
4.6262954520762385
0.771049150099774
0.0
0.0
0.0
0.0
0.0
0.0
0.0
0.0
12.187872267424712
12.269069307959779
12.126241441411455
12.126241441411464
23.992267055519
0.0
44.07042127011454
44.22670938340309
46.292608337138766
44.92680799176037
63.902351471212484
0.0
63.52509123202792
61.42888386886135
94.15786973727299
93.94178522936264
93.10516716629029
10.278379569590934
65.43878736404899
68.41974478288941
61.33646159354099
81.18770888709128
96.3936258099352
6.741212376228507
39.192870351683624
39.19287035168364
25.883292856381512
23.538393363796704
53.850011528298694
0.11229226293373194
1.8985577048906148
1.8985577048906146
1.5323112264448358
3.623917931298093
100.0
0.0
0.0
0.0
0.0
0.0
0.0
0.0
0.00043562923464239415
0.00021781461732119708
0.00021781461732119708
0.008136482186088496
0.0
0.0
3.730485395769914
0.030367540420328087
0.030367540420328083
0.030367540420328083
0.15014491846077027
1.2028549415489311
1.2028549415489311
3.7035471665136908
0.05376355325274548
0.0
0.0
0.02232384087947354
0.42415495224216804
0.42415495224216815
2.4620639207766306
0.153657097025503
0.5374671025964646
6.576942056344263
0.30153862321443436
1.982617574076813
1.982617574076813
1.1315192932720528
0.14971620035468203
2.3689949366600773
1.785326931324351
1.3978253674615841
0.5055259076909943
0.40552500548828874
0.0025308842030657423
0.3853612708424775
10.67479000487093
11.380545058609817
3.490193665490993
1.4759668030137698
0.6146861010262904
0.24566879475962927
0.1288784694804621
3.8268765428667386
3.8268765428667395
0.554989792923493
0.22199590522812285
0.0
0.0
2.50392499383236
5.29525174178601
3.4236662182049384
1.8689441935284206
5.265584294296359
3.6048727107772534
0.0
19.46369066167556
50.325752034594515
32.38499621376287
22.097401016518155
51.40402872330855
33.50295362958542
0.0
53.505720952042104
70.02712392009218
81.39717587869988
54.916747781630036
51.40002190579248
48.95381336637711
0.07368423781797638
60.26899326283853
86.51123580254018
72.93251207237977
76.63950318322557
73.09969629923526
62.73150815719988
1.9655532210723738
52.81462230836116
73.51833290671827
67.32814465426186
73.63775852154777
67.33871929205037
63.14893634059505
3.058643132708175
0.3658565846316392
0.0
0.2385670383023733
0.6676688586023954
0.22458731478558847
0.0
0.771049150099774
1.1315192932720528
0.0
0.0
0.0
0.0
0.0
0.0
0.001624535936887331
0.011131765620956748
0.029265904763199048
0.010881045470461358
0.0036264836351663707
2.0962073455637538
0.007328945030321091
0.02874623323167347
0.3935074146122076
4.097400998250263
1.3658002824289772
2.096207249089051
0.09154507897187565
0.0
0.0
0.0
0.0
2.0962073395629406
0.0
0.0
0.0
0.0
0.0
1.1801604475845129
0.0
0.0
0.0
2.683992124468549
1.0064961790663214
0.3354983342582581
0.0
0.5836680053357262
0.742713743415836
0.9812807817182088
0.6189276340550021
0.5836680053357262
0.0
0.0
0.0
0.0
0.0
0.0
0.0
0.0
0.00021781461732119708
0.00021781461732119708
0.00021781461732119708
2.0760921117772
2.0760921117772
0.0
0.030367540420328087
0.17507925975364833
0.17507925975364833
0.030367540420328087
2.4519037061353544
2.4519037061353544
0.0
0.05376355325274548
1.9235379731583144
1.9235379731583149
0.04464759910687454
0.0
0.0
0.0
0.153657097025503
0.29065540417106767
0.3471941823012202
0.6596160300028195
0.3658565846316393
0.3658565846316393
0.0
0.149716200354682
3.1088736136221757
3.108873613622177
0.0
6.84716499153903
1.1340501774751186
0.0025308842030657423
0.38536127084247757
2.7844386117520994
2.7844386117520994
2.7844386117520994
1.2305033896231024
0.3692228586093875
0.0
0.1288784694804621
0.554989792923493
0.554989792923493
0.554989792923493
0.22199572734577433
0.0
0.0
