0.0
0.0002994746214725668
0.0011945789619452918
0.0012714565127918752
9.666658679967267e-09
8.722672247840054e-06
4.6605504736921e-06
5.639416753664094e-06
4.94710468119426e-06
3.983456162238293e-06
2.015069379399136e-09
4.218228262630231e-06
4.4715511739747567e-10
2.6804876585787792e-06
1.8261197251547197
0.0
1.826099980205126
3.4684149525785015
0.913159429249736
0.6532298752506627
1.0493876858594962
1.8712429517502107
1.0494218850377193
2.4838909357752836
333.58946879475303
2.6948069681459848e-05
46.953534394407804
1.0861925102347016
0.00011196353054042198
0.6901129499162001
0.0
0.6901128235982125
0.4375946328729693
8.800138647305165
9.233371651866465
3.733208956645292
5.90507308061727
20.455046097343036
54.32006731496911
19.841914923728073
264.13602870494276
1.813900489272381
0.8663300020633864
1.7304139762673518
0.00021320844492203712
0.0
5.5067829060567215
4.5424656005127394e-05
2.5855938264663544e-05
0.02984295467299149
4.3255483811652296
0.00010675879916404634
10.65762953725414
9.391451587202492e-10
2.6980265953303952
1.2238843039099045e-09
0.00012821924635880228
0.0020817641079627002
0.00014660711695261376
0.18790986021400596
0.0
0.00021654322621035885
4.975069678431967e-05
3.65295106215359e-10
5.2703610633389366e-05
4.2705855065389416e-05
2.7432001771721877e-09
3.034663714299121e-10
2.188308877261019e-08
6.349429547004097e-09
6.399928450137422e-05
0.00022201480495863952
0.0013619398236727137
3.9369536496375535
0.0005268900718157971
0.0
0.0003681803769528864
0.0003008161590378973
0.00033907324005727664
0.00014389068793924483
5.132727061304069
0.00012047332023332709
1.2501365230794542e-09
5.96092515913999e-05
6.8815102627304745e-09
0.00440996047609078
1.1319415243672738e-08
6.787257957889555e-10
7.912193347692446e-05
0.0006679479315199768
0.0
0.0004804427588445949
7.605219639280776e-05
5.925285322264191e-05
8.013585589429519e-10
6.303756584877054e-05
1.0798315515023716e-09
7.044881808588435e-05
1.1815665375686605e-08
0.00215413848886344
8.592194281351765e-09
0.0007084438279736061
4.475600910725426e-05
0.00033164109775535473
0.0006166061644703046
0.0
0.1084753999814876
3.506982651830913e-05
6.270339611863995e-10
9.730394873900305e-05
10.985268110676106
8.334926279157353e-05
0.0007386558989033228
0.00039848954755151316
1.2472865744177142
1.717701345886609
7.838107565672961e-05
0.00023876378978751432
4.998822567580458e-05
1.2593548987986415e-09
0.0
5.9463535934751855e-05
4.1601450613074474e-08
0.00015501858673481805
19.183608986105476
0.7037575081386658
0.0011194011199848726
3.6026545680174356e-05
0.0001478600829428628
0.00030415858233796096
5.3060366103022325e-05
0.00021712206449454776
0.0014102202417655
0.000670214835494269
5.258967858679793e-05
0.0
1.2974798560226322
1.7978714165044608e-08
3.137193246262543e-10
6.413507177884554e-09
0.002033873652779106
2.9884388398672754e-06
0.001100138532865248
5.1783084985219066e-05
4.224465834588995e-06
7.878895844343621e-05
3.985625131257452e-06
4.3793500736497574e-05
0.00045337221802175664
3.221529050742229e-06
0.0
0.0006731130655558872
0.6696844888116616
4.2780355471616844e-05
0.099288132083545
0.0007373075681007953
0.0008118312183352898
0.0004310658597202222
4.672695802730929e-05
0.00025689646381766743
2.4260125996544078e-05
7.158809191110274e-05
0.0004019412591838784
3.589231261153712e-05
3.477964976674938e-09
0.0
10.950845132748054
8.368563903583768e-05
0.0022045418157545607
0.0011203175631642245
4.129893313646761e-09
3.504613873663347e-10
2.0933206049716407e-05
3.245590345560959e-05
6.948695860188237e-05
0.0003848251204905665
1.4451517632240942
1.6922626649801075e-05
5.601657188199664e-10
0.0003784884436574608
0.0
0.000200568041503606
0.002245442996129207
0.00217941526469485
6.883005609360638e-10
3.556293360258689e-10
3.726628747773344e-06
6.005179614252896e-06
1.4703498543858887e-05
0.0003246381539463855
1.7619009984653056e-05
2.974072769289281e-06
6.331137865984524e-10
0.0001859072159640559
0.0009062443204501344
0.0
