0.0
11.46641260442892
11.466412604428923
11.466464573257225
11.466464573257223
23.99961203160165
0.0
46.27482754046821
46.274827540468095
45.76482510578841
45.88657953367913
63.560219475957716
2.579296669601165
98.43577028311877
100.00000000000009
100.00000000000006
100.00000000000006
100.00000000000006
0.0
94.930038201698
100.00000000000007
99.99999999999993
99.99999999999997
99.99999999999997
4.388431765855066
71.2208969290194
65.40247501833214
65.69193811133964
95.65404699826178
99.99999999999993
0.0
0.13823117234573254
0.2546311550479212
0.7451175687372411
0.6188439308674992
39.050040737842636
0.0
0.0
0.0
0.0
0.0
0.0
0.0
0.0
0.0
0.0
0.0
0.0
0.0
0.0
0.0
0.9630466223438309
0.0
1.368185170133159
1.0574699224894348
0.0
0.0
0.18510314548811163
3.4019414886522568
0.0
0.9708184259598074
0.777502797947427
0.0
0.0
5.598154692903869
1.6154559245623645
0.9395674998096925
0.0
0.0
0.0
0.0
0.0
0.0
0.0
0.0
0.03167429216648483
0.1266939451204573
0.0
0.0
0.0
0.0
0.0
0.0
0.0
0.0
0.0
0.2666542866478353
12.799723791749813
12.799723791749814
12.799793083520884
12.79979308352088
0.2666456251764525
0.0
24.073951679122366
41.995096077854974
41.995096077854726
41.52747714072455
41.63401226512894
23.960372322850233
0.12175442789065707
47.78368261023305
61.64354960988516
58.70269104112309
62.98910929520517
65.6329694914878
32.45811076896448
0.0
57.881316011387774
71.79874914796282
71.81864976087081
67.52557396516667
64.17798317220365
48.35987460796455
0.7699094683302848
46.89784694148537
61.938576281595985
75.41291657170002
73.88542389615088
57.04992147105775
59.03635855424937
1.2897754044901635
0.0
3.4867467253906232
3.5743699508682387
3.5743699508682365
3.5759293215570613
0.4904864136893192
0.0
0.0
0.0
0.0
0.0
0.0
0.0
0.0
0.0
0.0
0.0
0.0
0.0
0.0
1.6226260510076869
0.0
0.0
0.0
1.1006247112500924
0.0
1.6156829312605474
1.19519993958262
0.0
0.0
0.0
0.0
0.738942987385201
0.7389429873852011
1.4692315214003664
0.0
1.365584700650236
2.2287364603409983
0.8631517596907674
1.7128725429964629
1.712872542996461
0.8497207833056928
0.0
1.1552573584184453
1.1552573584184453
0.0
0.09610917637411018
0.09610917637411018
0.0
0.0
0.0
4.07094162025758
4.0709416202575746
0.8806916420484325
0.32189322025895384
0.0849882789953199
1.311221484137415
2.4585402827576592
2.4585402827576592
0.0
0.0
0.0
0.0
3.7331600130696962
3.7331600130696962
3.7331600130696962
3.7330387524703363
3.733038752470334
3.733038752470334
0.0
36.110927518683546
36.11092751868359
36.11092751868359
35.598124155832885
35.59812415583289
35.59812415583289
0.10653512440432493
45.35799718970922
59.74523769620975
52.826169581743024
46.26208932519871
39.15694155405574
50.80832508753681
0.0
61.85385613512836
74.75356117516112
64.55560484671538
59.58667511660819
57.396145513321414
55.26842812338805
0.6736707847889992
57.19877511649589
60.53053763817494
57.904223876701
61.973038892866484
57.78772865059209
51.656813734968196
1.1285534789288931
0.4726654244666476
0.0
0.09501965295397229
0.5605559013592221
0.560555901359222
0.560555901359222
0.0
0.0
0.0
0.0
0.0
0.0
0.0
0.0
0.0
0.0
0.0
0.0
0.0
0.0
0.0
0.0
0.0
0.0
0.0
5.180982508429512
5.180982508429511
0.0
0.0
0.0
0.0
0.0
4.455978247558504
4.455978247558503
0.0
0.0
0.0
0.0
0.0
1.8797525199849041
1.8797525199849032
0.30898937574752466
0.0
0.0
0.0
0.09610917637411018
3.021177268978902
0.3163917091530173
0.0
0.0
3.907993349088696
3.9079933490886876
0.0
0.8753799276054536
0.31658151633772563
0.07436474412090491
1.1473187986202384
0.0
0.0
0.0
0.0
0.0
0.0
