0.0
11.475276472596226
11.47527647259623
11.451284936210193
11.45128493621017
23.995178409298383
0.0
44.60887915777146
44.82199657842066
46.10619251166372
46.12112351691417
63.99829455695598
0.0
92.61967723126988
99.99999999999928
99.85100132284215
99.96160683164783
100.0
0.0
77.35091729986034
77.07348046760278
61.974699680925674
67.48971624722523
99.99999999999996
0.0
64.93265110178085
66.16771559244279
40.901283259874646
38.539950529324685
30.573309956160653
0.030169041441933123
0.9357858563624957
1.0199241070918634
12.908077124030594
13.439198655769243
69.24803778306946
0.0
0.0
0.0
1.433937306017835
0.0
0.0
0.0
0.0013855723817692688
0.00017319654772115858
0.00017319654772115858
0.0
0.0
0.3061299761217708
0.0012123758340481102
0.0
0.08902996467667038
0.0
0.0
0.5945074965106836
0.0
0.0
0.0
0.0
0.0
0.5945074957951615
0.7902315613259746
0.0
0.015088201656722854
7.999268327173202
2.5803244603477555
0.8601081528106906
0.0
0.0
0.03494763521155799
5.795393267555012
2.5299496728428332
0.8427878644154159
0.0
0.0
0.043858290511165486
0.0667315419824365
0.0
0.0
0.0
0.0
0.0
0.0
0.0
0.0
0.0
0.26714279029219984
12.80929563691888
12.809295636918892
12.78575015727106
12.785750157271027
0.2661783002661181
0.0
29.98584556581269
44.04786331904095
44.196074814841964
41.840155275705165
41.85321990529931
23.983784882834726
0.0
49.59846503513426
67.54164099668435
67.54041352657262
66.08979270009355
78.12094949112888
36.61813381895407
0.0
54.5804382270834
76.01004591466507
75.69297524922759
68.49835150987184
58.064349221032344
59.9217685131389
1.4265290965086808
50.965571616603256
68.48920067267795
69.66650835565072
39.698245244941994
36.99957926717062
61.911060778630365
0.015365941925655154
3.395116102373173
7.330057880740176
7.336067755792273
12.103391899796488
14.680202263599515
20.30887056669154
0.7779730386035475
0.0
0.0
0.0
1.2546951427656057
0.0
0.0
0.0
0.0
0.004420581472843833
0.0
0.0
0.0
0.0
0.30612997406847076
0.0
0.004420581472843833
0.0
0.07913774647275801
1.0552092560349016
0.0
0.9122371448319613
0.0
0.007736017577476708
0.02284774540346754
0.02284774540346755
0.14034203649276605
0.14034203649276616
1.0648277381912996
0.0
0.6157577464806762
0.6157577464806779
0.01973067130147586
0.5396914931885151
0.620199140105832
0.3144072558448733
0.03823806096888364
10.49165197727112
0.25095005989949426
0.25095005989949426
0.4112308698789629
0.14235580570093176
0.05176573683662987
0.1848582034235646
0.0
4.027224698672909
4.027224698672907
0.8324575970875896
0.3042637460952066
0.08033365863339303
0.0
61.96154931341857
0.0
0.0
0.0
0.0
0.0
3.7399990640907985
3.7399990640907985
3.7399990640907985
3.6927228769200253
3.731108429673043
3.7388444472504947
0.0
28.140973689492977
42.3342467395155
34.892921900360086
35.953468308498735
36.01912856699517
36.03228810284456
0.0
43.531093676161916
73.27698292729696
56.68565928441117
61.8891223915608
59.055628023344184
55.720169282433005
0.0
38.529243008180124
98.43444551353338
61.65080322320657
71.41440249400226
66.49541677163249
52.43154744899653
1.2482129594450957
58.11566920251337
63.80430463436402
57.490351855221604
99.99999999999997
98.0754987983295
69.2728299378807
0.01344519918494826
0.48277414597587637
0.29107767442804705
0.3392535771527371
1.7459413970840103
22.0596935948257
20.61646766378447
0.6807264087781041
0.1345100930785871
0.0
0.0
0.0
0.0
0.0
0.0
0.0
0.007736017577476708
0.0
0.040617670003434955
0.8644907591541444
0.8644907591541444
1.447050937880081
0.0
0.0
0.0
0.0
1.0501708636246767
1.1277761713893864
0.8011307767042757
0.0
0.0
0.044747939881755704
0.8046198874640844
5.193958543466413
5.19395854346641
0.0
0.0
0.0
0.0
0.052228137044047517
5.464659782775714
5.464659782775714
0.0
0.03345830334777318
0.9678881526564822
27.298485117490934
17.15969285562021
5.918444097475359
1.8831413031002204
0.0
0.16175092799561888
5.892355248629605
5.892355248629581
2.6886324487834403
0.8274367426269451
0.29924289480287447
0.0702919513042189
0.0
0.0
0.0
0.0
0.0
0.0
0.0
