0.0
0.0
0.0
0.0
0.0
0.0
0.0
0.0
0.0
0.0
0.0
0.0
0.0
0.0
0.0
0.0
0.0
5.1492532798911235
0.0
0.0
0.0
0.0
0.0
0.0
0.0
0.0
0.0
0.0
0.0
0.0
0.0
0.0
0.0
0.0
0.0
0.0
0.0
0.0
0.0
0.0
0.0
0.0
0.0
0.0
0.0
0.0
0.0
0.0
0.0
0.0
0.0
0.0
0.0
0.0
0.0
0.0
0.0
0.0
0.0
0.0
0.0
0.0
0.0
0.0
0.0
0.0
0.0
0.0
0.0
0.0
0.0
0.0
0.0
0.0
0.0
0.0
0.0
0.0
0.0
0.0
0.0
0.0
0.0
0.0
0.0
0.0
0.0
0.0
0.0
0.0
0.0
0.0
0.0
0.0
0.0
0.0
0.0
0.0
0.0
0.0
0.0
0.0
0.0
0.0
0.0
0.0
0.0
0.0
0.0
0.0
0.0
0.0
0.0
0.0
0.0
0.0
0.0
0.0
0.0
0.0
0.0
0.0
0.0
0.0
0.0
0.0
0.0
0.0
0.0
0.0
0.0
0.0
0.0
0.0
0.0
0.0
0.0
0.0
0.0
0.0
0.0
27.80794703253717
52.59062793764035
52.590627937640306
38.65127443368752
38.651274433687504
74.22528539546754
64.3932442413057
0.6982958669147656
38.509850477577686
38.50985047757767
33.69361543711934
33.69361543711933
10.07063784501856
0.0
62.960704039111754
34.97816891061753
34.97816891061755
39.033688541809006
39.019891125789115
20.317658058214878
0.0
41.15691585951215
68.1582888084308
63.75487374106294
70.58949239748323
70.58949239748326
39.103950980457626
0.0
37.334374269443884
84.64416594593027
90.40527609756342
88.05569535044154
88.05569535044155
98.30401792160936
0.0
0.0
10.373923564043988
10.373923564043986
10.373923564043986
10.373923564043986
10.373923564043986
0.0
0.0
0.0
0.0
0.0
0.0
0.0
0.0
0.0
47.75479613496885
47.75479613496883
38.4589454666933
38.45894546669329
2.8849345049132684
0.0
43.21320526932905
43.21320526932904
30.111328372793082
30.11132837279307
53.734305964893856
0.0
27.98253512849403
27.98253512849404
35.42433110272131
35.4122583637039
54.09003642384595
0.0
63.790951637885094
68.19436670525297
64.43919536741443
64.43919536741446
95.92473678444007
5.1492532798911235
87.55121465608548
81.79010450445233
79.44052375733045
79.44052375733047
69.19220118616265
0.0
10.373923564043986
10.373923564043986
0.0
0.0
0.0
0.0
0.0
0.0
0.0
0.0
0.0
0.0
41.711920548805764
41.711920548805764
41.71192054880577
64.94712472103409
64.9471247210341
64.9471247210341
73.5922791329208
9.776142136806731
9.776142136806724
9.776142136806723
27.694254073801034
27.694254073801034
27.694254073801034
0.0
41.973802692741145
41.97380269274104
41.973802692741046
30.47648708732232
30.47648708732232
30.47648708732232
0.0
61.735373789268216
61.73537378926821
61.73537378926821
58.65592647068645
58.65592647068645
58.65592647068645
0.0
74.66874853888795
74.66874853888781
74.66874853888781
79.36791003313155
79.36791003313155
79.36791003313155
0.0
0.0
0.0
0.0
10.373923564043986
10.373923564043986
10.373923564043986
0.0
0.0
0.0
0.0
0.0
0.0
0.0
0.0
