1.0712346093512275
12.187866140970318
12.268983074388366
12.124541874093188
12.12454187409318
0.4813076539568628
0.0
25.89964903088116
44.07262984617849
44.25391617539228
46.12787547421926
44.860448579894204
26.481948289896113
0.0
42.781437784053566
99.55887264411531
100.00000000000001
99.99999999999999
100.0
42.27977038869185
0.0
53.76955273539128
96.30972397431925
99.99999999999999
100.00000000000001
99.99999999999999
57.33820331320488
2.8107395248950597
52.77611128063332
98.04019182805528
99.99999999999997
100.0
99.57223977567999
61.92457536257648
3.897174633083237
0.0
0.559056764494151
0.6288557586812308
0.25560148571893604
2.313147790831051
4.626295581662104
0.771049182281776
0.0
0.0
0.0
0.0
0.0
0.0
0.0
0.0
12.187866140970318
12.268983074388366
12.124541874093188
12.12454187409317
23.99184894862759
0.0
44.072629846178486
44.25391617539226
46.12787547421925
44.860448579894204
63.90701044705969
0.0
65.35955767396582
66.49238634286122
74.36867723114857
86.08680638571431
93.69562003560948
0.0
64.76487444120097
76.77158673077882
50.28068854855707
77.71035864196254
98.19644748302855
0.5873478345805936
25.48190915163386
23.231930215646244
26.257278150010475
21.86494577350413
100.0
0.09570767805019406
3.5668410595644082
3.636640053751486
3.263385780789193
5.147914878338837
37.23097361769236
0.0
0.0
0.0
0.0
0.0
0.0
0.0
0.0003831250307574528
0.0001915625153787264
0.0001915625153787264
0.00738954734394091
0.0
0.0
6.004710889287994
0.04158086053266352
0.041580860532663515
0.04290966789364973
0.3541457388310582
2.6855975010494806
2.685597501049481
5.5569869145931685
0.053878155125687256
0.0
0.0
0.09432827026759714
0.7809314384457644
0.7809314384457646
3.6373337365431238
0.11258479036828689
3.8278836423971407
13.663981757450479
0.2273349740928254
1.8641468779368262
1.8641468779368262
1.3351839128482705
0.096290982563895
1.3781823688596384
1.1753141851632702
1.057625624482257
1.0120586790296966
0.6493164053165916
0.4844832670340808
0.49627187202346906
14.145352312802531
14.91947301164239
3.502010874124438
1.4654733907511828
0.610336490617228
0.24394450611725926
0.12887846507146422
3.826876530251729
3.8268765302517296
0.5549897978386067
0.22199591255228393
0.0
0.0
2.5039255340271405
5.295238310288871
3.423493603079996
1.8692873249385293
5.256205143336721
3.606102817548685
0.0
19.463668201531753
50.33424904080217
32.46807941423089
21.80228066180559
51.29764914736033
33.42506228744846
0.0
53.12995909396099
68.15660673311278
57.808085488752525
42.60827766506264
41.31842495732016
44.23896839483547
0.0
64.21915658254713
72.88658571692852
63.54831743026242
80.62685866913948
69.60360295022389
57.33820331320487
2.8107395248950597
57.422582644425866
63.249756503515485
62.24442422612252
85.44271328307943
68.84307936295899
61.924575362576476
3.897174633083237
1.3329384780148439
0.0
0.06537549564547264
0.6973314168505936
0.18612853735035767
0.0
0.771049182281776
0.7138016577609142
0.0
0.0
0.0
0.0
0.0
0.0
0.0017110793167870685
0.010702886620705256
0.029313114492424814
0.011166592855079037
0.0037205755849796115
3.335950499102234
0.007719485228056061
0.03330400748358235
0.4477845371105389
3.8022806919057857
1.267426876342932
3.3359504438287146
0.08717664014181618
0.0
0.0
0.023519983233526522
0.02351998323352652
6.397383348722013
0.18253379554506421
0.0
0.0
4.468662373816315
2.0699480133652886
0.9208303906957231
0.014051362707230272
0.16402674080390628
1.2907608811028268
3.722148419564585
1.3958057478123698
0.46526852238036454
0.0
0.2879611286410294
0.35628354419125213
0.37512849086052563
0.2900355459158626
0.20286818369636656
0.0
0.0
0.0
0.0
0.0
0.0
0.0
0.0
0.0001915625153787264
0.0001915625153787264
0.0001915625153787264
2.071380432267328
2.071380432267329
0.0
0.04158086053266352
0.18547894044666283
0.18547894044666288
0.041580860532663515
3.563383999976101
3.563383999976101
0.0
0.053878155125687256
1.9274186158947209
1.92741861589472
0.1886555063679394
4.115875716253068
4.115875716253069
0.0
0.11258479036828689
0.0
0.0
0.6820048278810907
1.3329384780148439
1.3329384780148439
0.0
0.09629098256389498
1.9064249942057714
1.9064249942057707
0.0
4.4928748805526855
0.7138016577609143
0.0
0.496271872023469
2.727890175284566
2.727890175284566
2.727890175284566
1.2217186214224276
0.3665819157318474
0.0
0.1288784650714642
0.5549897978386069
0.5549897978386067
0.5549897978386067
0.22199570813648895
0.0
0.0
