0.0
5.036586367480539e-07
1.1869302263249736e-07
8.451871300672736e-08
1.4231469230827746e-07
7.761103336733064e-08
7.556994691375114e-08
7.716196626877878e-08
7.827243522044725e-08
4.474163904604539e-08
3.0229645063645734
9.266210562046885e-08
9.41286020693468e-08
8.525969994932482e-08
3.563482125224668
0.0
3.1553689016158364
5.884482403913202
2.4535201333983814
0.9356692852675126
2.629920335878936
9.215849493265447
1.089059261968837
5.946459864643945e-08
177.00951364400044
0.34147402998942455
190.34363901016755
4.9035014974417575
2.885787888397291e-07
2.98688820843732
0.0
2.4253931613503856
0.0067100076197477
11.046673531321769
11.23954723627932
21.87191040155995
10.014753986821248
47.81594844093442
11.07083686894386
34.86450650739751
197.7003729255083
10.247384296685956
5.6068028409372226e-08
0.8553523545870207
6.021098458805118e-08
0.0
5.908468887160974
9.651559205319116e-07
1.0162883577764024
6.512778663120097
1.0347738588533695
1.7945823347299335e-08
70.01847275105958
0.3373164760100566
7.442477665421334
5.222302863627225e-07
2.8260317347964995e-05
0.0010171149051937068
1.4916453862268472e-07
0.056079418484302514
0.0
0.0004583010068635963
0.0014054425828511183
0.054326749808941546
3.876070131707992e-06
2.6709656979245713e-08
0.05659836482740586
1.3813713564042493e-06
0.5568107573155094
0.38844003089115264
8.270190857902698e-06
2.9153116067682596
0.0049033639640755555
0.09339302719067388
0.00019878652408904907
0.0
2.40157029160612e-06
0.04180788945003426
5.708485700718117e-06
1.4752384162628574e-08
11.951336396059192
3.8944730563992865e-06
0.036399174873797346
4.129377984247875e-07
9.693788604390963e-08
0.2275488557523659
1.7435342429265772e-06
0.022154814556822715
1.3166291546022414e-06
9.614185388400593e-05
0.0
5.004589569027792e-08
8.98308724334376e-07
1.7031958375410025e-08
5.5860885016449e-08
5.881975904918876e-08
35.472063286752714
8.833058263281406e-07
1.151008362514092e-07
9.91995661867185e-06
0.0017855075485186105
0.0013756783665439334
3.943964289705796e-06
0.00014589956657552815
6.103193662076027e-06
0.0
2.5975511048318147e-06
2.0704905839647877e-08
6.36679938934042e-08
6.864841478974042e-08
1.6767245551807455
1.0008250445114834e-06
0.2163519476994305
0.21421582665020944
6.103974755812493e-07
0.014140786631707578
0.25004662694175145
0.0005244095246034358
0.05671081854236295
3.458193852133087e-07
0.0
1.810239983812059e-08
8.493059480162847e-06
0.0001417752760529934
4.899035952834638e-07
5.834804497394535e-07
1.0200836344045096e-06
0.6264713509448268
8.585570081977793e-06
0.0006334210508448415
0.286634140217206
2.824373633568405e-06
1.6294444402182047e-06
0.07520193337653973
3.870467015103621e-06
0.0
15.238780437048513
1.3713730797398722e-06
0.05402766749270742
6.571629177751032e-07
0.004338524529467964
1.9600656826972855e-06
0.04039472412848859
0.0004323807838961073
3.6412600742601637e-07
1.8711181048480394e-06
2.6062256598398007e-07
1.7636484570373466e-05
0.0009609117389234993
2.2448438597687383e-08
0.0
0.0013897356692047671
0.05522772655196587
8.115805086055282e-07
0.008105636557090054
0.007124292507404214
0.3975728140498173
6.873533516509585e-06
0.007204748546439295
5.746178835028042e-06
0.10264231635682705
0.011961225632769648
0.0001969717367820802
1.3710850772528602e-08
77.20860814959478
0.0
0.5887459433439962
9.841156092522178e-07
0.3858354788320553
0.3285042855850364
0.11505401354540636
0.05647007806679832
3.96377767679818e-06
7.887652121593706e-05
3.2290648106793483
0.0002542608024098679
3.451112752289119
0.2017431969534006
3.8709137586513446e-08
0.00026081206711548355
0.0
0.00023863880657280974
0.06493300761789068
0.06913730142457665
0.05714719726422089
0.041886188237365285
1.6229503163721293e-06
1.978584731237027e-05
0.23760413677271533
9.486279678452713e-06
0.07954942253351749
0.06291760958066484
0.005456948858568675
2.575580497529117e-05
0.00039291352567438385
0.0
