0.0
1.254018460801376e-08
1.0742942742967039e-08
1.417393713843848e-08
1.254069741890003e-08
1.2368972388355485e-08
1.0817033511957663e-08
1.2297817527187187e-08
1.1654945916669544e-08
3.846187891103223e-09
1.4797106686201313e-08
1.2541642946794134e-08
1.2401056366070291e-08
1.0031572519385612e-08
1.0291918685879513
0.0
0.9064670076444075
10.039334076223144
0.5507996973309014
1.4327302442490475
1.0462990065421744
31.686044434060005
1.63577321767412
2.009075030813362e-09
260.7143347881416
0.9103043791218612
74.6809063719714
3.597547504728936e-07
0.46094871566581186
6.793198523931472
0.0
6.793198525603884
0.5297038416879003
1.4240004051008919
1.5581738402917618
26.282071014892896
2.1291936587756135
120.32993259226767
87.81340462626459
1.0386358271853058
50.60989613061323
3.4768542603178326e-07
0.10978534476147297
0.762566568579901
6.428069033298888e-09
0.0
4.362978877495917
1.7050637267533642
0.9793374819334637
12.72722383866494
1.555353444215291
1.1140395154805994e-09
27.99607176052309
0.4168233251488683
131.8423378905639
8.076577207551078e-08
7.552273817831601e-08
0.00046048309289430756
4.01403021743855e-08
0.4609024744721984
0.0
3.966394699873493e-07
2.0492658116162306e-06
0.12207242886785348
0.07485352270007414
0.5811331456118064
0.12374385861455016
0.06145695030252507
0.11665987135452335
7.845835104981819e-08
3.137221133363314e-08
1.3689269824189854
0.2889846940884151
3.0572129561017007
2.26104438862145e-06
0.0
3.0388198470149884e-06
3.493926377641523
2.234662640297339e-06
6.257188917705814e-10
0.023823878651273254
0.34229194621992026
9.468734596187794
6.404847011889991e-08
7.996716809608068e-09
0.22361064493830576
0.1668055305548592
0.2406272487444966
1.2372811043498438e-08
9.699667369730382e-08
0.0
1.2106675220570643e-07
0.022832946923585496
5.703410104981011e-10
2.334152374980242e-08
0.09405202441638005
39.64850898333615
0.7339836930363663
1.0935615549892012e-08
2.3231541044770049e-07
2.0376634895075787e-07
1.4311326078523825e-07
2.7943258055546168e-08
5.34120977445816e-07
6.154493136651798e-07
0.0
0.08977931894945104
8.051775556227105e-10
2.5030302930429962e-08
2.155899945969728e-08
3.2676842365715286
1.3003852115584096e-07
0.019876401424259914
0.27761742115128724
0.22754477059024866
6.463621590686278e-08
0.02686189498851401
4.0152013930122745e-07
1.6141384578248898
0.1638006865671195
0.0
5.79491579218902e-10
1.3087580033743059e-07
1.2817770552293068e-07
1.404380960474481
7.395128458139399e-08
0.04140427366054712
0.06120747581635942
6.3239763033726e-08
5.468105409199656e-09
0.06404762546593408
3.9786997146961164e-07
2.040584826691581e-06
0.11671543872809287
0.05959034276962808
0.0
0.11890476269676648
0.052596904243390634
15.042289256681666
7.817118330171673e-08
3.9360876597868416e-08
3.319570699084581e-07
2.173499646691487e-07
0.0490304052315316
1.4692550895144788e-07
5.609241544670027e-08
1.8282421353551358e-07
7.78851145306996e-08
0.00025234447865919555
1.330372722679287e-09
0.0
0.000858668573102736
0.15353202409091105
1.0928950779673712e-07
3.079772301371114e-08
2.14420840939951e-06
1.930529660885672e-07
0.487967428452287
8.928060955589873e-07
0.10991545158126532
0.632869232039573
0.004032596314352465
0.00014151910382354443
7.882025089463096e-10
0.8468473023439109
0.0
1.736300033671419
1.2242621529138166e-07
0.9043331519707716
0.21160746281963788
2.5612245789907657e-07
0.0019908767624588868
1.203276253269279e-07
0.03312355698479996
3.4640952865326216
0.00021854126870113225
0.16837317161210952
1.103436233325338e-09
1.955701555333742e-07
0.00021750586905546718
0.0
0.00022166414676579613
0.07375544770976267
0.044678553570714805
3.674827226702746e-07
0.0013069477443621632
1.776709566949776e-07
0.0311403391269298
0.19190111514077693
3.3717841005320895e-05
0.04891557167651287
1.3987236818376419e-09
1.2707572950524572e-07
3.2329776466294014e-05
0.0003727455467817711
0.0
