0.0
2.4349580255512866e-07
3.473098151184113e-08
5.16053613982532e-08
5.452820119620017e-08
3.996953053744771e-08
3.888786307619795e-08
3.8126235025800967e-08
3.9300759360744564e-08
2.224441078967215e-08
8.347559479994204e-08
4.563795209903603e-08
4.622070053157993e-08
4.031567637425585e-08
7.556148088769191
0.0
5.92714615476402
15.34509906191253
4.540122384098348
3.1486719218438157
13.430753595477603
11.965274430377463
15.863029010871077
1.1962790810051966
172.74511970055875
16.265039935846527
122.9176274463392
11.076162596844538
3.87672097849571e-08
2.7470585221583326
0.0
2.033060236370491
0.03266616700113101
11.737098212973233
8.95084980387537
21.326025372072927
5.567264892888906
45.342108917920754
11.521973519722376
17.4831210455786
234.25321655721717
3.937488730132435
2.633993918602676e-08
0.7943896279438336
2.4757485527704154e-08
0.0
4.762312740362596
1.1997014551910023e-06
0.8214628645844689
6.505516985157982
0.8205790355317311
9.212556350571964e-09
56.68840412207788
0.26505549695865976
7.441235502183794
2.7898719241051623e-07
5.9578784464056434e-08
0.0013895285180114878
4.777669212608318e-08
0.357997158956465
0.0
0.0002767852515199926
1.1158335532717642e-06
0.05486771914896886
1.984534728439107e-06
1.744487185955195e-08
0.056445468896540715
7.111431256785933e-07
0.40979765335156415
0.30398692858847975
3.475440369331288e-08
6.165045470019069
7.13972570012176e-08
0.09517687582811454
0.0005912432428079764
0.0
1.038133777169286e-06
0.04285010150209927
2.927272234873739e-06
7.328000766940566e-09
21.481953351246567
1.849421788989305e-06
0.03633890839487
2.0188932039651967e-07
4.384603296411613e-08
0.14283206480977162
0.0027231051997246665
1.4488648974285032e-07
7.768314999487049e-07
0.0004616553718170685
0.0
2.3040491839789486e-08
2.8520687988202394e-08
8.22680659508213e-09
3.34869878936215e-08
3.407336781071035e-08
35.45055860269353
4.503776530736114e-07
4.6346959224250604e-08
2.597969565993428e-06
1.3605609066202287e-07
1.6003619491782698e-06
3.00405267995032e-07
3.0062507132773336e-06
2.625640272368413e-06
0.0
0.29186078567867224
1.0032808160290655e-08
4.306382636336285e-08
4.099190545157724e-08
3.5996459320691887
5.385826424383583e-07
0.17436246031232885
0.2092645371194028
1.47823333423954
0.008251426452226684
0.006861353548708791
0.00027446187340983094
0.00685973001706585
5.479485053778366e-08
0.0
8.308877542403335e-09
4.249180784673039
0.00017220160870777838
0.0007819242272922634
2.545414172205628e-07
1.000269491443644e-07
0.9805570495950244
1.4893773920933256e-07
2.932280942643445e-08
1.3160660250863967
1.6395898705721274e-06
7.135044965107732e-07
0.07660374661549305
1.979026616086483e-06
0.0
37.28408979537389
7.102445265554592e-07
0.05178831025228007
3.344303836569822e-07
0.002507679420341679
2.998339184649869e-07
0.0028696513686427214
1.47282328304051e-07
8.340375799645639e-08
2.554884375989851e-07
6.832686156511967e-08
2.108714923294598e-07
0.00039535499210449344
1.2188442936056615e-08
0.0
0.00109837603190263
0.23518240524952438
4.4037705492845297e-07
2.58369857662697e-08
6.87746972460326e-07
0.22244816756077157
2.4475800344783316e-06
6.086324478578621e-07
2.8625678378538503e-06
0.18330935861798967
0.010578960933246007
0.00013242595178007298
7.471505096624774e-09
68.35879463963467
0.0
1.3922282364514453
4.976980531810843e-07
0.26745823490461845
0.23580690903953236
0.10571054525139023
0.030183328464354727
0.06748051521854678
0.8480693427997891
2.758994776200594
0.00030266204868072306
2.2597204350808635
0.06765216295823152
6.016497108429691
0.00030905371742513297
0.0
0.000282995717307927
0.05935968206824917
0.08494568146970623
0.047033824561486345
0.027294540453146506
0.04079691672976731
0.06376933247315902
0.17155438725038008
9.689935750118113e-06
0.06557977513894293
0.040529106934388694
7.166392295872142e-07
1.0467160954140742e-05
0.0009495330437819288
0.0
