0.0
6.832284018659099e-07
6.672386206410145e-08
6.312234735802054e-08
7.39174371602232e-08
7.049986971335265e-08
6.390849965663643e-08
6.01510101813158e-08
7.159470562815467e-08
2.0076005374065736e-08
4.216203097826272
8.038124453190196e-08
7.71633710910411e-08
5.9175452424805165e-08
2.144893248214254
0.0
2.4571984990293814
5.025010638472028
1.6548206542265755
1.5619485870090321e-06
8.647350339261779
9.744066558294747
7.6145538546969025
2.3930703889405387
137.37434538780346
18.09379711705128
179.53249239212914
18.24790851086095
1.4423803577391259
3.0463543120145573
0.0
2.8240209230521742
1.5132618790346846
11.62411867915778
5.874654183525987
25.417827482075285
5.295375915079774
47.28130130891965
11.077640530980977
28.340891049439712
213.39695946850085
3.0606392009239807
0.013592518056219487
0.6768570509910985
5.476440274148588e-08
0.0
3.078171555413449
4.9049290663864414e-06
1.0094624526195806
6.702290068942826
1.0201252228362363
1.494469449320229e-08
74.72331405097202
1.0864525631774504
8.191163766863129
0.539009820095547
1.5980380711376199e-07
0.000891503959954376
2.0477519504734737e-06
0.0664063955137132
0.0
0.00038057697608357533
0.0011665207464960565
0.0717487320815394
5.2698866137465504e-05
3.4894411309495506e-08
0.06708138035203522
0.007770686131282747
0.05170197547653242
0.007699077693440074
1.29072241795303e-07
5.997716001012279
1.6615722779687195e-07
0.2221361583922724
0.0008924584096686817
0.0
1.4521035312783173e-06
0.10142350630456078
1.406186770397524e-06
1.2357200715005743e-08
12.893589260989309
1.2953299227101436e-06
0.06726211421250854
3.277825307544702e-07
1.6609025840428965e-05
0.14652091908648607
0.0017849320635950473
2.6594043640356986e-07
1.9964921504446801e-07
0.00025715950111640767
0.0
0.00021629536103393422
1.164419883840532e-05
1.4818270489285353e-08
0.9553597280414386
4.007928557052769e-08
34.541740527306416
4.252081103923261e-07
1.7929769873311752e-05
3.531342427326845e-06
8.607515994972916e-08
2.378965839181498e-06
3.3895208539314187e-07
0.0002771757952083478
0.0005214458483933633
0.0
5.5007795216986286e-08
1.6916141426646055e-08
0.8819273900434697
4.884909113319493e-08
1.4410971282405014
5.225557316959927e-07
0.006449274489439982
0.5697570143414077
0.4867926951451285
0.020030329741187267
0.021988013998177406
0.0003425035711503588
0.02156570552100558
0.006736727107641182
0.0
1.4501832318245213e-08
6.857883701101187
6.1623682359000205e-06
2.138194812926516
3.6993051589092497e-07
0.013944927932498692
0.823559469864108
2.028458280693721e-06
0.0005809237993548723
0.0001824849387497611
3.311561899059572e-06
1.330701502003533e-05
0.09756227733517842
5.268251886398798e-05
0.0
30.667399153306132
0.007596805389683366
0.062544522061805
0.007526578844038248
0.00789226373395923
0.0003423747017827527
2.6799337373174198e-08
1.2517215525960694e-06
0.0002496201887533007
1.2391628629850872e-05
0.00023913064810546686
5.263021567384318e-07
0.0004861341768485492
1.3369019894353358e-08
0.0
0.0011137519689380856
0.13454064986374967
3.3223787545866806e-07
0.005236830039196568
0.045559972559220854
1.0172439150746045e-06
4.8576961122632345e-06
0.012613983250547606
3.7342017581494437e-06
0.10091816005786391
0.013094857198935071
6.394005800202473e-05
9.018688906123495e-09
107.150014294534
0.0
1.073311115230662
5.085698454552902e-07
0.6799484647357128
0.22259747198098553
1.4570294689156428e-07
0.07351507951823785
0.16792663696854254
1.3578804257452886
4.056267247281204
0.00021661346276911333
7.202672502572181
0.1680332991822194
1.9537211629357147e-06
0.00021855317849962957
0.0
0.0002067331534373412
0.11183177545777168
0.1931085880736425
1.922036841504742e-07
0.0599086927208415
0.08351965931354152
0.11551700714178174
0.22382900730338998
1.0035649552563599e-06
0.11915401545000902
0.08335341612680343
1.8532867210961557
1.2422569255418642e-06
1.1193881110650644e-05
0.0
