0.0
0.0002935004958264391
0.0011715746889032282
4.401387701716918e-08
1.496935618037437e-08
8.552749157691349e-06
4.568036110910026e-06
5.5280942492673425e-06
4.8489647705831495e-06
0.5582566743685529
2.9458578694471312e-08
4.1342545248402865e-06
1.0237831094387207e-09
2.6253661398693937e-06
1.515951844637812
0.0
1.2339241180570995
1.174655995443768
0.7580733328149064
0.0769924701327018
0.35949347184946623
1.8084991717613865
0.3595644682017804
2.5897362346084343
277.86092648047907
9.264338403089106
101.1065403053468
1.0021180797611486
0.00010965784533008033
0.7184772491924433
0.0
0.7184770663872954
0.07067366595328858
9.742965433583912
8.769108304448181
2.675405819232639
8.769039566421663
19.191975305099447
115.6553412873564
8.73136831925164
212.86067712100905
1.5204739394480498
0.8220842558094827
1.6417934262822205
0.00015235816880474737
0.0
4.291830575334941
4.450204560223164e-05
2.533116873550996e-05
0.5765449080588857
2.6767941001515146e-05
0.00010459806025173737
19.19408445673369
1.3965590406728581e-09
7.121367484210189e-10
1.021200051540352e-09
0.00012578679706375597
0.0017423212375154281
0.00015125513825782174
1.7761558294940918
0.0
0.0002126471113791907
4.875510093952346e-05
2.789723949719727e-10
5.1641574288175224e-05
4.18436481249306e-05
0.2603621169973826
5.516470409568535e-09
1.4805696048048654e-09
1.1109955929542445e-09
6.274721293405563e-05
0.00021767411234033913
0.0013355131505019113
2.6164696032929116
0.0005018397815617673
0.0
0.00036099443093956854
0.0002950530183567331
0.00033220277788831385
0.00014103012395765902
2.3206460555434445
0.00011807468835588608
9.108875566683901e-10
5.8345917428470844e-05
9.489619202606392e-09
0.003935275813124995
1.428246578232707e-08
0.13432276357165737
7.7762606793027e-05
0.0006119079266165399
0.0
0.00043633467407382576
7.469439922322903e-05
5.808586555807952e-05
1.83916268073343e-09
6.171696000773827e-05
1.0659993246111712e-09
6.900429444805693e-05
2.279752514316756e-08
0.0021082816942449706
8.928302776918904e-09
0.0006947677021948019
4.399051808337491e-05
0.00033191799874657734
0.0006043229842939022
0.0
0.10695331215899562
3.4388643236758505e-05
5.018484409027261e-10
9.526657950898512e-05
10.318430484179537
8.15954664572513e-05
0.0007242426135534622
0.000390773359297818
0.6135768529139773
1.3153113821289717
7.688769551008506e-05
0.00023419995203622496
4.898843635447867e-05
1.4170451437423988e-09
0.0
5.8294095140617926e-05
4.374782787989225e-08
0.000151956293134122
20.50506683767552
0.6614832751162393
0.0014510945781935588
3.529841993384818e-05
0.00015181166252095315
0.0002981733738596897
5.199023051375028e-05
0.00021325011722645636
4.8635086845135735e-05
0.0006558106073820923
5.15292925064275e-05
0.0
1.8647615572624412e-09
1.2967640592710339e-08
1.2251862819922374e-09
1.246616290004528e-09
0.0019945968116909228
2.9280108733445282e-06
0.0010787597219521694
5.078280991515718e-05
4.140199125835415e-06
7.718393677487117e-05
3.904023883633416e-06
4.363151337329262e-05
0.00044419486810493464
3.160806436575933e-06
0.0
0.0006597885649838274
0.6449018953115975
4.186946716837167e-05
0.004998308259244918
0.000720509102109393
0.0007963272666159972
0.0004227655751521991
4.5863284314954695e-05
0.0002560253065709394
2.377892871366693e-05
7.163088384705889e-05
0.0003941046607308653
3.5204463624214e-05
1.8935285024646518e-09
0.0
10.281317312830042
8.192290922212354e-05
0.0021574482439510978
0.00109866354824485
4.393618393701698e-09
4.500791083960202e-10
2.0564870684355054e-05
3.1810954118152916e-05
6.810970920585844e-05
0.0003836277100424821
1.574430390132596
1.6595489580226463e-05
4.5958589781284714e-10
0.0003713915970064916
0.0
0.00019667019591588535
0.0022003850886982714
0.0021371826445899314
7.307292072508681e-10
5.354248561894678e-10
3.6632975349389456e-06
5.887763402735328e-06
1.4417021183228609e-05
0.0003215102741709038
1.7281229831630133e-05
2.9175095647417277e-06
5.1130390726209e-10
0.00018184494866546887
0.0008882824946521429
0.0
