0.0
11.4663988828194
11.4663988828194
11.466454395991006
11.466454395991006
23.999592504466282
0.0
46.20267239708878
46.202672397088755
45.95274538880168
46.01241120981221
63.78448500247642
0.0
90.6744636024544
100.00000000000001
99.63081741536445
99.69909928115023
100.00000000000003
0.0
86.2816291784197
87.9272470863677
83.1259523664281
99.99999999999997
99.99999999999996
0.2555159266592553
68.1449511845172
68.37942205452683
59.96679785012498
66.98238823027599
100.00000000000006
0.0
0.3179226004072021
0.4041930749531045
0.3102897821647862
3.2459247245582645
19.886009895582088
0.0
0.0
0.0
0.0
0.0
0.0
0.0
0.0
0.0
0.0
0.0
0.0
0.0
0.0
0.0
0.47194247292576014
0.0
0.0
0.7533264301199891
0.0
0.0
0.0
2.6037353441576996
0.0
0.753326444491398
0.6441236587712221
0.0
0.18238022412731975
4.878824816736817
1.7790189798515268
0.5930063123822706
0.0
0.13988610894816556
0.13988610894816556
0.13988610894816556
0.13988610894816556
0.13988610894816556
0.0
0.0
0.044815824452807025
0.0924323089829765
0.0
0.0
0.0
0.0
0.0
0.0
0.0
0.0
0.0
0.26665381276867456
12.799708651486544
12.799708651486542
12.799782669048684
12.799782669048684
0.26664456057340685
0.0
24.03624016380835
41.92960335769059
41.929603357690695
41.70044638863659
41.7526539820208
23.980580189356427
0.05966582101044032
46.969899902126336
71.81355286033057
62.488016462785005
66.70771528626112
73.573708910448
34.58145445202104
0.232366082908384
55.67404956979678
75.84026892025302
76.04505991471375
68.38688430881899
70.11060973007272
43.48364263379786
0.36356082260488604
53.839897235543845
60.66241494371694
60.867576954974886
67.97129452700014
59.55186082559109
59.37950823737027
1.244085654538557
1.082304278845489
4.2544111640556705
4.2605733408089534
4.2538659627526405
4.463554172923605
3.2377558038636267
0.5756010233032441
0.0
0.0
0.0
0.0
0.0
0.0
0.0
0.0
0.0
0.0
0.0
0.0
0.0
0.0
0.0
0.0
0.0
0.5393628262008687
0.0
0.0
1.1559355840627792
0.0
0.0
0.0
0.0
0.1549551766607035
0.15495517666070346
1.645337216640383
0.0
1.4855161884967154
12.704802746657164
0.20843454185979404
0.39081476598711357
0.39081476598711357
0.39081476598711357
0.0
0.0
0.0
0.0
0.10434657364392222
0.1043465736439224
0.0
0.0
0.0
4.119952529101379
4.119952529101382
0.8914254717766408
0.3249290645111701
0.08467137367841727
0.07327758787583573
2.335724240908027
2.335724240908019
0.0
0.0
0.0
0.0
3.733153378761443
3.733153378761443
3.733153378761443
3.733023848027696
3.7330238480276954
3.7330238480276954
0.0
36.05436024571254
36.054360245712544
36.054360245712544
35.80306016244277
35.80306016244277
35.80306016244277
0.05220759338413528
48.08346180114779
69.90552462815687
55.40689507632016
45.38427060795636
41.88445506709295
52.19043402465433
0.203320322544836
66.65463910940308
71.90438087033
66.5802793345051
69.524839421707
66.48597002549245
65.22546395069678
0.3181157197792753
58.90828564658864
58.532517110306074
58.532517110306074
57.95096643345975
56.54712312927417
51.957069707698984
1.0885749477212376
0.8920108011092965
0.0
0.09243230898297664
0.04481582445280706
0.04481582445280706
0.0
0.5036508953903386
0.0
0.0
0.0
0.0
0.0
0.0
0.0
0.0
0.0
0.0
0.0
0.0
0.0
1.1179523467341153
0.0
0.0
0.0
0.0
2.5389473084132437
2.5389473084132437
1.676928520036278
0.0
0.0
0.0
0.1274525197863574
1.3489851798279748
1.348985179827972
0.0
0.0
0.0
0.0
0.0
4.753104461001109
1.784021602218593
0.0
0.0
0.0
0.0
0.009481580325475247
1.6746232983016287
0.5748430275357694
0.0
0.0
3.7627081898454637
3.762708189845459
0.0
0.886208960190116
0.31972944210483273
0.07408745196861512
0.06411788939135626
0.0
0.0
0.0
0.0
0.0
0.0
