0.0
11.466493947304567
11.46649394730456
11.46652971786622
11.466529717866221
23.99973709928622
0.0
46.251030971073384
46.25103097107347
45.826800988651385
45.92807870375351
63.63418196619144
0.0
99.99999999999969
99.9999999999998
99.99999999999991
99.77361873121038
99.99999999999994
0.0
76.73620701261572
76.1446834613203
85.62013113616257
99.99999999999999
100.00000000000001
0.0
59.917844749647934
59.93154992074841
60.36236627767658
70.00570468858339
100.00000000000001
0.0
3.459526844770336
3.459526844770336
3.459526844770336
3.459526844770336
30.422939728514088
0.0
0.0
0.0
0.0
0.0
0.0
0.0
0.0
0.0
0.0
0.0
0.0
0.0
0.0
0.0
0.8010810035894375
0.0
0.0
0.914319288559735
0.0
0.0
0.0
0.0
0.0
0.9143192889864529
0.6698974659433957
0.0
0.6323085029365509
8.076338573651597
2.587564778873863
0.8625215866798399
0.0
0.09995206365718377
0.09995206365718377
0.09995206365718377
0.09995206365718377
0.09995206365718377
0.0
0.0
0.0
0.0
0.0
0.0
0.0
0.0
0.0
0.0
0.0
0.0
0.0
0.2666583666262623
12.799812092203782
12.799812092203767
12.79985978628598
12.799859786285982
0.26665240486598585
0.0
24.061514464499144
41.973496753720475
41.97349675372048
41.58452219090528
41.673140191619645
23.967036929181546
0.10127771510202996
44.633837011146625
65.21978374310883
65.21978374310895
68.89294896611695
77.87061459940637
33.72398424890664
0.2738607803151931
58.01971682887787
87.34282145208402
87.02002571253809
70.90800553413062
71.9358236063341
40.749843492161425
0.0
52.338475814671945
65.0597995118956
65.07546256458174
70.63929929489909
58.20104482294034
59.66703500002094
1.5466547627592873
0.0
3.459526844770336
3.459526844770336
3.899344620926824
3.899344620926824
0.0
0.0
0.0
0.0
0.0
0.0
0.0
0.0
0.0
0.0
0.0
0.0
0.0
0.0
0.0
0.0
0.0
0.0
0.0
0.9155211469593569
0.0
0.0
0.9143192920223043
0.0
0.0
0.0
0.0
0.0
0.0
1.0624332647360668
0.0
1.4441877329007609
14.386907848464151
0.7226382890703441
1.3549467920068947
1.3549467920068947
1.3549467920068947
0.0
0.0
0.0
0.0
0.0
0.0
0.0
0.0
0.40636176823952064
4.477303408431221
4.070941640191703
0.8806916716867761
0.321893283317904
0.08498831040020872
0.8071527864677122
1.5134114746269602
1.5134114746269602
0.0
0.0
0.0
0.0
3.733217132767673
3.733217132767673
3.733217132767673
3.7331336681238034
3.733133668123801
3.733133668123801
0.0
36.092271696748796
36.09227169674876
36.09227169674876
35.66571182004784
35.66571182004785
35.66571182004785
0.08861800071427621
53.39151047686753
62.232548901513304
52.42743903968453
43.21912131341552
39.05743774005855
49.77579746296189
0.23962818277579398
61.42309378856047
77.20826879304562
66.55707059962086
63.49090190895936
60.17590609454677
61.12476516763318
0.0
58.357221536309964
58.10290961781527
62.715012872128796
60.16336856703512
57.36845250654877
52.208655625018324
1.3533229174143764
0.2584958050237138
0.11038182941983164
0.4398177761564882
0.0
0.0
0.0
0.0
0.0
0.0
0.0
0.0
0.0
0.0
0.0
0.0
0.0
0.0
0.0
0.0
0.0
0.0
0.0
0.0
0.0
0.0
4.309642508084599
4.3096425080846
0.7107191229793989
0.0
0.0
0.0
0.0
2.603140141569904
2.6031401415699
0.0
0.0
0.0
0.0
0.0
4.546213892000376
2.07359565845435
0.0
0.0
0.0
0.0
0.0
2.6826829011307294
0.4661829439594476
0.0
0.0
3.640973078360293
3.640973078360283
0.0
0.8753799392031313
0.31658155116704184
0.07436477160018264
0.7062586881592477
0.0
0.0
0.0
0.0
0.0
0.0
