0.0
0.0
0.06130003822670281
0.0
0.0
0.5702190921692729
0.08097314424749194
0.0
0.5215024380165281
3.4634952114692816
1.1544983914571707
5.352351498346478
0.776702210047531
0.05283126493354461
1.6694307796458183
6.419040181102798
2.8921705778041895
1.1365121495172004
0.43447723055160037
0.33611445636942067
8.33168240479228
20.32902041831147
7.8930344964027475
2.6310114916656824
0.3989030128241454
2.6069879494980768
5.656688143149943
12.208944007466501
4.574549947914072
1.5248499792377799
0.31121499979530703
0.2538845746768848
3.847057454755497
0.2820236100200753
0.028139035343190854
0.0
0.3662475690188058
0.0
0.0
0.0
0.0
0.0
0.0
2.070898387036972
14.366339106033514
13.648124721984562
13.190809052481791
14.220768104116274
3.520994144242226
0.0
5.935773760708976
32.1000439584988
32.74275042240573
52.08969905180699
62.90831261285513
37.83463052278776
0.8084606024151438
17.15585749653141
76.12745518382756
77.8151379115138
58.650136708451114
54.495650076130744
22.298199815571376
0.0
40.127852234251364
71.03109742638718
70.18591961361244
60.251296819411465
78.89529880521592
59.998916539437374
0.31855543006802667
38.7052375381273
59.48597551104203
63.84079341127919
69.56451895716215
74.72021618464194
26.02394218188807
3.776703695443312
0.5628256238474665
13.225205257899786
20.61241301061839
26.694452152112714
31.66177647411448
16.536092043944727
0.42640430394800416
0.0
0.0
0.0
0.0
0.0
0.0
0.0
1.191859836573051
14.30758548012291
13.589371096073966
13.165925182604385
14.195884234238875
25.225735315012763
0.0
32.1000439584988
32.74275042240572
51.40523056757739
62.22384412862554
83.83822060768696
37.04643269707146
78.67061048527476
71.63057625734551
58.65013670845113
54.49565007613074
87.67688892598676
0.0
71.03109742638692
70.88947940957016
57.895283687976395
76.53928567378085
55.041113471027074
0.0
61.83779817575811
66.17848584391744
67.28152727231779
72.43722449979764
100.0
1.0342301988451397
13.788030881747268
21.17523863446586
26.36678555814695
31.010015894263677
52.18992690187015
0.0
0.0
0.0
0.0
0.0
0.0
0.0
0.0
0.0
0.0
0.06130003822670281
0.0
0.0
0.5702190807601951
0.0
0.1175974104849856
0.4369780192408767
0.7085544402214026
3.619689677912532
2.9298684874094447
3.0325730956479062
0.09538578253237731
3.4338884430890517
3.4338884430890513
0.2685898315593029
5.103206872428138
5.1032068724281405
1.701068934516179
0.3012026329991419
0.0
0.111275607187778
0.11127560718777811
10.704856724388524
10.70485672438852
10.70485672438852
0.1427436986955202
4.853285702436522
11.483728425486609
6.6304427230501295
6.8940784928801735
5.223758169440251
2.8439868539978996
0.0
1.4466912205006472
1.4466912205006408
0.0
0.0
0.0
0.0
0.0
0.9443704517072471
0.0
0.0
0.0
0.0
0.0
1.353385567880635
0.7776695752048299
0.6462898850165023
0.27372256865139316
0.27372256865139327
0.46449391034036996
0.0
30.825193713540543
79.83129624849526
52.11987883538243
9.838150145478744
7.529153326525593
19.9563892118218
0.8084606024151438
52.15858997820874
49.84621980824845
50.27623701964066
51.392875969187834
99.81839023495027
62.93693641856928
0.0
45.718285713806566
99.99999999999977
68.55199034017822
48.23877176824906
29.674012500172783
31.55529674098828
0.2123702867120178
48.14394146369964
100.00000000000006
63.476228900500374
33.388048355516034
25.942221144170762
30.226418759282183
3.187414022191829
0.0
1.8710871561371272
16.645502604005504
8.654167659924184
7.778592690977267
13.638555057975296
0.4128690111661248
0.0
0.0
0.0
0.0
0.0
0.0
0.0
0.0
0.0
0.0
0.022202648994114962
3.1811518422647955
3.181151842264788
0.0
0.0
0.23994969672034158
0.23994969672034144
0.23994969672034144
1.3303071418779744
1.3303071418779746
7.39839879062797
0.09538578253237731
0.0
0.0
0.537179636091265
22.503550577667667
22.50355057766767
0.5628256238474666
0.3012026329991419
10.240889503008672
10.99007636181233
9.36995675022999
26.008378160823565
26.008378160823565
0.0
0.1427436986955202
0.0
0.0
0.0
13.009663134174561
5.365536247085048
0.0
0.0
0.0
0.0
0.0
0.0
0.0
0.0
0.0
1.9675826456004657
0.6943848701542846
0.0
0.0
0.0
0.0
