0.0
1.3127259034094355e-07
2.537330670130577e-08
2.8422515867897655e-08
4.497550235685166e-08
2.158252552932615e-08
2.009857288493744e-08
2.1216615531743756e-08
2.123024283553219e-08
1.0779489989197722e-08
0.9076140876336061
2.544593687933132e-08
2.2623216980490108e-08
2.050549630669024e-08
3.0453219909889273
0.0
2.106841926094382
8.403974841309294
1.688187040670778
8.95821166874675e-07
7.808523554100689
20.958562838453975
0.8427868820589037
6.363448661018492e-08
147.95542218211074
0.26411230261028107
191.53130922816243
12.332253672801315
0.6587275684362899
2.9243714907968337
0.0
2.16688489293353
0.5837138426995649
11.269294193500091
10.45766460082206
15.040565362617379
9.712437307361775
47.73713979652703
11.491269051819588
44.00805188039678
198.46801209719635
7.7225919959431355
4.205534022793036e-08
0.9054732209904954
2.1215961131751548e-08
0.0
5.358748712892213
8.843474941475049e-07
0.8103904511006093
6.503738410686866
0.8103465589420105
4.878393513248941e-09
66.90099361377483
0.2608940146072525
7.527557961328538
7.615480118092897e-08
4.13642169293783e-08
0.0002306516712963243
3.2708798203699235e-08
0.4129261812528663
0.0
0.0002086385593742683
7.51455886144826e-07
0.054987287757097575
9.93879844384962e-07
0.32652917759890265
0.056996089160063504
3.7619421880806073e-07
1.595651208032232
0.36596021039297333
2.3064068901611743e-08
4.2559179003680665
3.717349787857758e-08
0.09925795635737683
0.0006905820785419215
0.0
6.15327505394156e-07
0.044676463388173104
1.4552486080023528e-06
4.020779031560566e-09
18.698010181773377
9.442288872402866e-07
0.03810218298216668
1.1002636057626816e-07
1.662726175708744e-08
7.199579203324146e-08
1.8112565603452657e-08
7.364231990193033e-08
8.233175728930157e-08
0.00042184300861427735
0.0
4.284478887810604e-08
0.04240318596698921
4.3375144708532774e-09
1.71479275738679e-08
1.6607475614122048e-08
35.428615909539914
1.7038275025119103e-07
3.0528457122381005e-08
0.0006229935626640009
2.9569152311891657e-08
8.58720157606864e-07
1.5604849682810734e-07
6.172089330291944e-05
0.0006341273838362442
0.0
0.11639931830084008
9.102178415611229e-09
2.143217015390405e-08
2.005047663185832e-08
1.566017835512201
2.0156889989641936e-07
0.2548021793728674
1.0183332568030922e-05
2.1379230163863916
0.6446784957841585
0.006958652329678728
0.0006531196580903618
0.006957725760614231
4.4130891472133215e-08
0.0
4.133847154619077e-09
23.10416124751698
0.00010849312461858534
3.8439568293052184e-08
1.4690087786210026e-07
0.016079429612829876
2.395123508211903
3.597682378710666e-08
3.5267472068317984e-08
4.5731735560156554
1.138394073518969e-06
4.207722109519141e-07
0.07639660524783923
9.874701831423816e-07
0.0
11.340819351507074
3.8166307939396285e-07
0.05307772249864439
1.1917174723985188e-07
0.001849260865842288
9.414943681691413e-07
0.027204187582607467
0.0004660324056308183
6.925115380115267e-08
1.6569741875355806e-07
6.957055450622484e-08
8.73056387929877e-06
0.0006194306702246364
1.865370094197486e-08
0.0
0.0008633079364478909
0.0940596638922497
1.2203801701448178e-07
2.6563258707818404e-08
8.552676147916769e-07
0.36130322402617027
1.2598892253930294e-06
3.941994174260262e-07
0.3804500867870308
0.0955549639010787
0.011031563374939584
1.8706682889221352e-06
7.2775602547519155e-09
93.1311013042816
0.0
0.7549949739903806
1.8696614718027088e-07
1.833777481196096e-08
1.1851128912791386e-06
2.2958442652911625e-08
0.00044543400275862035
3.427215208551125e-07
0.01172111702470105
4.7087185152068844
0.0002285851058439007
3.84389188762474
6.686080934662362e-09
1.2998123381455916e-08
0.0002316181291881167
0.0
0.00021403507423400128
1.6798958157120926e-08
5.7282993452445415e-05
1.6454417174133847e-08
0.00041702920447973877
2.8515277637176413e-07
0.011207337378414969
0.3924394370984172
5.758801708918822e-06
0.22976441783722584
7.757059000709046e-09
0.0008056339248653777
9.281283325585398e-06
0.00024411121751001364
0.0
