1.0709065227330101
12.18586315043817
12.238123412724459
12.11742496627792
12.117424966277909
0.4756771865633252
0.0
25.899215409738947
44.068743918360724
44.28778298796396
45.601061403712784
44.65032784216512
26.376008409580333
0.0
44.75280548854456
79.42822511832215
79.30479790405033
100.00000000000006
100.00000000000001
49.311820932165126
0.0
51.21758404695128
78.00341670629325
77.62539564249471
100.0
99.99239533799565
44.33621802262248
0.008157313929983758
55.5891293077772
63.54712710349982
65.18843380986785
67.31741783361633
65.19012802768573
74.11126094728778
0.0006814063684639568
0.029560439255873552
2.1277187288528143
2.3824841696347048
2.4906254460620327
4.012219169034485
0.9236311923732303
0.15393853053458859
0.0
0.0
0.0
0.0
0.0
0.0
0.0
0.0
12.185863150438172
12.238123412724459
12.117424966277918
12.117424966277905
23.990359688045558
0.0
44.06874391836073
44.28778298796396
45.60106140371279
44.650327842165126
63.90096715679917
0.0
79.42822511832213
79.30479790405033
68.07700487125861
68.07700487125862
99.99999999999999
0.0
78.00341670629331
77.62539564249471
55.40043448926685
56.60792292791604
99.99999999999989
0.0
63.54712710349976
65.18843380986786
67.31741783361632
65.19012802768572
100.0
0.23991275041478108
2.1277187288528143
2.3824841696347048
2.490625446062032
4.012219169034484
11.674288508835755
0.0
0.0
0.0
0.0
0.0
0.0
0.0
0.0
0.0
0.2330354725402642
1.0486596377178068
0.0
0.0
0.24685442231218435
0.00930526838847262
0.09295071244909263
0.09295071244909263
0.6246113071090976
1.2362708474849917
1.2362708474849917
0.756042110190954
0.05373115773895336
0.0
0.0
0.5004091342493211
2.384379915022222
2.384379915022221
0.8400515717054571
0.0
0.723352714751849
0.5253834187531475
0.5253834187531474
0.29815080749666856
0.29815080749666856
0.12259055963052
0.02658991877865889
0.0
0.0
0.02850395441623597
0.31082942448513956
0.31082942448513956
0.11130136082838608
0.0873682279059197
0.0
4.0513427575724545
4.0513427575724545
0.8902171935675659
0.32843109050817276
0.0776560219002579
0.0950996073427725
3.1569283489442292
0.6922124507888686
0.07645831552198068
0.030583341570657514
0.0
0.0
2.5041227465778255
5.290857472508764
3.36192733896696
1.863631737400703
5.223188937564583
3.610204551030162
0.0
19.463707689222723
49.39037897747855
32.441609044433505
21.04805283666589
50.99134427793946
33.52495874955318
0.0
33.74974495381177
82.55425972339114
50.50434473885352
47.751356640422834
49.08253530025956
51.12460971792717
0.0
38.98021963205683
99.99999999999994
82.66664825390534
75.54941468069337
67.32001978243767
59.11764315171229
0.00815731392998376
32.4354606036892
83.92170162925532
53.19877031672843
36.24853608176841
85.59986468836865
59.85823641549122
0.0006814063684639568
0.02286278566670366
0.0
0.011566326134276049
0.005057571014705106
0.005057571014705106
0.0
0.15393853053458859
0.0
0.0
0.0
0.0
0.0
0.0
0.0
0.0020241283350648535
0.004015870132445563
0.1542377744244035
0.0
0.0
0.24685442156908485
0.009159113386377322
0.2330354725402642
1.0486596377178066
2.9170978246465804
1.0156307030595462
0.7560421248164938
0.09228730353132023
0.0
0.0
0.0
0.0
0.7560421269820333
0.14388893340299852
0.0
0.0
0.42051379714307685
0.42051379714307685
0.1831661116547422
0.011923087978316732
0.0
0.0
6.806049683355723
2.551470072182129
0.8601551514730083
0.39077050626866056
0.0
0.011124781859879276
0.017633536979450214
0.00606721084517417
0.002019350140146317
0.0
0.0
0.0
0.0
0.0
0.0
0.0
0.0
0.0
0.0
0.0
3.0700566767866078
2.021397039068801
0.0
0.00930526838847262
0.22343749740155067
0.22343749740155078
0.09295071244909263
6.89856118934131
6.89856118934131
0.0
0.05373115773895336
1.9223814040327614
1.9223814040327607
0.17004876405258973
4.10807381284497
4.10807381284497
0.04624503292929569
0.0
0.0
0.0
0.0
3.427617635286811
3.427617635286811
0.0
0.02658991877865889
0.9040572801854243
0.9040572801854244
0.0
5.571952550634118
1.8573175161749558
0.0
0.0873682279059197
2.97051977926725
2.970519779267249
0.0
0.8905742621377554
0.3285978102728935
0.0776560219002579
0.09509960734277251
0.07645831552198067
0.07645831552198068
0.07645831552198068
0.03058328509063444
0.0
0.0
