0.0
1.0546123468186368e-07
1.2623888351266413e-08
1.0162888102134588
2.2844643262980575e-08
1.9268264300599336e-08
1.7390505519693267e-08
1.82365536721601e-08
1.9727174334736348e-08
3.291235523199567
4.913903946847796
1.9763848534670247e-08
1.9954268348251056e-08
1.8683456724958806e-08
6.926223355973713
0.0
5.977273917545767
11.10832446923754
5.221496218797154
1.7128299970989432e-06
28.97556802073591
14.12859150134494
4.967038917361839
7.561567775833941e-09
219.45643890316026
5.322171399512739
103.65355869589503
7.354659619650244
1.474425966722505e-07
3.038428506340485
0.0
2.0893078802706553
0.03259114742728255
10.108068318726714
5.7979211147258125
16.099597176186986
6.772687396949
47.804881047695346
11.033221896319379
15.421562616518433
239.1330342229966
3.7618678351190082
0.6047842211845069
3.8672317524162283
1.1759860323948746e-08
0.0
13.000219589792497
7.206768864397519e-07
1.001458520049925
6.460184838339267
1.038690151222423
4.22725156426113e-09
50.93820244754881
1.6705826718219903
7.31960035488777
1.6372559020004694e-07
2.0730199190974528e-08
0.0011989577229110492
2.0105245715746754e-08
0.8283070960516987
0.0
0.0005347925433987152
0.0019433202362687
0.05444445908193796
1.1244369138760878e-06
5.133110323718804e-09
10.296999146709455
3.7853280943121723e-07
0.041570912968333276
3.4158142203229026e-07
1.4017916471606435e-08
5.043485645572369e-07
2.6287394644506558e-08
0.09059794245467193
5.39894257638486e-07
0.0
4.7558614147221204e-07
0.04072883368632339
1.6487949347002043e-06
3.175446589228443e-09
36.49816823317637
9.911226013627989e-07
0.03506726509133288
1.0636114737905235e-07
1.2208142530538805e-08
0.3509899118936552
1.5112442831010156e-08
7.403340871796521e-08
5.4211842916045696e-08
3.462164055340793e-07
0.0
1.1633872959478138e-08
0.025617258439758546
3.225750765775793e-09
1.3983715300800304e-08
1.5712383231805053e-08
36.743910994107196
2.901392096134033e-07
1.4162179967402262e-08
1.4787850709625068e-06
1.5017513511534813e-08
3.745423520256015e-06
1.1936088164454763e-07
5.1268573378505716e-06
1.7675404133536316e-06
0.0
0.07809842458400934
3.988766716163225e-09
1.6967699577469523e-08
1.8194084537432735e-08
3.1601933111810796
3.20480040140884e-07
2.5594234445163353e-08
0.5913126861537034
2.126433101891962
0.007948583597249164
0.13581396199826415
0.0005950477699487874
0.11715633667495501
1.2771352506240396e-05
0.0
3.306311573708708e-09
11.21102527899709
1.2684146356481242e-06
1.241838933125071e-06
1.2417201857213488e-07
2.987814665307632e-08
1.0601438937319143
2.101400300842875e-08
1.0154038172323825e-07
1.101828523938531
9.985743771976875e-07
3.3018844203281187e-07
0.07574224780946036
1.1205281658320186e-06
0.0
4.625179910799722
3.9497182722606076e-07
0.05259112478683482
1.9576749765734094e-07
2.056398521234968e-08
0.005925685376339277
0.00039529502993865414
1.2484780474154615e-06
1.547572444688871e-07
5.045022684156054e-07
4.234033297975746e-08
2.092994548376075e-07
0.0003600903659998044
5.2668888812352865e-09
0.0
0.001160104735200839
0.1927289037973156
2.5929049355441507e-07
2.1230632794594416e-08
0.008796103438129676
1.5377747654599214e-08
3.794570195666386e-06
0.006754562450159972
2.722340668686809e-06
0.11961338670372045
0.01084899475812392
0.00021220203110286067
3.612425449497511e-09
48.32167054225127
0.0
1.2595148641337195
2.925113974806696e-07
0.24254382228305565
0.20448198895879272
0.0428564045327354
0.00038755523460660355
0.00020978521481481758
0.37099848884627573
2.7944693352106285
0.0002725959270835969
0.3430631610424001
4.868607722152547e-09
0.0004952941918869435
0.00027312919455288676
0.0
0.0009915118597700993
5.340412247664727e-07
0.0837693234581041
3.385798608591878e-08
7.233615391775087e-05
4.7575184525480374e-08
1.5640886641785232e-05
0.21790039878318934
4.739765842189759e-05
0.09662768491172827
6.043785010913957e-09
1.0595636482372462e-07
4.7493954129071176e-05
0.0008456044775227594
0.0
