0.0
8.462924558064916e-08
1.672436036264099e-08
0.1021595705397432
2.338429295135371e-08
2.1677178726371416e-08
2.1319704125809737e-08
2.1866385222361063e-08
2.2121060751105466e-08
3.5260621327817177
2.108683203724097e-08
2.3239725086411452e-08
2.2960670191774275e-08
2.193758979313248e-08
8.574480303271583
0.0
4.287240160138958
12.702192850717491
5.653002943172641
1.6891715531102909
15.612512789835566
28.495207166585793
3.2264574986858876
2.897664020579061e-08
184.98640376690386
6.9163423475742745
113.28121278571209
6.507812807657941
1.502942239294913e-08
2.9253688079488307
0.0
1.9771044555266117
0.03259764600902428
14.786552338325805
3.660237141259455
5.618395168917639
10.286778229060136
47.18765606873005
11.519399455832378
24.696243256936224
234.46285177684717
5.340183456454078
1.4038870976272694e-08
0.4387959724798335
1.5069422587488675e-08
0.0
5.5108992356029045
2.466882302284828e-07
0.8368366262073974
6.533724797302531
0.8394241563562446
5.162230407767973e-09
57.68106542900325
0.2712376221113384
7.584978199366005
1.8176431900848762e-07
2.242930226098152e-08
0.0004953369752922535
2.2372679817097057e-08
2.001217020875552
0.0
0.00015703563335056883
6.654345917383453e-07
0.05461666926330522
8.066190610565935e-07
5.322055556460064e-09
0.05634809154354316
4.191085125503503e-07
0.042232182951376436
2.2237361679294056e-07
1.9864487277552724e-08
5.094586435294086
2.777958744948121e-07
0.6451489374344069
0.00033271000737798007
0.0
6.472257241715165e-07
0.041796884829066655
1.1789613949386446e-06
4.047740409233391e-09
6.5335124466631305
1.1361656901177224e-06
0.036037289397825745
1.2203493617127583e-07
1.300302099617712e-08
0.9017606328666976
2.320062762124524e-07
8.635123960517055e-08
6.298303012501365e-08
6.638408951423267e-07
0.0
7.132999597454436e-08
1.5192783062355878e-08
4.0370307853716516e-09
2.0048569645940835e-08
1.9998251767760833e-08
35.447179131452444
2.6970061331210685e-07
1.927007866163894e-08
0.000562995837323088
2.322854129457619e-07
1.1192008702432465e-06
1.8670723937775912e-07
8.452395976382602e-06
1.3440481402767596e-06
0.0
0.19559353020975329
4.532093631036062e-09
0.2757418638386513
2.3710384259442236e-08
4.142283327923636
3.1410236917674243e-07
1.4779167134739853e-08
0.2819217032517277
1.3626256589362749
0.007746157103373005
0.007475722400581763
0.00028746816034141666
0.007474949321596162
3.149311022453478e-08
0.0
4.146734347699948e-09
11.716255716530624
4.249443741128218e-05
7.29806832465117e-08
1.4633778748322392e-07
0.4710855910354894
0.4830814322510908
2.1267633607015952e-08
0.000408488521423335
0.2660660798936582
7.875866741159237e-07
4.4236518244058355e-07
0.0757954247999023
8.056507183081856e-07
0.0
38.260677129179555
4.1856291780891864e-07
0.053755551519619346
1.9867430007887682e-07
0.0029333424748996745
4.746697457222121e-07
1.751523414612681e-07
0.00043823655122117347
9.070890790051129e-08
5.706390521379771e-07
6.371009207160704e-08
3.5607379810508403e-06
0.0006433083754626503
3.3102568730681287e-09
0.0
0.0009364659071844628
0.08861586227078348
2.614528376535592e-07
1.1570632918584557e-08
0.008183945472553685
1.4981375260327242e-07
1.0779277521251067e-06
0.008348522109107054
1.1975498443475448e-06
0.1767180168360924
0.01157796271622897
0.0001283514976776009
2.9010128044095524e-09
77.68086615657354
0.0
1.6726839689290844
3.0180728774449684e-07
0.08548065089643204
0.0003464119682539952
0.03505456274937845
7.303551317836661e-09
8.76628720074565e-08
3.681398542368212e-05
4.441193616769489
0.00017522984381842038
0.36410888194703767
3.303207532229617e-09
3.6907889969018655
0.00017643021631350616
0.0
0.0005782733884506424
0.08171272656294024
0.0014035193163082305
7.523697453639742e-09
0.0004032458188943499
2.340706471121767e-07
2.7247223040413216e-06
0.3132163933465643
2.8276462972105253e-06
0.1566651066542593
3.5287568315541626e-09
0.20899492918596832
0.00014982839240699556
0.0007966461242760871
0.0
