0.0
1.7803942905967304e-07
1.1132109215126526e-08
0.8937366453771547
1.4501577767016146e-08
1.4712709109157764e-08
1.3308119717190854e-08
1.1809616852038457e-08
1.4648720717793136e-08
1.014969525813294
1.3071837476965213e-08
1.4840038899295422e-08
1.4491662902203108e-08
8.217546829891787e-09
4.367197631031608
0.0
2.2801001987129466
10.832189078465047
3.1264618088685596
0.981069903589846
14.061644002098657
20.533043965303296
13.198542078069815
4.7096465217649754
143.34188878864742
16.444090241946558
141.53098325977862
17.38488600799391
2.5480870561143108e-08
2.2663594579423014
0.0
2.0981278600740665
0.03316747801591433
12.694827525927682
1.0190791984126049
17.015375709326374
3.3846548475602676
39.28144869613698
89.58341193750763
17.169079617886563
187.9103910503276
2.0897491214829224e-08
0.8513239689286692
2.7382378778026837
1.4550042140751119e-08
0.0
7.959197123113155
2.5503521442921233e-06
3.7867823658654237e-07
6.434637584625684
0.8023842752746476
3.6379300832046367e-09
24.97687300448338
0.25855399190077705
7.4179772722662305
4.8276771000049875e-08
2.992362801454128e-08
0.001825976807019142
3.160159216396736e-08
0.17837629084815465
0.0
0.00027436688036607193
5.703246412526024e-07
0.053345591350634596
3.4849613257984944e-06
3.914378421937082e-09
39.198363220942625
0.0011560759479137287
0.04213197760418634
7.406154736937232e-08
2.22341708875645e-08
4.093411616355018
2.615663908720969
4.355888339849262
4.3632429779576406e-07
0.0
3.9286225218496473e-07
0.0334216000815843
5.265055696729543e-06
2.778050783826336e-09
3.1691749898397696
2.001626139733703
4.341139288274922
9.249610660624392e-08
6.3408740061943435e-09
1.6764395755278074
4.913847557794158e-08
3.088908391065136e-08
1.2952907030984393e-08
2.1870393254392598e-07
0.0
1.0710614007710058e-07
8.383052205161077e-09
2.585849440726143e-09
0.14440352140878276
1.3177695926782994e-08
35.34569318507576
1.290929405172721e-07
1.047275686356815e-08
0.15233077406153966
1.1645794321943114e-07
7.108005231886553e-08
2.1337348408283194e-08
0.0001295915716731134
1.1402523513042372e-05
0.0
1.1963057907665486e-08
3.0116321676852296e-09
0.3255762968132989
1.5583854517049163e-08
1.432003733934356
1.555775173204123e-07
0.2060738654753582
0.8862100828972961
0.13377074049799195
2.258437222258833e-08
0.008567173787379269
8.196659667646015e-05
1.9285807663394428
4.101185873103193e-06
0.0
2.7856880659834194e-09
6.032116019577732e-07
6.614722106201966e-06
6.027979673024792e-07
8.88965776548984e-08
0.02034362583880197
0.2061861876438859
3.401921736148599e-08
1.0663948804061995e-08
0.5815275712973583
2.8929150006641154e-06
2.634933599588132e-07
0.07374139644085145
3.4573178878622983e-06
0.0
0.07711610725206362
0.0011604701478778148
0.053971724091264925
7.374997997137075e-08
2.0695320726128825e-08
6.291936852487346e-08
0.4414848160111238
8.04604915912874e-09
6.320152546006945e-08
1.0913477561754951e-07
5.2556369243635084e-08
1.0046741092515547e-07
0.0005520240571641134
2.863570626402661e-09
0.0
0.0012520738051561803
0.1109218228762009
1.027908445193183e-07
1.992727629260824e-08
0.037058588133736234
1.0973122519147704e-07
1.7699938527461508e-08
1.7324927962122754e-07
4.845331635479377e-07
1.651844561661765
0.009714025311757964
1.5078206953007615e-06
2.4091285205026507e-09
30.960904578865144
0.0
0.8438871512780932
1.34889740687096e-07
8.67486145932052e-09
0.026559748247602794
8.771095416972706e-08
2.1722613847883052e-08
1.023037903402981e-08
9.0023234343556e-08
1.856596436869507
0.00014790436907529032
9.808687563099722e-06
2.3116697116142776e-09
8.66160175230656
0.00014959066997522413
0.0
0.00015854944606140056
7.95659813829023e-09
0.004530486279244592
8.681788977250437e-08
9.499403041365678e-09
9.101944013764707e-09
8.346380205899614e-08
0.11327114620661888
8.288852972028363e-05
2.6817319684602784e-07
2.3761084604062877e-09
0.5410868390299299
8.494556068248246e-05
0.0012181979639707841
0.0
