0.0
11.466489855851602
11.466489855851595
11.466526472967356
11.46652647296736
23.999730870590167
0.0
46.25083470716652
46.250834707166604
45.827312130117136
45.928420964097405
63.63479196643901
0.0
99.99999999999974
99.99999999999984
99.99999999999991
99.83659984632628
99.99999999999999
0.0
76.75481899041719
76.16436409153519
85.64547544172062
100.00000000000001
99.99999999999997
0.0
59.95948826164608
59.97150108915537
60.3585785659682
70.01047574529218
100.00000000000003
0.0
3.4662467938731854
3.4662467938731854
3.4662467938731854
3.4662467938731854
30.356983210324046
0.0
0.0
0.0
0.0
0.0
0.0
0.0
0.0
0.0
0.0
0.0
0.0
0.0
0.0
0.0
0.799745205804493
0.0
0.0
0.9120224427417339
0.0
0.0
0.0
0.0
0.0
0.9120224431973322
0.6595464464528755
0.0
0.5818834104741888
8.101092388803295
2.5954956124057045
0.8651651975391349
0.0
0.10081151682916435
0.10081151682916435
0.10081151682916435
0.10081151682916435
0.10081151682916435
0.0
0.0
0.0
0.0
0.0
0.0
0.0
0.0
0.0
0.0
0.0
0.0
0.0
0.26665816954457816
12.799807641493747
12.799807641493736
12.79985646431475
12.799856464314754
0.26665206669195096
0.0
24.061411888895748
41.973318611826826
41.973318611826755
41.584992665687864
41.6734628954206
23.967091893078894
0.10110883398023196
44.625861185941936
65.19602332184789
65.19602332184789
68.85417798756379
77.6203177098252
33.36799944622612
0.2551164171414489
58.01637949696045
87.35697535332206
87.0354078070471
70.92054453419465
71.89648627922558
40.756729256770434
0.0
52.33842351762668
65.10661579280958
65.12034473853492
70.64139811983715
58.19600760670172
59.66438044622452
1.5457699114199814
0.0
3.4662467938731854
3.4662467938731854
3.900767307349737
3.900767307349737
0.0
0.0
0.0
0.0
0.0
0.0
0.0
0.0
0.0
0.0
0.0
0.0
0.0
0.0
0.0
0.0
0.0
0.0
0.0
0.9139945209194207
0.0
0.0
0.9120224463808092
0.0
0.0
0.0
0.0
0.0
0.0
1.0600718016830146
0.0
1.330430805366606
14.247228296826421
0.6650096119705012
1.2468930224446904
1.2468930224446904
1.2468930224446904
0.0
0.0
0.0
0.0
0.0
0.0
0.0
0.0
0.40438452935897323
4.4753261686396755
4.0709416392807025
0.880691669800087
0.3218932800253268
0.08498830879477418
0.8057366758492935
1.510756267217426
1.510756267217426
0.0
0.0
0.0
0.0
3.7332143736240964
3.7332143736240964
3.7332143736240964
3.733128933687314
3.733128933687315
3.733128933687315
0.0
36.0921178333437
36.09211783334368
36.09211783334368
35.666269244048976
35.66626924404897
35.66626924404897
0.08847022973270297
53.40787258523911
62.23169783378218
52.444068251230355
43.221717256169164
39.05288189253027
49.605625325383535
0.22322686499876773
61.42195104803986
77.24914044842647
66.59620216899819
63.51542493277838
60.18763213391734
61.1350938110156
0.0
58.35881851221244
58.10461220614126
62.64112057214195
60.16007310871185
57.36657977549189
52.206332890446454
1.352548672492484
0.25853355991394966
0.11048420161938198
0.4345205134765515
0.0
0.0
0.0
0.0
0.0
0.0
0.0
0.0
0.0
0.0
0.0
0.0
0.0
0.0
0.0
0.0
0.0
0.0
0.0
0.0
0.0
0.0
4.302456192993761
4.30245619299376
0.7093520259549287
0.0
0.0
0.0
0.0
2.584425042186805
2.5844250421867976
0.0
0.0
0.0
0.0
0.0
4.545357383255911
2.072691016123948
0.0
0.0
0.0
0.0
0.0
2.6864446813915253
0.46239756475439076
0.0
0.0
3.642096981816754
3.642096981816757
0.0
0.8753799392052592
0.316581549777166
0.07436477019542741
0.7050195913681319
0.0
0.0
0.0
0.0
0.0
0.0
