0.0
11.46625842291853
11.466258422918532
11.466356791502731
11.466356791502731
23.99941195221951
0.0
41.87252667519912
46.14062051465907
41.806787025414785
46.132354046993974
63.99794846045799
0.0
93.05100215427105
100.0000000000002
100.00000000000001
100.00000000000001
100.00000000000001
0.0
92.8170516876416
99.99999999999997
100.00000000000007
100.00000000000007
99.99999999999996
0.8195421576675683
58.09683492124029
71.04343672665394
63.566466299612976
79.00083593913402
100.00000000000003
0.19549042327680924
1.7724468444760761
2.033820078888948
1.7970014324801282
3.801773522220184
24.907438314553733
0.0
0.0
0.0
0.0
0.0
0.0
0.0
0.0
0.0
0.0
0.0
0.0
0.0
0.0
0.0
0.10147731479007918
0.0
0.0
0.855303465022943
0.0
0.0
0.0
4.514125618599787
0.0
2.59790928926289
0.5243540216144075
0.0
0.5709495590440281
5.444141557848
1.9408908609410782
0.9420305008154737
0.0
0.0
0.0
0.0
0.0
0.0
0.0
0.0
0.18235342201054164
0.5430379072498454
0.05676210548918678
0.0
0.0
0.0
0.0
0.0
0.0
0.0
0.0
0.2666476085643301
12.799555216404796
12.799555216404803
12.799686374517067
12.799686374517067
0.26663121380029686
0.0
23.991739597958556
46.14062051465897
41.872526675199104
46.07043067588144
41.86096997513825
23.995375561674074
0.0
44.48995708235956
76.10487933104808
55.43272895458423
59.93744099586968
85.40415243923023
38.53513549302997
0.0
60.23989958954686
68.68638121256167
71.82966658256983
65.0257706852188
60.57390214152089
55.050291285033474
0.3849022157317538
57.14495034674118
72.59313134853673
63.98131497104448
71.63668719474194
60.66374270969674
69.18203340158959
0.0
0.0
1.550890988916567
1.7795925690278327
1.5723762534201122
3.3265518319426626
4.249022482786718
0.7553817722711614
0.0
0.0
0.0
0.0
0.0
0.0
0.0
0.0
0.0
0.0
0.0
0.0
0.0
0.0
0.0
0.0
0.0
0.11597407404580479
0.0
0.0
9.22378706108397
0.0
0.0
0.0
0.09177476483087452
0.0
0.0
3.093664579883766
0.0
2.0307780670580127
2.1970037167487027
0.546858689053364
2.5660404877040683
2.5660404877040723
0.9690890118977864
0.0
3.3307526410719146
3.330752641071922
0.03423321902928761
0.7142234918822339
0.7142234918822334
0.164820788995609
0.0
4.879211959501477
4.070941641057865
4.070941641057863
0.8806917014328073
0.3218933057917665
0.08498832122280592
0.09616483191339627
3.065254237539966
3.065254237539956
0.0
0.0
0.0
0.0
3.733066519900623
3.733066519900623
3.733066519900623
3.732836993204155
3.732836993204156
3.732836993204156
0.0
35.98760939693778
35.98760939693779
36.03071539883525
35.88384441644445
35.99667014334968
35.99667014335017
0.0
51.73800848885284
65.42631972616901
56.45741844369311
40.13283427489278
37.12212136146437
45.51178582124777
0.0
58.65491615527554
64.52570206987467
58.538095633078484
58.87493470706814
55.56567614812557
52.31062487397682
0.3367894387652846
59.83425959043864
62.95881393193078
62.95881393193076
59.88748908508874
61.54394271926277
64.11125260911453
0.0
0.4781520470390879
0.17028637250985293
0.717346624286799
0.3566621390474908
0.24313787202682555
0.0
0.6609590507372662
0.017506413491073198
0.0
0.0
0.0
0.0
0.0
0.0
0.0
0.0
0.0
0.0
0.0431060018974503
0.0
0.05978346003714263
0.0
0.0
0.0
0.0
3.0743055797890126
3.07430557978902
0.0
0.0
0.0
0.0
0.22421219749044868
2.854969087067873
2.8549690870678797
0.0
0.0
0.0
0.0
0.0
6.747143499424533
3.2438928110323606
0.0
0.0
1.5375666758688646
1.5375666758688635
0.47926506641002653
0.9119162701735699
0.35497031487209746
0.10988052599707268
0.0
0.0
0.0
0.0
0.8753799110529134
0.3165815407554543
0.07436478106995516
0.08414422792422174
0.0
0.0
0.0
0.0
0.0
0.0
