0.0
0.00039809742523329127
0.0015882980139468913
3.1299916304792824e-08
1.1310824295865923e-08
1.162529894668276e-05
6.20583805614522e-06
7.509654412712258e-06
6.587357218835509e-06
1.4541197923346152
8.580376218958371e-08
5.6265656052254904e-06
1.7602104738384318e-09
3.564165073036887e-06
1.4979094354731863
0.0
0.7659495128634655
4.12192842564323
1.498000573097452
0.050330251799350766
0.746047327221934
5.143785076950886
0.7461967567101244
5.3581128825542494
267.5408208573625
1.618768462130304
109.88683182754328
0.9331658265822365
0.00014886677058565276
0.941833197356667
0.0
0.9418323096591826
0.2595432212116855
8.95197222720585
8.046458202323311
3.0143487728257163
8.046311840429961
19.106951216096036
114.84068798316189
14.260711033097701
206.33169605799208
1.4134496692140968
0.837501633849324
1.6717814917793228
0.00020473252634696537
0.0
4.4068982491476
6.047390394981549e-05
3.43898430330209e-05
0.0005387252164535975
3.634647304300164e-05
0.00014192004724255337
25.003421115308598
1.7217605161960672e-09
1.5808867021499831e-09
1.824057655766102e-09
0.00016967404167235936
0.0026127523393584947
0.00020351764517673312
0.22724458438765877
0.0
0.00028830193646870394
0.0015781513962594019
5.013518247080368e-10
7.011724712936812e-05
5.6807855170244846e-05
8.418303922114822e-08
5.40002741162268e-10
1.7246299764044076e-09
1.538925318955615e-09
8.46793166041731e-05
1.1182577553953876
0.35023506504427504
1.3863558333324602
0.0005457064630113486
0.0
0.0004896236629318105
0.00040031341642743964
0.0004506305941404933
0.00019132780984131145
9.309732236002008
0.0001602304604178792
3.3807720685180543e-09
7.919487931116735e-05
1.136492520790848e-08
0.004507542191623258
0.21056094248234603
0.03844034079982455
0.00010517229933123732
0.00042493964018493224
0.0
0.00046091736807053865
0.00010132761607845926
7.88493474239342e-05
1.7568762884678606e-09
8.373496435910252e-05
6.71015184388538e-09
9.37626836666883e-05
4.223254727377443e-07
0.0032347845309825176
3.788315840638719e-08
0.000941846482848966
5.963653869323139e-05
0.0005214110648685094
0.0009011539015946501
0.0
5.769355398638223e-05
4.66782725686527e-05
1.1474907868621957e-09
0.00012924587660853644
10.083251434050652
0.00011076962531282242
0.0010339905773902086
0.0005298824750157605
0.7527157136207951
0.5854945584938244
0.00010425761717415251
0.0002461730761656915
6.655108765879112e-05
1.671676678155325e-09
0.0
7.913076034597697e-05
1.2821258288381825
0.00020714746726950827
22.467947799240754
0.28090875460318065
0.001967891344861874
4.786625323600533e-05
0.00020477765328190926
0.0004044940171781209
7.058861634063972e-05
0.0002890940857091962
6.602720717736378e-05
0.000889268223671234
6.996435364885239e-05
0.0
0.3917157073803882
2.1934038515399207e-09
1.8483593068955666e-09
1.6229781816747325e-09
0.002726923242885435
3.97193577474212e-06
0.0014625112301194197
6.884922683856054e-05
5.621623662021034e-06
0.00010474650285326986
5.299996855294096e-06
5.926118708524005e-05
0.0005666156881702597
4.289077495398223e-06
0.0
0.0008956311725240841
0.6302031957544076
5.684806411311166e-05
0.2619625562379165
0.0009673120694180168
0.0010795725348875657
0.0005731310618404319
6.216251186242807e-05
0.06487457209971555
3.2281726756523497e-05
9.72584877807648e-05
0.000603825757875423
4.7776228016149796e-05
9.24614298926563e-10
0.0
9.751201276397715
0.00011121206073594033
0.0029252752532678743
0.0014894671860115906
2.067322060182225e-08
9.391284977578266e-10
2.7843318148123986e-05
4.318257947414493e-05
9.241547943611756e-05
0.0005204017476203002
1.834710838939811
2.2525206391832727e-05
1.0405447844762817e-09
0.0005034515878422725
0.0
0.0002668582982006507
0.0029832124159777434
0.0028806935225280045
3.38644795562205e-09
1.201115974042831e-09
4.956889713508701e-06
7.99116455456339e-06
1.954970498864785e-05
0.00046231572595717874
2.342456152853723e-05
3.96008771575799e-06
1.1682647584531914e-09
0.0002466783659258482
0.0012046782276160105
0.0
