0.0
11.46655352938369
11.466553529383676
11.466576960628696
11.466576960628695
23.99982779153577
0.0
46.2324399855
46.2324399855001
45.875219512031116
45.96049984420315
63.691964999598056
2.707158058008392
95.21378416897551
99.99999999999989
100.00000000000006
100.00000000000006
100.00000000000006
0.0
100.00000000000013
100.00000000000009
100.00000000000003
100.00000000000003
99.99999999999996
2.6641265565883616
75.71164196058692
75.24892930304482
76.14554629033714
99.99999999999997
100.0
0.7182067660444494
6.129255689389751
6.2532211149927495
5.120835566867566
9.645342876446302
28.014704695248064
0.0
0.0
0.0
0.0
0.0
0.0
0.0
0.0
0.0
0.0
0.0
0.0
0.0
0.0
0.0
0.674545703667409
0.0
1.8142722839175816
1.5333767840975425
0.0
0.0
0.0
0.0
0.0
1.5333767837140786
0.5461556555413632
0.0
1.0348857380115322
7.481011488609088
2.6680151949353763
1.2162501782803634
0.0
0.0
0.0
0.0
0.0
0.0
0.0
0.0
0.04293182080849574
0.1717270108440333
0.0
0.0
0.0
0.0
0.0
0.0
0.0
0.0
0.0
0.2666612297861766
12.799876913825731
12.799876913825713
12.799908155485738
12.799908155485738
0.2666573245786734
0.0
24.051797909818028
41.95662235667602
41.9566223566762
41.62908851205791
41.703708802708434
23.97224364731328
0.08528033217188644
51.75122686602957
39.30176782584113
44.04484869548261
48.90220163439581
57.01885194831446
38.41314777190179
0.0
52.61268839659788
73.90788986772884
73.13092054891557
65.41420699182963
59.546615937006244
55.33456575157005
0.5825405625527504
40.58511052056499
68.01154696700435
67.89794421561812
65.93434586954015
55.03078014494304
61.15276547542721
0.15125939175365286
3.110143765796271
3.83457760801553
3.879655944598412
6.134683114490733
6.5100661267406
0.13985775816455498
0.2815530730679607
0.0
0.0
0.0
0.0
0.0
0.0
0.0
0.0
0.0
0.0
0.0
0.0
0.0
0.0
0.0
0.0
0.0
0.7709093756198959
1.1752090647123523
1.4473499072999783
3.1411619276886293
0.0
0.0
0.0
0.11645573479475568
0.0
0.0
2.120501431835369
0.0
2.7091838509717037
3.3504074306071305
1.1586664486412042
2.1935521866527368
2.1935521866527368
1.552328607017299
0.0
2.2394437976141157
0.0
0.0
0.22397019507364155
0.22397019507364124
0.0
0.0
1.3809995098502494
4.070941651297923
4.070941651297938
0.8806916973762359
0.32189332569032925
0.0849883309147777
1.3927029325482576
2.6113179985279884
2.6113179985279884
0.0
0.0
0.0
0.0
3.7332572170064706
3.7332572170064706
3.7332572170064706
3.733202544101428
3.73320254410143
3.73320254410143
0.0
36.07769686472718
36.07769686472712
36.07769686472712
35.718514536736485
35.71851453673648
35.71851453673648
0.07462029065040063
43.77600539005768
55.258103017832305
43.3959354548265
39.69154163067228
37.445754276083086
46.18424483661977
0.0
66.14151417746103
74.75887389193173
68.73428174015216
57.77057276139473
53.05969643984146
49.79874454247402
0.5097229922336566
59.80765562543762
59.24183992174298
59.24183992174298
59.43635623992401
60.22353821748443
56.172754891314625
0.13235196778444627
3.982302481020874
3.110143765796271
3.238938955831829
1.9580086143037698
1.9580086143037698
1.9580086143037698
0.2463589389344656
0.0
0.0
0.0
0.0
0.0
0.0
0.0
0.0
0.0
0.0
0.0
0.0
0.0
0.0
0.0
0.0
0.0
0.0
3.6289100446020246
3.6289100446020233
0.9266883701928263
0.0
0.0
0.0
0.0
1.979747569053202
1.979747569053206
0.0
0.0
0.0
0.0
0.0
8.206791321494427
3.488634860898413
0.0
0.0
0.0
0.0
0.0
1.4220757342884762
0.0
0.0
0.0
1.722860530741036
1.7228605307410394
0.0
0.875379936609084
0.3165815672498449
0.0743647895504305
1.2186150659797257
0.0
0.0
0.0
0.0
0.0
0.0
