0.0
11.466498504566777
11.466498504566777
11.466528566727476
11.466528566727472
23.999731946639983
0.0
46.14290715706584
46.14290715706589
46.107046714874805
46.14758111995177
63.988789520317
0.0
96.82820502518936
100.00000000000013
100.00000000000006
100.00000000000006
100.00000000000006
0.0
84.41364921737353
99.99999999999999
99.99999999999991
100.00000000000001
99.99999999999997
0.0
58.613974581906824
58.40305561288194
65.38759835717737
75.36200204766412
99.99999999999994
0.0
0.5114011970142699
0.592471160272925
0.5241114284471612
3.4378333687159524
35.54785405804468
0.0
0.0
0.0
0.0
0.0
0.0
0.0
0.0
0.0
0.0
0.0
0.0
0.0
0.0
0.0
0.03507435136346869
0.0
0.0
0.8665778770000114
0.0
0.0
0.0
2.1150175259184336
0.0
0.9462881858115963
0.660252457357049
0.0
0.344165038335979
6.136272891843926
2.2257513697641924
0.7419171109569773
0.0
0.0
0.06704803462047519
0.2681921361453115
0.08939737064533963
0.0
0.0
0.0
0.03232028948907707
0.08618742606195028
0.0
0.0
0.0
0.0
0.0
0.0
0.0
0.0
0.0
0.26665866865559684
12.799816955327064
12.799816955327062
12.799857038207996
12.79985703820799
0.26665365829548077
0.0
24.005006603259623
41.87535667513641
41.87535667513638
41.843177605648975
41.878645210091314
23.992187682136418
0.010078424908184258
48.61697202282119
70.75994345283114
53.16336135697514
59.62111243465148
70.85409773564558
33.15198035678154
0.0
53.387461324722075
74.63610756889403
79.76999139715974
74.06191317331431
71.56864837776298
48.57501788610222
0.5690503195209337
52.25998315591282
67.88235447490288
67.8993361665621
58.90683982184227
52.69937122438764
50.263640146044274
0.8056964830289556
0.0
4.094517793981787
4.10030850564312
4.095425667655567
4.303548663389051
3.2087056109222787
0.5704365496315523
0.0
0.0
0.0
0.0
0.0
0.0
0.0
0.0
0.0
0.0
0.0
0.0
0.0
0.0
0.0
0.0
0.0
0.040084972986821364
0.0
0.0
0.8665778759843298
0.0
0.0
0.0
0.0
1.5230797959625266
1.5230797959625277
1.7601782201189298
0.0
1.3278261473262523
1.403636982995101
0.37695524421282317
1.302807259126722
1.3028072591267206
0.6721741590525675
0.0
0.0
0.0
0.03430332193349055
0.1257793398710119
0.1257793398710119
0.03430332193349055
0.0
1.0452449249200726
5.116186568483588
4.070941643563509
0.8806916827654366
0.32189329846244924
0.08498831754879431
0.07262013844875441
2.31476734645129
2.3147673464512923
0.0
0.0
0.0
0.0
3.733221361178355
3.733221361178355
3.733221361178355
3.7331512161367315
3.733151216136733
3.733151216136733
0.0
36.007509904889474
36.00750990488947
36.00876970800299
35.98828152320466
35.988281523204606
35.988281523204606
0.008818621794661226
47.1367022702992
72.03912317005185
58.77158079674816
41.5864467627479
38.5278968171437
49.091936296424805
0.0
66.61238764579241
72.64339363765805
67.15051440581217
62.83093894843728
58.56683373158525
55.5143061555454
0.4979190295808169
57.60765646700116
57.32548696569191
57.52663106721714
60.653758991252325
59.27708415904829
57.44416016690774
0.7049844226503361
0.8730432837642257
0.0
0.09696078805163852
0.04309365147876524
0.04309365147876522
0.0
0.49913198092760824
0.026864712172606803
0.0
0.0
0.0
0.0
0.0
0.0
0.0
0.0
0.0
0.0
0.0012598031135230322
0.0
0.0
0.0
0.0
0.0
0.0
0.22657339200584697
0.22657339200584697
1.8180125679021917
0.0
0.0
0.0
0.24982612308787983
2.3282578613526583
2.328257861352653
0.059153253476333156
0.0
0.0
0.0
0.0
7.826853043490618
3.492173135056903
0.0
0.0
0.8801744312972006
0.8801744312971975
0.0
1.1266123053682426
0.3761059704164952
0.0
0.0
1.0739468546595177
1.0739468546595212
0.0
0.8753799350319517
0.3165815545980795
0.07436477785519502
0.06354262114266009
0.0
0.0
0.0
0.0
0.0
0.0
