0.0
11.46645239034464
11.466452390344648
11.466496804909921
11.466496804909921
23.999673919923886
0.0
46.26631723071063
46.266317230710676
45.78698936660577
45.90142075239646
63.586670480728934
0.0
93.99346592735367
100.0
99.99999999999997
99.8718726273303
100.00000000000001
0.0
78.40519772927134
77.66332234908948
84.50744804522076
99.99999999999997
100.00000000000001
0.5075408146618398
63.535496080851814
64.07565484509279
60.911655712506054
71.43000690576882
99.99999999999996
0.0
0.33550356574176415
0.3814404718819131
0.3197622630389364
3.150342342663671
21.194003268545906
0.0
0.0
0.0
0.0
0.0
0.0
0.0
0.0
0.0
0.0
0.0
0.0
0.0
0.0
0.0
0.9051233309797507
0.0
0.0
0.8308973097387495
0.0
0.0
0.0
1.194034920525577
0.0
0.830897312448695
0.6487174580400263
0.0
0.2593530315954886
7.323393403103164
2.670408637750363
0.8901362067680678
0.0
0.009850274282849597
0.009850274282849597
0.009850274282849597
0.009850274282849597
0.009850274282849597
0.0
0.0
0.023863509610959587
0.049217782413906494
0.0
0.0
0.0
0.0
0.0
0.0
0.0
0.0
0.0
0.26665637803965503
12.799766871205696
12.799766871205707
12.799826090626071
12.79982609062607
0.2666489756121099
0.0
24.069503804846455
41.987371564674746
41.987371564674746
41.54787800122385
41.6480054637907
23.962755735458565
0.11443138579085274
42.92011604298127
65.47939850881026
59.47286443616415
64.89688053327181
70.91568121174883
35.08586127833761
0.4056326055061646
51.8406101175688
81.07109404084895
82.01414618956619
68.52903692123934
70.00984242330904
40.17649576801138
0.0
51.85991708268029
63.21050170363051
63.770299584299
67.21402588272278
55.75908403633481
59.170525136189006
1.3811514733656294
4.274288806090342
4.298253346500469
4.359060975402763
4.354655389056831
4.556839680458598
3.081982484748085
0.5479079918631662
0.0
0.0
0.0
0.0
0.0
0.0
0.0
0.0
0.0
0.0
0.0
0.0
0.0
0.0
0.0
0.0
0.0
1.0344266639768578
0.0
0.0
4.77075287476905
0.0
0.0
0.0
0.0
0.0
0.0
0.8022850779327
0.0
2.118438249208899
10.75016983417487
0.29640346468055856
0.5557564962760474
0.5557564962760474
0.5557564962760474
0.0
0.03691394279782812
0.0
0.0
0.0761945501279551
0.07619455012795504
0.0
0.0
0.48100495120383974
4.551946585288679
4.070941634084835
0.8806916650395941
0.3218932654781694
0.08498830138983536
0.0697521009057707
2.2233490098813147
2.223349009881317
0.0
0.0
0.0
0.0
3.7331892925551697
3.7331892925551697
3.7331892925551697
3.733085658569538
3.733085658569537
3.733085658569537
0.0
36.1042557072697
36.10425570726961
36.10425570726961
35.62229533065107
35.62229533065108
35.62229533065108
0.10012746256699616
49.41675597557098
73.29122161261456
54.774651956796085
40.528133648028856
37.845661924681394
48.225141455029274
0.354928529817894
66.56464271910482
76.01166786420544
69.46427831693083
65.1944154763848
60.687195842169906
60.26474360861067
0.0
58.89047967684054
58.82511034625028
58.82511034625028
57.15865737113174
56.222066730495335
51.77420949416538
1.208507539194926
0.23846202339490402
0.0
0.04921778241390665
0.023863509610959607
0.023863509610959607
0.0
0.4794194928802704
0.0
0.0
0.0
0.0
0.0
0.0
0.0
0.0
0.0
0.0
0.0
0.0
0.0
0.0
0.0
0.0
0.0
0.0
4.869367705995148
4.869367705995149
0.0
0.0
0.0
0.0
0.1275790457481051
2.424002427721707
2.424002427721713
0.0
0.0
0.0
0.0
0.0
4.1237113373746945
1.687844641657877
0.0
0.0
0.0
0.0
0.006924959010793296
1.1783651060800564
0.3245338873735004
0.0
0.0
3.851188947486648
3.851188947486639
0.0
0.8753799330757746
0.31658153926530375
0.07436476371610594
0.061033088292549435
0.0
0.0
0.0
0.0
0.0
0.0
