0.0
0.0004000643839080306
0.001596028316879829
7.320890684754567e-08
7.698276776646948e-08
1.166069543080466e-05
6.229380470279945e-06
7.538141001889328e-06
6.612488879910904e-06
0.6187359765957743
8.116726508252345e-07
6.1864365511017506e-06
1.7384385148609116e-09
3.5802771005360408e-06
1.3354250094437496
0.0
1.3354025599879966
2.651435879842417
0.6678453669499009
8.023948597725113e-05
0.26075616953945296
1.4271717362480298
0.3001524914373345
2.586382180481996
343.99052047307487
7.308641149468786
38.341876505845704
0.7991928499346815
0.0001494945112049681
0.6358157367961175
0.0
0.6354916658712972
1.4231554444619705
9.52727407945176
8.458827499952113
3.621307667809116
8.52837285485024
18.819540153750616
51.41432177364753
9.827412788372682
276.2324088642507
1.477483755855759
0.8232971272526208
1.6433586075258744
0.00020750258391332343
0.0
4.331996664246374
6.067892961947129e-05
3.4541927044084625e-05
0.0005409787536937153
3.6502885904555746e-05
0.00014257895439357754
17.642679849458567
3.250347135452215e-09
1.379081225354541e-09
2.3030891377230626e-09
0.00017138496331287832
0.002252681981067711
0.00020595251569774937
0.9715943740566821
0.0
0.00028988257570880733
6.653833246551762e-05
5.097871801350541e-10
7.041668738197556e-05
0.06872294872989525
2.0075896372290175e-07
6.395783235842581e-09
4.095907148184814e-09
2.468972509518766e-09
8.55112343136369e-05
0.0002967119780666876
0.0007275474373397477
2.9625877914123566
0.0006848478762538066
0.0
0.0004920473563880001
0.0004018741346729581
0.0004529456115649601
0.00019224096027945956
2.3832050989554716
0.00016100533551087647
1.778629353185029e-09
7.956457299642e-05
1.6808205452315438e-08
0.005360659371712384
2.4968696835995465e-08
0.09905456459841169
0.00010596004699960046
0.0008341700462433015
0.0
0.0005947746086193901
0.00010183725176227428
7.920038951165495e-05
2.6279694699357433e-09
8.41531212972785e-05
1.8618374789987448e-09
9.410034658711454e-05
4.741788804240791e-08
0.0028718601509548376
1.5259622782791455e-08
0.0009463144649322072
5.9951306893316894e-05
0.0004524908743917948
0.0008236743366472801
0.0
5.8009471758441834e-05
4.688820164068076e-05
1.3218249971936726e-09
0.00012989047861678088
10.258412509631974
0.0001112594023383515
0.0009866170140339448
0.0005323422011306988
0.5196669421428961
1.4954579153104062
0.0001048188881028094
0.00031930324380378256
6.680337877463322e-05
2.586834039802547e-09
0.0
7.948381644664498e-05
7.359791388873097e-08
0.000207212469047358
20.181598863280144
0.9265990879481295
0.0019253563379307381
4.8128057362825485e-05
0.00020686594328979968
0.0004064313979238583
7.089375097241975e-05
0.0003615356463108109
6.63174015040884e-05
0.0008932172757139945
7.026466322381978e-05
0.0
2.414338976807022e-08
1.0299883848030342
3.990048666393587e-09
2.602740052660306e-09
0.002716532395867533
3.992712311314075e-06
0.0014694895184030183
6.917789660072955e-05
5.645535982556408e-06
0.0001053178595666075
5.323500240459572e-06
5.9498846431104574e-05
0.0006060549212388175
4.310826111295528e-06
0.0
0.0008992781655574719
0.6330153541635333
5.7102998984486635e-05
0.04351385615533842
0.000981388639182451
0.0010848408090266522
0.0005758534637234393
6.251270017922942e-05
0.0003491976056069712
3.243778406532102e-05
9.76710807638018e-05
0.0005366569728263255
4.799722679582911e-05
7.071299624254513e-09
0.0
10.172578592692274
0.00011170439080608161
0.002938995601604517
0.0014965856989864331
7.455599619663386e-09
9.404566368886302e-10
2.8031984971985047e-05
4.3380199375323354e-05
9.28437958783424e-05
0.0005228893178961899
1.7328069010274694
2.2628814647980067e-05
1.0673528318765548e-09
0.0005061431004156731
0.0
0.00026808457063396936
0.0029974128501337217
0.002911109051514607
1.2363672176577582e-09
1.1594226581047336e-09
4.9925428356676675e-06
8.026661689524828e-06
1.9640389556163635e-05
0.0004385046957805133
2.3535571165473178e-05
3.97849805351625e-06
1.2048235287711498e-09
0.0002479142008850615
0.001210690599541281
0.0
