0.0
2.0573847999007048e-07
2.2438768684559874e-08
2.96574549310212e-08
3.2300403979305054e-08
2.3922871718334947e-08
2.3325193582025773e-08
2.3623493093850206e-08
2.3949099665753424e-08
1.1144312771827624e-08
1.170963746574845
2.8821556639727446e-08
2.458619024694515e-08
2.3392133693829987e-08
7.999073485945111
0.0
4.549093584523662
11.159876167830394
4.614095219025781
7.364917720683509e-07
6.4132464876381885
26.092387836443788
0.8421991328106255
2.549590845932621e-08
191.9190814595842
0.2645376075839535
145.33775115054067
9.969232781571703
2.200205827414044e-08
2.57763053771256
0.0
1.9404280047191664
0.03262679927897964
10.529019148846725
5.9575129408078205
14.630188003132588
8.31622810598188
45.185087209851716
11.516061102835604
29.435772277980952
230.879697246027
6.420826503778546
1.924700428600118e-08
0.7661356652588742
1.7240295008730334e-08
0.0
5.395999805295642
3.065822230473406e-07
0.8075060634406755
6.504299930370836
0.8098275506602737
6.467165476076629e-09
56.46670273024034
0.2612755803714526
7.552691034120105
2.041541419147317e-07
5.562737447868517e-07
0.0006013489646847261
8.42689289783423e-05
0.3579246895811458
0.0
0.0001966549485272944
7.651256780340566e-07
0.0544787998131524
9.760004140623523e-07
2.456691816615119e-08
0.05640445260879494
4.756148904415771e-07
0.04251649660769749
2.5247671445319004e-07
1.3361317146582747e-07
2.708328074833351
5.024705251865458e-08
0.09541911858798985
0.00040222360579425314
0.0
7.303849987778415e-07
0.04284292818305968
1.4288078709878132e-06
5.368148382007998e-09
5.787645204666358
1.2421583885068988e-06
0.03697431313658618
1.4091400445534736e-07
8.345468348938836e-08
0.03972299489056275
0.001899530537427052
2.926589833605175e-07
7.004774874017351e-07
0.0003195176447470115
0.0
1.2288754354824373e-07
2.3721092008413327e-08
6.103863931182183e-09
2.2055371888101148e-08
2.3659385002183112e-08
35.461736802072586
3.044761018646931e-07
7.544968606278796e-08
0.0005750784167671116
1.272474121012154e-08
1.2968095135802037e-06
1.806781404962499e-07
5.420155189071731e-05
1.8224795852289804e-06
0.0
0.23803705764303007
8.180046033599712e-09
2.706546439850466e-08
2.8013614045496864e-08
5.460997783220537
3.576518333795286e-07
2.7332192253499763e-06
0.015898055021638467
1.6572066285644085
0.05168798411829301
0.08686881802151933
0.0004704287387177666
0.007236227049311696
3.4100277768173154e-08
0.0
6.112193946411037e-09
9.67952579755106
8.492650629185819e-05
1.7067068245802093e-07
1.711206942442575e-07
0.010115452827133413
0.5405885524797697
8.303267524369513e-05
1.1177865326614861e-06
1.9158034347178324e-06
9.69148148212246e-07
4.965974201298332e-07
0.07533492936318287
9.735449843964356e-07
0.0
26.220232326336394
4.7571104899585024e-07
0.054530770446569475
2.252734973586211e-07
0.003554397241169602
6.497945547727262e-07
1.8668479810792447e-08
0.00045005762321020004
0.0066218804647173385
7.791487271585369e-07
7.766499849793961e-08
5.0585949260166406e-06
0.0004925882279710126
7.387841538864886e-09
0.0
0.0009956450927680167
0.08796851939952377
3.1144166054785093e-07
6.002111019009305e-08
0.007730260566627258
1.6644041716232405e-08
1.6518264137897985e-06
0.007824686322042005
1.8393844198610766e-06
0.17018830381321545
0.0121013807125957
0.00015573040319071684
4.596978122235116e-09
69.63445454193842
0.0
1.7688603776191716
3.3958219969712697e-07
0.3751136276059218
0.32607337465765773
0.10252466544382408
0.02807988258542511
1.0479113236920859e-07
5.297456429357718e-05
4.697434393222578
0.00021034022750743303
1.4301410544376896
0.12399368336562067
1.5356617961344007e-08
0.00021237465291101191
0.0
0.0007230749400242181
0.08071977417477592
0.0811792017780083
0.06108451474690087
0.03073339873177903
3.344649105052152e-07
8.185091090670878e-06
0.20268896538702527
4.526694391257551e-06
0.09301617504183111
0.06542650877755947
0.005511662420197053
1.0165575307008238e-05
0.0008548440088483064
0.0
