1.0712471221613882
12.187941158387193
12.270117064371792
12.132140996335375
12.132140996335362
0.44478461553172866
0.0
25.89784804741545
44.056578174239924
44.05627298307485
46.087842518789536
44.84946520017909
27.347946649200914
0.0
41.41576456712107
92.61604923028297
91.74817521200129
100.00000000000003
100.00000000000001
49.32788554634359
1.1561439388579318
45.1232236977263
98.50348325406894
100.0
100.0
99.29627934704764
69.70688737048968
4.253823660840239
55.12909393427644
91.27197214342571
91.66879710284682
100.00000000000001
100.0
75.15696647286593
4.984199593772311
0.0
1.9303500359159904
1.9303500359159902
1.5227495169245349
3.619486518286624
4.6238067587796206
0.7706344424317746
0.0
0.0
0.0
0.0
0.0
0.0
0.0
0.0
12.18794115838719
12.270117064371792
12.132140996335375
12.132140996335366
23.990620122536576
0.0
44.056578174239924
44.056272983074855
46.08784251878954
44.84946520017909
63.85671787603533
0.0
55.44753703879391
54.579663020512214
73.2141430709874
78.74655739592468
97.46546943560243
7.105153692737519
64.25197184260502
65.63411973647214
57.91601251202407
100.00000000000001
97.85112798625406
0.0
36.16194800343864
36.55877296285977
10.198576119484885
40.48641258278074
68.90759227473639
0.21948260598940397
1.9303500359159909
1.93035003591599
1.5227495169245346
3.6194865182866236
77.47642516692576
0.0
0.0
0.0
0.0
0.0
0.0
0.0
0.0004513884539417024
0.0002256942269708512
0.0007216325882724284
0.00947804448416458
0.0
0.0
2.1327395366994333
0.004035471876792519
0.0
0.222898279193053
1.5411832266981897
8.99075286990461
8.99075286990461
2.3718413010663784
0.05269786863162463
0.0
0.0
0.0
0.0
0.0
2.3161021835454756
0.8908569550743697
6.617595503544373
4.848132182580877
0.1168393438533611
0.02365592913765318
0.02365592913765318
0.015288679661980185
0.26339691246299085
4.024546610410913
3.439565493538548
1.3645878395079183
0.6541981682660126
0.598006836491944
0.1336819366373665
0.17484562186946412
0.0
4.070953310068502
4.070953310068503
0.8780487880363397
0.3192903695548224
0.07982256708837993
0.12660033487783817
3.8312744638862943
3.8312744638862912
0.5564364910187647
0.22257459701662097
0.0
0.0
2.5039183094071156
5.2954031038730625
3.4257589284680865
1.8671059597457607
5.29276290713424
3.6408599425734427
0.0
19.46383134160976
50.27216334436832
31.864184598327913
21.715131931633827
51.35512995017953
34.26598398182203
0.0
50.94789058269006
71.59763005450111
81.60909790660354
53.23777953314944
49.32788554634357
49.32788554634357
1.1561439388579315
59.606470712635804
97.95993680001449
86.91012420415294
85.77939439944014
82.44772611002001
69.7340181268713
4.280954417221876
57.0192545410113
60.018672969721685
59.1918790156931
86.94444701280779
85.91169214441585
75.21313557111004
4.957068837390674
1.162686374248053
0.0
0.15285399731117388
0.649815320330827
0.21948260598940397
0.0
0.7706344424317747
0.0
0.0
0.0
0.0
0.0
0.0
0.0
0.0004959383613015772
0.010999519505016049
0.0264237631041759
0.00925452991710248
0.00308448491370893
1.327584484275732
0.03821027978822591
0.222898279193053
1.5411832266981897
3.7151319063690122
1.2383772850863637
1.7357480167412158
0.134326936949218
0.0
0.0
0.0
0.0
1.1534158064330193
0.0
14.82418000993381
0.28589018867084537
3.602485259345291
1.223203045932101
0.16905084481748428
0.0
0.0
0.0
4.081854875705947
0.6671074098115507
0.22236878788749773
0.0
0.584981116872366
0.6868838359027796
0.839737833213953
0.584981116872366
0.584981116872366
0.0
0.0
0.0
0.0
0.0
0.0
0.0
0.0
0.0002256942269708512
0.0002256942269708512
0.0002256942269708512
2.10215535658813
2.1021553565881286
0.0
0.004035471876792519
0.14612615424078695
0.14612615424078707
0.0
3.911964915593926
3.911964915593926
1.5411832266981897
0.05269786863162463
1.885412607363925
1.8854126073639237
0.0
0.0
0.0
0.0
0.8908569550743697
0.0
0.0
0.0
5.058498536170775
1.3810763822927952
0.0
0.2633969124629908
4.9309487844936415
4.930948784493642
0.0
1.0837380893650252
0.21257558538040666
0.0
0.17484562186946412
5.944751254004872
5.944751254004872
0.0
0.8780485899538283
0.3192903086256288
0.07982256708837993
0.12660033487783817
0.5564364910187647
0.5564364910187647
0.5564364910187647
0.22257455753962851
0.0
0.0
