0.0
3.4129431841325123e-07
2.7713703771591303e-08
4.5485645420237725e-08
4.052502734985539e-08
3.348706792714194e-08
3.207823972673383e-08
3.0768332176064726e-08
3.4033430129898904e-08
2.1549580774424452e-08
13.873908279505237
4.006176334775367e-08
3.412104633436437e-08
3.152744482987677e-08
7.6211932595240945
0.0
4.57953946152618
10.94266100451453
4.864199141002394
1.4003488873284346e-06
6.148475524564058
27.393759085461202
0.8492067608554464
4.293218798264894e-07
175.16242780041338
0.2667637327513187
138.6958294618017
13.249640341763055
2.767655165076963e-08
3.13438156556684
0.0
2.027003687301473
0.032825490487605274
13.07689381807174
7.051846247990245
12.890300539993982
4.79243136938034
48.566996521827946
11.592697329814182
30.22376811169739
224.85375805353823
0.7889513126663488
3.63234026454762e-08
0.8742919265737465
2.1234734926464123e-08
0.0
2.4755860799025156
1.1834839895091812e-06
0.8156416014758479
6.499766734578682
0.8153698620986135
9.199721526908968e-09
57.923536959995374
0.26332699319116715
7.5149309353837195
2.743114244034545e-07
9.911489940688745e-08
0.0008697507679473015
3.968328274786723e-08
0.7179959983555101
0.0
0.00023151981078355603
1.1640502178671302e-06
0.05480743044540407
1.2021031408499008e-06
1.8687043699545325e-08
10.39016674714019
6.616036635243165e-07
0.041566920383107345
3.390709394951565e-07
1.0876075275666838e-07
4.706141773836443
2.593566168918545e-07
0.9085090812417003
0.0004707539715139747
0.0
1.0235073259118558e-06
0.0448451754148296
1.7678443029642731e-06
7.286078492596016e-09
7.841993076481161
1.6776085535541157e-06
0.037898703588877515
2.0466074270415945e-07
5.7885713830853755e-08
0.12456115558506085
0.09098530315194694
2.672475324723779e-07
1.233708329184944e-07
1.1539668950463024e-06
0.0
4.851799074426264e-06
4.280144172659185e-08
8.019298311422004e-09
3.149613665388986e-08
3.156861502522467e-08
35.463054027605665
4.212119060759079e-07
7.568688964414272e-08
0.0007110417404478468
1.5128911439674062e-06
1.5949079408700275e-06
3.069254889444828e-07
0.00010222683430638455
3.0188399970399765e-06
0.0
6.492204672468297e-08
1.5044822248514467e-08
4.085707412856348e-08
3.760372946565837e-08
1.8960950569916317
5.811612933707861e-07
2.924120797753851e-08
0.06558871615680022
1.7585984737306717
0.008305524305796634
0.006615391113646193
0.0005114554307760373
0.006614197493508542
4.3009288803162647e-08
0.0
7.915493936718389e-09
13.358782283949935
0.00012961224784930112
1.0403801089789969e-07
2.584940154663713e-07
0.1585458323876184
0.6783547990816475
3.963228289685099e-08
4.976527558745364e-08
1.4222433895879631e-06
1.5181076072736616e-06
6.969527226934843e-07
0.0761920688052875
1.2014843480170256e-06
0.0
9.924827240749359
6.622846494556621e-07
0.052771442417705164
3.146477125906195e-07
0.0022340859904214586
1.0247404038438934e-07
0.025010952327428424
0.0004653163045814512
1.0735545175183234e-07
2.5973643407972026e-07
1.1356903114564881e-07
1.4808707458589633e-05
0.0006344796018431131
3.2042046141308824e-08
0.0
0.0010458941605945183
0.09005837884256268
4.6513422493285846e-07
3.120594559840773e-08
0.18094302273907997
0.27440895370805873
1.7342147352621157e-06
5.740891335825805e-07
0.28133820204099436
0.22641646080431302
0.010938229036646131
0.00019673273506690456
1.2962365565236505e-08
79.16382075947621
0.0
0.7215282848276825
4.7028909463136656e-07
1.6329383765928212e-08
1.9704709106654623e-06
3.518268730996554e-08
0.000522967739945402
1.3285522214815288e-07
7.555578037659846e-05
4.118658044023374
0.0007110362512481758
0.00017034039923190212
8.593145733296063e-09
0.0006443604931472822
0.0002718504062372702
0.0
0.0011153302326272043
1.527162993985466e-08
1.064148085366747e-07
3.4809747912283615e-08
0.0004050137568585319
4.049189153075039e-08
6.221193781031475e-06
0.3352420424007132
0.0003471336751603881
6.785956270995619e-06
9.519646848642325e-09
0.0005653911858511613
1.3019291553572223e-05
0.0009747339952240113
0.0
