0.0
4.924023752799556e-08
1.6533118498066627e-08
0.39042864011980194
2.2525398064921e-08
1.739666512418261e-08
2.0462442991034613e-08
1.7803228166592313e-08
1.7718047986713132e-08
1.135148363230472
2.7896120279470886
1.9145262977342287e-08
1.7813159544688643e-08
1.0947011594093149e-08
5.869729585885888
0.0
5.204117865034195
8.723637959545238
4.128700354445721
1.341652201507552
28.74301205721589
26.930375297618376
4.6158182134086605
1.0407096514521206
179.02617599921118
6.140333671956176
131.52486467003135
5.032023815638387
2.9575521672104354e-08
2.9473603598529485
0.0
2.0593296632325044
0.03253710669151875
8.037339088059573
7.150745719191047
7.591353715593899
13.958960060061226
46.88277193319316
11.066708618125023
23.96952453578194
231.39352873150008
6.961526150169989
1.0251243966193891e-08
0.9454631854172282
9.897651231476322e-09
0.0
6.808787483656591
2.2165574374457585e-07
0.9995309146205951
6.429445140174577
1.0376755487719
3.5431577074144968e-09
67.56526448906584
0.3293580707697524
7.503718115284513
3.418202532790252e-08
1.9692889405849822e-08
0.0009696584804649794
1.8253913801647454e-08
0.9118733011985669
0.0
0.0004197454577862258
0.0013433500050176843
0.05467840818405601
8.138883644959699e-07
4.867605205874386e-09
0.056444706463281154
2.918826502879492e-07
0.042064232034574156
6.573752873768005e-08
1.4615791434886676e-08
0.75011600605814
0.7372723820282282
0.09418363479678568
4.958680492746489e-07
0.0
4.404125909890856e-07
0.04244962670816881
1.2002896918162958e-06
2.829231037883843e-09
14.846235917575285
7.8058364538286e-07
0.036339521288174345
8.592817501801703e-08
9.459923266147134e-09
0.7152782497468553
1.6330300765534557e-07
5.544042472759815e-08
4.554576998222665e-08
8.184081362105824e-07
0.0
8.931308784511346e-09
1.082320707973733e-08
2.889436561325979e-09
2.0995999895789788
1.2144193733472605e-08
33.51438802222692
1.1245947818127553e-07
1.1807831118469024e-08
0.04162054385903487
2.6973663536256177e-08
7.8857723592572e-07
9.368916311099051e-08
0.00010939205934575682
1.5218644608880957e-06
0.0
1.5451664674892632e-08
3.204324613644034e-09
1.2585659460895757
1.4101872880298237e-08
1.6548952923138711
1.3627197577366942e-07
4.262095868143992e-08
0.39912573241180876
7.854269475932986e-08
0.007875505933955957
0.20002603497430183
0.000455107230939741
0.11721039418126622
7.802348975949462e-08
0.0
3.010557285085341e-09
2.6542483495017458e-06
0.0001231362998750521
9.840939082678386e-08
1.1118580442920211e-07
0.13799668494355477
1.301574330729304
1.7004239388137944e-08
1.7848336694379556e-07
1.8978909980195937
6.644216261531813e-07
3.0348793813812006e-07
0.07580003326230352
8.098678252775186e-07
0.0
23.694625456292073
2.915300691709292e-07
0.053671789891089644
6.253297955844395e-08
0.004081893974787831
1.1087530911352596e-06
1.0040615592900484e-08
0.00044197908892526955
8.480275660522075e-08
5.946443325679539e-07
4.1745368585452966e-08
1.1634548510193462e-05
0.000996087053734898
2.8750961509904923e-09
0.0
0.0013169582026986851
0.1728830826635282
9.732166993161968e-08
0.014461322023943455
0.023778915256457252
1.0581812667965574e-08
9.530597091814632e-07
0.023405301201811064
1.8170888894419707e-06
0.1011505885077092
0.012013996593857724
0.00034091851310735067
2.362052128855821e-09
66.30935481497806
0.0
1.364670565728688
1.3267696548872774e-07
0.15642031882625723
0.18785031695049278
0.08265011522013904
5.649202005225736e-09
7.349435822170279e-08
6.984975686168672e-05
4.301283094046501
0.00024402157037404511
0.7157546141966415
3.0654586968680645e-09
8.912326059859162e-09
0.0002467473051751208
0.0
0.0002115535275230558
0.052483557818897464
0.05921025322967871
0.046661646949783434
0.0003878382736526149
3.3708128670910354e-07
1.2205089492877714e-05
0.17660002048408455
7.3062213218582495e-06
0.0701941995951262
3.1029738229938824e-09
3.324540501047627
1.5635639755598942e-05
0.000342109234769703
0.0
