0.0
0.0004803445656829152
0.0009848570811404865
2.4809741087179497e-09
1.3585946533830887e-09
7.191974415464224e-06
3.843671316969578e-06
4.651320722351564e-06
4.080147428319611e-06
3.285670033621234e-06
6.911682559209923
3.487331269106943e-06
8.064276572105832
0.49935778009731047
4.2212572085175
0.0
5.410209842152979
4.543145345790493
2.9184660699682974
1.1702170056130363
1.597799009793921
3.1165129338073885
1.5987782152006709
2.860325303955543
284.83150400882045
4.707952481984305
90.01907862416456
0.3404719429671326
2.2312708074560437
1.8925268098294827
0.0
2.5984596712599908
2.231193499334161
10.677215418753088
9.60489600639136
6.500907142404905
10.512337079653273
21.54575512170379
79.01710794385319
17.499350801951557
207.8798268729146
0.5256020361822719
0.0010061539334317651
2.25223868317966
0.00012799566950365984
0.0
3.598405386943586
3.743129326092428e-05
0.9084397038897405
1.2860138854121783
2.2527976683081402e-05
8.799551803655606e-05
16.267884909331052
6.612195322578258e-10
1.5194424378148421
0.3734887811345041
0.00010573613082024421
0.000887667186149513
0.0001266020310276222
0.18519534493595768
0.0
0.00017857825987822352
4.102164213777268e-05
1.863602214543201e-10
4.3458890625890186e-05
3.521648331424527e-05
7.904825639546912
1.8636022145131285e-10
6.440007927581683e-10
7.865400407469566e-10
5.278633343773178e-05
0.00018321185697505794
0.001122629916042601
4.473039155095953
0.0004356492551214902
0.0
0.00030369027418360395
0.00024791990476858615
0.0002798555853768775
0.00011864753470177331
10.418635768906547
9.935719282317318e-05
5.395423796291698e-10
4.916287445599526e-05
2.623818488368466e-09
0.00373218301027562
5.355661988825368e-09
2.8106500410256096e-10
6.526293110870042e-05
0.0005521446219127688
0.0
0.0002533413678679764
6.277575571922497e-05
4.8871796398097616e-05
3.1648889192667097e-10
5.199098671016802e-05
5.119486215490993e-10
5.810013213671167e-05
1.0193917311412141e-05
0.002004995370462464
4.729551978025027e-09
0.00058394736150952
5.470985840759149e-05
0.0002970974125131164
0.0005586882266836583
0.0
3.573755106487251e-05
2.8928297276458734e-05
4.027588148590355e-10
8.024673838307384e-05
6.267300550255248
6.873208195867382e-05
0.0006090227401861067
0.00032848295172787343
0.7546689145891283
2.3239358679722795
6.464823190850273e-05
0.00019680415718355425
4.12240479385342e-05
4.229929481025245e-10
0.0
4.904560313856088e-05
1.9452083306946004e-08
0.00012779260439545973
31.29870569970305
0.50021095053494
0.0012200932923943366
2.9709751262639358e-05
0.00012775174388784944
0.00025075346333996843
4.3754113490693556e-05
0.00017905822029050652
0.0011647547963117354
0.00055113298767592
4.3363697212439846e-05
0.0
7.577784742354852e-10
7.124791794738259e-10
2.0894531578156734e-10
8.3442252525338e-10
0.0016910297499504743
2.464007667311283e-06
0.0009067990802347195
4.2685812657440204e-05
3.4841890662601627e-06
6.497828841459525e-05
3.2849523409341475e-06
3.610590497815019e-05
0.00035154636909515624
2.657150637100046e-06
0.0
0.0005553051114167471
0.3917062780115561
3.5273983319122605e-05
0.08383623154685342
0.5030279271134417
0.0006695309517860308
0.0003553237173988239
3.8538371594734146e-05
0.00021212882553529834
2.0007506198647174e-05
5.9026114082493784e-05
0.0003748980034006375
2.9604604069267385e-05
4.175553146270937
0.0
5.431660482667253
6.900894330447417e-05
0.0018173447275393842
0.0009235069311538872
1.920583645628544e-09
6.37137627757409e-10
1.7263177655646915e-05
2.6767903981723644e-05
5.7298388922843345e-05
0.0003172963781688582
3.276176693700286
1.3959438009616785e-05
4.630468489884607e-10
0.00031211886735521983
0.0
0.00016537454794424123
0.0018510454374818133
0.0018703348602204608
3.2011265667204426e-10
1.9186078699523716e-10
3.073009795641708e-06
4.951854049963862e-06
1.2120403084059644e-05
0.00015663438708392487
1.4523445870286902e-05
2.4528963751383026e-06
5.42104218785614e-10
0.00015332472262580803
0.0007487230677113781
0.0
