0.0
0.00029928370103069775
0.0011938206150393514
0.0012706450208591147
9.642766403464789e-09
8.717104176034254e-06
4.65756663898743e-06
5.6358034226129505e-06
4.943937897610354e-06
3.980904140386074e-06
2.003311465423603e-09
4.215521678964956e-06
4.465535244131569e-10
2.6787694236086358e-06
1.8260613352506132
0.0
1.8260416026080195
3.47028941663074
0.913130170771117
0.6540812649756453
1.0507633825359242
1.8718299385387138
1.0507981221398457
2.485968085062915
333.54950066691185
2.693075787732734e-05
46.96954688585385
1.0864599867743723
0.00011189210546870782
0.6901874922399397
0.0
0.6901873665151627
0.4384035334652147
8.801670635146605
9.238693424362157
3.7373077838738995
5.9083799522982
20.455802678203373
54.327722999559555
19.83817337011431
264.1148749818983
1.8143062116657447
0.8664555256492923
1.7306664473252895
0.0002130722418454745
0.0
5.507585642495876
4.539559171553049e-05
2.583937621317784e-05
0.030058623806768395
4.326179869781248
0.00010669056154096756
10.66155001917818
9.372173702424405e-10
2.696680418180226
1.2216201301717021e-09
0.0001281372401893565
0.0020804432642177726
0.00014651451721781772
0.18816158470698235
0.0
0.00021640539253018444
4.9718807619070884e-05
3.6491488689108665e-10
5.266985981168388e-05
4.267848554946746e-05
2.7339995162462835e-09
3.0311553387110355e-10
2.1801340442345652e-08
6.3165640334826065e-09
6.395825893527764e-05
0.00022187253815962143
0.0013610807902500245
3.936453750099795
0.00052654673275163
0.0
0.00036794504135670794
0.0003006263105671115
0.00033885484475292406
0.0001437987086689041
5.146355531306969
0.00012039586051591054
1.2473008915533824e-09
5.9570942492301e-05
6.869563759030503e-09
0.0044071623762855314
1.1307686909477058e-08
6.773419539323018e-10
7.907152356872761e-05
0.0006675207195035446
0.0
0.0004801388774129041
7.600367924348719e-05
5.92149051547634e-05
7.9879705491563e-10
6.299708767099887e-05
1.0783804334822027e-09
7.040359046749099e-05
1.181725716767741e-08
0.0021527725828249774
8.582700579452927e-09
0.0007079949526001642
4.47275170727305e-05
0.00033142825583843755
0.0006162130330819136
0.0
0.10849323956682713
3.504738280477035e-05
6.245067296509892e-10
9.724156277212586e-05
10.986787617627277
8.32958063054316e-05
0.0007381872362190411
0.00039823673139950867
1.2481115934989357
1.7173239003335252
7.833095623193447e-05
0.00023861127226226466
4.995619926459067e-05
1.2564630037641819e-09
0.0
5.942545597643385e-05
4.155604370240447e-08
0.0001549194416290905
19.17804482590904
0.7034608749922145
0.0011186907057702806
3.6003444682805444e-05
0.00014776530250489
0.00030396450486834303
5.3026377553131015e-05
0.00021698392128629654
0.0014093051509775649
0.0006697905326628497
5.255599555696405e-05
0.0
1.2986647287514492
1.829347120623584e-08
3.133556623988069e-10
6.379280139113313e-09
0.002032585383251894
2.9865219354743513e-06
0.0010994406850249254
5.175023116425478e-05
4.221760783291369e-06
7.87384128319554e-05
3.983067332662694e-06
4.376538422828033e-05
0.00045308114969541994
3.21946838616371e-06
0.0
0.0006726838281427437
0.6698424854975549
4.275289428385735e-05
0.09963305091235203
0.0007368401132695493
0.0008113157461727995
0.0004307926952043017
4.669714360325913e-05
0.00025673156352115764
2.4244591639938586e-05
7.154217403224688e-05
0.0004016851897379406
3.5869376483541043e-05
3.4667956811240246e-09
0.0
10.952035092942063
8.36319751566815e-05
0.0022031429338196344
0.0011196071922581136
4.125589855869213e-09
3.498621906268847e-10
2.0919855752272047e-05
3.2435065921827456e-05
6.944252637978125e-05
0.000384579288751177
1.444434753116891
1.6911794963775043e-05
5.576993225827223e-10
0.0003782470596201818
0.0
0.00020043991228121792
0.002244019246398033
0.002178033338706646
6.8758347598032e-10
3.5501634313916677e-10
3.7242572228645188e-06
6.001342814630343e-06
1.4694165215550557e-05
0.0003244307300334119
1.760784382355212e-05
2.9721712235470944e-06
6.303140907861218e-10
0.0001857881106602978
0.0009056664162569865
0.0
