0.0
11.466535648878684
11.466535648878684
11.466562806098972
11.466562806098972
23.99980062010404
0.0
46.2461661224919
46.24616612249193
45.83947110010413
45.93656263888575
63.64930257300596
6.122431073651977
97.36330141616718
100.00000000000004
99.99999999999999
99.99118001006312
99.99999999999997
8.463051523263756
82.76019804268778
100.0
99.99999999999986
100.00000000000001
100.00000000000003
0.0
68.9710653776205
70.58223706193715
66.89709062075835
74.78786274260987
100.00000000000003
0.0
0.49378192222595757
0.5690622662324384
0.4960005471858074
3.39816172792997
31.928750054780433
0.0
0.0
0.0
0.0
0.0
0.0
0.0
0.0
0.0
0.0
0.0
0.0
0.0
0.0
0.0
0.7679693655487881
0.0
0.0
1.4044872390809702
0.0
0.0
0.0
5.371985675812686
0.0
1.3431379515366462
0.4171605755202521
0.0
0.71558126315098
5.385584126143161
2.0195940434953616
0.6731980114788498
0.0
0.5718736201506208
0.8816309630225772
0.5718736201506208
0.5718736201506208
0.5718736201506208
0.0
0.0
0.039106649142746724
0.08065740107187802
0.0
0.0
0.0
0.0
0.0
0.0
0.0
0.0
0.0
0.26666037625380207
12.799857454428441
12.799857454428437
12.799893664055487
12.799893664055487
0.266655850050421
0.0
24.05897184990346
41.9690810977995
41.96908109779939
41.596184261903716
41.68113935833764
23.96839942421738
0.09709153878159162
42.863686238988365
73.34824932805242
55.354071135124435
56.56569279024636
79.92492548464752
39.48962403117016
0.6865328856780136
44.79951886994658
78.15732322655246
74.3491812998502
71.02380241773878
70.08837294035212
48.4094904189591
0.4354934845940412
57.73551440120336
59.19811498554905
63.15203765471113
63.40420898254217
52.71602020955171
48.765818569970946
0.3355790435421891
4.062771831366025
4.19478149633282
4.200158663761856
4.1949399695442375
4.4022371967402485
3.1901159193757085
0.5671317170039795
0.0
0.0
0.0
0.0
0.0
0.0
0.0
0.0
0.0
0.0
0.0
0.0
0.0
0.0
0.0
0.0
0.0
0.8776792749129008
1.2865022225606904
1.2865022225606904
8.764608603604884
0.0
0.0
0.0
0.0
1.9116265621191377
1.9116265621191406
1.2752439059492546
0.0
3.0169902285599233
3.0169902285599335
0.0
0.0
0.0
0.0
0.0
0.3284489043065283
0.0
0.0
0.09462549779887454
0.09462549779887441
0.0
0.0
1.7590447876061857
4.070941649393816
4.0709416493938155
0.8806916933922031
0.32189331869668847
0.08498832750259565
0.07219941715419896
2.3013566953076863
2.3013566953076836
0.0
0.0
0.0
0.0
3.7332452675532277
3.7332452675532277
3.7332452675532277
3.733181900705894
3.733181900705894
3.733181900705894
0.0
36.088457774855115
36.088457774855165
36.088457774855165
35.67952918350283
35.679529183502844
35.679529183502844
0.08495509643389267
44.46498414454625
62.749427250575266
59.17449106756757
40.02401171763034
38.27633823799144
44.95090771414383
0.6007162749682619
66.07869088260661
67.99203799771091
67.82190201981264
66.57380372753359
60.377354200402195
57.08417669498801
0.38105679901978606
56.04483429305061
58.424223445751494
58.64251932312758
61.92897363290455
59.676760326217696
56.27756742350473
0.2936316630994155
0.8818526310747341
0.0
0.0806574010718781
0.03910664914274678
0.03910664914274678
0.0
0.49624025237848207
0.0
0.0
0.0
0.0
0.0
0.0
0.0
0.0
0.0
0.0
0.0
0.0
0.0
0.969793253999526
0.0
0.0
0.0
0.0
4.1315091450805355
4.131509145080534
0.0
0.0
0.0
0.0
0.0
0.017213757440470868
0.017213757440470854
0.0
0.0
0.0
0.0
0.0
10.664449435499385
5.732042101985772
0.0
0.0
0.0
0.0
0.0
3.4075366412639574
1.383565212026184
0.0
0.0
1.672144745560648
1.672144745560653
0.0
0.8753799366436056
0.3165815643051293
0.07436478656477119
0.06317449000992417
0.0
0.0
0.0
0.0
0.0
0.0
