0.0
11.466408436447345
11.466408436447344
11.466461967567929
11.466461967567929
23.999607043359443
0.0
46.24435804440793
46.24435804440806
45.84417974707542
41.68411208106284
63.654921922728256
0.0
99.99999999999984
99.99999999999996
99.99999999999989
99.99999999999999
100.0
0.0
86.398400612869
86.27344617020533
84.16815746189705
100.0
100.00000000000001
0.6313649438262899
63.53510725497638
64.05608143312793
60.7366271076163
70.6162012365855
99.99999999999999
0.0
0.2866812502650173
0.33999399567103317
0.2685242350310431
3.119883333310645
21.61191814562978
0.0
0.0
0.0
0.0
0.0
0.0
0.0
0.0
0.0
0.0
0.0
0.0
0.0
0.0
0.0
0.7556640218662307
0.0
0.0
0.8201584951751979
0.0
0.0
0.0
1.658426761026775
0.5528089108619137
0.8201584888195256
0.7048390619242383
0.0
0.2737628570598184
6.806499531125793
2.481927997475628
0.8273093240303528
0.0
0.004872125264961889
0.004872125264961889
0.004872125264961889
0.004872125264961889
0.004872125264961889
0.0
0.0
0.027695222954658094
0.057120511604471354
0.0
0.0
0.0
0.0
0.0
0.0
0.0
0.0
0.0
0.2666542691869561
12.799719048297588
12.799719048297584
12.799790423125032
12.799790423125033
0.26664534733352474
0.0
24.058026927711236
41.96743997183872
41.967439971839006
41.6005182855602
45.93971551336415
23.968905671698796
0.09553576628878185
46.65743651541091
64.27934537596259
64.27934537596244
64.96235417025393
75.18702877753354
33.9977214057989
0.36364158260749324
52.26906853762117
75.26882925530003
76.52660086488584
70.73927604517823
67.84366372213147
40.055892286328145
0.0
51.737701548770445
63.21675174056554
63.72576711516932
67.13609898082747
56.285689481269664
59.3566535920682
1.4431942910473323
4.203880361863938
4.334146002593002
4.390834017379992
4.385729034477138
4.589397541497109
3.112148403948859
0.5532708203266319
0.0
0.0
0.0
0.0
0.0
0.0
0.0
0.0
0.0
0.0
0.0
0.0
0.0
0.0
0.0
0.0
0.0
0.8636160249899781
0.0
0.0
4.924256066261852
0.0
0.0
0.0
0.0
0.0
0.0
0.5363674643091606
0.0
1.6659902288975468
13.54849009776475
0.31287183663979246
0.5866346936996106
0.5866346936996106
0.5866346936996106
0.0
0.07485271465199751
0.0
0.0
0.08212052644020425
0.08212052644020416
0.0
0.0
0.6074295041887945
4.678371130200027
4.07094162601121
0.8806916495973944
0.32189323622197324
0.08498828786391598
0.07043481628293839
2.2451107774954155
2.2451107774954204
0.0
0.0
0.0
0.0
3.7331597686173863
3.7331597686173863
3.7331597686173863
3.733034862669347
3.7330348626693453
3.7330348626693453
0.0
36.0870403915668
36.08704039156681
36.08704039156681
35.684664164861005
35.684664164861
35.684664164861
0.08359379550268412
51.41305434387443
64.77037712764238
52.992830245463274
43.58339910655979
40.524288027273876
51.801713298101966
0.3181863847815566
65.97663829325063
74.24880112949775
68.39522826567058
65.50479307103389
60.65287180116668
60.54155628153998
0.0
58.93271713632259
58.844874538317264
58.844874538317264
57.29145563781261
56.32062028634299
51.93707189305968
1.2627950046664158
0.0
0.0
0.0571205116044712
0.027695222954658094
0.027695222954658094
0.0
0.4841119677858028
0.0
0.0
0.0
0.0
0.0
0.0
0.0
0.0
0.0
0.0
0.0
0.0
0.0
0.0
0.0
0.0
0.0
0.0
4.065308664120305
4.065308664120303
0.0
0.0
0.0
0.0
0.10225674646920879
1.9428790586994156
1.9428790586994058
0.0
0.0
0.0
0.0
0.0
4.108964440120473
1.728226953258146
0.0
0.0
0.0
0.0
0.007462589286186785
1.2615137138552126
0.3469004260056627
0.0
0.0
3.7723845611874713
3.772384561187455
0.0
0.8753799316861102
0.31658152594472655
0.07436475188092648
0.06163046424757111
0.0
0.0
0.0
0.0
0.0
0.0
