1.0712363849040991
12.187876061370039
12.269121013776722
12.125893030074211
12.12589303007421
0.4847915328666602
0.0
25.899286963462067
44.069389767407884
44.04323292287165
46.65227562525712
45.06961395029364
26.587379514089182
0.0
41.80394197833725
99.60718917217837
100.0
100.0
100.0
47.374641018042965
0.09953334835295313
51.96655870518645
97.39053664132497
100.0
100.00000000000001
100.0
57.008994569409914
2.2083308221837528
47.6817356267691
95.69846772753243
80.96925174987385
99.99999999999999
92.91374710264445
60.65429133923248
2.660269335622091
0.0
0.67800069915333
0.7406986012074265
0.2985903278434455
2.313147768851729
4.626295537703458
0.7710491673815102
0.0
0.0
0.0
0.0
0.0
0.0
0.0
0.0
12.187876061370039
12.269121013776724
12.125893030074216
12.12589303007421
23.992248180768733
0.0
44.069389767407905
44.04323292287165
46.65227562525712
45.06961395029365
63.91295952545373
3.6754473005000303
66.6586822793225
70.41551189272523
89.86139477463202
95.18025689059263
93.72797047404865
0.0
65.03464681379828
60.57333564020824
65.44524264482143
89.43952186104313
98.83724422554371
4.976962885694235
19.341082765360078
32.75921443372448
26.748951566906985
29.49920691896607
100.0
0.16164013224644644
3.4382495435992255
3.5009474456533214
3.05883917228934
5.073396613297626
58.9910405920571
0.0
0.0
0.0
0.0
0.0
0.0
0.0
0.0
0.0
0.0
0.0074435015429373174
0.0
0.0
2.717238836771701
0.03238040385026069
0.03238040385026069
0.03238040385026069
0.18561415401787515
0.21799455786813582
0.21799455786813582
3.490852373342917
0.05401123753637305
0.0
0.0
0.0695872252689761
1.3221575120063973
1.3221575120063973
3.186450411766989
0.0
0.0
20.094975829101443
0.6089164917964445
5.608775858027168
5.608775858027165
2.541651417350673
0.09365727693342549
0.8376891185847758
0.6976836050695175
0.2849681940629866
0.3500226293939965
0.3500226293939966
0.09087591545176331
0.34858709734232063
9.691883392779001
10.832225685570902
3.565490085453322
1.2920983441537877
0.46985373596815977
0.11746336440581498
0.12887845075778928
3.8268765526932196
3.8268765526932222
0.5549898395493833
0.22199592967734813
0.0
0.0
2.503924668486238
5.295260198377603
3.423770321087864
1.868859533655654
5.26374782800087
3.603476577028146
0.0
19.463701137557656
50.32169742582751
32.346107051881276
22.747985013098766
51.60263625174144
33.32558007345406
0.0
52.73285143704822
76.71195608451576
68.83709293557531
61.66045058561781
49.41815836296746
47.374641018042965
0.09953334835295315
62.58711022117922
81.67781194254343
82.1851667388317
75.8271043582856
67.01584570488788
57.27406547863675
2.2083308221837528
53.92205462617429
67.41208425569768
85.5105763688885
68.48722372212981
63.78774262147411
60.654291339232486
2.6602693356220914
1.534219647223732
0.0
0.07417269096762473
0.7643738373843127
0.16719322701099004
0.0
0.7710491673815103
1.2417796037031872
0.0
0.0
0.0
0.0
0.0
0.0
0.0016272972418844807
0.011124930146609915
0.029100395864122625
0.010784578237213342
0.003592739361166043
1.509577140094318
0.007349608468908325
0.02640793582144852
0.36794832517375997
4.747984959185306
1.5826615938258288
1.965247813766925
0.08159993907991156
0.0
0.0
3.0540462943053748
1.0180153065509274
1.8945435030120978
0.0
0.0
0.0
0.1458885773875071
0.1458885773875071
1.3110842900439068
0.0
0.0
0.0
0.04543795772588165
0.045437957725881654
0.0
0.0
0.23654883488569234
0.3030705471359874
0.3354458152008146
0.23890249383038048
0.14000551351525814
0.0
0.0
0.0
0.0
0.0
0.0
0.0
0.0
0.0
0.0
0.0
2.077043492444133
2.0770434924441314
0.0
0.03238040385026069
0.17699622866080245
0.17699622866080256
0.03238040385026069
0.0
0.0
0.0
0.05401123753637305
1.9324006291928983
1.932400629192899
0.13917432165598062
1.5256044563312694
1.5256044563312694
0.0
0.0
0.012726381022131073
0.12689809895563564
1.94092113261461
2.542314306096204
2.542314306096204
1.0080946588724724
0.09365727693342549
2.346662649998091
2.346662649998092
0.0
5.252307776555672
1.2417796037031872
0.0
0.3485870973423207
2.4251477926614213
2.4251477926614213
2.4251477926614218
1.2920981919228118
0.46985371601253456
0.11746336440581498
0.12887845075778928
0.5549898395493831
0.5549898395493833
0.5549898395493833
0.2219958155658349
0.0
0.0
