1.0712492546437244
12.187956627950811
12.270399795826103
12.13106414999316
12.131064149993142
0.4480383440133743
0.0
25.898269579133565
44.06030766459912
44.10215662412595
46.07713439174579
44.841172616049406
26.640552721921793
0.0
41.27586629867732
93.06539232181501
92.10258764674018
100.00000000000001
99.96869338241636
52.71071099311839
1.4334328808814243
47.52730060505527
100.00000000000001
99.99999999999994
100.0
98.2536499239912
71.24637092889483
4.414426667214635
53.72835003619155
90.29948063265358
91.5177295398567
99.99999999999999
99.99999999999999
65.03337940152105
7.157273614766025
0.0
0.5199707871281359
0.5216264027072691
0.19895367912021128
2.313147910530996
4.626295821061992
0.7710492464840087
0.0
0.0
0.0
0.0
0.0
0.0
0.0
0.0
12.187956627950811
12.270399795826101
12.131064149993158
12.131064149993135
23.992028518355273
0.0
44.06030766459909
44.10215662412595
46.07713439174579
44.841172616049406
63.89680953657381
0.0
56.44148296918688
55.478678294112015
73.63668766349744
75.68536554508219
96.15761558023698
3.1029198302524605
61.92347255951086
64.1584667463511
54.16189931730878
100.00000000000001
97.83321257621287
0.0814280501767012
32.77081569075685
33.98906459796004
15.406715305772494
46.798590461882355
74.5447920408076
0.14700359791661852
3.4055880558893006
3.407243671468434
3.0845709478813768
5.198765179292161
77.65657142600575
0.0
0.0
0.0
0.0
0.0
0.0
0.0
0.00040898842613497723
0.00020449421306748862
0.0006730721545935116
0.009091834057319127
0.0
0.0
3.3607558079242206
0.0030181504451435946
0.006036300890287189
0.18884148830343478
1.306742303285735
7.084356207069052
7.0843562070690504
1.9626404418704269
0.05363416858843779
0.0
0.0
0.0
0.0
0.0
2.412592569709949
0.2074463920283915
6.495878888118156
6.495878888118157
0.8966598418664723
1.9671217766911608
1.9671217766911608
1.5486781748685334
0.16876885579547876
0.8194724604896594
0.9536164607391122
0.3243657283566961
0.717786795557708
0.7177867955577079
0.5816525808021229
0.008030358348757245
0.0
4.080931441268441
4.08093144126844
0.9677820724206925
0.3545499304066875
0.13443654905432992
0.1288784708937632
3.8268765086751313
3.826876508675129
0.5549898183153955
0.221995919472379
0.0
0.0
2.503916481271296
5.295440644601713
3.426323254826427
1.8679917080800714
5.293289062516342
3.6393373590259017
0.0
19.46379350085468
50.286542201299206
32.004338571640396
21.707885152213677
51.283726400494416
33.595618441401975
0.0
50.713061880272534
71.57740361534066
77.45372828503226
51.94307712442248
48.80511925246696
48.68790968349237
1.4334328808814243
60.60391293830952
95.16652059366739
86.9720668096908
90.04695183397915
82.88245167831676
71.83794755537227
4.4144266672146335
56.892438285860834
60.36233876088096
61.20683131797023
74.53253965545149
67.88540766397044
64.44180277504361
7.157273614766025
1.5340701000897965
0.001034160792958755
0.18150468850509344
0.5482217919007182
0.15031482907488486
0.0
0.7710492464840086
1.155253899689325
0.0
0.0
0.0
0.0
0.0
0.0
0.000468577941526023
0.011113408287315125
0.02476294043257732
0.006825550290503612
0.0
1.8904436304297487
0.0323688952200773
0.18884148830343475
1.3057083220438725
3.7078849908167326
1.2359615643549977
1.9256094793468432
0.09674073562258034
0.0
0.0
0.0
0.0
0.8785224121901157
0.0
16.9846853606722
0.8651875778157333
5.022170036680009
1.7000745403463933
0.5137980649639396
0.0
0.29082629040106145
0.4805959136899466
7.719037544524054
2.3027668027275823
0.7675887964469326
0.03788242392025534
0.3787146854205698
0.4869963304034869
0.48607032312653653
0.19731815043148426
0.15771626164970282
0.0
0.0
0.0
0.0
0.0
0.0
0.0
0.0
0.00020449421306748862
0.00020449421306748862
0.00020449421306748862
2.095192043020098
2.095192043020097
0.0
0.0030181504451435946
0.14574721537677524
0.1457472153767752
0.0
3.9443212154141865
3.9443212154141865
1.3057083220438725
0.05363416858843779
1.9189078973531686
1.9189078973531681
0.0
0.0
0.0
0.0
0.2074463920283915
0.8966598418664723
0.8966598418664724
0.8966598418664722
2.5557253686037105
2.0340169159595667
0.3934242751792086
0.1687688557954788
4.918685568152588
4.918685568152589
0.0
6.6887884685640175
2.3779516941818377
0.0
0.008030358348757245
0.27319513965639464
0.27319513965639464
0.0
0.9484981358249126
0.33526618868131697
0.05730109307668454
0.1288784708937632
0.5549898183153955
0.5549898183153955
0.5549898183153954
0.22199571184549324
0.0
0.0
