1.071040831284031
12.187195033878599
12.268525102708132
12.127007802338749
12.12700780233874
0.4430036053209676
0.0
25.89970537123175
44.073127196087135
44.26003173695362
46.12610349976805
44.874882035683584
29.136724905043607
0.0
41.904400828019114
99.5141582460089
98.30098065335339
99.99999999999996
99.99999999999999
54.203064858466945
1.2973501969484929
47.21060073844782
95.40717531900529
100.00000000000001
100.0
100.0
74.15594017225845
4.5640869591957145
46.52335136244211
84.24007740792955
83.76241587356364
100.0
94.97319597272046
63.95326721336803
2.717915325431212
0.09568035670768774
1.755996302862514
1.7559963028625132
1.4693106248485848
3.6029179872358776
4.626295913236522
0.7710492764008204
0.0
0.0
0.0
0.0
0.0
0.0
0.0
0.0
12.187195033878597
12.268525102708134
12.127007802338753
12.127007802338742
23.991329159479747
0.0
44.07312719608715
44.26003173695363
46.12610349976804
44.874882035683584
63.75559314095525
0.0
58.2312198317177
57.01804223906219
72.77145950914897
79.35798897304255
96.36087727535696
3.145096564538999
66.7040834816619
64.96891544420174
58.02914322473379
84.36624121476382
90.00793134858529
6.552385427102656
39.659206311894614
39.181544777528636
27.204594308963408
33.23189041055343
88.37859098779057
0.09567858998574223
1.7559963028625136
1.755996302862513
1.4693106248485845
3.6029179872358776
96.97882740092435
0.0
0.0
0.0
0.0
0.0
0.0
0.0
0.0004260956686239414
0.0002130478343119707
0.0002130478343119707
0.008062390248336847
0.0
0.0
4.367439277165366
0.022729339042411412
0.022729339042411416
0.0785988016132587
0.6070462077986073
3.0359224904072457
3.035922490407245
2.5285152061360585
0.050336460810112456
0.0
0.0
0.0
0.0
0.0
1.127274510623858
2.616751306411004
10.571498625050316
29.26920415178669
0.45043289598642067
1.9409285478295808
1.9409285478295808
1.2755783150623263
0.44186006367411745
9.162488644941469
6.298444312064591
0.9386196044604097
1.1910068224362713
1.0436987584173316
0.0
0.25282934592139616
5.346340730245656
7.094320989142328
3.6699528017627125
1.2058813439820921
0.4383054716846593
0.1094475592683309
0.12887844730859688
3.8268765237723232
3.826876523772324
0.5549898855876559
0.22199595283889262
0.0
0.0
2.5039240835761287
5.295272934653331
3.4239519001239707
1.8690811342285776
5.274280184574362
3.637812707648966
0.0
19.463663129185694
50.336408736291794
32.48700218120533
21.753663837799465
51.54198440591951
35.95686431719013
0.0
52.77366285131223
68.82871607258197
63.45961766428313
56.89340040060696
55.08235616673285
54.203064858466945
1.297350196948493
60.57584224170683
95.46921166193304
90.22488188102203
88.58376957181001
83.50518342016083
74.15594017225845
4.5640869591957145
53.028622136994
72.59500284263083
66.86419280541149
76.58518572673121
70.12360902857866
63.95326721336803
2.7179153254312123
0.2059884563825829
0.0
0.20168804105695828
0.5504396364216292
0.19135894669343
0.0
0.7710492764008204
0.9833318172975203
0.0
0.0
0.0
0.0
0.0
0.0
0.0028751844228600888
0.010222530747681922
0.028584455625736388
0.01101745120588551
0.003672200151819702
2.426355179990686
0.0028751844228600888
0.0558694625708473
0.4479226630851116
3.7536617768419154
1.2512193788135797
2.4263551416543114
0.22913131369006653
0.0
0.0
0.0
0.0
1.0044779568945055
0.0
0.0
0.6333935418966659
8.029309544888738
2.6764364198866177
1.0085106810599864
0.0
0.0
0.0
2.791482260939142
1.0468056783804456
0.3489351091660928
0.0
0.6520826816758652
0.7730979184315988
0.9747859594885572
0.6520826816758652
1.3041653633517305
0.0
0.0
0.0
0.0
0.0
0.0
0.0
0.0
0.0002130478343119707
0.0002130478343119707
0.0002130478343119707
2.070807193777431
2.0708071937774286
0.0
0.022729339042411412
0.16695148534988943
0.16695148534988935
0.022729339042411416
3.6954557040201883
3.6954557040201883
0.4479226630851116
0.050336460810112456
1.8009262668485597
1.8009262668485593
0.0
0.0
0.0
0.0
2.616751306411004
0.0
0.029653512705287682
0.5042127054363302
0.49823495414738883
0.49823495414738883
0.29224649776480593
0.4418600636741175
5.860753032866776
5.860753032866776
1.590702286136275
7.307768306695932
1.0365195864067829
0.0
0.25282934592139605
3.2498551253161496
3.2498551253161496
1.9219725428660384
1.2060873232847609
0.43851154197577813
0.10944755926833089
0.1288784473085969
0.5549898855876562
0.5549898855876559
0.5549898855876559
0.22199584689463564
0.0
0.0
