0.0
0.00029945860263946183
0.0011945150540902463
0.0012713886179934876
9.666793305346556e-09
8.72222076749537e-06
4.660310122478097e-06
5.639125159096885e-06
4.946850221496799e-06
3.9832503993908166e-06
2.0161915420430282e-09
4.218011540147107e-06
4.471084796832706e-10
2.68034526860563e-06
1.826142083767729
0.0
1.8261223398665143
3.4682997545595686
0.9131706031892004
0.6531485124586937
1.0492575297178754
1.8711778277995497
1.0492916738021032
2.4837561753190607
333.5932579096349
2.6946693625769522e-05
46.95213671064561
1.0861734088234982
0.00011195816716740465
0.6901176185601361
0.0
0.6901174921955286
0.43753199672346216
8.80004021877699
9.232888226906566
3.7328618514348832
5.904757665875271
20.45496333743511
54.31903085240791
19.84246797371455
264.137823780877
1.8138781591465654
0.8663198118706192
1.7303937160851404
0.00021319710532083857
0.0
5.506718392150928
4.542225189255794e-05
2.58545874647132e-05
0.029825463455614296
4.32549775669991
0.00010675309807372213
10.657035329000639
9.391360100429831e-10
2.6981411476629047
1.2238341750086147e-09
0.00012821241585959375
0.0020816524626317964
0.000146599272916696
0.1878864765819171
0.0
0.00021653166154200903
4.9748082836621404e-05
3.652461857960016e-10
5.270084394475251e-05
4.270361186520776e-05
2.7434529057358372e-09
3.034290524525033e-10
2.188862262080309e-08
6.350590009642789e-09
6.399587505311403e-05
0.0002220029557762696
0.0013618667280687097
3.9370174255232033
0.0005268619631752913
0.0
0.0003681606461461023
0.00030080005500878837
0.0003390550275527536
0.00014388300701429605
5.13121602915646
0.00012046698391925046
1.250112240599393e-09
5.960600039050022e-05
6.880996687241961e-09
0.004409724422499095
1.1317772261069616e-08
6.786896816719104e-10
7.911771324079254e-05
0.0006679123199916359
0.0
0.00048041700697174937
7.60481361808507e-05
5.924969611237464e-05
8.014083069085315e-10
6.303419150271213e-05
1.0797216656458371e-09
7.044505416804807e-05
1.1813354986277213e-08
0.002154023193426557
8.591017603978058e-09
0.0007084058877969634
4.4753619370219565e-05
0.0003316234404962553
0.0006165732504621606
0.0
0.10848286771704621
3.506795744867907e-05
6.271071399559762e-10
9.729878113684239e-05
10.984817062862028
8.334483893280015e-05
0.0007386164081531268
0.00039846824404318244
1.2472102654769197
1.7177667535713086
7.837694366803827e-05
0.00023875103067431806
4.998559767688166e-05
1.259315172896934e-09
0.0
5.9460367265847735e-05
4.159558612193489e-08
0.0001550102903014113
19.184654528031498
0.7037558114786583
0.0011193412284684636
3.602464802991483e-05
0.0001478522246877828
0.0003041423545971303
5.3057583795777607e-05
0.00021711046630947922
0.0014101456429206247
0.0006701788575610146
5.258691765576022e-05
0.0
1.297367308576853
1.7956167013565387e-08
3.136809012357197e-10
6.414745243461982e-09
0.002033764712038806
2.9882810474033476e-06
0.0011000796534359459
5.1780312423511265e-05
4.22424349336362e-06
7.878476514354425e-05
3.985415327627269e-06
4.37911734666193e-05
0.0004533481319536431
3.2213572282316547e-06
0.0
0.00067307713722776
0.6696528640005011
4.277808372064355e-05
0.09926095841028847
0.0007372681188505426
0.0008117878094065108
0.0004310427552534409
4.672448334769692e-05
0.0002568827787731902
2.4258847759391194e-05
7.15842879954076e-05
0.0004019197916254029
3.5890398187803494e-05
3.481544576707467e-09
0.0
10.950431193513106
8.36811969167417e-05
0.0022044238555899045
0.0011202575980360872
4.129292390643167e-09
3.504356343665203e-10
2.0932089375407485e-05
3.245417758557635e-05
6.948325504634685e-05
0.0003848045926980234
1.445126627511164
1.6921724907193052e-05
5.602478260324576e-10
0.0003784682306703176
0.0
0.0002005573696544709
0.002245322787198253
0.002179298660454275
6.882004298908724e-10
3.5560329032023064e-10
3.7264295846823593e-06
6.004859409052497e-06
1.470271186919029e-05
0.0003246207521260358
1.7618066591962606e-05
2.973914169577123e-06
6.332075068932455e-10
0.00018589730928306511
0.0009061959550045698
0.0
