1.071246786970964
12.1879404086012
12.270129813577682
12.131215071548977
12.13121507154896
0.44828273416539677
0.0
25.89895397084749
44.06640996607092
44.10902495956756
46.56690796129513
45.03683195628939
26.792582634970596
0.0
41.222863101395156
95.24488394854804
94.24948886730103
99.99999999999999
99.8973609412907
51.543419461410664
1.4546070284603267
48.036407113532746
94.32618906400425
98.69777552228075
100.0
100.0
69.25312690444802
4.1334092133774165
53.66172242798168
90.43433833892502
89.83540319169424
99.99999999999994
99.25414309535074
61.57779042921836
3.329970543466622
0.0
1.3633956817923236
1.6410598697967298
1.4204244409264024
3.5866227923099463
4.626296049807915
0.7710493151218724
0.0
0.0
0.0
0.0
0.0
0.0
0.0
0.0
12.187940408601198
12.270129813577682
12.13121507154898
12.13121507154896
23.992033199351294
0.0
44.06640996607095
44.109024959567556
46.56690796129512
45.036831956289376
63.89931172131522
0.0
58.715890635034576
57.72049555378757
67.0758553856081
68.86332593533737
98.38727412415116
0.0
57.24728227377646
51.20154189283094
45.23427899474569
65.11173162752054
100.00000000000003
1.2996146451397348
37.01293543546408
36.41400028823341
31.411430455121458
64.99415928852534
100.0
0.14737151724363298
1.3633956817923236
1.6410598697967298
1.4204244409264024
3.5866227923099467
33.76109053153124
0.0
0.0
0.0
0.0
0.0
0.0
0.0
0.0003953759511796769
0.00019768797558983845
0.0006492630954196114
0.008715263865849834
0.0
0.0
3.553939729535671
0.002946332334535551
0.005892664669071103
0.06655822597999354
0.7304400800337375
4.652870202532987
4.652870202532988
2.5282668906707606
0.053692529008070804
0.0
0.0
0.0
4.656342675057107
4.656342675057106
3.9043189324032523
0.2567538946586676
6.943396503232308
11.061406228133677
0.06219448984483115
0.5617215771918743
0.5617215771918743
0.20683202593551236
0.3227839239121955
5.109853826678484
4.574182163290294
0.7389465971667047
1.4778931943334095
1.4778931943334095
0.150592936073156
0.0
0.0
4.035652565519871
4.035652565519872
1.2382595406998274
0.4609276097237789
0.1445236134909629
0.1288784417348803
3.8268765181745037
3.826876518174503
0.5549899140581778
0.22199596167089916
0.0
0.0
2.5039182162357734
5.295403961735192
3.425785121280547
1.8685788079603727
5.293510174919535
3.6392030210496618
0.0
19.4637314317251
50.31035016530892
32.23413882649688
22.59022778899451
51.573535214591836
33.553782414590806
0.0
50.674736685326764
78.0766760802203
66.17851290504478
51.94131578611814
46.84992970350091
45.91078872476907
1.4546070284603272
59.91595546637888
91.66401038875979
100.0
89.82906828231098
81.31922668402642
69.25312690444802
4.1334092133774165
55.63791054356198
59.71813643208409
79.71962676882578
68.89637501294543
63.40249957420169
61.577790429218346
3.329970543466622
2.230164995170396
0.0
0.22562794783399123
0.4482305827516671
0.15433124225464187
0.0
0.7710493151218725
0.0
0.0
0.0
0.0
0.0
0.0
0.0
0.000451575119829773
0.011074231339011944
0.02543749630613252
0.007181905416730466
0.0
1.9907900825335603
0.01139948864581849
0.06655822597999354
0.460211166197332
4.59022757539826
1.5300757742873596
1.9907901455243524
0.09439513050758201
0.0
0.0
0.0
0.0
1.6741539186525884
0.0
5.6501111892263465
0.0
0.028425633770259622
0.02842563377025963
1.1978702865440984
0.0
0.0456205029351208
0.24635126143141586
5.7434236959587315
2.153783860196845
0.7179279294783665
0.0
0.7820487683097354
0.9613288440215917
1.3872224257317052
1.0713433267763728
1.0713433267763728
0.0
0.0
0.0
0.0
0.0
0.0
0.0
0.0
0.00019768797558983845
0.00019768797558983845
0.00019768797558983845
2.0835100188444273
2.0835100188444278
0.0
0.002946332334535551
0.14575165108012214
0.14575165108012217
0.0
0.5981286248462029
0.5981286248462029
0.46021116619733193
0.053692529008070804
1.9209983465444291
1.92099834654443
0.7163602834291138
0.0
0.0
0.0
0.2567538946586676
0.0
0.01165050979200026
0.1982339831336539
7.314122923028558
2.230164995170396
0.0
0.32278392391219546
5.864799130208369
5.8647991302083655
1.2746182605548912
14.00457403088561
4.61012133091853
0.0
0.0
0.0
0.0
0.0
0.719347022913567
0.2265928130704696
0.1445236134909629
0.1288784417348803
0.554989914058178
0.5549899140581777
0.5549899140581777
0.2219958915002012
0.0
0.0
