0.0
11.466501109091393
11.466501109091393
11.466535396209753
11.466535396209757
23.99974799996745
0.0
46.251053919333465
46.25105391933355
45.826741236485375
45.92803869501757
63.63411065730382
0.0
99.99999999999983
99.9999999999999
99.99999999999999
99.77376003009915
100.00000000000001
0.0
76.74837202298363
76.15669861329334
85.63153614458524
100.0
100.0
0.0
59.95971834613998
59.97151322585614
60.358875355767566
70.00408550971896
100.00000000000001
0.0
3.465052287215408
3.465052287215408
3.465052287215408
3.465052287215408
30.4160961621564
0.0
0.0
0.0
0.0
0.0
0.0
0.0
0.0
0.0
0.0
0.0
0.0
0.0
0.0
0.0
0.801237155379348
0.0
0.0
0.913025729022901
0.0
0.0
0.0
0.0
0.0
0.9130257294357884
0.6696954277499382
0.0
0.5820818180137115
8.100556010362938
2.595323763911508
0.865107915520208
0.0
0.09819152851883978
0.09819152851883978
0.09819152851883978
0.09819152851883978
0.09819152851883978
0.0
0.0
0.0
0.0
0.0
0.0
0.0
0.0
0.0
0.0
0.0
0.0
0.0
0.26665871074467257
12.79981988382482
12.799819883824822
12.799865599982637
12.799865599982642
0.26665299622494537
0.0
24.06152645626224
41.97351758293305
41.973517582933255
41.58446719266512
41.67310246888079
23.96703050659429
0.10129745853207033
44.628369848960745
65.22436730875309
65.22436730875306
68.88244311750243
77.87457753525847
33.728754760976486
0.2740263621762638
58.021819158048544
87.35673965502428
87.03538733359706
70.924006947138
71.94029558225876
40.75578816342463
0.0
52.33812251225819
65.10922258275446
65.12270244528722
70.64207492578882
58.20215452412983
59.66720011400513
1.5467098008825695
0.0
3.465052287215408
3.465052287215408
3.8999343659100236
3.8999343659100236
0.0
0.0
0.0
0.0
0.0
0.0
0.0
0.0
0.0
0.0
0.0
0.0
0.0
0.0
0.0
0.0
0.0
0.0
0.0
0.9156996061478264
0.0
0.0
0.9130257322113653
0.0
0.0
0.0
0.0
0.0
0.0
1.061589501488068
0.0
1.445060916524603
14.38415248717539
0.665236363444242
1.2473181814579535
1.2473181814579535
1.2473181814579535
0.0
0.0
0.0
0.0
0.0
0.0
0.0
0.0
0.4065949900527605
4.477536631770705
4.0709416417179405
0.8806916748423252
0.32189328883093077
0.08498831308858826
0.8060892757884454
1.5114173921033327
1.5114173921033327
0.0
0.0
0.0
0.0
3.7332219504254183
3.7332219504254183
3.7332219504254183
3.7331419471492366
3.733141947149235
3.733141947149235
0.0
36.09228968439334
36.092289684393364
36.092289684393364
35.66564665776999
35.66564665777
35.66564665777
0.08863527621556153
53.392280542563356
62.230461160206374
52.42549508485154
43.21664537645936
39.056705195826346
49.771832289760376
0.23977306690423084
61.42381364552871
77.25090117098736
66.60079913088059
63.51589971758995
60.18757064227536
61.13368218022391
0.0
58.35599094215241
58.10146146280467
62.642807318308094
60.16313208469112
57.36842183750333
52.208800099754484
1.3533710757722484
0.2590640037774243
0.11050023187290957
0.4348820786946158
0.0
0.0
0.0
0.0
0.0
0.0
0.0
0.0
0.0
0.0
0.0
0.0
0.0
0.0
0.0
0.0
0.0
0.0
0.0
0.0
0.0
0.0
4.310482589520093
4.310482589520095
0.7105233793041819
0.0
0.0
0.0
0.0
2.5822264967004718
2.5822264967004633
0.0
0.0
0.0
0.0
0.0
4.5638138341934
2.079892806663206
0.0
0.0
0.0
0.0
0.0
2.6878823608733278
0.4628778808692513
0.0
0.0
3.6409031717505815
3.6409031717505664
0.0
0.8753799392054866
0.31658155349845735
0.07436477395251473
0.7053281163148896
0.0
0.0
0.0
0.0
0.0
0.0
