0.0
11.46650112530661
11.46650112530661
11.466535408989438
11.46653540898944
23.999748024426907
0.0
42.056193545866854
46.25105944119529
45.826726855362956
45.92802906539476
63.63409349476167
0.0
100.00000000000007
99.99999999999987
99.99999999999994
99.77377456824972
99.99999999999999
0.0
76.74831174551375
76.15664386194926
84.8073550040185
100.0
99.99999999999999
0.0
59.95978398613113
59.97158255033847
60.35828514061058
70.0038290395732
99.99999999999999
0.0
3.465249435557702
3.465249435557702
3.465249435557702
3.465249435557702
30.41414177817917
0.0
0.0
0.0
0.0
0.0
0.0
0.0
0.0
0.0
0.0
0.0
0.0
0.0
0.0
0.0
0.801274738495971
0.0
0.0
0.9130385465742964
0.0
0.0
0.0
0.0
0.0
0.9130385469874268
0.6696571783470502
0.0
0.5820368185512645
8.100442800021698
2.595287492638585
0.865095825097353
0.0
0.09815711947370494
0.09815711947370494
0.09815711947370494
0.09815711947370494
0.09815711947370494
0.0
0.0
0.0
0.0
0.0
0.0
0.0
0.0
0.0
0.0
0.0
0.0
0.0
0.2666587115373583
12.799819901450581
12.799819901450574
12.799865613027679
12.79986561302768
0.26665299759021976
0.0
24.06152934224704
46.168388490264896
41.973522594936306
41.58445395571218
41.673093389490006
23.96702896012287
0.1013022100316823
44.627532251325576
65.22510165305
65.22510165304995
68.88133589498996
77.87558694258014
33.72940778917947
0.27402281410386137
58.02189183279827
87.35666872792423
87.03529806282013
71.74814844411216
71.93918003025135
40.756308040131074
0.0
52.338135066054484
65.10927651288378
65.12276058626303
70.64182274991686
58.20201115039498
59.66713715376556
1.546688814136314
0.0
3.465249435557702
3.465249435557702
3.900078828388062
3.900078828388062
0.0
0.0
0.0
0.0
0.0
0.0
0.0
0.0
0.0
0.0
0.0
0.0
0.0
0.0
0.0
0.0
0.0
0.0
0.0
0.9157425582811095
0.0
0.0
0.9130385497621419
0.0
0.0
0.0
0.0
0.0
0.0
1.061588536877712
0.0
1.4450422059817867
14.383724999110266
0.6651849354871596
1.2472217540384236
1.2472217540384236
1.2472217540384236
0.0
0.0
0.0
0.0
0.0
0.0
0.0
0.0
0.40664871770320576
4.477590359424615
4.0709416417214115
0.8806916748494098
0.3218932888433972
0.08498831309467393
0.8060298652118406
1.5113059972721996
1.5113059972721996
0.0
0.0
0.0
0.0
3.7332219615230176
3.7332219615230176
3.7332219615230176
3.733141966263077
3.733141966263078
3.733141966263078
0.0
36.09229401337061
36.092294013370584
36.092294013370584
35.665630974470204
35.665630974470204
35.665630974470204
0.08863943377772202
53.39242283554654
62.22994370667974
52.42502721702263
43.21644872270081
39.05664168457815
49.77115678804108
0.23976996234087872
61.42383853026761
77.25082885347136
66.60076470603504
63.515835481634255
60.18770817960673
61.13446199531075
0.0
58.35617305473332
58.101677633017985
62.642520841431164
60.1624407188644
57.36817301882502
52.20874500954486
1.3533527123692748
0.2590334391147943
0.1104834493723058
0.43482939283036015
0.0
0.0
0.0
0.0
0.0
0.0
0.0
0.0
0.0
0.0
0.0
0.0
0.0
0.0
0.0
0.0
0.0
0.0
0.0
0.0
0.0
0.0
4.31068477861908
4.310684778619079
0.7104761952373431
0.0
0.0
0.0
0.0
2.582242960756451
2.5822429607564574
0.0
0.0
0.0
0.0
0.0
4.563448269181388
2.079699856394839
0.0
0.0
0.0
0.0
0.0
2.687508505381609
0.4628051073537976
0.0
0.0
3.6409298283061706
3.640929828306156
0.0
0.8753799392055858
0.3165815535037953
0.07436477395783969
0.7052761320603604
0.0
0.0
0.0
0.0
0.0
0.0
