0.0
11.466465137286104
11.46646513728611
11.466506871116891
11.466506871116888
23.999693241177763
0.0
46.2510599144736
46.251059914473466
45.82672554066917
45.92802817728497
63.634091926878156
0.0
99.99999999999997
99.99999999999976
100.00000000000003
99.84881591070865
100.0
0.0
76.74758587248974
76.15562322293931
85.63062045236175
100.00000000000004
100.0
0.0
59.959566292620984
59.97133521319875
60.36191430621246
70.00321400536208
100.0
0.0
3.463836827783214
3.463836827783214
3.463836827783214
3.463836827783214
30.44880290034167
0.0
0.0
0.0
0.0
0.0
0.0
0.0
0.0
0.0
0.0
0.0
0.0
0.0
0.0
0.0
0.8012781881846142
0.0
0.0
0.9131284484496809
0.0
0.0
0.0
0.0
0.0
0.9131284490642694
0.6725125915480138
0.0
0.5823544868753997
8.101267507221124
2.595551716119276
0.8651838967855221
0.0
0.09767094739142906
0.09767094739142906
0.09767094739142906
0.09767094739142906
0.09767094739142906
0.0
0.0
0.0
0.0
0.0
0.0
0.0
0.0
0.0
0.0
0.0
0.0
0.0
0.2666569808723951
12.799780750187091
12.799780750187105
12.799836395294813
12.799836395294804
0.26665002523393294
0.0
24.06152960229415
41.973523025307735
41.97352302530765
41.584452745543956
41.67309255258278
23.967028802989507
0.10130263661575209
44.6352402450855
65.22550560880383
65.22550560880376
68.89817389339159
77.55914802091456
33.53363697933582
0.2805932865128202
58.02240095098302
87.35745009279378
87.03628429082578
70.92420703497575
71.9619572483503
40.75176303861679
0.0
52.33809254866452
65.10994738711143
65.123397582057
70.64324160053796
58.20494585923011
59.668437392462074
1.5471222263459694
0.0
3.463836827783214
3.463836827783214
3.8990475296573965
3.8990475296573965
0.0
0.0
0.0
0.0
0.0
0.0
0.0
0.0
0.0
0.0
0.0
0.0
0.0
0.0
0.0
0.0
0.0
0.0
0.0
0.915746500782416
0.0
0.0
0.9131284531758865
0.0
0.0
0.0
0.0
0.0
0.0
1.0618844861242516
0.0
1.4796912068170258
14.42769045006127
0.6655479850004568
1.2479024718758571
1.2479024718758571
1.2479024718758571
0.0
0.0
0.0
0.0
0.0
0.0
0.0
0.0
0.4071624607948315
4.478104094151569
4.070941633356739
0.8806916575465328
0.32189325862331747
0.0849882983577692
0.8064548914752258
1.5121029215160495
1.5121029215160495
0.0
0.0
0.0
0.0
3.7331977322135312
3.7331977322135312
3.7331977322135312
3.733100353275061
3.7331003532750615
3.7331003532750615
0.0
36.09229440344121
36.09229440344127
36.09229440344127
35.66562953900249
35.66562953900248
35.66562953900248
0.08863980703878307
53.38722125672917
62.23476837997014
52.424984498479084
43.21712135349157
39.05835236526674
49.81855419878639
0.24551912569871764
61.42401289827773
77.2518705504446
66.60207187368233
63.51663885363837
60.1866933319948
61.12764446139487
0.0
58.35444761535509
58.099677464001296
62.64453893678702
60.16710208404725
57.37010604265999
52.209882718404316
1.353731948052723
0.25933377638939037
0.1105777395323171
0.43521070187418254
0.0
0.0
0.0
0.0
0.0
0.0
0.0
0.0
0.0
0.0
0.0
0.0
0.0
0.0
0.0
0.0
0.0
0.0
0.0
0.0
0.0
0.0
4.310703232290198
4.310703232290198
0.7112345922156746
0.0
0.0
0.0
0.0
2.5816177902014474
2.5816177902014537
0.0
0.0
0.0
0.0
0.0
4.570125098624941
2.082584515999026
0.0
0.0
0.0
0.0
0.0
2.689944729709138
0.4633335712757878
0.0
0.0
3.6403793212496374
3.640379321249631
0.0
0.875379939201344
0.31658154073028466
0.07436476106304805
0.7056480300408225
0.0
0.0
0.0
0.0
0.0
0.0
