0.0
0.0002495192846202521
0.2436653748180389
3.1144787034663067e-09
1.4938328898087468e-09
7.268564965802291e-06
3.88607303097438e-06
4.702899067765923e-06
4.125040064030998e-06
3.3217821043409214e-06
9.05014647649083
3.514936096029456e-06
7.63316070267783e-09
2.2432384234490275e-06
3.5786384196076892
0.0
6.387627124992158
7.200044617666124
3.456028782529981
1.3128665355113964
1.5655272506169582
2.8667884860591966
1.2517980533263058
0.6526359961733901
288.78942989927805
8.479908023772333
79.47102302117779
0.38965944901283067
2.25544201881783
1.5458725633224917
0.0
1.3651926469586007
2.2553638486609486
10.32016594663239
9.90725374301905
5.4285667061337755
7.705758500110821
29.472810461369363
59.011939580265164
15.816716452871505
230.18118529976402
2.4248671500423984
0.0010175254981455682
1.84384953566794
0.00012927607914219104
0.0
4.61028778335031
3.7838458071997826e-05
2.1551834300017412e-05
0.5011022087177024
3.6876901092283996
8.89391220008435e-05
25.99720071463953
3.432364942039122e-10
2.4629423581568637
1.3111328810595871e-09
0.00010690374438205452
0.0011290515566439005
0.00012817893025029434
0.002305250111348346
0.0
0.0001806367051728741
0.0003441875779583127
2.1095225151527952e-10
4.3933974202976835e-05
3.560234577078825e-05
16.74420706924093
1.7337686536339964e-10
1.2293787032727605e-09
6.808394226930807e-10
5.3367846875445455e-05
2.1405815351367763
0.5253857785106932
2.3269204222847586
0.0003424075836339039
0.0
0.00030664592578259824
0.0002510189444867429
0.0002817718715903089
0.00011992563145987498
10.844714714121608
0.00010043873479379703
7.474970327143441e-10
4.9711557905131434e-05
3.8462422765348775e-09
0.0037572826012638016
6.097854678125044e-09
3.745931463773932e-10
6.601347560637665e-05
0.000580732811758841
0.0
0.0002560192397044355
6.342367398704542e-05
4.9417507642765854e-05
1.2926061795726753e-09
5.255852094437306e-05
4.368275918472615e-10
5.873971627087327e-05
5.459452488338657e-09
0.002061180181547632
5.25882273982723e-09
0.0005905002455208683
3.734527096919694e-05
0.00027624306228879084
0.0005655689743574538
0.0
3.612834644705307e-05
2.9254550754301755e-05
7.133436490914521e-10
8.112325791317618e-05
2.0585665732096783
6.948558023918164e-05
0.0003456415527566686
0.00033216492138785894
0.7884396588869961
2.0008348754763983
6.536896812298201e-05
0.00015413187401771642
4.1676941880917395e-05
5.810381817479619e-10
0.0
4.959371291585831e-05
2.3063752820688414e-08
0.0001292984985112408
38.19674280200073
1.3820873576355823
0.0012335857263482215
3.003880712247832e-05
0.0001290874691716643
0.00025351859817472676
4.423370816923884e-05
0.00018113540027758817
0.0011760857446657324
0.0005573372063865223
4.3838790025259556e-05
0.0
1.3497975384854662e-08
1.1674722658139202e-09
1.9727288877216643e-10
7.224896530974005e-10
0.001710089604533387
2.4914260161084506e-06
0.0009171556112146228
4.31635199357604e-05
3.522052006752759e-06
6.568651795773816e-05
3.321351571078573e-06
3.650713259139465e-05
0.0003548570227598141
2.687721892570224e-06
0.0
0.0005615202300119611
0.12866039603839377
3.5663661740372616e-05
0.0011944802509097326
0.5297112632333973
0.0006767893023658328
0.00035931202571628645
3.897635127276875e-05
0.00021385264313036838
2.0225863947042884e-05
5.9675100568425034e-05
0.000379156150309517
2.9943904776162708e-05
7.527079272653328
0.0
1.784091047538825
6.97645736327361e-05
0.0011565213947770775
0.000933860175601983
2.231630959748323e-09
0.07835344865023187
1.746830445782816e-05
2.706418434885109e-05
5.7920205986313125e-05
0.00032069390865747504
4.345520283702705
1.411980740668085e-05
2.2301892922730175e-09
0.00031558034674848944
0.0
0.00016714967900854208
0.0017848227167985805
0.0018908585062088132
3.719573863785253e-10
2.233955570984693e-10
3.1102290816140483e-06
5.006712089343182e-06
1.2253817471990723e-05
0.00015831038225750855
1.4683883456790432e-05
2.4813570011532167e-06
3.761780702315206e-09
0.00028707453284719715
0.0007550753894299189
0.0
