1.0712417247871855
12.18791189973804
12.269732016292636
12.131155565047358
12.13115556504736
0.4758929371965853
0.0
25.94558316623419
44.48612462852877
44.486124628528785
46.63689518850146
45.0647209986205
26.36416696188146
0.0
41.7989051629659
97.73626221459348
100.00000000000001
99.99999999999999
100.0
51.5063171383104
0.9460991769684521
47.624045701641116
98.75222207961555
99.99999999999999
100.0
100.00000000000001
67.91601768661519
2.948633670266197
53.387786153074686
97.23276390749784
99.9539647386922
100.0
100.00000000000001
74.60422432438344
4.408929605219766
0.0
1.73998882408304
1.7523412174205484
1.4517485318090821
3.597063442741078
4.626295068539342
0.7710490492340443
0.0
0.0
0.0
0.0
0.0
0.0
0.0
0.0
12.187911899738037
12.269732016292636
12.13115556504736
12.131155565047363
23.99299098485172
0.0
44.4861246285288
44.486124628528785
46.63689518850147
45.0647209986205
63.90036305221672
0.0
66.21253304870481
62.713308029189385
82.68032630179466
79.34380209400828
98.68879287670677
3.0229644568047433
58.30627344513193
55.87957088590675
60.111200038278746
81.31658527647255
98.84853922542682
0.0
30.21219444274243
30.87673175182171
10.995281463567627
49.526852247879106
99.99999999999999
0.2047088333164507
1.73998882408304
1.752341217420548
1.4517485318090824
3.597063442741078
49.07432504837364
0.0
0.0
0.0
0.0
0.0
0.0
0.0
0.000381619479375143
0.0001908097396875715
0.0006231534953164146
0.008434029917648522
0.0
0.0
2.065384853970586
0.0027284542864226256
0.00545690857284525
0.0
0.0
0.0
0.0
2.1220642620906367
0.05371716459571387
0.0
0.21898372967978408
0.33275667253809155
3.4755899907171868
3.4755899907171877
2.056470064896873
0.025979789779279498
1.2417504778432753
5.3955315766716705
0.007912347008081248
0.0026151416932598485
0.002615141693259848
0.005230283386519695
0.24269204755649315
4.831358964638618
4.475030001496779
0.7078171416051675
1.1032104473269302
0.7468814841850866
0.12649522705133157
0.134712855263395
0.0
4.042540773061798
4.042540773061798
1.2198898790714805
0.453387474904022
0.14027396496657724
0.12887848797584348
3.826876552024473
3.8268765520244754
0.5549896929331721
0.22199586097055762
0.0
0.0
2.503920729601088
5.295342557575615
3.424987782148156
1.8689500580557472
5.291972160665774
3.612591563223249
0.0
19.45945951773697
50.32476939630786
32.387054845178426
22.716522538296175
51.61382292713797
33.536196252301465
0.0
52.73080523806702
79.43397739690302
68.86640439042299
57.608910641214294
53.25425406667918
51.50631713831039
0.9460991769684521
60.6232029285629
87.72607894992879
89.88620187488615
78.01441906344147
73.9488777868894
67.91601768661518
2.948633670266197
57.03212957459111
61.43368394589738
58.11436383443336
86.55120553671351
83.17353167951602
74.60422432438342
4.4089296052197655
1.0965293259125881
0.0
0.20238456949775444
0.5034902564299388
0.16783051150614864
0.0
0.7710490492340442
0.0
0.0
0.0
0.0
0.0
0.0
0.0
0.00043234375562884315
0.01196119999886213
0.026748764839200533
0.007395168592603608
0.0
1.235487406891387
0.0
0.029577002526902204
0.39542842976529696
4.8287513163395595
1.6844028967123559
1.2354870745533555
0.09340890626725273
0.2189837296797841
0.46186932539110015
0.6072125973573206
0.12940947872592035
1.3169647761135173
0.0
7.461606960969426
0.0
0.0026151416932598485
0.0026151416932598476
0.0
0.0
0.0
0.0
4.8731242314968
1.7366791542796411
0.578890179645673
0.0
0.6341840274053986
0.7556145236371088
0.6801440288713078
0.7126579262836873
0.7126579262836873
0.0
0.0
0.0
0.0
0.0
0.0
0.0
0.0
0.0001908097396875715
0.0001908097396875715
0.0001908097396875715
2.075742288895154
2.0757422888951567
0.0
0.0027284542864226256
0.14657261441239197
0.14657261441239203
0.0
0.0
0.0
0.0
0.05371716459571387
1.92187669443698
1.9218766944369807
0.22754587949067812
0.2189837296797841
0.2189837296797841
0.2189837296797841
0.025979789779279498
0.05195957955855899
0.05195957955855899
0.023737039368375727
1.1628009077604753
1.1628009077604753
0.0
0.24269204755649318
3.4201657664889975
3.4201657664889957
1.064146104747011
0.6687527990252483
0.26508210402961685
0.12649522705133154
0.134712855263395
4.580240103283213
4.580240103283213
0.0
0.7936792082866809
0.237969079759571
0.14027396496657724
0.1288784879758435
0.5549896929331721
0.5549896929331721
0.5549896929331721
0.22199556836003748
0.0
0.0
