0.0
1.8099036850908024e-07
4.615063642973468e-08
8.466033104025107e-08
8.811039520841178e-08
5.7702130939359186e-08
6.114979520026548e-08
5.81493072019872e-08
5.818733527119029e-08
0.07599952314452775
3.1029198662252258
6.39199828514237e-08
5.839177530449811e-08
4.105416293492833e-08
3.1427527220601204
0.0
2.7689661116941036
9.625563889977007
1.4577559545253849
1.194777726218798
9.951022771245762
20.49284721971021
3.226914621355373
0.5217085634946954
151.08113706362417
6.036406794115354
155.91022034716352
21.183591526929497
1.9256095202213148
3.2822526658069924
0.0
2.3065408246385184
1.958710212588434
13.735114245177185
6.995649675728059
7.607794532224022
9.199663607853935
50.008219363701485
11.410260165844466
42.087466262650345
202.70365221940372
3.7334980093685406
5.8819726850670575e-08
1.0302354023436522
4.273819485421274e-08
0.0
3.817963717620187
2.6502618919508997e-06
0.814732263650293
6.498450897853743
0.8142950794454221
1.2024520731459713e-08
72.65444574441544
0.2619807260713213
7.536858373318943
1.5054285810280303e-07
7.943467912771218e-08
0.0004811637947380488
5.521029793342645e-08
0.5434104534146725
0.0
0.000258034992938709
2.169140253773747e-06
0.05507677920801532
1.7336420772168771e-06
2.3140164028663476e-08
0.056878074637504245
9.291525781070216e-07
3.155294336931507
2.753273143214163e-07
5.267891231992436e-08
5.778983353462386
1.228089434277249e-07
0.20380879397260337
0.00045629021618888606
0.0
1.4269865213247291e-06
0.04541481408101808
2.5083995785708307e-06
9.523148053883627e-09
11.748439213093894
2.339669984954933e-06
0.03845907092987796
2.732432240042193e-07
2.9607203702588975e-08
2.3301739483248995e-07
8.970929450976603e-08
1.8142188512433787e-07
1.5094456439389588e-07
0.0006366296998060832
0.0
3.5291636089286737e-07
0.09731451184069562
9.312928614962707e-09
4.351779151937617e-08
4.187138631214291e-08
35.38257151136631
3.8295973488724697e-07
3.9829886714679844e-08
3.465899987394433e-06
4.487881596371476e-08
2.2121462225631305e-06
3.028122022720998e-07
0.00011756263095994747
0.0007922813647425077
0.0
0.2420470486055798
9.965552086908753e-09
5.5315817655596065e-08
5.075452177897433e-08
1.5130228099517373
4.600040175167952e-07
0.14001177596638353
1.846447439630849e-05
2.2337337303667932
0.008418786345144823
0.006825786451204518
0.0011919759703613848
0.006824085364511923
0.7251759412846929
0.0
9.077936114848684e-09
13.917815316024388
0.00018445437151607639
2.9296243597825073
1.093177345543563
1.3845621305947538e-07
1.7657928397617604
5.4420254966819826e-08
1.073715818236828e-07
4.367610474488376
3.1484012828321324e-06
9.840569204913912e-07
0.07680607416050231
1.7275574016961066e-06
0.0
19.245474446128263
9.440231143960984e-07
0.052424453462761936
2.4953451136452565e-07
0.002308638709055194
1.7779784482724773e-06
0.032368912892154454
0.00046859443538878977
1.4762996948237798e-07
3.106640728853289e-07
1.4696564387253787e-07
1.9244544132042664e-05
0.00075669029786945
1.2960723449155366e-08
0.0
0.001081206066148384
0.09921545878888646
2.568096214012095e-07
4.018244272980299e-08
1.5963608488563807e-06
0.5779751545166061
2.2805952946255964e-06
7.371539980467328e-07
2.4651598952015824e-06
0.09534788871274355
0.01111345750901206
8.946100773655653e-05
8.731607579363805e-09
77.00587618492182
0.0
0.7902282787992838
4.1941806823163446e-07
0.05849062577675416
0.6624302266357932
0.5328641832246621
3.769451400985666e-08
8.978183089672141e-07
0.31826465808449034
4.726066126885878
0.00028284542719749254
5.4435819792176465
1.2581212716521259e-08
3.379712959469096e-08
0.0002879118458523373
0.0
0.0002604555454819531
0.05621681009253396
0.11790673891839179
0.09768972275638699
0.0004090287767267415
1.162533902515602e-06
0.09052485814010042
0.24320190587613297
1.026467855276059e-05
0.23201454355481166
1.3989066965884438e-08
0.006036336392438923
2.339926033422711e-05
0.000411198135077498
0.0
