0.0
3.0748470199502864e-08
3.5085302092947905e-09
5.621013244365986e-09
5.76462842586693e-09
3.6063445045401793e-09
3.583286972007683e-09
3.5834654935994336e-09
3.747153119261284e-09
3.753763562916202e-09
3.306013686848147e-09
3.957915942482977e-09
3.8271355251829615e-09
3.472000905995109e-09
4.587852553508577
0.0
5.930875258297028
10.539982495519968
4.626505060685784
8.68971786809652e-08
11.23206836723636
20.177574066078485
2.3463188512185758
1.6715915928066071e-09
258.3940984648531
2.84058641274841
82.34240600836101
3.4987446250869785
0.024491250938589823
2.4533202937059304
0.0
1.8300473531580272
0.0309411004964347
8.04915075493912
5.797664236391104
11.599524527733703
5.375381519340561
44.392314635859165
11.617582888543655
31.950184762074635
241.34135401245283
4.85744306409766
1.4929861218337066e-08
0.5603678247021993
2.1879852892577244e-09
0.0
4.029002222292466
8.561746401814594e-08
0.8093986125361979
6.538459701259049
0.809134624128719
9.736731972982286e-10
57.746472556533796
0.2607639242251948
7.566619030499677
2.8822891003073665e-08
3.9002548071897265e-08
0.00037561768098050074
4.164473872293769e-09
0.5937008348517787
0.0
0.00011799483627906307
1.124239282359045e-07
0.0546362220365137
0.0010173154602833305
0.16173079691772335
3.909815068237321
7.435801135067632e-08
0.041484599791465265
4.298859003430823e-08
3.4879392978274796e-08
2.051947507473126
3.8649766221459355e-09
0.09081211440459956
0.0002247735735276776
0.0
1.2158447200095255e-07
0.040949191266179574
2.243247979418576e-07
8.054051661010817e-10
8.715757502069623
2.0054185353233002e-07
0.035097769817236196
2.147858107412758e-08
3.1582186959207157e-09
1.3622970650209648e-08
4.166029818979541e-09
1.4833648798587582e-08
1.3523988228593227e-08
1.872338186706459e-07
0.0
3.5602619923437247e-09
3.338890186789378e-09
8.57987803941266e-10
3.7072734057053526e-09
4.203085054510417e-09
36.627759714292864
0.28662441992037135
4.28769776786475e-09
2.7237531412155347e-07
4.2555793441447e-09
1.7591082229295178e-07
2.6351867109091515e-08
5.48053407750983e-05
2.3217115226170064e-07
0.0
3.277638398500785e-09
1.2583248747761618e-09
1.554711790798019e-08
4.8662635311547494e-09
8.672333197263413
5.566094977225238e-08
0.03712152077094249
0.0033530324566822685
0.9783722464405701
0.6229821018562717
0.0067062128741146
0.0005484837025482284
0.00670607037434668
6.723542655648389e-07
0.0
8.716890877246491e-10
12.749820307818787
3.891488344297799e-06
0.006435715919211245
2.5388154491289715e-08
0.04636416388722135
2.397249612841427
4.6558111486102975e-09
8.195899121972334e-09
3.4956977092025054
1.2132011533354267e-07
8.369864957515022e-08
0.0760998992003599
1.5731484721441414e-07
0.0
0.07977454935996035
7.373214341201292e-08
0.05221234608013781
3.5962281396410435e-08
0.0010493506723020395
9.356170530729857e-08
0.0012057347046999496
2.3925643908010215e-08
1.0499748729810326e-08
3.6565176898110384e-08
8.503421720232234e-09
2.605222525346485e-08
0.00012252156026662948
1.1920761949429944e-09
0.0
0.0004532060371239265
0.5345838964181537
4.549828298086068e-08
1.48652636957419e-08
9.155575308703796e-08
0.1311677851954305
2.864284771883699e-07
9.151275433433918e-08
1.8885243095560688e-07
0.09573838462533184
0.011157793173870547
9.20830908656293e-05
7.394952689542185e-10
71.80795369131322
0.0
2.605266587011709
5.181538073908334e-08
2.2816137502812082e-09
2.0859096584125179e-07
2.7270610368173837e-09
0.00026772246182542043
1.6122689648121155e-08
2.2032627881070075e-05
3.055586704572759
0.00013107118395936577
0.0012003134325848904
6.631607748941306e-10
1.5794657441641469
0.0001313839817259997
0.0
0.0004369831529503739
2.4699641451434288e-09
1.2614376274036554e-07
2.7481252846562023e-09
0.0007446766886818103
4.6021033820165834e-09
2.67803111362427e-07
0.24978946821623543
1.0972051237252846e-07
1.3753112844166638e-07
7.263731909960452e-10
0.13620960607392962
4.2648198831272277e-07
0.00042120398013377166
0.0
