1.070908018914272
12.185872941113223
12.238285536388705
12.110605470221362
12.11060547022137
0.4729397976109815
0.0
25.898770144467477
44.06476447612525
44.2163772978559
45.640883894978096
44.66620496555728
26.384050379263407
0.0
44.748651064234785
79.34440619708136
79.21865012547784
98.58493923348077
98.58493923348082
38.54448778690868
0.0
52.45549946061463
100.0
100.00000000000001
100.0
97.71542827516811
49.99285581399038
0.0
50.29144660766736
88.32343922077362
88.60740584976314
98.6662180699574
95.36808555639409
66.87434211661778
3.4679420848085103
0.0
1.819584350901363
1.819584350901363
1.5717506044748428
3.63706495953895
4.626296237834492
0.7710493652437167
0.0
0.0
0.0
0.0
0.0
0.0
0.0
0.0
12.185872941113224
12.238285536388704
12.110605470221365
12.110605470221369
23.98906375784108
0.0
44.06476447612523
44.2163772978559
45.64088389497809
44.66620496555727
63.90148554334219
0.0
79.34440619708138
79.21865012547784
67.56057714647349
67.56057714647349
99.99999999999999
0.0
61.03054565658856
59.19152724850389
75.65644192419316
100.0
93.64965466557064
3.033169724029125
38.3571883493187
38.641154978308286
28.615769617628807
34.43374876133308
100.00000000000001
0.21406867098834675
1.819584350901363
1.8195843509013627
1.5717506044748426
3.63706495953895
43.50152279021871
0.0
0.0
0.0
0.0
0.0
0.0
0.0
0.0
0.0
0.23638985660126238
1.0637544333730435
0.0
0.0
0.33556248730086236
0.011593412169769671
0.13572186760750674
0.13572186760750674
0.6957405401950357
1.109616366523696
1.109616366523696
3.310233117142818
0.053743267357719914
0.0
0.0
0.20654325997747977
0.9185925740714187
0.9185925740714189
3.11993721219703
0.0
9.175632956057417
4.975356989173923
0.40133796560323143
0.4052086225807662
0.40520862258076606
0.26620582585766944
0.05056800377191395
0.0
6.7805906621753405
0.4341759779836053
1.0725927207827501
1.0725927207827506
0.8683519559672106
0.3359504550839117
10.171483689402233
10.300907478393858
3.3911299639773107
1.4349254378332328
0.5217910410122573
0.13044775001306075
0.1288784299964833
3.826876514422454
3.8268765144224557
0.5549899635583357
0.22199598459728237
0.0
0.0
2.504121696583536
5.290876647344971
3.362243572741657
1.8637714222160024
5.191101666257214
3.611667449827822
0.0
19.46374815987074
49.36102062047183
32.29297879557222
21.10218779351314
51.01439759557589
33.51743517702464
0.0
33.75012260749845
82.96158209707542
50.911541228480345
53.82910381980749
59.145738752086665
43.89258768055824
0.0
62.56267323745507
80.3091963865269
100.00000000000017
82.2787802949801
78.16885021780539
53.78683113030235
0.0
55.74799733151348
63.48721162269659
60.61315989594962
80.94479382320718
72.42600815767463
66.87434211661778
3.4679420848085103
1.2809188123050799
0.0
0.1000060742662573
0.4956674928530404
0.0
0.0
0.7710493652437168
0.15310165104384826
0.0
0.0
0.0
0.0
0.0
0.0
0.002291086299292344
0.0027332621953404033
0.1532527060291761
0.0
0.0
0.25151208342100495
0.010383921801315288
0.23638985660126238
1.3011672511907784
2.9240367578811055
0.9746789111045854
1.8390183982469699
0.09235725930582456
0.0
0.0
0.0
0.0
1.8390184057719274
0.4719744093589647
0.0
0.0
0.003870656977534694
0.003870656977534694
0.3440688872545289
0.0
0.0
0.4341759779836053
10.738091700277076
4.013686290672
1.750416244706303
0.0054319570611199445
0.0634442585705222
0.5819058431572935
0.6819119174235511
0.2722389591922464
0.1000060742662573
0.0
0.0
0.0
0.0
0.0
0.0
0.0
0.0
0.0
0.0
0.0
3.092429628941334
2.02867519556829
0.0
0.011593412169769671
0.2584947994690915
0.25849479946909143
0.13572186760750674
6.7189083011241575
6.7189083011241575
0.0
0.053743267357719914
1.9228145031603834
1.9228145031603827
0.0
0.7750626623786357
0.7750626623786359
0.0
0.0
0.0
0.0
0.0
1.4130284996540572
1.413028499654057
0.0
0.05056800377191395
1.7193119002202357
1.719311900220235
0.0
7.701388262676434
1.0651038000274036
0.0
0.3359504550839117
3.37073539312129
3.370735393121293
3.261706174985692
1.4349254191668401
0.5217910398949512
0.13044775001306075
0.12887842999648327
0.5549899635583361
0.5549899635583359
0.5549899635583359
0.2219959694500525
0.0
0.0
