0.0
11.466490643995764
11.466490643995767
11.466527097615817
11.466527097615817
23.99973207006014
0.0
46.25081825001132
46.250818250011285
45.8273549928383
45.9284496652167
63.63484311911446
0.0
100.00000000000007
100.0000000000002
100.0000000000001
99.94650767930284
100.00000000000004
0.0
76.75491075730817
76.16439041991916
85.64588870866663
100.00000000000001
100.00000000000003
0.0
59.959286132590215
59.971289721004474
60.360893836084294
70.01161678753333
99.99999999999999
0.0
3.4655040712879295
3.4655040712879295
3.4655040712879304
3.4655040712879304
30.369688296309285
0.0
0.0
0.0
0.0
0.0
0.0
0.0
0.0
0.0
0.0
0.0
0.0
0.0
0.0
0.0
0.7996331895787799
0.0
0.0
0.912000332877544
0.0
0.0
0.0
0.0
0.0
0.9120003333289669
0.6602995888236171
0.0
0.6652140746518678
8.101490293995818
2.595623096658481
0.8652076923476311
0.0
0.10077675166681904
0.10077675166681904
0.10077675166681904
0.10077675166681904
0.10077675166681904
0.0
0.0
0.0
0.0
0.0
0.0
0.0
0.0
0.0
0.0
0.0
0.0
0.0
0.2666582071910912
12.799808499205346
12.799808499205342
12.799857104032078
12.799857104032075
0.26665213158774903
0.0
24.061403287351638
41.97330367421925
41.97330367421935
41.58503211823067
41.67348995656177
23.9670965026639
0.1010946723783437
44.62982179189825
65.19413407190731
65.1941340719073
68.86006344924797
77.53457099705986
33.403656072411884
0.2563926153410078
58.01632349388619
87.35739393885707
87.03591394097575
70.92033291690335
71.90395068158999
40.7547044933832
0.0
52.33840242907412
65.10667407871418
65.12039246547343
70.6426197469579
58.19672723194055
59.66460535180536
1.5458448799618503
0.0
3.4655040712879304
3.4655040712879304
3.9002407948989974
3.9002407948989974
0.0
0.0
0.0
0.0
0.0
0.0
0.0
0.0
0.0
0.0
0.0
0.0
0.0
0.0
0.0
0.0
0.0
0.0
0.0
0.9138665023757485
0.0
0.0
0.9120003364841285
0.0
0.0
0.0
0.0
0.0
0.0
1.0601234593052369
0.0
1.3370808326301402
14.256711066462863
0.5820623153203843
1.247276389972253
1.247276389972253
1.247276389972253
0.0
0.0
0.0
0.0
0.0
0.0
0.0
0.0
0.40417308414665626
4.47511472360294
4.070941639456276
0.8806916701637554
0.32189328066009304
0.08498830910422273
0.8059574123950736
1.5111701482407667
1.5111701482407667
0.0
0.0
0.0
0.0
3.7332149006752755
3.7332149006752755
3.7332149006752755
3.733129842228486
3.7331298422284878
3.7331298422284878
0.0
36.09210493102754
36.09210493102751
36.09210493102751
35.66631598793178
35.66631598793178
35.66631598793178
0.08845783833105074
53.40637934835813
62.234256560114055
52.44546272325651
43.22209919720831
39.053329434804375
49.618123142625905
0.22434353842338184
61.421931871057375
77.2495176369419
66.59655015713335
63.51576118002627
60.187162879843044
61.132056666535696
0.0
58.35801978624598
58.10367094576425
62.6423296359452
60.162685849574714
57.367516286592476
52.20652968282969
1.352614269966619
0.2586699429581473
0.11054681716959124
0.4347367236110681
0.0
0.0
0.0
0.0
0.0
0.0
0.0
0.0
0.0
0.0
0.0
0.0
0.0
0.0
0.0
0.0
0.0
0.0
0.0
0.0
0.0
0.0
4.301853572015512
4.3018535720155135
0.7096510622535449
0.0
0.0
0.0
0.0
2.5842586131567886
2.5842586131567913
0.0
0.0
0.0
0.0
0.0
4.547526474983079
2.073723761039785
0.0
0.0
0.0
0.0
0.0
2.687891771059976
0.46268392259270963
0.0
0.0
3.642001759748785
3.642001759748791
0.0
0.8753799392048747
0.3165815500451357
0.07436477046619488
0.7052127358456899
0.0
0.0
0.0
0.0
0.0
0.0
