1.0712348020121825
12.187866926353681
12.268989396407958
12.120540778313703
12.120540778313698
0.486798624554996
0.0
25.89991628469552
44.07501386238918
44.28327154023499
46.1188471649613
44.85721591359068
26.544677914940717
0.0
42.04523319741036
98.93457755975938
98.77213562686266
100.0
100.0
52.177551625907306
0.777357606776367
48.39423731785572
99.39693763774984
99.99999999999997
99.99999999999997
100.0
70.37748152119809
5.036888034933396
45.59679031123327
83.1408822990798
82.52297346786516
100.00000000000004
93.34571445945909
61.93597304401624
2.4259777643204026
0.08482941180898508
1.6336249240766232
1.6699765248325176
1.4310899113634172
3.590177787590187
4.6262958245505335
0.7710492527362919
0.0
0.0
0.0
0.0
0.0
0.0
0.0
0.0
12.18786692635368
12.268989396407957
12.120540778313707
12.120540778313705
23.990263701448534
0.0
44.075013862389206
44.283271540234985
46.1188471649613
44.85721591359067
63.90322783627551
0.0
58.97400400372508
57.335161805965605
78.2034341644825
84.09068298243363
89.39935773894221
8.046225006715506
65.91151923893527
64.62222949738674
46.59878695056336
62.416644779016075
84.04698963090476
7.546318541796895
39.745846701958044
39.12793787074342
30.532943634657027
34.15048821736968
87.41998218855171
0.08482703895421577
1.6336249240766234
1.6699765248325176
1.4310899113634172
3.590177787590187
96.6999540149512
0.0
0.0
0.0
0.0
0.0
0.0
0.0
0.00039755718073767487
0.00019877859036883743
0.00019877859036883743
0.007501477170483124
0.0
0.0
3.223820824060401
0.0681458876491048
0.06814588764910479
0.14844543562749934
1.3225417589656001
1.8601104872847412
1.8601104872847412
3.7313575332355535
0.05413814336325649
0.0
0.0
0.02975768974213109
0.0
0.0
2.119669527641323
0.10649541967891328
3.014456508101677
3.0144565081016776
1.131849629576334
2.242957710130071
2.2429577101300713
1.447581634235216
0.5378804585458744
15.880763831486915
12.293872166323638
1.3329046399415518
1.614342554500865
1.331073744470316
0.0
0.22591548056473812
4.825656812436124
6.873188457541739
3.7216377298836414
1.1635800600254749
0.42293420355617894
0.1056119784647103
0.1288784535717435
3.8268765243753866
3.826876524375386
0.5549898598885543
0.22199594113280308
0.0
0.0
2.5039254984416894
5.2952403282991085
3.423507277933191
1.8699622546527408
5.195292851905347
3.586326584882431
0.0
19.463643948550203
50.343288184949095
32.55759239723803
21.784892204824715
51.2990184023575
33.48896762393565
0.0
52.830876006447376
68.7327269891868
62.000100088211276
59.12324038238838
55.70877314995946
53.77713343479689
0.777357606776367
60.95461347776606
81.81075688004367
69.25038103554488
82.5214441468378
77.93384352309077
70.37748152119808
5.036888034933396
52.48537522785655
74.51972385794174
68.07110000517012
74.99430882379437
67.95176319144568
61.93597304401623
2.4259777643204026
0.028202802186763253
0.0
0.18055561937506676
0.4777732269382008
0.16965645076320085
0.0
0.7710492527362919
1.3260116114346427
0.0
0.0
0.0
0.0
0.0
0.0
0.0020450446424852254
0.009113525787641123
0.028815516315393096
0.011821324255266847
0.003939275473429631
1.8012841107638877
0.009239698480756774
0.03707717001917527
0.30578432143017126
3.7848906641554536
1.2616296758128707
2.063263826816168
0.09072346643947475
0.0
0.0
0.0
0.0
2.483512042647104
0.0
16.049857656470557
0.1215700228005731
3.3557118939377615
1.182298640614905
1.2358176364115327
0.0
0.40344135450448293
0.40344135450448293
3.315037676425745
1.2911125768277891
0.40344135450448293
0.0
0.8461448632364419
0.9665189019164888
1.1470745212915552
0.8461448632364419
1.6922897264728836
0.0
0.0
0.0
0.0
0.0
0.0
0.0
0.0
0.00019877859036883743
0.00019877859036883743
0.00019877859036883743
2.0677082965851254
2.067708296585124
0.0
0.0681458876491048
0.22877912592257063
0.22877912592257077
0.5375687283191409
3.6224426002354146
3.6224426002354146
0.2687071514109961
0.05413814336325649
1.9235589819524126
1.9235589819524117
0.05951535638425141
1.3271967404127374
1.3271967404127376
0.0
0.10649541967891328
0.7368045725525358
0.788080384675114
1.3350304598505274
0.1215700228005731
0.1215700228005731
0.1215700228005731
0.5378804585458743
4.006753028242596
4.006753028242594
2.1790495031779935
8.272856830517947
1.3260116114346432
0.0
0.2259154805647381
2.8554666760302294
2.8554666760302316
1.6741060847780282
1.163774437963757
0.42312869356545724
0.10561197846471032
0.12887845357174352
0.554989859888554
0.5549898598885543
0.5549898598885544
0.22199580453962448
0.0
0.0
