0.0
11.466513690685831
11.466513690685833
11.466545399922108
11.46654539992211
23.999767207312747
0.0
48.07730449662522
46.24249211230117
45.84903967411178
45.94296976339791
63.66072178666481
0.0
100.0
100.0
99.99999999999991
99.99999999999996
100.00000000000001
0.3518893249258994
81.6015335554245
80.62066200043776
85.02869251496787
99.99999999999999
99.99999999999994
2.055507531629033
62.15763579716514
62.27964407956303
59.72446332221714
69.72677242992928
99.99999999999996
0.08462475639425765
0.3852679072315424
0.4445309014213049
0.3872408893758599
3.246486993837336
27.558079848044102
0.0
0.0
0.0
0.0
0.0
0.0
0.0
0.0
0.0
0.0
0.0
0.0
0.0
0.0
0.0
0.7429631942092756
0.0
0.0
0.5812046536287871
0.0
0.0
0.0
0.24126137043553775
0.24126137043553775
0.581204653589175
0.6621035445983089
0.0
0.2771059529877305
4.404336914707611
1.6403206310106258
0.5467735365214667
0.0
0.0
0.0
0.0
0.0
0.0
0.0
0.0
0.030785980458306387
0.06349593039289562
0.0
0.0
0.0
0.0
0.0
0.0
0.0
0.0
0.0
0.266659321382211
12.799833564918421
12.799833564918426
12.799875843900125
12.79987584390013
0.2666540365094977
0.0
24.057051640726474
40.130933941484905
41.96574632580892
41.604991555000794
41.68718038312615
23.96942835985886
0.09393008928591894
44.008641622486536
65.70149297118301
65.5973923987398
70.53373527029582
78.05769201144275
37.42423520037592
0.3584816953892686
46.68687504466349
77.91709169048382
78.4208591709671
70.58031497988983
70.85145329204161
40.72884753662946
0.0
52.343542625646556
66.91856384284766
67.00942150833058
68.67969836735176
57.827010493384904
58.853697082325304
1.2755421236668203
4.135248429963298
4.250606444688031
4.2548395157015895
4.250747371984057
4.4549792365884455
3.12697403426917
0.5559064922586289
0.0
0.0
0.0
0.0
0.0
0.0
0.0
0.0
0.0
0.0
0.0
0.0
0.0
0.0
0.0
0.0
0.0
0.8491007933820293
0.0
0.0
4.9700125218618805
0.0
0.0
0.0
0.0
0.5257828279845697
0.5257828279845702
0.5833385213892306
0.0
1.878828847456835
12.422514314836864
0.3166925177002634
0.5937984706879944
0.5937984706879944
0.5937984706879944
0.0
1.2580597079339189
0.0
0.0
0.07522413272598215
0.07522413272598227
0.0
0.0
0.18966679044236243
4.26060843677795
4.0709416463356
0.8806916875946599
0.321893307837083
0.0849883221684028
0.07077037233538143
2.2558060025501483
2.2558060025501474
0.0
0.0
0.0
0.0
3.7332304993509524
3.7332304993509524
3.7332304993509524
3.733156511132968
3.7331565111329668
3.7331565111329668
0.0
36.085577461089734
36.08557746108974
36.08557746108974
35.68996416367166
35.689964163671654
35.689964163671654
0.08218882812517907
50.78856812705112
66.62823798520023
54.091897448145716
40.94659154212198
37.29428314164274
47.88794004756625
0.31367148346561
70.23916796609447
73.84841246389264
72.0412839192433
65.87941868555353
61.085061394531245
61.0030923044068
0.0
61.062371046742136
62.209575534055176
62.20957553405515
56.890727274385895
56.04034851665409
51.49698494703464
1.1160993582084677
0.30605622798970955
0.0
0.0634959303928959
0.03078598045830642
0.03078598045830642
0.0
0.4864181807263003
0.0
0.0
0.0
0.0
0.0
0.0
0.0
0.0
0.0
0.0
0.0
0.0
0.0
0.0
0.0
0.0
0.0
0.0
3.9969813116765778
3.9969813116765778
0.0
0.0
0.0
0.0
0.017402185503332456
0.22623125043422188
0.2262312504342218
0.0
0.0
0.0
0.0
0.0
5.66576365750952
1.9893654819331126
0.0
0.0
0.0
0.0
0.006837945422069319
1.2108235429167251
0.3400626008072971
0.0
0.0
3.98726919547524
3.9872691954752497
0.0
0.8753799359621439
0.3165815592214371
0.07436478189735245
0.061924075793458815
0.0
0.0
0.0
0.0
0.0
0.0
