0.0
11.466465467218958
11.466465467218953
11.466507133320096
11.466507133320096
23.999693744872637
0.0
46.25108052283803
46.251080522838116
45.82667186907647
45.92799223877184
63.63402787477937
0.0
100.0000000000001
100.00000000000004
99.99999999999991
99.84904975644666
99.99999999999996
0.0
76.7478297389132
76.15598821351925
85.6317026847617
100.00000000000003
100.00000000000004
0.0
59.96012208978425
59.97197036756311
60.35792714802451
70.00291937238569
99.99999999999996
0.0
3.4654290389160844
3.4654290389160844
3.4654290389160844
3.4654290389160844
30.442114173987946
0.0
0.0
0.0
0.0
0.0
0.0
0.0
0.0
0.0
0.0
0.0
0.0
0.0
0.0
0.0
0.8014184515060929
0.0
0.0
0.9131436665256704
0.0
0.0
0.0
0.0
0.0
0.9131436671417557
0.672380166409118
0.0
0.5820124572534956
8.100208445912202
2.5952124052482524
0.8650707931938334
0.0
0.09736304110082714
0.09736304110082714
0.09736304110082714
0.09736304110082714
0.09736304110082714
0.0
0.0
0.0
0.0
0.0
0.0
0.0
0.0
0.0
0.0
0.0
0.0
0.0
0.2666569967297216
12.799781109130558
12.79978110913055
12.799836663932073
12.799836663932076
0.2666500523795309
0.0
24.06154037306491
41.973541730799845
41.9735417307999
41.58440334409117
41.67305866757462
23.96702303156742
0.10132036969553805
44.63103962564581
65.22880099599493
65.22880099599487
68.89142320510042
77.56275019361873
33.53704255105347
0.28070621191332884
58.022857110438785
87.35739183599662
87.03608969180473
70.92604186209363
71.95845983681568
40.75707213161574
0.0
52.338304056983304
65.11061627679429
65.12415716568515
70.6421069427124
58.203417194599844
59.66750286991458
1.5468107188355522
0.0
3.4654290389160844
3.4654290389160844
3.900254105436673
3.900254105436673
0.0
0.0
0.0
0.0
0.0
0.0
0.0
0.0
0.0
0.0
0.0
0.0
0.0
0.0
0.0
0.0
0.0
0.0
0.0
0.915906801721249
0.0
0.0
0.913143671236795
0.0
0.0
0.0
0.0
0.0
0.0
1.0617693957136378
0.0
1.4802867111559572
14.425729570479009
0.6651570940039951
1.24716955125749
1.24716955125749
1.24716955125749
0.0
0.0
0.0
0.0
0.0
0.0
0.0
0.0
0.40711256355957454
4.478054196999881
4.070941633440298
0.8806916577183342
0.3218932589245085
0.08498829850470388
0.8059681459421164
1.5111902736414662
1.5111902736414662
0.0
0.0
0.0
0.0
3.7331979542161027
3.7331979542161027
3.7331979542161027
3.733100733313433
3.733100733313431
3.733100733313431
0.0
36.092310559597415
36.0923105595974
36.0923105595974
35.665571007582436
35.66557100758243
35.66557100758243
0.0886553234835958
53.388100111077
62.23258630383171
52.4232383746981
43.21603632676739
39.0580638037738
49.81614683409815
0.24561793542416271
61.424169092708546
77.25123406066922
66.6016732256886
63.51617044452511
60.18802614135322
61.13560810140539
0.0
58.355933182088336
58.10142241537421
62.642600872772014
60.161745452834644
57.36804792985225
52.209065011175255
1.3534593789811082
0.2590809050759975
0.11045517670643837
0.4348250665205884
0.0
0.0
0.0
0.0
0.0
0.0
0.0
0.0
0.0
0.0
0.0
0.0
0.0
0.0
0.0
0.0
0.0
0.0
0.0
0.0
0.0
0.0
4.311457819809021
4.311457819809022
0.7110161707145539
0.0
0.0
0.0
0.0
2.581808447963854
2.5818084479638514
0.0
0.0
0.0
0.0
0.0
4.566377390982307
2.080760197173828
0.0
0.0
0.0
0.0
0.0
2.6871733362330033
0.46277334626696376
0.0
0.0
3.64077498606115
3.6407749860611385
0.0
0.8753799392025198
0.31658154085839424
0.07436476119161589
0.7052221276993514
0.0
0.0
0.0
0.0
0.0
0.0
