1.0712435967902045
12.1879197660115
12.269802094319873
12.132303418328506
12.132303418328508
0.44681311390812073
0.0
25.901083421274794
44.060304200328595
44.035154714723234
46.51497647931483
45.015774101790164
26.61339971177508
0.0
41.75115635826048
95.81958959049312
100.0
100.0
100.0
65.246957276592
2.2948812044337834
50.7721554248805
99.99999999999999
99.99999999999999
100.0
98.5384844334083
69.54394245117768
4.196220289892091
55.716196558814445
92.4454489994503
92.73562680255448
100.00000000000001
100.0
76.64579938927828
4.517710583059561
0.0
0.8627461759215894
0.8627461759215893
0.4059717408105971
2.4637907465966946
4.620110558410346
0.7700183645416506
0.0
0.0
0.0
0.0
0.0
0.0
0.0
0.0
12.187919766011504
12.269802094319871
12.132303418328503
12.132303418328506
23.990799901045428
0.0
44.06030420032862
44.035154714723234
46.51497647931484
45.01577410179017
63.90216368973959
0.5003601017216346
65.93798535531135
61.09609076836944
82.32496829585403
83.37709318982427
96.29305598559657
0.6914419676196294
62.30746823259446
67.60454232292491
50.77572545854866
100.00000000000001
94.94557460643435
0.0
34.41105821889861
34.70123602200287
11.046510631471474
43.89153900718526
90.8674268709965
0.19771379196199362
3.2075112147180493
3.2075112147180516
2.7507367796070588
4.80855578539316
60.74916396884948
0.0
0.0
0.0
0.0
0.0
0.0
0.0
0.00042355525379402957
0.00021177762689701478
0.0006823061038786077
0.009072886017586526
0.0
0.0
0.19432601879875522
0.004043733690099219
0.0
0.11589857151504453
0.8013611862800402
2.663035198357992
2.6630351983579925
1.8062509878538067
0.05375913357115915
0.0
0.0
0.0
0.0
0.0
2.3324205726968534
0.14773463514981863
1.8280708011106797
1.6040296255991784
1.0107654575551093
0.8844771074312882
0.6085123967808974
0.27081840968555015
0.1454450545660726
0.0
0.0017822882326680215
0.010435526208841677
0.34275412327585747
0.34275412327585747
0.07459423406521522
0.18729049184364277
0.0
4.08875255876451
4.088752558764509
0.992976337094343
0.37007592613020046
0.2345047120691057
0.12321825466405999
3.8378037398944973
3.8378037398944955
0.5585839698208379
0.22343358517717132
0.0
0.0
2.5039202662189366
5.295356885910218
3.425129876835612
1.8676976350535268
5.292988659599619
3.640720162782923
0.0
19.463537780872468
50.29755254046352
32.10991004949296
22.497606962932146
51.537754002947715
33.50609468969451
0.0
52.40133657352254
81.34841588304553
80.9746160538897
76.46316365697666
71.52460649960855
65.246957276592
2.2948812044337834
61.87618807097149
90.23328790060033
85.34500141823344
90.77009376763056
82.03465369869636
69.95569968772065
4.400335541646935
56.91427114137397
59.70148797404302
59.296354428603266
93.5524433546252
93.75941146714446
76.44101026525459
4.313595331304718
1.1761926959862434
0.0549543598686891
0.2308194306454852
0.702186215283442
0.19771379196199357
0.0
0.7700183645416505
0.0
0.0
0.0
0.0
0.0
0.0
0.0
0.00047052847698159295
0.010950050642400257
0.027241144505650516
0.009772645935389356
0.0032533637443654074
0.05029712393484197
0.019862676114553675
0.11589857151504453
0.8013611862800402
4.6526595573775715
1.6542549434374119
1.034043490344175
0.09172139127306325
0.10839327638409423
2.1706870687608983
2.170687068760899
0.7235622681836615
1.1562276713965756
0.0
14.248521674016034
0.3305862552527295
6.4109232089999315
2.1478516304692183
0.19517705040995442
0.0
0.22404117551150146
0.5348758712972644
1.0195059837895926
0.22404117551150146
0.22404117551150146
0.053425328010939695
0.3116529980266661
0.41717303074822776
0.4535918194015997
0.17220671590324194
0.0
0.0
0.0
0.0
0.0
0.0
0.0
0.0
0.0
0.00021177762689701478
0.00021177762689701478
0.00021177762689701478
2.089656444648421
2.089656444648421
0.0
0.004043733690099219
0.14613940592874014
0.14613940592874003
0.0
0.8013611862800402
0.8013611862800402
0.8013611862800402
0.05375913357115915
1.9233810748270472
1.9233810748270468
0.0
0.25018005086081724
0.25018005086081724
0.0
0.14773463514981863
3.412237009664713
3.412237009664714
0.8753562527123343
5.061998098605096
1.1761926959862434
0.0
0.1454450545660726
4.945131830727066
4.9451318307270675
0.03244976698481937
0.11543209762195929
0.07459423406521522
0.07459423406521522
0.18729049184364277
6.367877359625507
6.367877359625506
0.0
0.9343500247058756
0.3114497719176036
0.0
0.12321825466405999
0.5585839698208378
0.5585839698208379
0.5585839698208379
0.22343346052436272
0.0
0.0
