0.0
1.4782295296906451e-09
1.268105153657517e-09
1.8109274740496854e-09
1.4782230934668176e-09
1.440272874025293e-09
1.3158054368297407e-09
1.7297601810195626e-09
1.4104252918391244e-09
5.009822703736641e-10
1.5632005395278222e-09
1.4665045391254056e-09
1.4708549462948319e-09
1.3163332919770118e-09
1.2219285366752544
0.0
0.7753102669989458
8.836627434673424
0.6144974484037368
1.9493420384333695
1.0762759073060015
41.542604338903175
1.6748867888298704
2.4796976498128267e-10
259.7663979026809
0.4989982284445481
64.85773801632081
1.7916277810122446e-08
0.5401140000260792
6.800587300763514
0.0
6.800587299970655
0.6007577442258288
1.897110679576396
1.6023275693812908
30.82091459150237
2.182212284618351
120.33362698335519
93.01527749240613
0.6713607275534661
40.38859034212388
1.7114846284140195e-08
0.08387851915618111
0.8238350786643015
7.615334571020284e-10
0.0
4.485356447855013
1.8891805853100132
0.975685220081012
16.9912646535251
1.5567146040450965
1.3174474716295994e-10
24.3621404360183
0.4870321921719829
132.98067986470377
1.2615148153269214e-08
7.183265851486885e-09
0.00039191692692263865
4.792298152089904e-09
0.4314639164052876
0.0
4.2098846052857836e-08
4.843335655841974e-07
0.1255656858391137
0.07787386898159875
0.4896652543998461
0.1278273608425846
0.06371478133944575
0.12052257503792656
9.370413630935797e-09
3.2821337910212494e-09
1.932856545026814
0.634943743825733
3.853010627895509
4.14445075524698e-07
0.0
7.253209839077996e-07
6.560731291828485
3.766282128213042e-07
7.386318046296815e-11
0.022974233822434326
0.006900982354588428
8.866434109446761
9.507247370859866e-09
8.658346823069268e-10
0.07003728296078547
0.06856633082388952
0.07032238473781267
1.3265886348220287e-09
8.995031406195838e-09
0.0
2.049462527103726e-09
2.9086453972829037e-09
6.725115331496741e-11
8.639422925558129e-09
1.0992076886663646e-08
45.509031056009604
1.6907882025964297e-08
1.4933515139519957e-09
2.3021515044388656e-06
2.322345049197366e-06
2.2908992412502856e-06
2.3162994928481735e-09
5.554927648884836e-08
9.269003342003513e-08
0.0
6.6855437954484664e-09
9.444473294852855e-11
8.904695584103481e-09
1.1117490063729472e-08
4.834418732300993
1.7760416648123342e-08
1.58839599399314e-08
0.45973832360280514
0.37558972954317665
0.17021604749947294
2.657435841179062e-07
4.677338414898573e-08
1.6304764127885016
0.15023327506706838
0.0
6.846713696254101e-11
0.010659568293696381
0.00028149425049576267
0.29257670073211645
1.04658815267698e-08
0.03817418037209122
0.06515181914532799
8.019677128692197e-05
6.175208651204708e-10
0.06742783615872264
4.211310603041861e-08
4.816256715289393e-07
0.12000621068705097
0.06266955006095604
0.0
0.12268104674589253
0.05506821496758935
20.450160064493698
9.423507181588254e-09
3.4867773756929695e-09
1.1478740718308831e-06
4.620789924508452e-06
4.591788080924644e-06
2.0703696033242482e-07
6.7369490988380665e-09
4.274966312510531e-07
9.924971752168826e-09
7.046562612389105e-08
1.610012714438717e-10
0.0
0.00016425172033890682
0.4200604322227951
1.6035447901906082e-08
3.2966608456838985e-09
1.9931443311582283e-06
4.6503473411811844e-06
0.5321943068255057
1.6343582810961826e-07
0.10977285292717678
0.5613747156989933
0.00393795657709684
7.719867699864744e-08
9.260226049381024e-11
2.48393096990631
0.0
2.35977601979395
1.6883019343506664e-08
1.8487002691509694e-09
0.18142333663390262
1.3444279211507061e-08
2.667982210176151e-07
2.259438749413129e-09
5.245423643193877e-09
2.2077746866634502
0.00018565744813462987
0.002908521560041174
1.2098498451881516e-10
0.7714605659265938
0.00020096156044852075
0.0
0.0001856066232953968
2.0185157236011314e-09
0.00955572369081928
1.4791020238572355e-08
7.842787236783856e-07
2.424360469364707e-09
8.229473471235587e-07
0.16944849026435477
2.6445295169727854e-05
0.0008606081807336794
1.5067307783206883e-10
0.056400054068819205
5.708349573235001e-05
0.00040338114644992995
0.0
