0.0
11.466528077712626
11.466528077712631
11.466552820018638
11.466552820018643
23.999779025202784
0.0
46.20692137733513
46.20692137733507
45.93136471576494
46.24281347099374
63.91386709777913
0.0
98.6483904688878
99.99999999999987
99.2966417488062
99.86111845091607
100.00000000000009
0.0
81.83545080986161
83.01052621006644
91.82328491267288
100.00000000000003
100.00000000000006
0.10905234241599115
57.984194574063
57.72976150454329
55.44312297641988
82.04207889775633
100.00000000000003
0.0
0.36829670491242283
0.3682967049124217
3.530342140497651
1.6969261943890082
31.45806290650166
0.0
0.0
0.0
0.0
0.0
0.0
0.0
0.0
0.0
0.0
0.0
0.0
0.0
0.0
0.0
0.26947681912028276
0.0
0.0
1.8018519791881624
0.0
0.0
0.0
3.0085293390492756
0.0
1.859196445645969
0.7211742612187589
0.0
0.32982048300701133
5.5782984653089525
2.0659463063120365
0.6886487650031785
0.0
0.0
0.0
0.0
0.0
0.0
0.0
0.0
0.0
0.0
0.0
0.0
0.0
0.0
0.0
0.0
0.0
0.0
0.0
0.2666600653083465
12.799849157033465
12.799849157033469
12.79988214677481
12.799882146774818
0.2666559415906783
0.0
24.038460678808875
41.93345999759377
41.93345999759376
41.68619302533002
41.95871068615522
23.939982384571078
0.07744685318309617
49.77304309520854
65.58696004051559
66.94095463661566
77.76888304540455
72.63930390611755
31.862775961085024
0.02523913935251587
46.525409989283425
78.01700405481348
77.99126154842041
64.73898351560332
69.35801758607165
42.020941250443045
0.8981960901467749
52.74708352167418
66.25928561730795
66.03665668147816
64.92067162898446
57.586165175215974
58.56718476159726
1.018297857084649
0.0
3.556649047991396
3.5566490479913955
0.0
3.65155115438258
1.8181352082739342
0.3232240340771119
0.0
0.0
0.0
0.0
0.0
0.0
0.0
0.0
0.0
0.0
0.0
0.0
0.0
0.0
0.0
0.0
0.0
0.3079735075660376
0.0
0.0
1.8018519790330374
0.0
0.0
0.0
0.0
0.2547488861086844
0.25474888610868446
2.801483183901622
0.0
1.0065782353084867
20.57281160895146
0.288592922631135
1.4402688693400394
1.4402688693400387
0.6470719554682
0.0
0.0
0.0
0.0
0.4538423673903647
0.4538423673903647
0.1030836058764633
0.0
0.0
4.070941649732981
4.07094164973298
0.8806916913602149
0.32189331759849343
0.08498832717924162
0.041148432253872456
2.2213951757775257
1.3116067746670321
0.0
0.0
0.0
0.0
3.733240914316852
3.733240914316852
3.733240914316852
3.733183182269495
3.7331831822694963
3.7331831822694963
0.0
36.05769101821328
36.05769101821331
36.0673718748612
35.90997357685667
35.909973576856636
35.909973576856636
0.06776599653520915
39.340543462264066
76.06161905092067
55.45190880084995
43.807750143047535
39.2536675578121
50.79245582842693
0.022084246933451387
73.46162571095672
80.3371538387621
74.11676992094473
68.95264593441279
65.44029377086926
63.03141187566457
0.7859215788784281
57.01664112220696
56.656018260758835
56.656018260758835
57.84921252485594
57.186065906667
52.156075067508084
0.8910106249490681
0.9348217631792041
0.0
0.0
0.0
0.0
0.0
0.2828210298174729
0.02865854983005333
0.0
0.0
0.0
0.0
0.0
0.0
0.0
0.0
0.0
0.0
0.009680856647887022
0.0
1.660722439788713
0.0
0.0
0.0
0.0
2.3556044651347983
2.3556044651347996
2.8124446851567426
0.0
0.0
0.0
0.18286184057175192
2.561323600949541
2.5613236009495344
0.0
0.0
0.0
0.0
0.0
4.757820291735842
1.2454681453516387
0.0
0.0
0.6310937598433163
0.6310937598433148
0.1030836058764633
1.2609762102095217
0.4012196976207467
0.0
0.0
3.666415287905267
3.6664152879052554
0.0
0.875379939285731
0.3165815656972007
0.07436478628183642
0.03600487822213837
0.0
0.0
0.0
0.0
0.0
0.0
