0.0
11.466459201361483
11.466459201361493
11.46650216473802
11.466502164738028
23.99968420665475
0.0
46.25093571486475
46.25093571486468
45.82704899021817
41.68594622927022
63.63447793423958
0.0
100.00000000000006
99.99999999999999
99.99999999999994
99.84858000628499
99.99999999999994
0.0
76.75134988809172
76.16027133405804
85.6597010273387
99.99999999999994
99.99999999999999
0.0
59.95840778440595
59.97097146087847
60.36071389963499
70.00336027838321
100.0
0.0
3.4642703200465337
3.4642703200465337
3.4642703200465337
3.4642703200465337
30.5090875619153
0.0
0.0
0.0
0.0
0.0
0.0
0.0
0.0
0.0
0.0
0.0
0.0
0.0
0.0
0.0
0.8004328991540784
0.0
0.0
0.9130684945999904
0.0
0.0
0.0
0.0
0.0
0.9130684952620455
0.6727627380108244
0.0
0.5816057566314794
8.09155278611847
2.592439232103667
0.8641464016058565
0.0
0.09748729354210799
0.09748729354210799
0.09748729354210799
0.09748729354210799
0.09748729354210799
0.0
0.0
0.0
0.0
0.0
0.0
0.0
0.0
0.0
0.0
0.0
0.0
0.0
0.26665669552856297
12.799774292380478
12.799774292380492
12.799831576882529
12.799831576882536
0.26664953496580734
0.0
24.06146469233321
41.973410293777505
41.97341029377743
41.58475046126887
45.915595287219354
23.96706358224984
0.10119576800127575
44.63941636949579
65.21572950439526
65.21572950439521
68.9151738051662
77.55317484267522
33.528240819664546
0.28035082555183566
58.02731418055096
87.35886999529356
87.03688005147151
70.94952769262456
72.0404664933784
40.822794545171405
0.0
52.33956585196219
65.11039084101581
65.12474932841299
70.64488987826401
58.205575522220656
59.66777417773634
1.546901154643229
0.0
3.4642703200465337
3.4642703200465337
3.8992134991825282
3.8992134991825282
0.0
0.0
0.0
0.0
0.0
0.0
0.0
0.0
0.0
0.0
0.0
0.0
0.0
0.0
0.0
0.0
0.0
0.0
0.0
0.9147804561760895
0.0
0.0
0.913068499608542
0.0
0.0
0.0
0.0
0.0
0.0
1.0612685696210933
0.0
1.4784126071270087
14.433333565490798
0.6646922932931194
1.2462980499245981
1.2462980499245981
1.2462980499245981
0.0
0.0
0.0
0.0
0.0
0.0
0.0
0.0
0.40440878876818753
4.475350420586485
4.070941631818291
0.8806916543644021
0.3218932530662212
0.08498829564769282
0.8063506370773387
1.511907444520014
1.511907444520014
0.0
0.0
0.0
0.0
3.7331937373998816
3.7331937373998816
3.7331937373998816
3.733093489521302
3.733093489521303
3.733093489521303
0.0
36.09219703849973
36.09219703849979
36.09219703849979
35.66598227587119
35.66598227587117
35.66598227587117
0.08854629700111628
53.38486888606631
62.247400530411284
52.43550744511268
43.218817435119675
39.05867662244543
49.82288082286538
0.2453069723578562
61.425695258196974
77.24746227122267
66.60022535967745
63.50880078593363
60.19334627757877
61.23419171982761
0.0
58.357033950119245
58.10247780237272
62.64367365667108
60.16631983000555
57.36965185352358
52.209302405519296
1.3535385103128252
0.2587721208396124
0.110572046686064
0.43494317913599445
0.0
0.0
0.0
0.0
0.0
0.0
0.0
0.0
0.0
0.0
0.0
0.0
0.0
0.0
0.0
0.0
0.0
0.0
0.0
0.0
0.0
0.0
4.3061557392462815
4.306155739246282
0.7123778951436857
0.0
0.0
0.0
0.0
2.5825009050758387
2.5825009050758334
0.0
0.0
0.0
0.0
0.0
4.549499863663633
2.074801038149677
0.0
0.0
0.0
0.0
0.0
2.689271962336148
0.4631353077255564
0.0
0.0
3.6406601171697246
3.6406601171697335
0.0
0.8753799392007935
0.31658153838165637
0.07436475869173122
0.7055568074426715
0.0
0.0
0.0
0.0
0.0
0.0
