0.0
1.2585390956350373e-07
2.4438083688363497e-08
7.400325980806966e-08
4.715065118483724e-08
4.136871421513934e-08
4.051536032688154e-08
3.4466613078287145e-08
4.097709651510305e-08
0.9806804920545923
3.0836077163953064
4.210255683133182e-08
4.1948315991954174e-08
3.3855640307314545e-08
3.930586930164964
0.0
2.482494269147125
8.172303996952333
3.258398602991593
1.2404886319608064
17.02382093512708
17.243919107788127
3.7735245690401555
0.3550658527154268
147.91627237996533
6.349759747256946
156.51438751239942
16.745010681003105
5.870448739180822e-08
3.026741408505311
0.0
2.1633184579346407
0.03340749267958405
10.522786227864975
6.804278069745717
23.201338685488388
11.65353083567841
47.767274340654
11.412135388446424
27.33415083037682
216.88754442651492
5.265841722608554e-07
2.9426162501157413e-08
1.2543570018075503
3.078962411260282e-08
0.0
4.252674509044316
3.6468196780819304e-05
0.8613074508887605
6.450267211965767
0.861332339074202
8.516669428008633e-09
69.03779374681517
0.27933532720222715
7.412741029179006
2.543152012876901e-07
7.139348086233223e-08
0.0002820454232984255
3.6862355147529654e-08
0.7830006667397542
0.0
0.000195987549706204
0.5209016731523171
0.0551911119352997
1.1841735977943893e-06
1.4529680161098175e-08
0.05705077110008963
6.749208278366239e-07
4.096107577917962
1.9265272950507644
5.16179170269177e-08
4.543868731772636
3.7758218315160045e-08
0.21642653205299373
0.000487976188189975
0.0
1.010236275098296e-06
0.04695330493590182
1.7202048750587179e-06
6.80783951653436e-09
8.544305476502378
1.6114620355056083e-06
0.03947457207530304
1.9471571281317815e-07
1.9021858576843867e-08
0.11021726141453157
2.671982387786689e-08
1.2827460419103636e-07
1.0221264453945363e-07
1.250010783325202e-06
0.0
1.6925632541603802e-08
0.7550154522768555
6.509966299452571e-09
3.091004836604628e-08
2.135540281431214e-07
39.847866459136945
6.498431640610519e-07
2.8905323429890258e-08
0.003340663068524597
1.5610425548431743e-08
1.5754887020754667e-06
2.234208003599543e-07
0.0004382115847084096
2.088217795893269e-06
0.0
5.3501604451933725e-08
7.44390102759299e-09
3.7058010099004146e-08
2.1907026724012675e-07
1.590329240775774
4.91974035949105e-07
0.04868355963126231
0.049000002091809915
4.242788900763116
0.42760832225917816
0.006571386394910368
0.0009035938377509061
0.006570244047558085
8.188031101326706e-08
0.0
6.7196011344053444e-09
3.827198292385928e-06
0.0006918384466348599
5.1360593194812944e-08
2.2488843553099488e-07
4.795037122950774e-06
2.2290696896885005
3.785133766274398e-08
5.654051725788348e-08
5.782769791298611
3.698589350878399e-05
7.000416186703511e-07
0.07662328950058633
1.180923930363595e-06
0.0
35.19435059247656
6.724003690135693e-07
0.053356284867795686
3.241518356027934e-07
0.0021434248890182784
1.3984388798826485e-06
0.035895784689992986
0.0004859233081602065
1.0388065453263331e-07
2.1888913441341585e-07
1.0287161379109069e-07
1.2274241148016486e-05
0.0007184649495126211
6.804210890407119e-09
0.0
0.0009846972094625904
0.08872644872259772
3.444432363935685e-07
4.678900625462772e-08
1.3407306270156821e-06
0.3829164506375837
1.6665878587758403e-06
5.119181463534782e-07
1.8808536854268047e-06
0.11951573450403682
0.011143907670894791
0.0003689990172434621
5.1933231548919794e-09
92.0329120236802
0.0
0.7116424772047887
4.471386939712949e-07
0.04777322990814139
0.07317983375190514
0.007442192769291214
1.1574354924479893e-08
1.503185302031781e-07
7.296073680899817e-05
6.1755838188497805
0.0002637361199084856
0.00016203776399734233
6.632010022126548e-09
2.2015534737105243e-08
0.0002680846808674183
0.0
0.00025060115334756493
0.05472603230785919
0.07423349889066812
0.010939781337690791
0.0004293838756766652
6.806887966936016e-07
5.7386490435905595e-06
0.3676486710895833
7.78975578706075e-06
7.084482544568777e-06
7.245966643530258e-09
0.006147822012971116
1.840615859178376e-05
0.00037894022934592124
0.0
