1.0712470185785659
12.187940595606955
12.270110215565019
12.131224836846497
12.13122483684651
0.445698261719101
0.0
25.89899792688454
44.066800543958536
44.18210234498553
46.138900655326964
44.87188185487575
27.71796103523311
0.0
42.31119242247769
98.71407877258834
97.4390404267409
100.0
100.00000000000001
44.84757662256416
0.22418677344070076
49.67486102187084
100.00000000000003
100.00000000000001
99.99999999999999
100.0
63.78560573446243
2.250407486786838
55.22220393896949
90.7733139146831
90.61383801335536
95.88077667034283
93.88764084638792
59.691127975890915
2.3729353838170746
0.0
1.964132845072563
1.9641328450725635
1.5493673856912644
3.629603892726997
4.626296229297938
0.7710493621685623
0.0
0.0
0.0
0.0
0.0
0.0
0.0
0.0
12.187940595606955
12.27011021556502
12.131224836846494
12.131224836846501
23.992035055034513
0.0
44.06680054395854
44.18210234498553
46.13890065532697
44.87188185487575
63.83678397184049
0.0
56.98621205772901
55.71117371188158
77.93682354763247
77.76826567077822
96.84666378838028
3.2924056197731177
60.33635263081524
58.01833120879819
62.583178165819014
91.31920615284282
99.18081003430183
0.0
33.29145325522112
33.131977353893504
25.29619518532542
24.82855642520429
100.00000000000003
0.23224702752569293
3.8957259616153634
3.8957259616153603
3.480960502234061
5.561197009269792
50.18306102999446
0.0
0.0
0.0
0.0
0.0
0.0
0.0
0.00042064260309604304
0.00021032130154802152
0.0006649867859387809
0.008689980594515465
0.0
0.0
4.590138040671822
0.002943946919225323
0.005887893838450646
0.11926127553071833
0.8246077336099251
4.2905977669114375
4.2905977669114375
3.2595913906346197
0.05223238525229611
0.0
0.0
0.0
1.0874710587062313
1.0874710587062308
3.6268123371085363
1.239228348865585
6.048699043756893
7.180670283606898
0.09143705005605834
0.825685674801057
0.825685674801057
0.7516662285041756
0.1333326883478764
0.643998156519363
0.6439981565193629
0.5237088117051558
0.49387216286924507
0.4938721628692452
0.1789872035053147
0.6788130618372015
10.009827102502237
13.336387701723178
4.005373661058148
1.1589559134857812
0.6788130618372014
0.6788130618372014
0.12887843014006298
3.826876513803995
3.826876513803996
0.5549899613048845
0.22199598337264076
0.0
0.0
2.5039183539746688
5.295402437603687
3.4257457463235728
1.868625644753469
5.2935241592444555
3.6391941531344183
0.0
19.463727454700145
50.311871494337645
32.24882565016762
21.80105637461012
51.41807271897528
34.599294075025135
0.0
52.938921916676854
69.27092672188266
72.57234717013012
45.94853401733575
42.25032075971472
42.25032075971472
0.22418677344070076
61.85746118390931
86.45175650321
98.61267462527962
85.33140114128744
78.20357118045845
64.61433247090261
2.250407486786838
56.94347360113262
58.75275934813657
61.62880011106233
99.99999999999999
72.96294565531954
58.18357031689662
2.372935383817074
1.7028360724013452
0.0
0.20061751559013521
4.659742652222517
1.632439345512228
0.0
0.7710493621685623
0.4477245164689172
0.0
0.0
0.0
0.0
0.0
0.0
0.0004546654843907593
0.011073409859574607
0.025500378374676464
0.007213551560510562
0.0
2.5500766926625933
0.020443097750393577
0.11926127553071833
0.8246077336099251
3.801056353275265
1.2670187747206154
2.5500766889161466
0.15301500238315352
0.0
0.0
0.0
0.0
2.7417437671761764
0.0
15.170693411872634
0.0
0.041618679874024074
0.04161867987402408
0.3189517877262545
0.0
0.0
0.0
6.5262570846122845
1.2993675012866184
0.43312249282994963
0.0
0.2642529464002352
0.46821376142287496
0.40457833061277476
0.08359031844579343
0.08359031844579343
0.0
0.0
0.0
0.0
0.0
0.0
0.0
0.0
0.00021032130154802152
0.00021032130154802152
0.00021032130154802152
2.082764049927101
2.0827640499271016
0.0
0.002943946919225323
0.14575222149391906
0.14575222149391898
0.0
3.5577240352093575
3.5577240352093575
0.8246077336099252
0.05223238525229611
1.8687584928030687
1.868758492803068
0.1673032156402778
0.0
0.0
0.0
1.239228348865585
0.0
0.017141622427155934
0.2914527300126247
5.362588516475599
1.7028360724013452
0.0
0.13333268834787643
3.88931380002669
3.8893138000266902
0.0
2.6070441393151205
0.9714333281740731
0.0
0.6788130618372015
0.6788130618372012
0.6788130618372012
0.6788130618372012
1.2073189546376717
0.6788130618372012
0.6788130618372012
0.12887843014006298
0.5549899613048846
0.5549899613048845
0.5549899613048845
0.22199596621000767
0.0
0.0
