0.0
11.46650813020562
11.466508130205627
11.466540962759538
11.466540962759547
23.999758686242096
0.0
46.25078349722163
46.250783497221626
45.82744553768781
45.92851029766995
63.634951175547464
0.0
100.0000000000003
100.0000000000002
99.99999999999997
99.98645998192994
99.99999999999997
0.0
76.75401316492024
76.16304640234037
84.83912649571782
99.99999999999999
100.0
0.0
59.95679682025171
59.96932543417786
60.374442012432574
70.01144139722088
100.0
0.0
3.4599121880990507
3.4599121880990507
3.4599121880990507
3.4599121880990507
30.529901608530814
0.0
0.0
0.0
0.0
0.0
0.0
0.0
0.0
0.0
0.0
0.0
0.0
0.0
0.0
0.0
0.7993965569208307
0.0
0.0
0.9125699773152155
0.0
0.0
0.0
0.0
0.0
0.9125699776975953
0.6706656486285618
0.0
0.5826340197437729
8.09429783533242
2.5933187180702637
0.8644395673771224
0.0
0.0990909061998496
0.0990909061998496
0.0990909061998496
0.0990909061998496
0.0990909061998496
0.0
0.0
0.0
0.0
0.0
0.0
0.0
0.0
0.0
0.0
0.0
0.0
0.0
0.2666590479388842
12.799827522590553
12.799827522590563
12.799871299329114
12.799871299329121
0.2666535758465649
0.0
24.061385118845784
41.973272129996765
41.973272129996765
41.585115459317976
41.67354712430235
23.967106246425068
0.10106475998225226
44.65898714335318
65.1978451096055
65.19784510960547
68.92588301997364
77.62809263784932
33.69932955571569
0.2771135872163251
58.02449786175672
87.3611406494434
87.03953743278633
71.76914266996756
72.04604623667446
40.81037534150482
0.0
52.339379370067064
65.10916250002592
65.12348091594242
70.65178273707943
58.20793560879955
59.66844107799808
1.5471234556669875
0.0
3.4599121880990507
3.4599121880990507
3.896020777924299
3.896020777924299
0.0
0.0
0.0
0.0
0.0
0.0
0.0
0.0
0.0
0.0
0.0
0.0
0.0
0.0
0.0
0.0
0.0
0.0
0.0
0.9135960650523779
0.0
0.0
0.9125699802402146
0.0
0.0
0.0
0.0
0.0
0.0
1.0609928308562602
0.0
1.445134649049617
14.402518271274744
0.6658674511357404
1.248501470879514
1.248501470879514
1.248501470879514
0.0
0.0
0.0
0.0
0.0
0.0
0.0
0.0
0.4024965218422186
4.473438164988962
4.070941643146756
0.8806916778007936
0.3218932939957164
0.08498831560689155
0.8076638302155322
1.514369681654123
1.514369681654123
0.0
0.0
0.0
0.0
3.7332266711443785
3.7332266711443785
3.7332266711443785
3.7331500618519096
3.7331500618519087
3.7331500618519087
0.0
36.092077678268744
36.09207767826865
36.09207767826865
35.66641473218753
35.666414732187526
35.666414732187526
0.08843166498447073
53.383162792691905
62.25962565791598
52.44840843888709
43.217478620265474
39.05657680016301
49.7872274077028
0.24247438881428443
61.42473086081622
77.24884233143091
66.60013696696062
63.51029960506986
60.190198569009496
61.215562954874024
0.0
58.35328602753397
58.09798532628103
62.649987913794995
60.181881250405695
57.37503350738658
52.209885943248324
1.353733023708614
0.25938840089647985
0.11096554785991912
0.43610858982524814
0.0
0.0
0.0
0.0
0.0
0.0
0.0
0.0
0.0
0.0
0.0
0.0
0.0
0.0
0.0
0.0
0.0
0.0
0.0
0.0
0.0
0.0
4.300580584074933
4.300580584074934
0.7133579134682667
0.0
0.0
0.0
0.0
2.582543183899317
2.5825431838993205
0.0
0.0
0.0
0.0
0.0
4.554431526552571
2.0779199425118504
0.0
0.0
0.0
0.0
0.0
2.697782839868381
0.46473574467895845
0.0
0.0
3.6403777639814217
3.64037776398141
0.0
0.8753799392035688
0.3165815556797199
0.0743647761560301
0.7067058514385911
0.0
0.0
0.0
0.0
0.0
0.0
