0.0
0.000236899113289597
0.0009455224916127911
0.0010063861278714456
1.6675515448612345e-09
6.9080793913973705e-06
3.6932650970632033e-06
4.468562426539189e-06
3.9201208285081915e-06
3.15769975238378e-06
6.1224310746212725
3.3345689304344487e-06
8.463051523640729
2.124286994584466e-06
1.404534831475093
0.0
1.7979127369757437
7.802415192933352
1.7732406490660633
0.5885475869164266
2.2457690189643857
1.9910153207536259
2.3700789257009776
4.93242742626928
254.83707265841207
1.4511142313301526
118.71726198746298
0.8165635685404234
1.3432264909826177
1.8970415497355106
0.0
1.8970414319354423
1.3431522965685625
12.72737728100238
7.977259675337906
4.484288567064503
8.159167696254565
19.099641282196597
109.53985913249136
19.910343475225165
183.48914401037334
2.218373565601439e-06
0.17003499239820496
0.5038151755827365
0.0001228853762439371
0.0
1.8504118042998818
3.593673320155126e-05
0.1252859865504738
0.13072232527681854
0.12741471721008776
8.445181988641268e-05
21.82034821604235
0.13212235981201356
0.14506128868812415
3.743773976503517e-08
0.00010146284057826349
0.0015550883536074801
0.00012155905655633739
0.37120435814732583
0.0
0.00017132040293631353
3.9354188235253945e-05
1.1651606018254155e-10
4.169691007669501e-05
3.378830381095194e-05
1.3112393638917751e-09
1.1660674042681158e-10
5.623911959471363e-10
7.0644768183378996e-09
5.0646962993030345e-05
3.198304518455962
0.0010780357799943954
1.3152489861880698
0.00032520463543910666
0.0
0.0002913546612727342
0.00023815092594211694
0.0002682192027621754
0.00011386827603597912
14.461231704605034
9.539254641178035e-05
6.844224850163137e-10
4.71255599330184e-05
2.4065929376694715e-09
0.0031792544399072706
8.163805690032036e-09
0.003583808507037223
6.263331443223201e-05
0.0004996512191923583
0.0
0.00035871434457242733
6.019008303661564e-05
4.6889276187059975e-05
8.163143861362814e-10
4.9843302208477444e-05
9.454053731928518e-10
5.570147784002383e-05
9.329152781225637e-06
0.0019231889365886315
5.66219419475034e-09
0.0005608061735942933
5.1529160166423514e-05
0.0002886801434356476
0.0005362295215747355
0.0
3.4268574553814754e-05
2.7753787276789492e-05
1.7584821907995534e-08
7.693134840440765e-05
6.674569476278623
6.589520800825836e-05
0.12660467004047815
0.21138857799264058
7.792692491662655e-09
1.6462327942362989
0.3785501583608617
0.0001889058761152724
3.95506314775089e-05
5.057459217844487e-10
0.0
4.705596099229645e-05
2.3585351169170987e-08
0.00012264403522060544
29.07185707425911
1.469310439415148
0.37899307426618944
0.6315512238259318
0.00012259710238018937
0.00024065012791140257
1.1371539361734646
0.00017178378628556813
3.9268887286714246e-05
0.000529288993816645
4.1605142606967067e-05
0.0
12.796910520533782
4.545848129061134e-10
5.458074373822457e-10
0.1677895222663839
0.0016236504815668256
2.3675240843504128e-06
0.0008708086304142736
4.0986941934331745e-05
3.3460267125342073e-06
6.231874098307184e-05
3.1518266103794053e-06
3.508707234268586e-05
0.00033686756711205304
2.5495387565424385e-06
0.0
0.0005329909632632048
0.41716057552025243
3.38114712865824e-05
0.573007549397252
0.0005819030531058913
0.0006425557357808839
0.0003412185054866491
3.6982992090440506e-05
0.00020594004555776453
1.919778601514354e-05
5.754396332603165e-05
0.0003598897468804016
2.840429856652044e-05
3.848878252666047e-10
0.0
6.002793698225842
6.615955433065098e-05
0.0017423497309004467
0.0008867673175822637
2.3013509725967785e-09
3.813346617235637e-10
1.6565425275748012e-05
2.5679974544887107e-05
5.498734638596243e-05
0.000308378174501113
3.0170534926578325
1.3391975265680286e-05
1.3326830465087652e-09
0.00029956606896711644
0.0
0.00015876008193988744
0.001776400979031693
0.0017251766638632674
3.835529639243354e-10
5.162473813932863e-10
2.9483923654775675e-06
4.752261501397785e-06
1.1637456159451363e-05
0.0002587007258894766
1.3945455625966134e-05
2.3540040721145373e-06
1.6982245498429477e-09
0.00014684925202969237
0.0007171334692330728
0.0
