0.0
1.4184451270420388e-07
1.6640800336334723e-08
3.3757106351273725e-08
2.5887134621427467e-08
2.3292681640432615e-08
2.2617937066340237e-08
2.301661573261497e-08
2.4001268868524344e-08
2.2582139935161725
6.370031851881193
2.4212598785594105e-08
2.4438182520770132e-08
2.267145642940408e-08
8.163227359016481
0.0
6.980031442627195
14.974745030780484
5.892564474318062
7.863035629471546e-07
16.47456068723221
22.73287425196126
1.9643483957965528
1.1087306817789345e-08
227.09123998574304
6.191850801689505
97.04121775838105
7.827546391435353
1.682390904929157e-08
2.79245129533241
0.0
2.155122800294702
0.03239398603925991
10.749084309123873
6.760836896449847
11.111778615321889
9.22989925279349
46.46781297791712
11.499051096009605
19.305212249463864
239.87403364129736
4.454962063056575
2.7456821478045508e-08
0.9920422297113755
1.5327901244503513e-08
0.0
7.291639744708627
7.702481515361722e-07
0.788892899890223
6.5877154747345195
0.8351040362515304
6.505271251628071e-09
49.80684779628979
0.27006693854519415
7.543582847882157
2.3102649731661718e-07
2.631777741366525e-08
0.0018144000967204232
2.7809152583214722e-08
0.4703204074405329
0.0
0.0002828498528111508
7.242429628950006e-07
0.05432410644693553
1.3735720443689018e-06
1.0912382247727894
0.42150167137894123
5.355063909114753e-07
0.042153682889252586
3.400662565557619e-07
2.2032985203307066e-08
0.0002030186033058791
4.2460025175589615e-08
0.12267517199414879
0.00047878943807861497
0.0
7.414733096120692e-07
0.04054609835727935
2.0163200786679963e-06
5.0986303485343885e-09
21.513792947552822
1.4184769812785077e-06
0.034982415070872505
1.8800868160759334e-07
1.7985902348839953e-08
0.5806052570177169
2.599277692213797e-07
1.9255040302075426e-07
7.39380508323305e-08
0.0005267204273513596
0.0
1.885722039232825e-08
4.862967575561357e-08
5.564177279837467e-09
2.4764788312160257e-08
2.6895622443585573e-08
35.69793798643028
4.270202290516816e-07
2.277660451003068e-08
1.914556634685857e-06
7.283474818203502e-08
3.724998587262833e-06
1.7341418167739638e-07
7.6070900613338934e-06
2.0040364334233696e-06
0.0
1.0201282993085836e-07
7.1497670087872915e-09
3.031146581508027e-08
3.152122822011123e-08
6.441768716942083
4.801382807600984e-07
2.6550803949190998e-08
1.0671853077488636
0.2451194595848879
0.007917990776416105
0.1681003002749023
0.0007851013656919916
0.14107124826264983
1.6517085579624978e-05
0.0
5.531253452141778e-09
10.695288665686487
9.185816891326833e-06
6.3207975176936004e-06
2.2180785296715706e-07
3.114407547253336e-08
0.6214196629318807
3.851639780907827e-08
3.02486344012113e-08
9.135622830604349e-07
1.1130663612166514e-06
5.100591609133904e-07
0.07531176890688863
1.368751587970279e-06
0.0
2.459254904371629
5.452472739615133e-07
0.05390097770138416
2.8383471867556974e-07
2.590592017333542e-08
0.006032843093082255
0.007641356358207568
1.1571725909628154e-06
7.086188516577406e-08
4.501351335578328e-07
6.403058559597653e-08
3.191889334820361e-07
4.600017227858577e-06
9.43507387953832e-09
0.0
0.0008269949390657849
0.3927723238847187
3.71556240003413e-07
2.1547258761452633e-08
0.1312896873738913
0.03318470664116598
3.841675128275011e-06
0.009133899096579034
2.828331766303305e-06
0.08539999215135044
0.010704431054008107
3.6299487499041195e-06
5.74142464777573e-09
44.735364617158695
0.0
2.032101452065149
4.370880449284302e-07
0.04234816033706883
1.2740170645619041e-06
3.869423532738093e-08
0.12483685846080159
1.4554454837156426e-07
0.025667807468452642
2.9815072602166337
0.00027622676608316844
0.13498264202489293
1.013055328271903e-08
0.0005019028854375983
0.0002773041293208575
0.0
0.001029169351515124
0.025134989474223404
0.026810591741998277
4.168179495853356e-08
7.232299201751115e-05
6.569828556392334e-08
0.020797389348127186
0.15821554904994473
4.825487473137207e-05
0.04044799964387917
1.3524261919364488e-08
4.3910663677060653e-07
4.867419904144625e-05
0.0009681485275499085
0.0
