1.0712417798586575
12.187913102412708
12.269768238701017
12.131125854227633
12.131125854227626
0.4775267667229708
0.0
25.89929670417765
44.069483135108584
44.043332183282985
46.646412462149705
45.06741906681511
26.611424871166438
0.0
41.718550610538564
97.00873055216555
99.99999999999997
100.0
100.00000000000001
54.05608334385759
1.2469591703829632
50.744994353562625
100.0
100.0
99.99999999999999
100.0
72.61032321093373
3.0823822076169374
55.92601400974741
92.95562139392844
94.04265299131349
99.99999999999999
99.94043082378204
79.42151351096939
4.9183852249441955
0.12768095007656427
1.6931612029118055
1.738927146927152
1.4461139742700468
3.595185351989831
4.6262952555619705
0.7710491001246856
0.0
0.0
0.0
0.0
0.0
0.0
0.0
0.0
12.18791310241271
12.269768238701015
12.131125854227632
12.131125854227623
23.993031819252735
0.0
44.06948313510861
44.043332183282985
46.6464124621497
45.067419066815106
63.91145445435099
0.0
68.31196186887901
63.864280337564786
80.8573651791627
77.33405645190342
99.77780655012077
0.0
58.56247289649903
57.52425963215893
56.14012948495544
82.22402524038576
94.64042364477298
0.0
37.04098621289533
38.12801781028039
14.682587311872371
47.893993850854095
100.0
0.19919472589516157
1.6931612029118055
1.7389271469271517
1.4461139742700468
3.5951853519898305
42.44258088578149
0.0
0.0
0.0
0.0
0.0
0.0
0.0
0.0003776650623587807
0.00018883253117939035
0.0006221070126796235
0.008501589619778737
0.0
0.0
2.621541700050383
0.002726426269391227
0.005452852538782453
0.0
0.0
0.0
0.0
1.1179146956560486
0.05397616815180199
0.0
0.0
0.060090626571403113
1.1417242970279224
1.1417242970279227
1.9570702131136233
0.06527840810252003
1.549589238212227
5.234464482348449
0.0
0.20154804447223343
0.20154804447223343
0.0031942975514481758
0.2713640579197231
3.8985600178776783
3.1056160849489727
1.5783475107034937
0.810816051692985
0.810816051692985
0.13912933531905064
0.19345997975957682
0.0
4.040951728586764
4.040951728586764
1.2241251552074008
0.4551542353775793
0.14133919197658548
0.12887848103645577
3.8268765355736867
3.8268765355736862
0.5549897334505804
0.2219958795973741
0.0
0.0
2.503920492221467
5.29534776594439
3.4250611134246096
1.8688499512318144
5.291863680078256
3.611459452375528
0.0
19.46370020955286
50.322332266300656
32.34992196806696
22.73698015924827
51.60155763882932
33.35074391644639
0.0
52.69816120457099
80.0482965073903
69.74268757547758
60.05093116092217
56.527622470575736
54.056083343857594
1.2469591703829637
61.95506191206814
89.08666556656956
99.99999999999999
90.07836556055635
84.50962199280124
72.61032321093371
3.0823822076169374
56.16306079924913
58.402646003616745
61.92679544483046
91.7196891703739
91.46923625035005
79.4215135109694
4.918385224944196
1.316874238156702
0.0
0.20055230022798126
0.49222028923135797
0.16407432513348752
0.0
0.7710491001246855
0.0
0.0
0.0
0.0
0.0
0.0
0.0
0.00043327448150023317
0.012006647385703065
0.026666671725499535
0.007331056529174008
0.0
1.100780382138182
0.0
0.02739847702315701
0.3710593143350789
4.777840565420325
1.6198537401231974
1.456412134622569
0.08300928123557427
0.0
0.44933480540199944
1.1233364167586204
0.3744448761745085
0.9168719604892124
0.0
14.648575117421267
0.04087579708209991
0.9018330380329925
0.040875797082099895
0.040875797082099895
0.0
0.16067646828006107
0.16067646828006107
2.6486872908637675
0.9279192316654484
0.32135293656012215
0.0
1.0634693336114427
1.1838003044452488
1.1138272039904966
0.7929439329287089
0.7929439329287089
0.0
0.0
0.0
0.0
0.0
0.0
0.0
0.0
0.00018883253117939035
0.00018883253117939035
0.00018883253117939035
2.0776349755124284
2.0776349755124315
0.0
0.002726426269391227
0.14660730103972738
0.14660730103972747
0.0
0.0
0.0
0.0
0.05397616815180199
1.9311431903102247
1.9311431903102245
0.12018132054630837
0.0
0.2553619001531286
0.25536190015312854
0.06527840810252004
0.7205925827386415
0.7237868802900891
0.16387076583150925
8.017256166913725
1.3190039676311778
0.0
0.2713640579197231
5.327814160784973
5.32781416078497
0.0
0.7675314590105085
0.30221983243956196
0.13912933531905064
0.19345997975957682
6.577655386862284
6.57765538686229
0.0
0.7757960494249052
0.23474524805943744
0.14133919197658548
0.12887848103645577
0.5549897334505806
0.5549897334505804
0.5549897334505804
0.2219956256812276
0.0
0.0
