0.0
11.46639124752547
11.466391247525467
11.466456552859428
11.466456552859432
23.99960139675072
0.0
47.85078727154584
40.17077735357917
46.043943083954375
46.13197505123471
63.99711594589725
0.0
95.2923495237514
100.0000000000001
100.00000000000006
100.00000000000006
100.00000000000006
0.0
94.74219571719904
100.00000000000011
100.0
99.99999999999999
99.99999999999997
3.1770290235697116
66.35771292883017
75.61203766047372
68.0332537024107
100.00000000000004
100.0
0.0
2.340561396148196
2.3405613961481966
2.3405613961481966
3.9194048529816135
33.00143982082597
0.0
0.0
0.0
0.0
0.0
0.0
0.0
0.0
0.0
0.0
0.0
0.0
0.0
0.0
0.0
0.13373303584101875
0.0
0.0
0.6487031631477209
0.0
0.0
0.0
4.514631620873975
0.0
1.6690784881556175
0.7433303831138962
0.0
0.7137368947489352
6.073825275676616
2.22524385921124
0.7823242269072539
0.0
0.0
0.0
0.0
0.0
0.0
0.0
0.0
0.0
0.0
0.0
0.0
0.0
0.0
0.0
0.0
0.0
0.0
0.0
0.26665345193142653
12.799700337821768
12.79970033782176
12.799787411600375
12.79978741160038
0.26664256770909883
0.0
24.005909634282524
40.17077735357919
47.85078727154581
41.78156943601247
41.85859740738276
23.993456512720538
0.0
45.55571942973145
69.97190651833328
54.34953035688905
54.105759184436145
64.83470336467668
35.25485866082425
0.0
55.065116975389884
72.39941497445226
74.52167002165507
65.59942037080802
54.468855601495605
47.36029620672593
0.08450910506119724
51.19861808389471
57.41301202215796
71.42242935722389
72.85179940952476
54.76315903601017
60.21953135426616
2.111867191049219
0.0
2.2840938701308073
2.2840938701308073
2.2840938701308073
3.723160570184853
2.86602044634907
0.509514744158408
0.0
0.0
0.0
0.0
0.0
0.0
0.0
0.0
0.0
0.0
0.0
0.0
0.0
0.4683952225945165
0.0
0.0
0.0
0.1528377552468787
0.0
0.0
0.8848882855473788
0.0
0.0
0.0
0.0
0.5413875454217659
0.5413875454217659
2.8753941535789327
0.0
1.1464333246809104
1.1856339982030464
0.6637204564274549
3.560868506221265
3.560868506221271
1.4794579669217867
0.0
2.5833323173870695
2.350235725427914
0.0
0.0
0.0
0.0
0.0
0.9969656635466647
5.067907314810739
4.070941651264076
0.8806916960275242
0.32189332430005024
0.0849883302918878
0.06486441397816864
2.195300384676013
2.067553502701768
0.0
0.0
0.0
0.0
3.7331483270399737
3.7331483270399737
3.7331483270399737
3.7329959479273835
3.732995947927384
3.732995947927384
0.0
36.0088644514238
36.00886445142373
36.071124986551595
35.83486170125709
35.99525213510237
35.99525213510217
0.0
48.31125940464133
73.03184643400851
55.51897319848203
39.84177053173323
37.5828165729293
49.47610275970196
0.0
65.91732204129814
72.81774918110092
66.47677373432951
61.472408824305944
58.5744999476345
55.076725349457305
0.07394546692854757
57.08489422169444
56.64291060395084
54.92749318808241
60.37041898984994
57.72636096652965
52.819836816957135
1.8478837921680664
1.206315666792165
0.0
0.0
0.0
0.0
0.0
0.445825401138607
0.14120128926753334
0.0
0.0
0.0
0.0
0.0
0.0
0.0
0.0
0.0
0.0
0.06226053512786133
0.0
2.91967012648858
0.0
0.0
0.0
0.0
4.018695281225486
4.018695281225483
2.0225565644149373
0.0
0.0
0.0
0.21448056003120325
2.647223492317087
2.647223492317081
0.0
0.0
0.0
0.0
0.0
9.974215831865502
7.841051834149071
0.0
0.0
1.0627234977970046
1.0627234977970024
0.0
3.0358277343021576
0.9178083802389669
0.0
0.0
3.343746922515561
3.343746922515561
0.0
0.8753799377115351
0.31658156741810145
0.07436478900540183
0.056756362230897583
0.0
0.0
0.0
0.0
0.0
0.0
