0.0
11.466392810342075
11.466392810342084
11.466449584083474
11.466449584083477
23.99958326538501
0.0
46.18299875094194
46.18299875094209
46.00398244731677
46.04671958114267
63.84563171423661
0.0
98.58681788447606
100.00000000000007
100.00000000000004
99.99369402562826
99.99999999999997
0.0
86.25743115108591
100.00000000000001
100.00000000000007
100.0
99.99999999999999
1.217012645584158
66.01586306997845
66.29438725036168
59.50738754267296
68.5438366358402
100.00000000000003
0.0
0.4137475810469318
0.5007401720669343
0.40784292062962607
3.3447225406828043
29.049878128256413
0.0
0.0
0.0
0.0
0.0
0.0
0.0
0.0
0.0
0.0
0.0
0.0
0.0
0.0
0.0
0.3380415360648192
0.0
0.0
0.9769296737346624
0.0
0.0
0.0
5.240262883812624
0.01239863419383533
0.7643790898898206
0.6652511638419011
0.0
0.2918781613680941
6.3557856050050745
2.305373101290767
0.7684576865574039
0.0
0.21581931949504776
0.21581931949504776
0.21581931949504776
0.21581931949504776
0.21581931949504776
0.0
0.0
0.0451909602323096
0.09320600071852281
0.0
0.0
0.0
0.0
0.0
0.0
0.0
0.0
0.0
0.2666535225273711
12.7997020432168
12.799702043216817
12.799777741538666
12.799777741538675
0.2666440602371387
0.0
24.025958093583412
41.91174628792328
41.91174628792329
41.74760699970101
41.785001991798666
23.986089858704666
0.04273713382585615
49.903823032019794
72.5310408350881
46.169993378293455
57.204775873973766
69.99442230351191
34.92423087671775
0.25790656942861373
52.42421639822132
70.42733007852661
83.44501182522227
69.1591414933628
68.83741376742424
47.75113560270429
0.0
58.50696476665881
68.04115802055115
70.12629388068403
72.6251553711786
61.83754599241229
58.953048564987355
1.3086592823359238
3.9321767700289003
4.147939870408662
4.160974248080438
4.154338730120626
4.364115845838713
3.239863083292691
0.5759756507488452
0.0
0.0
0.0
0.0
0.0
0.0
0.0
0.0
0.0
0.0
0.0
0.0
0.0
0.0
0.0
0.0
0.0
0.3863331840740791
0.0
0.0
6.576231771236219
0.0
0.0
0.0
0.0
1.7348320293165869
1.7348320293165889
1.0494125221066821
0.0
2.06394255542609
2.0639425554260877
0.3335750415635361
0.6254532029316301
0.6254532029316301
0.6254532029316301
0.0
0.0
0.0
0.0
0.10922615765718534
0.10922615765718519
0.0
0.0
2.967948614962413
4.0709416177651265
4.070941617765122
0.8806916363773669
0.32189321029478085
0.08498827433695688
0.07332528020847719
2.3372444364207006
2.3372444364207086
0.0
0.0
0.0
0.0
3.7331493153831947
3.7331493153831947
3.7331493153831947
3.7330168433199424
3.733016843319942
3.733016843319942
0.0
36.038937140375104
36.03893714037515
36.03893714037515
35.85893659917179
35.85893659917179
35.85893659917179
0.03739499209762413
44.29142119581577
65.0866485051698
52.71876350140544
40.30219985493364
37.425990218915594
48.07000920620992
0.225668248250037
66.0510814777765
72.30522022262367
66.15300804349874
66.51739910429333
60.69112079660952
57.54067501805303
0.0
54.13210942695896
55.484858103605035
55.48485810360505
58.285365817437295
56.53420554943264
51.58391749436393
1.1450768720439335
0.7184774525813108
0.0
0.09320600071852311
0.045190960232309646
0.045190960232309646
0.0
0.5039786944052396
0.0
0.0
0.0
0.0
0.0
0.0
0.0
0.0
0.0
0.0
0.0
0.0
0.0
0.0
0.0
0.0
0.0
0.0
1.8185880092315485
1.818588009231548
0.0
0.0
0.0
0.0
0.31999842143107377
1.7272583756234874
1.7272583756234905
0.4654060188034687
0.0
0.0
0.0
0.0
7.979212945780832
2.873909810325243
0.0
0.0
0.22965157599055078
0.22965157599055047
0.009925386349031343
2.440644861862688
0.7538814915110849
0.0
0.0
3.9432657264564765
3.943265726456476
0.0
0.8753799280604583
0.31658151239741605
0.07436474004483727
0.06415962018241753
0.0
0.0
0.0
0.0
0.0
0.0
