0.0
0.0003043859343522579
2.0059772856549839e-07
0.0012580271762160891
1.3801366358920205e-07
1.3246924223528843e-05
8.33737303859426e-06
9.697104738217088e-06
9.358667770479272e-06
0.34050943954116475
3.368352676162668
6.441242129033448e-06
9.41923569030919e-10
3.052317831566333e-06
4.16781058817153
0.0
3.372444461387983
5.33869337982721
4.167889500872419
24.8738930755379
1.167720830066724
0.9498157144155481
3.8813695369000016
5.340574763996161e-05
296.8753457461227
2.509796012950392
72.61795218426133
1.1258193600973538
1.3110182484461576e-07
1.2724215099838116
0.0
1.241400207580988
1.8018356378988907e-05
11.484443680817002
11.821033142822351
4.29748298230601
6.529046899434743
23.0999418046289
52.23623982572492
13.272850617424897
256.4388767388449
3.169275364323928e-06
0.001290014766307963
1.7586032413958168
0.00016235779733985188
0.0
3.6110355217813552
5.194940325244259e-05
3.746114268402322e-05
0.0003985451740142864
0.8974457823781175
0.00011315473208814094
29.5373794605295
0.7111829670893355
5.030002011330816e-10
0.27315668439451385
0.00013168756277601266
0.001590645840433089
0.00016135445597337226
0.0018714864290144595
0.0
0.00022082572934380043
6.473918608205325e-05
1.7229921965690769e-09
7.01773238565617e-05
5.815643516170826e-05
3.2343020058086296
2.6197141272483467e-09
1.6412686467450187e-09
2.43360472034684e-09
6.267155059412095e-05
3.464009776828026
0.38779379310408896
1.6029351407694175
0.00015073296287173354
0.0
0.00012584773138716736
0.0006233328509898898
0.00014033040152844854
0.00010928008234414025
15.887187802621689
9.760878027659439e-05
1.0590586134780717
4.7269453121837494e-05
1.5478552053520603e-08
0.3663773640675224
0.29823368379091336
0.17790440289329415
8.666883949846234e-05
0.0003010172948180571
0.0
0.0002311968811255599
9.45149817161127e-05
6.140956419294174e-05
0.10921118570816922
5.821520484540939e-05
0.08183409099899702
0.009541828153840005
1.4259771924051694e-08
0.002588788258101134
2.8709029436832297e-08
0.0007436029376750703
4.845641151493819e-05
0.00044703244468227206
0.0006492873363700361
0.0
5.194410905006408e-05
3.627981946272521e-05
7.910581796029543e-10
0.00010132201691842427
11.947253013841838
8.852704470703816e-05
0.028471675631153326
0.1385633460074661
0.813964331861688
0.001138581252598803
0.00010167264383427575
0.0001863946164097114
6.55064881136187e-05
7.068470668476847e-05
0.0
6.158044913192446e-05
3.0409069874707617
0.00016441092163214447
18.83411523274716
1.657490274153801e-05
0.001182041992599562
0.059556755581682136
0.0001625709937338468
0.0003198348946861618
0.14097063502273227
0.00022130387644178113
6.447783680018879e-05
0.0006798132817218936
6.987071626651075e-05
0.0
8.506982305036207
3.01357403665506e-09
1.9360307910477942e-09
2.828385456709782e-09
0.0021626616724939158
3.6298803698224055e-06
4.216768263619749e-08
0.0012136595105254363
5.516089821408166e-06
8.244408508619349e-05
4.943219468491787e-06
4.726950569294777e-05
0.00044795209954965004
3.3391187836612168e-06
0.0
0.0007102588741863566
0.7467033049502851
4.5445332802187267e-05
0.0015116840452088966
0.0007582611621274152
0.0008555744280038359
0.0004466822255703968
5.6709214721294844e-05
0.0003022584414689838
3.0257232076642505e-05
7.703341208143447e-05
0.0004790388262591803
3.727148867689802e-05
2.8642601173026593e-10
0.0
11.894903224456057
8.889154895267595e-05
0.0014532914186858466
0.001172478280545175
1.7731108776048195e-08
4.976472552834791e-10
2.2697389157795815e-05
3.4234943200328026e-05
0.36865319802755986
0.0004225002724717152
1.6746396949438376
1.761310047266802e-05
6.841053790027468e-10
0.0004005930457665269
0.0
0.0002210208373037337
0.001240170902856216
0.003406178295306221
2.5935331052206197e-09
5.849739063484864e-10
4.048842914021267e-06
6.333329786815257e-06
1.550025140002229e-05
0.0003717081818025163
1.8552714457166363e-05
3.093818953251934e-06
7.993290120110248e-10
0.00019621305775327708
0.0009552876375397083
0.0
