0.0
11.466506881918495
11.46650688191848
11.466539972781437
11.46653997278144
23.999756785676926
0.0
46.25097068355005
46.25097068355013
45.826958026841325
45.92818385931372
63.63436937641591
0.0
100.00000000000026
100.00000000000004
100.0
99.84246401264598
100.0
0.0
76.75096560127223
76.15962011441333
84.81523761797001
99.99999999999999
100.0
0.0
59.96012279837653
59.97211891257452
60.35823432527456
70.00654052363656
100.00000000000003
0.0
3.465831215223298
3.465831215223298
3.465831215223298
3.465831215223298
30.433351132550577
0.0
0.0
0.0
0.0
0.0
0.0
0.0
0.0
0.0
0.0
0.0
0.0
0.0
0.0
0.0
0.8006706011654608
0.0
0.0
0.91266933699967
0.0
0.0
0.0
0.0
0.0
0.9126693373852944
0.6696200830149788
0.0
0.5819827761228955
8.100570435436106
2.5953283859712455
0.8651094566000437
0.0
0.0980873393688722
0.0980873393688722
0.0980873393688722
0.0980873393688722
0.0980873393688722
0.0
0.0
0.0
0.0
0.0
0.0
0.0
0.0
0.0
0.0
0.0
0.0
0.0
0.26665898794270326
12.799826164543763
12.799826164543747
12.799870285694354
12.799870285694357
0.26665347279887697
0.0
24.061482951704594
41.97344203258784
41.9734420325879
41.584666735080276
41.673239338493616
23.967053821391403
0.10122583247235774
44.634024232793244
65.2158356630903
65.21583566309029
68.88434421434305
77.80206295184877
33.723324094374874
0.2753969139778267
58.02055531942653
87.35826386017752
87.03694000808065
71.74882499076446
71.94945837043942
40.75676462715759
0.0
52.33857322871501
65.11022005921454
65.1239299040123
70.64319635378953
58.20138072835273
59.666268712908135
1.5463993339466116
0.0
3.465831215223298
3.465831215223298
3.9005775146272024
3.9005775146272024
0.0
0.0
0.0
0.0
0.0
0.0
0.0
0.0
0.0
0.0
0.0
0.0
0.0
0.0
0.0
0.0
0.0
0.0
0.0
0.9150521156176694
0.0
0.0
0.9126693399717889
0.0
0.0
0.0
0.0
0.0
0.0
1.0611110735444533
0.0
1.4442111767149661
14.383217763193077
0.6651231727118805
1.247105948834776
1.247105948834776
1.247105948834776
0.0
0.0
0.0
0.0
0.0
0.0
0.0
0.0
0.40606969232017676
4.477011335215808
4.070941642895629
0.8806916772784509
0.321893293086061
0.08498831516341865
0.8058419582318685
1.5109536716847536
1.5109536716847536
0.0
0.0
0.0
0.0
3.7332258311978457
3.7332258311978457
3.7332258311978457
3.7331486191842793
3.733148619184279
3.733148619184279
0.0
36.09222442755689
36.09222442755687
36.09222442755687
35.6658830782586
35.6658830782586
35.6658830782586
0.08857260341331302
53.39262008658444
62.23637536113435
52.43254802041047
43.21781309061161
39.05706846178505
49.77099002293508
0.24097229973059836
61.423380885646395
77.25078183001504
66.60002082112851
63.51635508434644
60.18802153721356
61.13514688025135
0.0
58.3568683329209
58.10244634811884
62.64246623278641
60.1609233659923
57.36741393940258
52.207985123794614
1.353099417203285
0.2589009008072525
0.11045916478481045
0.4347462994039044
0.0
0.0
0.0
0.0
0.0
0.0
0.0
0.0
0.0
0.0
0.0
0.0
0.0
0.0
0.0
0.0
0.0
0.0
0.0
0.0
0.0
0.0
4.3074346641927095
4.307434664192711
0.7109214609433337
0.0
0.0
0.0
0.0
2.582598731764527
2.582598731764531
0.0
0.0
0.0
0.0
0.0
4.559681234505037
2.0781843043141888
0.0
0.0
0.0
0.0
0.0
2.68691760686241
0.4626433889236212
0.0
0.0
3.641297515335619
3.6412975153356135
0.0
0.8753799392061659
0.3165815552971263
0.07436477576799133
0.7051117134528854
0.0
0.0
0.0
0.0
0.0
0.0
