1.2118654761702319
13.348753753888843
12.982399956681025
12.915343237598151
13.193156329782482
0.943801587753271
0.0015860634667024514
11.718689914588792
54.1917104480645
52.09928439401159
43.67599295255527
42.22421671139808
27.149857441871738
0.0
21.291367176212855
77.54978680906818
73.5760758399221
52.71834023759663
66.62470360934586
53.63972708915783
0.30409142218833113
71.568948475194
82.75121044223864
88.37961105398502
93.14141082786371
95.26298327076981
91.99141171038248
5.541418210639463
50.9594267118312
73.47358052787737
71.45186552495673
57.3898351952142
56.20848404869984
52.57923067443869
1.851543645002869
3.761687213109912
3.1528917914112764
7.178017315611058
20.374400151488267
20.38821955369945
0.13886121852837569
0.0
0.0
0.0
0.0
0.0
0.0
0.0
0.0
0.6088058589720611
13.15486805069616
12.788514253488323
12.730028625200802
13.007841717385132
24.76275014138367
34.547638410639664
52.933347996587685
50.840921942534614
43.675992952555276
42.22421671139808
59.13054568824914
49.85061465314612
75.53430155611369
71.5605905869674
49.59037764429515
63.49674101604437
64.61638316946562
0.0
89.77960519513063
94.86977554665279
96.23536744782282
100.00000000000006
100.00000000000001
11.245019962212403
73.57080474515219
74.52326002844046
60.78086288906281
51.78542158555119
78.08923201561316
0.0
2.865663337491372
7.178017315611056
20.70453449403894
20.71835389625012
70.34860143973117
0.0
0.0
0.0
0.0
0.0
0.0
0.0
0.0
0.0
0.0
0.0
1.271755608581531
1.271755608581531
8.084289753735714
0.0
0.17380422949686902
0.2527573086455114
0.6355843489995101
7.198989735183433
7.198989735183433
0.3790484211765558
0.05552720046767453
0.0
0.0
0.0
0.4162673829465208
0.4162673829465208
16.3127847492214
0.0
2.3548369257307313
2.4813697937378794
0.6002015781333825
4.32223623701366
4.322236237013666
2.549548456295243
0.13797715077231823
2.8645406536279236
6.052303852149434
5.467346605590576
5.761409281686697
3.7894434356037867
2.0103696735081082
0.0
3.663895504079049
0.0
0.0
0.0
0.0
0.0
12.886340799609368
30.09538428137852
1.7963399844173464
0.0
0.0
0.0
0.0
0.0
0.0
0.0
0.2014661973213593
0.0
0.0
4.791739464316962
0.0
0.0
0.10436833784340024
0.6609996009677276
6.460380524905137
6.460380524905131
4.324150053156407
0.05552720046767453
1.9708374066747247
2.470358266210537
0.499520859535825
12.757281813422448
12.75728181342245
4.1065568738451175
0.0
0.0
0.4870788167217602
0.4870788167217593
4.725693302606034
4.725693302606035
0.3247192117978984
0.13797715077231826
2.4116396756858243
2.4116396756858247
4.77126947159191
10.619529069686944
9.500550163497229
0.0
0.0
10.159310400600841
10.159310400600843
0.0
0.0
0.0
0.0
12.886340799609368
0.0
0.0
0.0
0.0
0.0
0.0
0.013879578445112546
0.013879578445112546
0.07749461239483084
0.07749461239483085
0.013879578445112546
4.184852107475668
0.0
0.08739421119569997
0.853824226889541
2.2958285907516314
0.7652761937446901
7.947421937543966
1.2153867217304175
0.0
0.0
0.6222712249525538
0.5143140010154071
0.1714379914064064
0.9354427481355744
0.36054595066478917
0.8546983033891707
23.526402760094204
5.8034183667618855
6.73543142776095
0.17231739619157926
1.8428388673824316
2.7779266228366106
10.572637762402996
4.930485575805543
2.041282345065747
0.0
3.2031570798509614
4.108321716775708
4.022818228320363
3.419375110603601
3.4193751106036014
0.13886121852837602
0.0
0.0
0.0
0.0
0.0
0.0
2.5028623458087917
2.217590167475254
2.132742735119725
2.2077352189764463
2.0877870694876037
2.038460736370856
0.0015860634667024512
16.921961365172457
14.831338117315854
15.283991330108684
22.83010567426482
52.815974254861516
33.939889809663434
0.0
31.993062121463836
29.234295298780665
22.79260900745413
42.85339688495519
35.56980707947942
48.887593726354055
0.3040914221883312
53.15568975303941
98.42885195805898
99.80368985501292
96.49559335771005
96.89276499353006
91.62994207943993
4.433134568511571
47.889600645622245
61.15703597084318
61.83463134572225
65.53303893692015
60.573907348456956
43.6493763913559
2.5881972856932736
15.597538249759205
26.775482259564136
23.091422246247998
1.225295191989897
0.4405822289563793
2.3606414289431177
0.0
1.9001100326994462
0.0
0.0
0.0
0.0
0.0
0.0
