1.071225796815121
12.187811604759522
12.268131774276007
12.11896827368441
12.118968273684402
0.47335286076196614
0.0
25.897567798620777
44.05492590415656
44.03710225646294
46.260173507865446
44.91355808497773
26.44831785030194
0.0
45.228602851985784
99.99999999999997
99.99999999999999
100.00000000000001
100.00000000000001
46.587729225351325
0.0
54.94623539789469
96.90172242117637
100.00000000000001
100.0
100.0
53.311374189147436
0.887952602741968
49.242686408570776
86.09018108718986
86.18298795401543
100.0
98.82547222253417
61.44935217131852
1.646984667274675
0.07778305814168666
1.195653867143095
1.1956538671430952
1.0061603948423246
2.9314080608413193
3.8504953319979895
0.6417492134786816
0.0
0.0
0.0
0.0
0.0
0.0
0.0
0.0
12.187811604759524
12.268131774276007
12.11896827368441
12.118968273684407
23.990647172700697
0.0
44.05492590415653
44.03710225646294
46.260173507865446
44.91355808497773
63.90511220688302
1.08962974288015
59.90188748897301
64.46971881078346
77.30748418266727
80.84737787513964
96.8338163653296
0.0
65.93958337768125
73.36653078452088
61.18629269885105
92.97836447814693
92.97836447814691
4.3011007494086835
34.84051609979259
34.1719329135949
5.6996037278062905
4.3800054666082024
99.99999999999996
0.0
2.7020558277562645
2.702055827756265
34.963344758864366
36.888592424863354
100.0
0.0
0.0
0.0
0.0
0.0
0.0
0.0
0.0
0.0
0.2802736670625806
1.2612316645378163
0.0
0.0
0.9142034972917006
0.008581922916404507
0.07958652645071893
0.07958652645071893
0.26659381491955036
2.2640902063175163
2.264090206317517
5.177603872682036
0.05382793279780353
0.0
0.11984521967916674
0.11984521967916675
0.7043243764034373
0.7043243764034371
1.03639681848031
0.004917009411407596
0.0
26.736434741230703
0.5665484515474014
6.608101201410527
6.608101201410527
2.2615732360907197
0.043682833016309194
0.25846810559255085
1.0047526124309303
0.043682833016309194
0.2255556559174599
0.18187282290115064
0.0
0.09216592816834861
0.9089775667102589
4.582736213322243
4.008509127496947
0.9785740961056312
0.3480855189570431
0.1484363456386481
0.10726632659230728
3.1851332800109975
3.185133280010996
0.4619216049375
0.18476864363629858
0.0
0.0
2.5039309813024824
5.295119784471005
3.4217978484237435
1.8714159864975244
5.232512832990825
3.61298833774343
0.0
19.463847052518656
49.14999897065984
31.950983891039392
22.03984631173443
51.380093462672086
33.45679437848748
0.0
54.124119913096585
68.57899731318145
74.27350962056241
66.01840145385806
60.9744358133712
50.54479501425741
0.0
63.67627405344451
74.10587977552528
67.78501441164065
65.9375110282624
65.50966199199479
53.885601274972736
0.887952602741968
55.638588506494436
58.427585512469214
67.40315122487061
79.6834008673994
69.90324153246519
61.44935217131853
1.646984667274675
0.308093585643374
0.07778305814168666
14.989914415237777
0.32668506372045664
0.1032642354022883
0.0
0.6417492134786816
1.013458110965298
0.0
0.0
0.0
0.0
0.0
0.0
0.001964819566457601
0.009353525179208759
0.031197094856277332
0.013105759416028984
0.004367852819872572
0.31981411040011726
0.008877786057080823
0.2802736670625806
1.2797264119014495
4.039846217662
1.3466153922970092
2.8764466076749433
0.08895707227675562
0.0
0.0
0.0
0.0
2.70063241284537
0.04412665706764864
0.0
0.0
9.630685941729352
2.084409671667645
0.6309468498598687
0.0
0.0
0.0
3.9395756526423225
1.4509308387620523
0.4836435944726125
0.1313653826303319
0.19435782902071494
0.24130080742990154
0.2568861452854838
0.15304835734778433
0.08736566603261839
0.0
0.0
0.0
0.0
0.0
0.0
0.0
0.0
0.0
0.0
0.0
3.2955450291616866
2.034313364623869
0.0
0.008581922916404507
0.21238237701720733
0.21238237701720714
0.07958652645071893
2.7048752707393504
2.7048752707393504
0.0
0.05382793279780353
1.925844453367639
1.9258444533676398
0.0
3.095899005989804
3.0958990059898044
0.0
0.004917009411407596
0.16741969212982957
0.23365898606489122
1.1993361868024672
4.1587215263305035
4.1587215263305035
1.2481151251254219
0.043682833016309194
2.6704246005647074
2.6704246005647088
0.0
8.15362280077964
1.013458110965298
0.0
0.09216592816834862
2.798890014438047
2.798890014438047
0.33475048088496
0.9628036945750988
0.33231514086135006
0.017070963008316235
0.10726632659230728
0.46192160493749973
0.4619216049375
0.4619216049375
0.18476859155480804
0.0
0.0
