0.0
1.3101543255235457e-07
3.0695790882810214e-08
1.341542184567474e-07
5.537250081692949e-08
3.671965512836453e-08
3.626433395965907e-08
3.596824228152686e-08
3.7496570138263646e-08
1.3277074405531692
13.656250803677704
4.2802682455188505e-08
3.890500110272716e-08
3.6139631832647406e-08
8.104601207568257
0.0
5.7594081054387996
11.800993071073355
5.286061499617988
4.334241643944148
6.9909301301798745
20.778222062252006
2.976596979699896
2.3285975687939592e-08
202.70729557776812
8.061382660194628
118.38090862493688
6.381306970487558
6.577108924741751e-08
3.3930325928084972
0.0
1.9262138558461643
0.032652666756335526
8.23345862928875
11.957811989835577
12.863040021412452
9.01468241379454
50.01129671295927
11.430141690243266
15.638740082033365
226.6279817570686
4.245388696702007
2.6929316009585257e-08
0.8013762793994357
2.0878689393986326e-08
0.0
6.676383034217009
1.1184498989807097e-06
0.827415404121929
6.503309268691989
0.827156574630147
9.20328680889177e-09
63.03631524994211
0.26714240242301446
7.534280926022774
2.897391775493756e-07
1.5462811629003072e-07
0.0007512439914909507
3.5001734150125426e-08
0.6419020259204193
0.0
0.00022355078144170815
1.2277456524489682e-06
0.054912058780697666
1.4614183464426253e-06
1.5553033593663457e-08
5.024389552835801
7.576792634341274e-07
0.0418498500642545
3.955433004026582e-07
1.575427054436189e-07
2.9272684003264886
0.3554882225452963
0.1688384079357676
0.00045191880983569443
0.0
1.1661336280205477e-06
0.043104825979239196
2.1390209376128946e-06
7.233247005284781e-09
10.84514692848145
2.005412598488858e-06
0.03676020167443245
2.3580176085086978e-07
1.305041073257781e-07
0.02688705250800326
0.010302309347709435
0.00958609445961224
2.261724963060002e-07
0.00010549164823206943
0.0
1.0316923929885867e-07
2.2930504458461314e-07
8.000316319326826e-09
4.211703705064246e-08
3.705942535897234e-08
35.46278528406586
4.79929475373783e-07
1.2364164240574574e-07
0.0007323049988881964
0.0007317144629354264
0.0007182209467554512
3.9610315479989367e-07
0.0002207265872000324
0.0005055026771046624
0.0
6.222620970651164e-07
9.971810103065257e-09
5.335337301699653e-08
4.4597891783343926e-08
1.6059434972141946
5.631994438529348e-07
3.387894525256293e-08
0.4622944426844668
1.372875748820097
0.010740177879466368
0.007248226479325428
0.00013924855927422846
0.007246817461997701
5.986012993833489e-08
0.0
8.058050149952166e-09
2.6318032544001215
0.0001540050087729409
3.095276170643463
0.3052915062859765
5.228957928165466e-08
1.0616224497790938
3.309718949781641e-08
0.0007450237542527931
1.511256652835725e-06
1.5003065917637113e-06
7.982372970479564e-07
0.07638806293523571
1.4603590592015655e-06
0.0
9.478729902288073
7.586212426602493e-07
0.05300157711337304
3.598926390045284e-07
0.0021871380709543517
1.7139257506174627e-06
0.019846014754841025
0.00044633656695904664
1.2653428855252094e-07
3.0674910492467844e-07
1.2230915286322293e-07
1.8810633993041704e-05
0.0007320811339133427
1.2221777012001567e-08
0.0
0.0010949033802992772
0.08975385386393926
4.1866678169302033e-07
2.2569465111383894e-08
1.4119137016081417e-06
0.2557479411253077
1.8619401594554255e-06
6.602077457455134e-07
1.8767692911897026e-06
0.09576056421747765
0.011065670001904091
3.6905632083361766e-06
7.579192863918934e-09
54.68282621927504
0.0
0.718977112185267
5.25125281914843e-07
1.7897951769220954e-08
0.0005271123146157299
2.8044212841100753e-08
2.0015347236710066e-08
1.48810676678904e-07
7.746523485405534e-05
3.7045469507634916
0.0002680602770058748
0.8986905535083336
8.31434943937302e-09
3.451572757006373e-08
0.0002717180402591038
0.0
0.0002273252251526149
1.7723800354054163e-08
0.000263838703071796
1.6991033519976612e-08
0.0003857415577966759
4.5515455486626725e-08
8.060151172513529e-06
0.28614783309165515
9.681653597052454e-06
0.056160285195055254
9.202014286483169e-09
0.005862733934329544
1.9692728962856692e-05
0.0003919064937054893
0.0
