0.0
0.0002994530338497305
0.0011944928128535797
0.0012713648537449609
9.666254953345257e-09
8.722056199660904e-06
4.660215763979338e-06
5.639011243213741e-06
4.946749250071684e-06
3.983169852578334e-06
2.0158864371525747e-09
4.217930257339771e-06
4.470916723326155e-10
2.6802953582489357e-06
1.8261373111171924
0.0
1.8261175675739647
3.4683143030674133
0.9131682149782572
0.6531605036284176
1.04927670487381
1.8711842774997967
1.0493108481392621
2.483773950188861
333.5926699344302
2.6946170187984882e-05
46.95236369458544
1.0861764512318623
0.00011195584176526598
0.6901165864720084
0.0
0.6901164601219312
0.43754065653544755
8.800054388371803
9.23296069277835
3.732920725204931
5.904801481847302
20.45498058656694
54.3192094261729
19.842382573872502
264.1375296002751
1.8138844905825455
0.8663215388043038
1.7303972117506947
0.0002131931295292616
0.0
5.50672949757176
4.542140719191034e-05
2.5854070768814457e-05
0.02982843298252897
4.325506504974131
0.00010675111664605946
10.657143110068343
9.390599518115856e-10
2.698121768345579
1.223777650561372e-09
0.0001282100420230404
0.0020816137213412926
0.0001465965734408908
0.18788998709248547
0.0
0.00021652764590376292
4.974708328665675e-05
3.652342726241892e-10
5.269977768629778e-05
4.270275429607166e-05
2.743267206447139e-09
3.034187045501006e-10
2.188626585601839e-08
6.349945138119882e-09
6.39946933149381e-05
0.00022199881615920245
0.0013618415067715647
3.937007048357242
0.0005268520248978342
0.0
0.0003681538304398039
0.0003007944873590995
0.0003390486873958249
0.00014388033145860816
5.1314326120492755
0.00012046496863453237
1.2500481102324033e-09
5.9604977976579765e-05
6.880710622343961e-09
0.004409642227693558
1.131742976634341e-08
6.786596510849273e-10
7.911624199297888e-05
0.0006678998368368067
0.0
0.0004804081617033879
7.604672032088676e-05
5.9248593366790706e-05
8.013574702891773e-10
6.303303798745917e-05
1.0796820870274427e-09
7.044375738387803e-05
1.1813068247372776e-08
0.0021539831227564213
8.590746319417576e-09
0.0007083927124570935
4.475278790036318e-05
0.0003316172268484767
0.0006165617482430214
0.0
0.10848290743179963
3.5067305161274676e-05
6.27061250495425e-10
9.729695174736017e-05
10.984877392157019
8.334326869156321e-05
0.0007386026320560223
0.00039846079536276274
1.2472218320779502
1.7177551814711616
7.837539612246096e-05
0.0002387465810107632
4.998459342293342e-05
1.2592518767730961e-09
0.0
5.9459261235705845e-05
4.1594299117048156e-08
0.00015500735692190677
19.184512126717337
0.7037529323971955
0.001119320354689082
3.602393704497825e-05
0.00014784946114426064
0.00030413668581325204
5.3056508389278864e-05
0.00021710644335572556
0.001410119131434404
0.0006701665531396233
5.2585854217337855e-05
0.0
1.2973838838786924
1.7958738259795e-08
3.1367017810148503e-10
6.414075735449842e-09
0.002033726884121668
2.9882225672574394e-06
0.0011000591763892357
5.17793521360629e-05
4.224159201245757e-06
7.878329330323946e-05
3.985336303259054e-06
4.379035125762756e-05
0.000453339670946918
3.2212973817257235e-06
0.0
0.0006730645787241741
0.6696571977292795
4.277727863565245e-05
0.09926524564413222
0.000737254392722877
0.0008117726970697547
0.0004310347889708198
4.6723579713289206e-05
0.0002568779741238318
2.425836675382393e-05
7.158294302178002e-05
0.00040191229427106605
3.5889731469986464e-05
3.4807637605122106e-09
0.0
10.950486774056811
8.367962046565135e-05
0.0022043828294377368
0.001120236777784547
4.129167697495655e-09
3.5042120158118364e-10
2.0931700216454067e-05
3.245357062929264e-05
6.94819570727964e-05
0.0003847974074533601
1.4451221257252103
1.692141011196427e-05
5.602036852822395e-10
0.0003784611403603106
0.0
0.00020055360123386474
0.002245281012069952
0.0021792581237890392
6.881796521002044e-10
3.5558860571337467e-10
3.7263604082656e-06
6.00474734947661e-06
1.4702438043249727e-05
0.00032461468418052954
1.7617738746177347e-05
2.9738588949536005e-06
6.33157499365675e-10
0.0001858938168893476
0.0009061790484327962
0.0
