0.0
1.48794514306688e-07
2.6447779484595343e-08
3.5941237498308295e-08
3.813335914586686e-08
2.5721777118824834e-08
2.4825018972113507e-08
2.5916919952242027e-08
2.623609579294633e-08
1.7421456386050265e-08
0.058357925520381757
3.0321718292211386e-08
2.6594310892722387e-08
2.34598847822199e-08
4.545824280434319
0.0
3.256141900133444
9.614415971287258
3.0350239406096096
7.285633395438887e-07
6.983056725404193
20.65214112712233
0.9304579469101928
3.8542888394134858
173.55274367541676
0.2922971611686682
168.13557985891504
4.8222855307636605
3.5173586052660556e-08
2.748534953630789
0.0
1.955682829626646
0.032667506290282276
12.232490050299571
7.959312235379537
16.148217934553234
8.485010624465914
44.30518405150998
11.362535498403323
30.086016006935623
220.21823492850984
9.411221088623229
1.997674863050625e-08
0.8742673625613876
1.990582424303617e-08
0.0
5.32429339801854
3.0585160961650215e-07
0.8868073530676825
6.498917552996641
0.8891756687570291
6.142769746611454e-09
60.237873462059966
0.28820034262848265
7.467758683155749
1.281666484840471e-07
0.0002659022044030394
0.0006835128564791283
4.074836190713463e-08
0.5009783175822896
0.0
0.0002062795964176785
7.836517103747701e-07
0.054718411659244515
9.417576403728967e-07
4.6513764941396963e-08
0.056298800195129575
4.89688374186099e-07
0.04225419724164146
1.5019472547325466e-07
7.235903127009065e-07
3.5036335271217722
0.1515879182571257
0.09520831259625359
0.00045811670226854296
0.0
7.526867274770041e-07
0.04298716479639002
1.3756385739922547e-06
4.8917116965179625e-09
6.270372380947963
1.2963782622585557e-06
0.0368388791377392
1.4311136828099392e-07
5.780393831357164e-08
0.04702220900441286
3.339044434960881e-06
1.0328778442252725e-07
1.2323785345282541e-06
0.000141453316229551
0.0
1.564356878687175e-08
0.9413654215567592
5.3298142512301135e-09
2.0842981446899927e-08
2.3320755888374758e-08
35.88719273251056
2.543835639717498e-07
7.004094522257702e-08
0.0005116669457199272
6.025464213288333e-08
0.002096957056943462
5.1435514724206504e-06
0.00028910584764183075
1.8827284278221944e-06
0.0
4.689650980742187e-08
7.777924757453156e-09
2.5199478757762212e-08
2.7281456197764327e-08
1.6149511018896128
2.7615795781749485e-07
7.6363654285264e-08
0.1878533438170586
1.1083834704367796
0.007952161462919093
0.00725998421196945
0.0005013935993455524
0.007258574244955712
4.523086352266481e-08
0.0
5.461898394266817e-09
11.302411355739432
0.00011520527537368848
7.367949609065903e-08
1.744220129507741e-07
2.0568982789116764e-07
0.4672412998591145
3.696084029701962e-08
0.0005620886947946059
9.479062740457804e-07
9.659711767072473e-07
5.144767743722496e-07
0.0758845290423816
9.401457512502766e-07
0.0
53.83000633447293
4.889744580901413e-07
0.05390225617793859
1.4559129448685914e-07
0.004030815645669054
5.640418178978347e-07
1.8724620104750995e-08
0.0004475335568318722
1.0104842171997094e-07
7.753736495435176e-07
7.479750761005706e-08
8.84417974084354e-06
0.0008864860348761903
7.512837903453804e-09
0.0
0.0012859899652886441
0.09176768004803923
2.0700067535743112e-07
6.624826985348731e-08
0.008096467162471668
2.0133201885129306e-08
1.4562362881321452e-06
0.008106375145508838
2.0040628853139544e-06
0.25395730170948805
0.01208110629501864
0.000504518304640775
4.621764476236378e-09
62.94509287480284
0.0
0.680350394058963
2.6375794541988687e-07
0.35340666294881445
0.3375570505761911
0.15210598324430832
1.0274833519547751e-07
1.0979508721254224e-07
6.596570363351854e-05
4.537757759468369
0.000238250686820644
0.9475379616903458
0.06880920509004633
1.4470458396425531e-08
0.00024088039695966312
0.0
0.000805370679807061
0.07848776731996918
0.07842157308638374
0.06472310006285918
0.0003954263822894526
3.9709660196420167e-07
1.0637336705532484e-05
0.4250021904400692
6.243567459927705e-06
0.08345165710225916
0.048309225078694375
0.005505045999498395
1.3617884592680381e-05
0.0003309297348621617
0.0
