0.0
0.00022679963690888584
0.000904846367193413
3.5904324152319734e-09
1.4175474076046208e-09
6.6068528135558e-06
3.5300464941812235e-06
4.2715528862920064e-06
3.7470907819279093e-06
3.017074624885856e-06
4.805628996324376
3.194241026531288e-06
3.762760658514253e-09
2.0321528008747187e-06
3.040482678650796
0.0
2.0214985393535017
4.293766310289503
3.0405352552088107
0.22634739157456568
1.0820974044299618
2.17364315438083
1.0820772147806443
5.640682993240892
250.46118267691296
1.346097822460923
117.80299183992926
0.9923411455370887
0.02457310448766184
0.9414127073234696
0.0
0.9414125926274257
0.6483879845285204
9.521803320187837
8.375812160064854
6.8940817880967025
8.375834089784833
16.354157245721034
133.87515940532145
15.888294066774844
182.63131205004873
2.2549229248393856
0.8717503433882703
1.7662875643886624
0.00016151636991871014
0.0
4.507840876948567
3.4406840021326175e-05
1.9583999233118495e-05
0.0003081072899614438
2.0694010342095075e-05
8.085890774395431e-05
13.964645077801869
4.4675277078069163e-10
2.1991298483834996e-09
6.788604016570237e-10
9.712564768185192e-05
0.0011444494460659809
0.0001112397697756195
0.0021595443975719153
0.0
0.00016422108021360864
0.0003128185034051188
2.0372864988102975e-10
3.991975099695555e-05
3.234542966031506e-05
10.73994206710924
2.4825922697934595e-10
4.932901631473827e-10
9.255038796366605e-10
4.847369012674696e-05
2.517084698537489
0.0558425076466151
3.427903350762663
0.00031115274368303614
0.0
0.0002787643854625922
0.00022810078470329723
0.0002562579368338787
0.00010898511816322416
1.6052273352342134e-09
9.170192604449331e-05
8.836469644692631
4.510087965067303e-05
2.3700424081390467e-09
0.0021899973510627322
0.7614771209896143
1.844129661695382e-10
5.9980085251512736e-05
0.0003471479875091599
0.0
0.0002047434663028259
5.7667936577217665e-05
4.489820890075946e-05
2.9996992902795033e-10
4.769948542172062e-05
0.4753726362816273
5.3308866412934885e-05
6.776539405287538e-09
0.0018431070163005925
6.307272689325522e-09
0.0005366453073099768
3.3935397411647704e-05
0.00029708304949029583
0.0005133155161818823
0.0
3.284024158836942e-05
2.657916365571026e-05
3.0096065484357734e-10
7.362494235509124e-05
11.795883362616426
6.306589762554789e-05
0.0005554752851139431
0.0003018553161207728
1.006718282969333
1.155114560240618
5.938535984927223e-05
0.00018671342559564485
3.786347233422021e-05
3.597416477663666e-10
0.0
4.505826071030294e-05
3.12346487637354e-08
0.00011742012156611692
24.261904557306153
0.12773443457342148
0.0011228623122961482
2.728628408809511e-05
0.00011198408109578023
0.0002304357857372614
4.0189615880587487e-05
0.00016467189129274547
0.0010698943075403372
0.0005076927697870178
3.983232261702165e-05
0.0
1.8399047264480254e-09
5.59782023652903e-10
3.0000051777027256e-10
9.55269963012e-10
0.001553745579840652
2.262653476646883e-06
0.0008332768495917279
3.9224944458086346e-05
3.19931253231288e-06
5.9646280680057245e-05
3.0168978458895138e-06
3.3725238697014045e-05
0.00032255176215594526
2.4414723631761804e-06
0.0
0.0005101495900554326
0.7372427065892786
3.235962646081791e-05
0.342844879687248
0.10001987852924459
0.0006150252988111882
0.00032654056628848496
3.5409883125346044e-05
0.00020730472802054677
1.8376082980062564e-05
5.536484094634258e-05
0.000343994458241795
2.7203781857355843e-05
3.136797863764045
0.0
10.568262505781572
6.331837411163107e-05
0.0016666705340661098
0.0008486188367457328
3.1290667481319706e-09
2.863951304301667e-10
1.5867025744030455e-05
2.45882627753777e-05
5.2634847409405015e-05
0.000296379664552316
2.1060097810098597
1.282513579135705e-05
2.890231916581126e-10
0.0002867633183567742
0.0
0.00015198762697397135
0.0016996631997838936
0.0016332856611923766
5.214660916708143e-10
1.8278038272695617e-10
2.824290715445706e-06
4.551425946212072e-06
1.1138242431294365e-05
0.00027579665864982514
1.3346665081705889e-05
2.2540381773422816e-06
3.3195734467849984e-10
0.00014050605072258852
0.0006860234989450567
0.0
