1.0712411098667187
12.187905529001386
12.26958593706305
12.132382084569247
12.132382084569256
0.446990540783346
0.0
25.89908046814172
44.067547041241575
44.19131071532399
46.057696147141385
44.83277080528385
26.522918998708242
0.0
42.00463479646504
99.2175465458566
98.37068881400734
99.99999999999996
100.0
50.579067002649275
1.2142059979293294
47.79912555439055
100.00000000000003
100.0
99.99999999999999
98.3164018519925
68.72655139923366
3.2244056956384877
54.95364202373093
91.0999421439112
92.55201196202663
100.0
99.99999999999999
77.24157439982065
4.68978014277192
0.0
1.9923932333637138
1.992393233363713
1.555784130147067
3.6317421364431635
4.626295305278545
0.7710491029826841
0.0
0.0
0.0
0.0
0.0
0.0
0.0
0.0
12.187905529001384
12.26958593706305
12.132382084569251
12.132382084569253
23.990794711365286
0.0
44.0675470412416
44.19131071532399
46.05769614714139
44.83277080528385
63.90307370731598
0.0
57.82497721740171
56.978119485552426
70.59629667438043
78.84357370864888
99.99999999999999
2.900897680826535
61.4922862181334
61.99334021212768
53.00840765000834
100.0
98.3188484911764
0.0
36.193196110616036
37.645265928731284
8.8848298414607
55.03199687715805
85.30246479066716
0.23617925483337307
1.9923932333637135
1.9923932333637133
1.555784130147067
3.631742136443164
72.40920223363564
0.0
0.0
0.0
0.0
0.0
0.0
0.0
0.00039057733209635505
0.00019528866604817753
0.0006499050602417894
0.008798459028397685
0.0
0.0
2.982871819335407
0.004050885755325778
0.0
0.12443128535190094
0.9441998742025789
3.0752925057018823
3.075292505701883
1.5619395005348815
0.05378044676228884
0.0
0.0
0.0
0.0
0.00024319488180101138
2.003334933349082
0.09733519460070884
3.42012589770823
3.8161649598944534
0.8452125396933023
0.38678042559804704
0.38678042559804704
0.38678042559804704
0.13856966813220725
0.0
0.0023475670081735747
0.013745652063485863
0.4035801476940726
0.4035801476940727
0.05035905172513884
0.17600521824076826
0.0
4.089310754153606
4.089310754153605
0.9973315740471269
0.3721338488045619
0.2381426637506758
0.12887847452609044
3.8268765536883973
3.8268765536883977
0.5549897689425005
0.22199589833852845
0.0
0.0
2.503921694371271
5.295325531119358
3.4246978475754357
1.8681000987954404
5.293146853685898
3.6405840513515972
0.0
19.463719892465416
50.314955344584114
32.27715731697675
21.674775731240793
51.26191083448434
33.49087664789468
0.0
52.814382904733385
68.4095664479771
62.63229755970784
54.826473420100314
50.57906700264928
50.57906700264928
1.2142059979293296
60.70868083034628
95.46414479378234
88.21518808118728
87.11866183156914
82.11051713123037
69.23081770644232
3.4493368801313626
56.74080292503304
59.36524911610623
57.88509395543059
88.18435492576037
87.29596459638422
76.73730809261198
4.464848958279047
1.2692442404134945
0.04475649942941593
0.23178704965935532
0.710558286479153
0.23617925483337288
0.0
0.7710491029826843
0.0
0.0
0.0
0.0
0.0
0.0
0.0
0.0004546163941936119
0.01091835772478421
0.02780581834979248
0.010133135727077008
0.003377262007268854
1.693715446884847
0.02132278333807314
0.12443128535190093
0.860361471123153
3.6747754270721176
1.2249249875402977
1.6937152903025654
0.09086792994647601
0.0
0.0
0.0
0.0
3.679881159395069
0.0
25.052457285315818
0.7574030375210914
5.968827984683096
2.043324405993441
0.30822956001401247
0.0
0.0
0.0
2.975235205779126
1.029133227954957
0.3430432747023779
0.05522337616329085
0.3221424435568024
0.43436203852213284
0.46307797650002364
0.16382783130475384
0.0
0.0
0.0
0.0
0.0
0.0
0.0
0.0
0.0
0.00019528866604817753
0.00019528866604817753
0.00019528866604817753
2.081151922877588
2.081151922877587
0.0
0.004050885755325778
0.14614297421795874
0.14614297421795885
0.0
4.055196766152169
4.05519676615217
0.8603614711231529
0.05378044676228884
1.9241414018831209
1.9241414018831207
0.0
0.0
0.0
0.0
0.09733519460070884
0.0
0.0
0.0
4.597887001256684
1.7808107698296052
0.0
0.13856966813220725
4.711369283804065
4.711369283804066
0.0427429917929685
0.05035905172513884
0.05035905172513884
0.05035905172513884
0.17600521824076826
5.984178421319348
5.984178421319347
0.0
0.937795576645942
0.3125981600119893
0.0
0.12887847452609044
0.5549897689425005
0.5549897689425005
0.5549897689425005
0.22199569485293738
0.0
0.0
