0.0
0.000304317687893741
0.0012142669872833294
0.27589396836028673
1.0592615966509853e-08
8.861102315184201e-06
4.750564686582377e-06
5.624840315176436e-06
5.037940043328998e-06
0.45693026957018623
2.4200001725930016
4.293015374599378e-06
1.7825986783176579e-09
3.03735912398572e-06
1.5390293628843035
0.0
1.5390121696036458
5.159634679930692
1.329589801762913
0.03957020857953736
0.29811640189942007
1.3030109684556186
0.2985015004914637
4.048363124335479
336.8372257828508
9.033915341520986
37.4401414186204
2.2133821600386976
0.00011256348916031378
0.5676034912010292
0.0
6.814804985628341
0.1127410412313512
9.299584557980566
8.108291693624489
4.036198849587326
8.107902989023215
14.979372904182277
51.13494263635165
10.72951990211909
277.87004474804775
3.1042975581079572e-06
0.4957974510392235
0.9891395651662291
0.00015791840590105067
0.0
2.606772009169695
4.612878354168669e-05
2.6199181131609302e-05
0.0004118835984219038
2.767687842177458e-05
0.00011334057026671522
17.404386192153538
3.1452203675653893e-09
7.91726436901485e-10
1.709712385689534e-09
0.0001304847346523457
0.0018133970541820456
0.00015646544478990302
0.0018297675875923209
0.0
0.0002201535611432115
5.044957436152197e-05
5.861406798991543e-09
5.344415105585599e-05
0.00041161098792943365
0.26242229628082137
5.777664002287033e-09
1.5766099722270883e-09
1.1805467211642864e-09
6.511698353342047e-05
0.48472469892005643
0.0008311134211045194
1.3693398258542124
0.00026978964466299507
0.0
0.00014812128510941825
0.04190831862615245
0.00016698404793268274
0.00011584673129199944
2.5241770659137543
0.4852407589529162
9.432705772928228e-10
0.19875794229877136
1.3836249576785172e-08
0.0021713027788911967
1.4231840421566227e-08
0.10579589443116569
8.395035677663762e-05
0.0005057515120356797
0.0
0.0002627605697792335
9.162880809679209e-05
6.021973604342993e-05
1.7690800608662055e-09
5.177294650683401e-09
1.5054779758569306e-09
8.591949262854602e-05
1.307513089479669e-08
0.002205965230637874
8.013074368620894e-09
0.0007372569239836726
4.681950880103576e-05
0.00035906257092006876
0.0006279698980467491
0.0
0.03091892861792528
3.546654028468817e-05
5.114671363175302e-10
7.267815048502942e-09
9.044736327911497
9.762334364213502e-05
0.000419264114281843
0.0007336375201793974
0.45280968870186955
0.8140451454835169
8.061769972055526e-05
0.0002937258099745406
5.0711916391234376e-05
1.5091699156670426e-09
0.0
6.036708276111006e-05
0.8151398527116127
0.00015764856776911528
23.69902073780715
0.4604864457930007
0.0011351755132047944
0.06550938507661658
0.00015757469889242172
0.0003093312250386958
0.13098752760358703
0.00022077235129406477
5.0347762232665594e-05
0.0006798767578075978
5.333009118268088e-05
0.0
5.876611943542187e-09
4.344227828200151e-09
1.5299555873565065e-09
1.2305175664913415e-09
0.002085716280769503
3.0347196941327445e-06
0.0011182034531488291
5.2486264829936117e-05
4.286407438849727e-06
8.260196174471158e-05
4.042486484350821e-06
5.582683342044028e-08
0.0004668030681090427
3.270040366617785e-06
0.0
0.0006849226589458171
0.5457200817866845
4.996661154235474e-05
0.0011577008420705429
0.0007538553426584859
0.0008252956271555874
0.0004364203044059897
4.821712442539771e-05
0.0002733227585629521
2.46188081768953e-05
6.926161113787231e-08
0.0004065121462679723
3.6433058181732085e-05
1.1867951595489417e-09
0.0
9.049694037268768
9.802860920268445e-05
0.002430777118504145
0.0011433892172614294
3.738616081431822e-09
3.207791525280567e-10
2.1896441625173715e-05
3.296403063559145e-05
7.063609129245879e-05
0.0002658350776307112
1.8624713738055996
1.7175577629440807e-05
6.972972540925225e-10
0.00024400827082534873
0.0
0.00019023995016330115
0.001195693008394001
0.0034163965438028625
6.229524487016128e-10
5.167826118225825e-10
3.907433238573989e-06
6.093744293229012e-06
1.4919455512443453e-05
0.0002567270722067652
1.7871919949406413e-05
3.0181248220223663e-06
7.77989555378593e-10
8.741764820784139e-05
0.0009240045098926489
0.0
