1.0712475420137995
12.187944191473774
12.270171575017732
12.132067554972044
12.13206755497204
0.44674562479682167
0.0
25.897680359847353
44.05541258749789
44.04237985227045
46.18570795195497
44.88396341521691
26.571976694458762
0.0
41.282657709116855
91.8595732274439
90.90137677465641
100.00000000000001
100.00000000000001
47.795473184737006
1.0782311021781554
47.83863458115217
100.00000000000001
99.99999999999999
99.99999999999999
98.48559859586378
68.60718934295694
3.7246799660953496
55.58988593524865
91.93491507285795
92.68133859157926
99.99999999999999
99.99999999999999
77.89409838249536
4.505958582877123
0.0
1.4525016700407256
1.4525016700407256
1.019937771745214
3.0913955599071588
4.622496039850121
0.7704159443963754
0.0
0.0
0.0
0.0
0.0
0.0
0.0
0.0
12.187944191473772
12.270171575017732
12.132067554972046
12.132067554972043
23.99041378112849
0.0
44.055412587497905
44.04237985227044
46.18570795195496
44.883963415216904
63.903196248067616
0.0
55.20922672773047
54.251030274942984
77.26767770227084
81.67667704379176
98.73743480918733
3.3048766968613577
63.037750343541134
63.04015892054974
53.07608281850877
99.99999999999999
97.77381068301435
0.0
35.265534334495136
36.01195785321655
8.678139870935665
47.58781738156708
76.37222993418146
0.21486550349286293
2.531996473154938
2.5319964731549365
2.0994325748594247
4.170890363021369
71.44398777989912
0.0
0.0
0.0
0.0
0.0
0.0
0.0
0.0004414570442464777
0.00022072852212323885
0.0007185714947125364
0.009543541335679438
0.0
0.0
1.5662166276458787
0.003980805180330351
0.0
0.2150857939043533
1.6864771786819066
10.31817485327727
10.318174853277268
2.3001389720896985
0.05378326302814902
0.0
0.0
0.0
0.0
0.0
2.311860933178753
0.11925645331975168
4.212330558703196
4.631543311966933
0.68547971589106
0.45163396426596664
0.40065236950156446
0.40065236950156446
0.1408884471939198
0.0
0.0019900340375542842
0.01166082844421244
0.38257540887915714
0.3825754088791572
0.08290034168549912
0.19249328739820765
0.0
4.088979976413127
4.0889799764131265
0.996699106227541
0.37119270108926383
0.23375984467210298
0.1254012591931565
3.833589377888536
3.8335893778885364
0.557197807612108
0.22287911890699763
0.0
0.0
2.503917957393848
5.295409889257453
3.425866981090633
1.867001189397945
5.292731502415038
3.640828550742799
0.0
19.4638427864102
50.2677332857437
31.821781132314953
21.90523352444424
51.338519353396286
33.48882933384087
0.0
50.72446135102665
73.34159562762567
85.51238136228375
50.99191208191543
46.097444373784626
46.097444373784626
1.0782311021781554
60.70279645904215
94.81974565326368
87.25924619190845
86.83547790566462
80.8960127080881
68.92497652226974
3.8426209742691158
56.87411996921947
59.46627567892087
58.538576642723655
89.7448770379814
89.8392648956268
77.70345664238991
4.388017574703358
1.320621245185892
0.05969890026587849
0.24501277228774723
0.6944458218371234
0.21486550349286276
0.0
0.7704159443963754
0.0
0.0
0.0
0.0
0.0
0.0
0.0
0.0004978429725892976
0.011009568337545938
0.026272288200070402
0.009157788448187145
0.0030518783187270366
0.9789780965946792
0.03687010613195756
0.21508579390435328
1.487166788787564
3.1616500578154128
0.5581610416991298
1.9163929099954042
0.09075326541960192
0.0
0.0
0.0
0.0
0.9912396777899453
0.0
17.392852251230828
0.4872816440568283
5.524677074817596
1.8767183009724984
0.22101468142950212
0.0
0.0
0.0
1.0703335634447275
0.4013702025824176
0.13378637486954542
0.05487394299210733
0.3201016296163705
0.4312907938121329
0.4730818588195614
0.17657882260192997
0.0
0.0
0.0
0.0
0.0
0.0
0.0
0.0
0.0
0.00022072852212323885
0.00022072852212323885
0.00022072852212323885
2.10431060833493
2.1043106083349286
0.0
0.003980805180330351
0.14611539840971757
0.1461153984097176
0.0
3.955408139473752
3.955408139473752
1.4871667887875641
0.05378326302814902
1.9242437561144246
1.9242437561144254
0.0
0.0
0.0
0.0
0.11925645331975168
0.0
0.0
0.0
4.935006603939012
1.45250280093898
0.0
0.1408884471939198
4.790207499986687
4.790207499986686
0.03626559202070972
0.08290034168549912
0.08290034168549912
0.08290034168549912
0.19249328739820765
6.544772199806367
6.544772199806367
0.0
0.9382589972269437
0.31275275197004737
0.0
0.12540125919315653
0.5571978076121082
0.557197807612108
0.557197807612108
0.2228789983840588
0.0
0.0
