0.0
11.472438096234745
11.472438096234736
11.460538656967769
11.460538656967755
23.991128901752393
0.0
42.289387886601816
42.7355120354285
46.07184322123611
46.13295130032086
63.99427061149926
0.0
93.43344501790884
99.41004715701008
99.41004715700997
99.99999999999991
100.00000000000006
0.0
85.7945038176785
100.00000000000001
100.00000000000001
99.99999999999994
100.00000000000001
2.1352657004255104
59.93324457093352
65.67569888566246
63.9112028133425
91.20765773430249
99.99999999999997
0.07720816620353582
3.1227349663830366
3.276784002553137
3.1309312770357294
5.029835343427043
30.739048657537953
0.0
0.0
0.0
0.0
0.0
0.0
0.0
0.0006884479020312891
0.00011474131700521485
0.00011474131700521485
0.0
0.0
0.26042141269201896
0.0010326718530469336
0.0
0.10198929615020108
0.0
0.0
0.7978103649147995
0.0
0.0
0.0
6.769090468407804
0.0
1.1421336701164024
0.7967875239707894
0.1796506361988388
0.28200940517178097
6.124760814836789
2.153200740414046
0.9907005625535149
0.0
0.0
0.0
0.0
0.0
0.0
0.0
0.012743357454173761
0.12021945818082466
0.41403649688618044
0.19115036181260645
0.19115036181260645
0.0
0.0
0.0
0.0
0.0
0.0
0.0
0.26698598888143166
12.806230979832357
12.806230979832353
12.79526874760128
12.795268747601273
0.26628488125471417
0.0
25.355284101090128
42.63872645995326
42.374075265142636
41.80784973532612
41.861319304525296
23.99999999334687
0.0
51.15654356580122
73.7452016318076
54.83945398204803
47.86136879753356
60.54381718745729
35.35166895421484
0.0
52.911993927619754
73.6806619507456
74.85099960393295
75.39951088870569
58.3974546850928
47.317430150910184
0.23819671664758835
50.3432418544344
60.324863567099214
64.11558704743048
65.68940584029177
56.227117034491336
59.48152008991841
1.0019858466681282
0.0
3.0352316665916406
3.1700245732404784
3.0424034384127467
4.703944496505146
3.8492870673026394
0.6843176947922394
0.0
0.0
0.0
0.0
0.0
0.0
0.0
0.0
0.0
0.0
0.0
0.0
0.0
0.26042137582467284
0.0
0.0
0.0
0.11655919560022984
0.5324727441163889
0.057022790464595914
0.7978100060787687
0.0
0.0
0.0
0.0
2.611499969306434
2.6114999693064345
1.3703740086504073
0.0
1.041560039601037
1.090301264016881
0.31307893569002637
3.459181039950884
3.459181039950898
1.2728839180433922
0.043006432821843715
4.235436448444507
0.03548977955323074
0.03548977955323073
0.4102840298835548
0.34656724261268634
0.05004225069517264
0.0
0.6651790684960681
4.389543540789588
4.045980687356997
1.0144462262752405
0.3707806190734577
0.09789585406017555
0.08711791664041736
3.060341056472357
2.7768842399918086
0.0
0.0
0.0
0.0
3.737803844340044
3.737803844340044
3.737803844340044
3.7056137807499816
3.731763690528445
3.7317636905284854
0.0
34.30967949838974
43.78102917372834
38.890711688578236
35.879686001869025
35.9942704568792
36.055537325672354
0.0
47.94824853191891
66.67502679201522
60.94845162161459
41.390360916997366
39.01272213545707
51.53157753623964
0.0
66.28512723965203
72.35636271926707
66.53443937493549
63.13146081274142
58.81310818266384
54.70955216640944
0.20842212706663982
56.17771327134722
55.70572830992902
56.19574213194675
59.72248214224726
57.74308453440497
52.32978689515915
0.8767376158346121
0.34336497458660575
0.0
0.32242822589978476
0.14330140428199376
0.1433014042819938
0.0
0.5987779829432094
0.09937586546959937
0.0
0.0
0.0
0.0
0.0
0.0
0.0
0.0
0.0
0.027219180233499597
0.5713997738828627
0.5713997738828628
0.0
0.0
0.0
0.0
0.0
2.8311517655435843
2.8311517655435803
1.1287446251565154
0.0
0.0
0.0
0.43051944481973403
2.676807774774813
2.6768077747748187
0.11512445938195642
0.0
0.0
0.0
0.13616518996735083
9.757951398699314
4.807109644212481
0.0
0.03763062871911325
1.3453442220337355
1.3453442220337313
0.19295947550037476
2.0358898349559036
0.6459431255523956
0.0
0.0
4.1829592313711705
4.182959231371172
0.6432324301269875
1.0083275075097646
0.3646620692839084
0.08565887230265361
0.0762281770603652
0.0
0.0
0.0
0.0
0.0
0.0
