0.0
0.0004682436528707979
2.3017366999941214e-09
3.4200267438925463e-09
2.9156220432669787e-09
2.8571832610704535e-09
2.5937975408103534e-09
3.089486385738702e-09
2.837166622458563e-09
5.8612329981056925
2.7574182862460044e-09
2.915582236213818e-09
2.8943890934506156e-09
2.6052787785779552e-09
4.126798245575002
0.0
2.4831011204067335
12.905551928489825
2.6331510816535877
4.64027523356755
2.1746818296033443
25.3544068374461
12.43340630412282
3.82397159909982e-09
169.82793876029763
28.22808524585025
105.48766312360672
2.1770678533497474
9.093838335303073e-09
3.5941384027365144
0.0
3.2135335338295437
0.15555184058890087
2.4855910120057616
3.437189056468501
8.155069097473042
0.5793455002643414
65.81084338590637
81.93197746595837
10.397995208062541
169.66782555870037
3.4447437199201785
2.9705948338313345e-08
1.4036414183826433
2.766374597328747e-09
0.0
7.166826105445304
8.777513232309559e-08
1.265290506158666
6.457399935726533
1.14602300167133
5.956676473191992e-10
19.38449700895108
0.16758041438248694
62.76667760544627
0.5904764974238675
9.568207944318063e-09
0.00023390865130325017
1.077891559674557e-08
0.47910334615840433
0.0
1.1797476865136143e-07
4.213377022204181e-07
0.12472823200919961
0.07724147628308892
0.3533678468701121
19.17115182606604
0.06202697682862462
0.11911265021175432
2.3951600317868426e-08
7.696170552091801e-09
1.8280187375955215
0.028478503233209218
2.958812433863672
4.5239957604496585e-07
0.0
6.183359417570303e-07
0.02433962866895544
4.3151578102961046e-07
4.443713155062001e-10
0.0243129770409364
0.16385390659913254
7.084354378272257
1.9635498560749513e-08
1.610861397637681e-09
0.3167709677301326
3.035929237728505e-08
2.216745473240441e-08
3.200118859272858e-09
4.6030246759812855e-08
0.0
2.6462570303421373e-09
2.2014342315667987e-09
4.678719133502575e-10
4.3090482959123724e-09
5.007006539862858e-09
37.411848721818444
3.802930037217899e-08
2.4382226734934215e-09
0.0004606398210098068
2.7795886630835705e-08
1.7267442029402056e-08
4.9558725371104885e-09
4.2203798884589614e-05
1.5321944939126316e-07
0.0
3.33744297035439e-09
5.727090788908591e-10
4.856399729681683e-09
5.590757354026018e-09
5.796744900141885
4.077385409667079e-08
2.7826492672210093e-08
0.5114834471095046
0.2074811040814492
0.21277242684861064
2.941105525867197e-07
1.5023979195426466e-07
1.6366114979181727
0.15014245283893468
0.0
4.870755702600768e-10
4.467313639888567e-08
4.5433570946635906e-08
4.4037493724775885e-08
1.4204523712655682e-08
3.212409700591552e-08
0.07014577234989477
3.596803332233304e-08
2.3657641454035182e-09
0.07235809485713934
1.1808154612699269e-07
4.1945067511385465e-07
0.12560786743309682
0.06691717207855155
0.0
0.1277148792465285
0.05620056073721156
0.11541313256951016
2.4143245054368095e-08
6.609904793952157e-09
6.103112975338696e-07
0.0013645844351155452
4.559764810793253e-09
1.597227719783066e-07
1.608402695712161e-08
2.5166030251944375e-07
2.4708764478749557e-08
0.00021933220579297696
5.893105928016254e-10
0.0
0.0004536374082126014
0.35803383569361535
3.239720519731891e-08
6.9540781190209775e-09
5.606889462667849e-07
2.487880627778382e-08
3.353185225365233e-08
1.767791899317615e-07
6.143830654442336e-08
0.5631319966762269
0.004487948158198083
2.1863827755069098e-07
5.000015252397837e-10
20.048022297022015
0.0
3.7709936099117396
3.819343016980942e-08
2.068066024080467e-09
0.14563358780903896
1.57293955854777e-08
1.1782043296801605e-08
3.006858193665821e-09
1.469029450057118e-08
3.951148113010253
0.0001806956631516752
0.00014299151818991687
4.4146261179276606e-10
2.204572741416716
0.00018073141689984885
0.0
0.00017094129892745508
1.797825496757179e-09
0.00847712404539736
1.569679753026269e-08
3.5440588276227865e-09
2.729898632801686e-09
1.431397672759782e-08
0.3207256541628631
2.563597594142649e-05
2.0959831402877845e-05
4.428176093460817e-10
4.0187238299583216e-08
2.5672026824587206e-05
0.0005786277259054889
0.0
