1.0712535664256049
12.187980295901555
12.270716764084327
12.130884107416822
12.130884107416831
0.4480626597144428
0.0
25.89656916428954
44.0521425186633
44.024959718256454
46.071161019461144
44.838350436228666
26.562229714432767
0.0
41.22797692739645
89.67725893253636
88.68195765149477
100.0
100.0
47.91217516322093
1.1617076621461084
47.78075644082887
98.58593075594396
100.0
100.0
98.42522408804004
71.13478628354716
3.1448251043408884
54.44316603559836
90.90302597827092
91.82637797303383
100.00000000000001
100.0
74.23600256153524
3.9634157508038834
0.0
1.9786137744083772
1.9786137744083767
1.5531810312344643
3.630875108224778
4.626296231201734
0.7710493625005145
0.0
0.0
0.0
0.0
0.0
0.0
0.0
0.0
12.187980295901554
12.270716764084325
12.130884107416822
12.13088410741683
23.992024485999806
0.0
44.05214251866329
44.02495971825645
46.07116101946116
44.838350436228666
63.90113952175561
0.0
53.23977702413311
52.24447574309151
70.79647481842541
69.36367591054719
99.86985131151631
3.028917022360261
63.235539162444844
63.13743011122075
54.2119749429381
100.0
97.91219947379868
0.0
36.58102510042011
37.50437709518293
9.94084208925094
45.50377254207074
65.23079775723922
0.23448605718207705
1.9786137744083772
1.9786137744083765
1.5531810312344643
3.6308751082247777
77.83817344407487
0.0
0.0
0.0
0.0
0.0
0.0
0.0
0.00047968222425428
0.00023984111212714
0.0007418871266713094
0.009544054557329044
0.0
0.0
3.5542225057397028
0.0031128298108953154
0.006225659621790632
0.2484467396185643
1.7217506904766315
10.334431198349085
10.334431198349083
2.56838137650539
0.053735190354883305
0.0
0.0
0.0
0.0
0.0
2.4176953582297043
0.13273673437045466
4.697360365496863
5.1721445441650316
0.47478417866817074
0.21536300377153988
0.08705525597645206
0.042124858569040795
0.1664240009662106
0.46031408146839
0.5231356482646171
0.19001146642996367
0.5022596801792543
0.5022596801792544
0.15550469851449172
0.15414831073202817
0.0
4.08906326653933
4.089063266539327
0.9970718633194651
0.3714588515689188
0.2346096384247329
0.12887843023151024
3.8268765147822528
3.826876514782253
0.5549899619698583
0.2219959841247312
0.0
0.0
2.503914480876907
5.295488753026152
3.4269555895339883
1.867318096004938
5.293024595239362
3.639490857174872
0.0
19.46386748467851
50.25725048358355
31.769294656315637
21.698431738855763
51.27312468167049
33.52322100752224
0.0
50.63267569388696
71.97363240299849
83.52183689405699
49.50695514163788
43.36317039550091
43.201189324076374
1.1617076621461084
60.710063293235464
95.32499564032055
88.22616198742288
87.34542745428035
82.03322734317037
71.43955054863191
3.187460630550338
56.5266049474923
60.46588988243988
58.4457518205161
86.07046356520239
83.45212036760029
73.93123829645049
3.9207802245944343
1.4191838344805505
0.0
0.19526199771722813
0.7053941102052823
0.23448605718207685
0.0
0.7710493625005145
0.0
0.0
0.0
0.0
0.0
0.0
0.0
0.0005020460145441694
0.011165122519040591
0.024013797038616717
0.006424402865488381
0.0
1.9820325205364406
0.04259074573687771
0.24844673961856428
1.7178319544348923
3.698430695529656
1.23280953577241
1.9906026318339198
0.09268166714632765
0.0
0.0
0.0
0.0
0.9985115202833317
0.0
16.001895881800262
0.29360815984878924
6.124081300612295
2.0883030488912224
0.2936081598487892
0.0
0.07775234925724586
0.07775234925724586
4.123750942665235
1.4555223600978098
0.4851740705826678
0.055040666963340576
0.3360018149428604
0.46754466041831894
0.4590404448660716
0.1466212328139642
0.02931641360159775
0.0
0.0
0.0
0.0
0.0
0.0
0.0
0.0
0.00023984111212714
0.00023984111212714
0.00023984111212714
2.109135425078419
2.10913542507842
0.0
0.0031128298108953154
0.14574313337601488
0.14574313337601494
0.0
3.997861573955708
3.997861573955708
1.7178319544348921
0.053735190354883305
1.922525412206335
1.922525412206335
0.0
0.0
0.0
0.0
0.13273673437045466
0.0
0.0
0.0
3.7055388060184105
1.4191838344805503
0.0
0.1664240009662106
5.19810297260835
5.19810297260835
0.0
1.827154813747419
0.6090512980038871
0.0
0.15414831073202817
5.24104259139447
5.241042591394473
0.0
0.9384194267764554
0.3128064406950557
0.0
0.12887843023151027
0.5549899619698586
0.5549899619698584
0.5549899619698584
0.22199596681190253
0.0
0.0
