0.0
11.466435414937003
11.466435414937008
11.46647670142344
11.466476701423442
23.999631280615823
0.0
48.129572589779045
46.28002283283539
45.73073174582159
46.351569639798946
63.828303803393894
0.0
98.44078987126746
98.44078987126758
99.53768891487891
99.99999999999991
100.00000000000001
0.0
93.1945818074366
100.00000000000031
100.00000000000003
100.00000000000009
100.0
2.5974588985672593
64.31907918331088
67.38177038477818
66.15468624354288
68.46891571432754
100.0
0.0
1.3541677265195622
1.566566411119119
1.3799304747672243
3.977876272337293
29.02490932133718
0.0
0.0
0.0
0.0
0.0
0.0
0.0
0.0
0.0
0.0
0.0
0.0
0.0
0.0
0.0
0.5371715239845369
0.0
0.7665011654792258
0.41486059085488186
0.0
0.0
0.0
0.42448911476366946
0.0
2.6283006209752386
0.7612559937649869
0.0
0.0
4.74856246354174
1.7301904682736133
0.63542141538628
0.0
0.0
0.12351663971458081
0.1543957996432262
0.1543957996432262
0.1543957996432262
0.0
0.0
0.1103369203209262
0.22756988980142476
0.0
0.0
0.0
0.0
0.0
0.0
0.0
0.0
0.0
0.2666556515504631
12.799748301013183
12.799748301013192
12.799803349661769
12.799803349661772
0.26664877046939034
0.0
24.076667011683906
40.15026191001734
41.9998116669612
41.50691288399354
42.050146041223734
23.88036170239461
0.1543815871585356
43.15139044018299
71.30568237792751
63.08633409071717
66.86720699093995
74.13185350452493
33.47995202624536
0.0
53.23484462633423
65.31319938912281
70.73592244325727
69.45038641773438
66.81370621186066
48.03271570386419
0.5203996240822941
50.06282872670602
61.00933786569655
65.13490897608439
60.66972197124448
61.85071945922607
59.777192482685095
1.9949028913225462
0.0
2.996376332172164
3.0115476667864196
2.99821652847557
3.8941191340765218
3.721418422384821
0.6615854916725458
0.0
0.0
0.0
0.0
0.0
0.0
0.0
0.0
0.0
0.0
0.0
0.0
0.0
0.0
0.0
0.0
0.0
0.6139103131251852
0.0
0.25401731610084083
0.41486059786354257
0.0
0.0
0.0
0.05117710353051041
0.46699353215260825
0.46699353215260814
2.8280300336780972
0.0
1.118204441889652
1.2273147401767328
0.1399894582157255
1.2640680916110978
1.2640680916110962
0.5734233163442376
0.0
0.0
0.0
0.0
0.32141761498340715
0.3214176149834075
0.07417319603121363
0.0
0.539470130515812
4.610411759935212
4.07094162941939
0.8806916608957973
0.3218932526082018
0.0849882947895007
0.08422396557234922
2.684639514190138
2.684639514190129
0.0
0.0
0.0
0.0
3.7331791217064825
3.7331791217064825
3.7331791217064825
3.7330827865714653
3.7330827865714653
3.7330827865714653
0.0
36.11500051752582
36.11500051752589
36.11500051752589
35.82054255359191
35.820542553591906
35.820542553591906
0.13508388876371866
50.58275727613183
70.81027879267248
55.839131094318084
40.783987052458514
36.4684603210784
48.648556412505876
0.0
65.92517382088259
72.7985669370632
66.4686720127638
60.64149078723324
57.62311877787346
54.89453223298766
0.45534967107200736
57.61465095855689
57.164806131935116
54.78987391596242
60.21021366969302
57.416196802607644
52.30504342234947
1.745540029907228
0.1997294162237125
0.0
0.2275698898014252
0.1103369203209262
0.1103369203209262
0.0
0.5788873052134775
0.15206726623506878
0.0
0.0
0.0
0.0
0.0
0.0
0.0
0.0
0.0
0.0
0.0
0.0
1.0730338484787443
0.0
0.0
0.0
0.0
4.695631165495701
4.6956311654957
1.6718442282260817
0.0
0.0
0.0
0.2558854874549075
3.4224662225962112
3.4224662225962006
0.0
0.0
0.0
0.0
0.0
3.439651614054852
2.796211827131976
0.0
0.0
1.1800650398505628
1.180065039850564
0.07417319603121363
3.0300924743148663
0.9884372305279473
0.0
0.0
3.5769315596782367
3.5769315596782363
0.0
0.8753799274182137
0.3165815298094609
0.07436475794081313
0.07369596987580565
0.0
0.0
0.0
0.0
0.0
0.0
