0.0
11.466533543520622
11.46653354352062
11.466561140557532
11.46656114055753
23.999797422706997
0.0
46.22803980829099
46.22803980829105
45.88667932621372
45.96817334602996
63.70564123351354
0.0
100.0000000000003
100.00000000000001
99.9999999999999
99.876605639578
99.99999999999999
0.0
86.1126529073655
85.63897102093112
83.09079870260959
99.99999999999997
100.00000000000001
0.782900824872791
61.49740472250798
61.7618544301782
61.17813799145856
72.06807256773956
100.0
0.0
0.3398924402903785
0.39180371500475547
0.3417252586487903
3.1812847580017207
27.153192735239642
0.0
0.0
0.0
0.0
0.0
0.0
0.0
0.0
0.0
0.0
0.0
0.0
0.0
0.0
0.0
0.6445970332076927
0.0
0.0
0.7145377091889735
0.0
0.0
0.0
0.0
0.0
0.7145377106619186
0.6525450629925732
0.0
0.26800797756461764
7.4891793099647295
2.730860960994817
0.9102869846654114
0.0
0.08733799969216442
0.08733799969216442
0.08733799969216442
0.08733799969216442
0.08733799969216442
0.0
0.0
0.02696688303923321
0.05561907477793679
0.0
0.0
0.0
0.0
0.0
0.0
0.0
0.0
0.0
0.26666027613374926
12.799855162727857
12.799855162727852
12.799891958777069
12.799891958777065
0.26665567662759754
0.0
24.04949816988245
41.952628467872294
41.95262846787232
41.63963657731281
41.71094384465203
23.97347595716844
0.0814940198162617
44.39615934184033
64.80445538273447
64.80445538273474
68.67011313135576
77.17132051918222
34.06421708207184
0.461364689640059
53.832486153346785
75.72601693482312
76.69761604266282
71.50952678486463
71.97820006648055
40.40407734435668
0.0
52.27661434692811
66.12594099446454
66.35733448867629
67.50862263603535
55.55015341797693
58.937069578893606
1.3033329563219327
0.048502174498939093
4.316229662889387
4.319937611083268
4.316360578486414
4.5191862570116195
3.0980044007863827
0.5507563357562298
0.0
0.0
0.0
0.0
0.0
0.0
0.0
0.0
0.0
0.0
0.0
0.0
0.0
0.0
0.0
0.0
0.0
0.7366823236659347
0.0
0.0
1.0964165370427943
0.0
0.0
0.0
0.02280756733543547
0.0
0.0
1.0789197319463446
0.0
1.9432377638055336
15.630105064231527
0.3025711470394919
0.5673209006990476
0.5673209006990476
0.5673209006990476
0.0
0.0
0.0
0.0
0.06594371076612622
0.06594371076612632
0.0
0.0
0.23095492983824514
4.3018965793744455
4.070941649536193
0.8806916933555085
0.3218933187622405
0.08498832755249848
0.07011472774624888
2.234907242818282
2.234907242818281
0.0
0.0
0.0
0.0
3.733243865872491
3.733243865872491
3.733243865872491
3.733179472786368
3.7331794727863663
3.7331794727863663
0.0
36.07424725482365
36.07424725482365
36.07424725482365
35.731012005019416
35.731012005019416
35.731012005019416
0.07130726733922899
50.756077321308474
67.05582751507755
54.375489064622585
43.34348219110586
39.6162951783459
50.05701626943319
0.4036941034350517
65.87132207863266
73.86859967555554
68.57557899377443
65.57486900966735
60.98742380419219
60.56770551646899
0.0
60.052620173678704
59.69619993627579
59.69619993627579
57.25443655168352
56.18590192414557
51.56993588153191
1.140416336781691
0.36438202308960177
0.0
0.05561907477793651
0.026966883039233176
0.026966883039233176
0.0
0.4819117937867011
0.0
0.0
0.0
0.0
0.0
0.0
0.0
0.0
0.0
0.0
0.0
0.0
0.0
0.7082633281604636
0.0
0.0
0.0
0.0
3.4677926371739103
3.467792637173913
0.0
0.0
0.0
0.0
0.1569454807579008
2.1744784997246525
2.174478499724653
0.0
0.0
0.0
0.0
0.0
4.664173325448982
1.867027607189112
0.0
0.0
0.022807567335435472
0.0
0.0059943425619611145
1.5382121702932399
0.4958432018819709
0.0
0.0
3.9508570557567686
3.9508570557567824
0.0
0.8753799368306358
0.31658156445633756
0.07436478660843616
0.06135038677796777
0.0
0.0
0.0
0.0
0.0
0.0
