0.0
11.466428591321181
11.466428591321188
11.466471100306068
11.46647110030607
23.99962040956364
0.0
46.20995531926024
46.209955319260274
46.02681144479802
46.02681144479789
63.716829760248686
0.0
98.69627979865817
98.6962797986581
99.20534259169911
99.78143855601895
100.00000000000003
0.0
87.77881292408617
100.00000000000003
99.99999999999986
100.0
100.00000000000001
7.338368970544515
58.85994378138476
62.64132879113791
59.57217168894369
77.8263685545381
99.99999999999996
0.0
0.8988612816444852
1.0387506836399312
0.9123374918242156
3.037047734097386
39.202399201764415
0.0
0.0
0.0
0.0
0.0
0.0
0.0
0.0
0.0
0.0
0.0
0.0
0.0
0.0
0.0
0.518438313642245
0.0
0.0
1.4357879603046095
0.0
0.0
0.0
1.153745138516936
0.0
1.3757401611985178
0.5018161828804367
0.0
0.7764179479375346
6.190183847264877
2.0192028319115916
1.7681293386823187
0.0
0.0
0.0
0.0
0.0
0.0
0.0
0.0
0.07266971867966783
0.1498813273029879
0.0
0.0
0.0
0.0
0.0
0.0
0.0
0.0
0.0
0.26665532734052133
12.799740873120756
12.79974087312076
12.799797551767268
12.799797551767272
0.26664824250970726
0.0
24.038185503216454
41.93609749830363
41.93609749830375
41.767051460820966
41.767051460820845
23.897463145963272
0.10526298932819522
47.667730624594135
71.99690640745801
55.496284650347135
60.51288234784605
79.14902262723812
37.85830860385694
0.38571358707969106
55.50869445289382
71.71169513425632
81.50505504338788
74.87359138243276
71.45252065741411
48.92705097168848
1.1780575428583822
44.79507372004312
63.842398548255524
64.00185049116962
64.20205698759261
57.5948720757189
60.557338161977796
0.0
0.0
3.5042747540595673
3.514266854202097
3.505237340500976
3.6570023578062023
2.4263567617163937
0.43135230433160116
0.0
0.0
0.0
0.0
0.0
0.0
0.0
0.0
0.0
0.0
0.0
0.0
0.0
0.0
0.0
0.0
0.0
0.5925009298768515
0.0
0.11988067612179161
1.4357879617608935
0.0
0.0
0.0
0.0
1.5804127390572233
1.580412739057222
1.6378623752027754
0.0
2.2055106847827153
2.385877975349813
0.8597329950124438
3.902681690928139
3.90268169092813
1.5493549070500254
0.0
1.0368864740776431
1.0368864740776444
0.0
0.19600270979166612
0.19600270979166612
0.030641807127407713
0.0
0.42470918730602736
4.495650816151418
4.070941628845405
0.880691658177381
0.3218932501147457
0.0849882936442149
0.054913827429155744
1.7503791777921887
1.7503791777921849
0.0
0.0
0.0
0.0
3.7331745827672966
3.7331745827672966
3.7331745827672966
3.7330753951359004
3.7330753951359026
3.7330753951359026
0.0
36.05727825482463
36.05727825482467
36.05727825482467
35.846194718944986
35.84619471894492
35.84619471894492
0.09210511566217082
45.5873911757156
73.91791534243642
55.67265608862388
38.68552376874586
37.58578480941189
45.61484399417562
0.3374993886947297
65.59569958726517
72.12057257689177
65.32571870610747
62.80964029710199
58.8967713687746
55.91662968192969
1.0308003500010843
58.12347335789416
57.306020625965374
57.306020625965374
61.089208288565935
60.842901447067746
63.20282607064378
0.0
0.26212222097246307
0.0
0.14988132730298856
0.07266971867966794
0.07266971867966794
0.0
0.377433266290151
0.09357125466714741
0.0
0.0
0.0
0.0
0.0
0.0
0.0
0.0
0.0
0.0
0.0
0.0
4.033544894617853
0.0
0.0
0.0
0.0
2.926164898931984
2.926164898931983
2.362885305733541
0.0
0.0
0.0
0.35468602266600785
3.03050579010759
3.0305057901075876
0.0
0.0
0.0
0.0
0.0
7.582580002084218
3.669711093614484
0.0
0.0
0.9572364592556445
0.9572364592556442
0.030641807127407713
1.7824380763274272
0.6082131553364581
0.0
0.0
0.0
0.0
0.0
0.8753799299460069
0.3165815304709317
0.07436475693868803
0.04804959900051127
0.0
0.0
0.0
0.0
0.0
0.0
