1.0712422816981284
12.187911739728209
12.269666827559375
12.131217557940088
12.13121755794009
0.46373575892452235
0.0
25.8996187724674
44.07235020150825
44.25045668960784
46.16784577161425
44.88858209116131
28.627842890140094
0.0
42.83982825998809
96.70040791291409
99.99999999999997
100.0
100.0
41.888440444015465
0.0
48.53870254019713
100.00000000000003
100.0
100.0
100.0
61.90538682219512
1.500327304372254
51.87578217163659
88.83200934405706
91.48175330002337
93.97114997478373
95.39481489446369
62.221329927480795
3.5444837122805257
0.0
0.6271524856613707
0.6271524856613706
0.22217602337917602
2.3131481376277643
4.626296275255529
0.7710493745546055
0.0
0.0
0.0
0.0
0.0
0.0
0.0
0.0
12.187911739728209
12.269666827559375
12.131217557940088
12.131217557940097
23.99291512574245
0.0
44.07235020150825
44.25045668960783
46.16784577161425
44.888582091161304
63.78556208821297
0.0
66.70103504934909
60.11157526536162
76.7176427798188
74.79829785037487
97.98736905802106
3.8510234702107073
58.10330866207713
56.2999120121511
56.72854352622363
82.99670562088279
100.00000000000001
1.7649000224407658
34.05028907778351
33.238454201500375
40.4628682403743
30.25756584801154
100.0
0.16850175416208876
3.5430716046327313
3.5430716046327313
3.1380951423505365
5.229067256599125
36.53838125388366
0.0
0.0
0.0
0.0
0.0
0.0
0.0
0.0004045607451581109
0.00020228037257905544
0.000638566645858256
0.008332377368206474
0.0
0.0
5.921761852029778
0.002734611209726076
0.005469222419452151
0.03246017545982981
0.3127973511950056
2.6295134432200262
2.629513443220026
2.0007917336190966
0.051179451562754774
0.0
0.0
0.09035375937981134
1.7167207735553427
1.716720773555342
6.218981744591041
2.115351847185508
8.529016402428763
17.857628832190315
0.27238009728929835
2.3530856112004845
2.3530856112004845
1.1657377950957934
0.11343116317157916
0.10835572077846435
0.10835572077846431
0.04840085237240019
0.3602894381595683
0.36028943815956826
0.1276510522356043
0.47808540349782735
9.9843430712678
13.507616376742085
4.001358708972102
1.1703482613416492
0.5494778689793128
0.47808540349782735
0.1288784297945753
3.826876510629031
3.826876510629031
0.5549899665608786
0.22199598568101456
0.0
0.0
2.5039211867960605
5.2953394371659135
3.4248612053739445
1.8691458486424735
5.292179479868907
3.614754821868809
0.0
19.463671017600852
50.333514628139596
32.45785752336448
21.83779103963449
51.51872716811984
35.456031917464564
0.0
53.15368023029533
68.0212205436375
60.645833792133736
43.10226612516173
41.182921196352794
43.82861832103396
0.0
61.5852983467163
88.44344440298941
99.99999999999997
84.25221746955022
78.60795617178492
63.405407754307745
1.500327304372254
56.24917814230213
61.86136553849087
66.73090603404897
74.14978783255249
65.36815036144284
62.221329927480795
3.5444837122805253
4.415585096168175
0.0
0.15446077578735598
0.612853799702914
0.16850175416208885
0.0
0.7710493745546055
0.29856612437181895
0.0
0.0
0.0
0.0
0.0
0.0
0.00043628627327920057
0.011878883952133589
0.02691380748790818
0.007517528947547798
0.0
3.2898676963183853
0.0
0.0337306480280729
0.44188616109339296
4.3101829072824955
1.7516555441349295
3.2898676953339545
0.20103552250267825
0.0
0.0
0.0
0.0
1.8033966490398823
0.0
0.0
0.0
0.11956879840353361
0.1195687984035336
0.5150993234423888
0.0
0.09500983977127607
1.0356071133368603
8.660077025722122
3.247528882351443
1.0825096249252404
0.0
0.2808531844577544
0.42613703870594666
0.29974463003554846
0.061813133098050664
0.061813133098050664
0.0
0.0
0.0
0.0
0.0
0.0
0.0
0.0
0.00020228037257905544
0.00020228037257905544
0.00020228037257905544
2.07214931789858
2.0721493178985804
0.0
0.002734611209726076
0.14650749767302854
0.14650749767302856
0.0
3.38938343695623
3.38938343695623
0.0
0.051179451562754774
1.8256768381546926
1.8256768381546926
0.18070739720783363
0.0
0.0
0.0
2.115351847185508
0.0
0.0
0.8171402779976877
4.415585096168174
4.415585096168174
0.0
0.11343116317157916
3.813911995772005
3.813911995772007
0.0
9.734984278083735
2.6515745358198064
0.0
0.47808540349782735
0.4780854034978273
0.4780854034978273
0.4780854034978273
1.039791772413336
0.4780854034978273
0.4780854034978273
0.1288784297945753
0.5549899665608787
0.5549899665608787
0.5549899665608787
0.22199596960712653
0.0
0.0
