0.0
11.466477149392473
11.466477149392464
11.466516438030373
11.466516438030375
23.99971160761262
0.0
46.240500445768674
46.24050044576883
45.85422669580443
45.94644298966233
63.66691202155586
0.0
98.98102883722643
100.00000000000003
99.99999999999999
99.77127380511227
99.99999999999999
1.3308479220785392
81.93928899697174
80.86185382533563
84.40193319206661
100.00000000000001
100.00000000000001
0.62317036360587
63.844315851561966
63.83973994602218
60.861217966042126
71.85911152486857
99.99999999999993
0.0
0.2822209288883165
0.3253238046159447
0.2837424696987798
3.0997733046832834
26.83361250558717
0.0
0.0
0.0
0.0
0.0
0.0
0.0
0.0
0.0
0.0
0.0
0.0
0.0
0.0
0.0
0.7294076303550663
0.0
0.0
0.5982231703682571
0.0
0.0
0.0
0.17004276422885808
0.17004276422885808
0.5982231654593033
0.6585410447272669
0.0
0.2404414904937966
4.225893507736414
1.6204837826010572
0.5401612498335354
0.0
0.03600888085602027
0.10332681220420283
0.03600888085602027
0.03600888085602027
0.03600888085602027
0.0
0.0
0.022391233872994642
0.0461813642168922
0.0
0.0
0.0
0.0
0.0
0.0
0.0
0.0
0.0
0.2666575692508011
12.799793805876202
12.799793805876185
12.799846190726733
12.799846190726734
0.2666510211444824
0.0
24.056010714357242
41.96393855969494
41.963938559695045
41.60976589436738
41.69045515149304
23.96998611959933
0.09221629385782237
43.755064815725625
65.3708229315926
64.3518517688189
67.53936919285054
77.74891210132816
34.0976154624314
0.310865144225064
52.691309292515186
78.1557141605981
78.6349261703751
72.13778466349031
75.02169502503396
41.02201841379684
0.0
51.99669689611282
63.3199154673731
63.47980332138028
67.41032029025047
55.590307040972085
58.88102338503362
1.284650890247979
4.378155366322965
4.398314004100703
4.401392780938388
4.398422685587164
4.599567745228912
3.0633575471915693
0.544596892973682
0.0
0.0
0.0
0.0
0.0
0.0
0.0
0.0
0.0
0.0
0.0
0.0
0.0
5.7876311334837
0.0
0.0
0.0
0.8336087204057903
0.0
0.0
4.807712693759701
0.0
0.0
0.0
0.016706813894758678
0.3866421097349412
0.3866421097349409
0.826039431267737
0.0
1.6433423578897242
17.87899985968842
0.2747902748500533
0.51523176534385
0.5422182479369121
0.5422182479369119
0.0
0.026941959920565854
0.0
0.0
0.054754392537055434
0.054754392537055475
0.0
0.0
0.20601916973146744
4.276960809010675
4.070941639279219
0.8806916745226563
0.3218932833811159
0.08498831021176745
0.06933058177644795
2.2099129340968844
2.2099129340968897
0.0
0.0
0.0
0.0
3.733205969511215
3.733205969511215
3.733205969511215
3.7331142960227552
3.733114296022755
3.733114296022755
0.0
36.08401607153582
36.084016071535835
36.084016071535835
35.69562085292387
35.69562085292386
35.69562085292386
0.08068925712559459
51.78546076368757
66.96878922826383
54.24134420477243
42.203209484961654
38.77231656262277
49.30897358032729
0.272007001196931
69.57998614282619
74.28177804437115
72.12142067111522
65.6527266046547
61.0915818312181
61.46316120923903
0.0
58.99152790702819
58.919299294872275
58.919299294872275
56.86356168445286
56.03817423450242
51.52089546190443
1.1240695289669818
0.5350508907659206
0.0
0.04618136421689206
0.022391233872994614
0.022391233872994614
0.0
0.4765222813519717
0.026986482593061877
0.0
0.0
0.0
0.0
0.0
0.0
0.0
0.0
0.0
0.0
0.0
0.0
0.0
0.0
0.0
0.0
0.0
3.924055200968912
3.9240552009689105
0.1680909500651104
0.0
0.0
0.0
0.008424093910969216
0.292195271332699
0.2921952713326996
0.015593026301774764
0.0
0.0
0.0
0.0
5.631636357708439
2.140203563063682
0.0
0.0
0.0
0.0
0.004975341585044655
1.171060552877736
0.37781075630286626
0.0
0.0
3.975262760903802
3.975262760903785
0.0
0.8753799344085431
0.31658154778330033
0.07436477143529652
0.06066425905439202
0.0
0.0
0.0
0.0
0.0
0.0
