0.0
0.0002716695381664829
0.0010839091545455518
0.0011533111600601465
7.959508372026365e-09
7.91068735794883e-06
4.225815908389967e-06
5.114023682625804e-06
4.485610705277122e-06
3.6118888904476135e-06
1.6548652291277032e-09
3.82375650279034e-06
3.6820472048156487e-10
2.4307346185344866e-06
1.8259381942824766
0.0
1.825920259065473
3.4590629989954627
0.9130594230752602
0.6533161731496763
1.046173864428751
1.8614307086036326
1.045919443929417
2.4714080623278036
333.5656554730412
2.4430652658136704e-05
46.99720354099622
1.084763226197492
0.00010154999652003375
0.6893359362721998
0.0
0.6893358343725116
0.43583914815887026
8.7947236836717
9.224718586028617
3.7243393429344627
5.910679386151448
20.454794388835708
54.36054910692387
19.83926570928094
264.12916560543874
1.8151558702922233
0.8652122495601351
1.728386247773037
0.00019336598677156087
0.0
5.500245396135111
4.1191480706878294e-05
2.3444160401813605e-05
0.02855334651495693
4.320524588907773
9.682301712608132e-05
10.676029858387347
7.73437743402537e-10
2.706219814815372
1.0077798350017617e-09
0.00011627488261416001
0.0018879726804539895
0.00013297558551117217
0.18762910490207801
0.0
0.00019636720099080774
4.510904103608788e-05
3.007457341014838e-10
4.778701980546331e-05
3.872178422905613e-05
2.2561011222522032e-09
2.497955530267775e-10
1.7689501740348047e-08
5.259987731642795e-09
5.8033064846168215e-05
0.00020129650177822152
0.0012355188064574034
3.9361631658665384
0.00047683808690915196
0.0
0.00033387500163714997
0.0002730535305114852
0.00030727568554914304
0.00013049854344663722
5.1613259206042645
0.00010923377025069569
1.032825802882096e-09
5.404895793068483e-05
5.668190805971693e-09
0.004001581327849566
9.327613649958584e-09
5.61010738583845e-10
7.175338304044469e-05
0.0006057651839121586
0.0
0.00043568470801764
6.894258102321124e-05
5.372741354042333e-05
6.615533270740295e-10
5.7157179567646175e-05
8.888191551938457e-10
6.387923670885377e-05
9.43350097065536e-09
0.001954773094098898
7.080860271687572e-09
0.0006429265328701223
4.058603706198051e-05
0.00030067821701227834
0.0005593179288690887
0.0
0.1077790841898175
3.179999552097682e-05
5.20943778598068e-10
8.822850041022686e-05
11.011717681739356
7.557504542533505e-05
0.0006702355100710342
0.0003615909478207393
1.2458555444050907
1.7156765464952701
7.107236412184551e-05
0.00021649937889644074
4.532412161118583e-05
1.0438695497302575e-09
0.0
5.391849546639545e-05
3.428622871195687e-08
0.00014057759550230222
19.17226004401619
0.7030548079924551
0.0010158053823439777
3.2665764351607235e-05
0.00013407833913103872
0.00027586052033065644
4.810979606262486e-05
0.0001968909830619545
0.0012789632492603707
0.0006082633307811864
4.768317205376301e-05
0.0
1.2966680996568978
1.1709952329193219e-08
2.58227956675991e-10
5.3152121364527525e-09
0.0018457322441228535
2.709599914551695e-06
0.0009983244326644148
4.698899870927341e-05
3.8304000056758464e-06
7.143962876128503e-05
3.613728883725134e-06
3.970740246950346e-05
0.00041096486390969193
2.9211515496567186e-06
0.0
0.0006105714977038313
0.6699938122596711
3.8789256573901906e-05
0.09906879022672409
0.0006691807437195189
0.0007365856769918806
0.0003911899079577004
4.237270423786996e-05
0.0002327326234340954
2.1997733046014833e-05
6.491047542784915e-05
0.00036464548636123105
3.254683799583883e-05
2.8770411659170595e-09
0.0
10.97670115187645
7.588038096389449e-05
0.0020004348982093486
0.0010166244979758652
3.4030796799295366e-09
2.8901610281158876e-10
1.898196549975755e-05
2.942416421790093e-05
6.301775505547532e-05
0.0003490232918919104
1.443781580909804
1.5344510067519462e-05
4.639575047575646e-10
0.00034327859679600614
0.0
0.00018189647168491427
0.0020375755250581825
0.0019778680081206485
5.671847327808107e-10
2.9328201557099784e-10
3.3794655950025214e-06
5.445662642854995e-06
1.3342070527698958e-05
0.00029405079426691474
1.598851227026754e-05
2.6968681454381523e-06
5.245051094331823e-10
0.00016856483811197734
0.0008220476881012337
0.0
