0.0
11.466516554428823
11.466516554428825
11.466547641458465
11.466547641458467
23.999771507427027
0.0
46.25093288555702
46.25093288555706
45.827056485112365
45.92824978889682
63.634486877025694
0.0
99.99999999999997
99.99999999999987
99.99999999999994
99.77360833376638
99.99999999999996
0.0
76.75205139715212
76.16125641576221
85.66033968628213
99.99999999999997
99.99999999999999
0.0
59.95860027406743
59.97118763491097
60.35749276223316
70.00373278273902
100.00000000000006
0.0
3.4655731832144756
3.4655731832144756
3.4655731832144756
3.4655731832144756
30.474677654299725
0.0
0.0
0.0
0.0
0.0
0.0
0.0
0.0
0.0
0.0
0.0
0.0
0.0
0.0
0.0
0.8004132908477553
0.0
0.0
0.9129764165905686
0.0
0.0
0.0
0.0
0.0
0.912976416936255
0.6699239795044939
0.0
0.5813102753390244
8.09084698160404
2.59221310535096
0.8640710303600256
0.0
0.09799009271033138
0.09799009271033138
0.09799009271033138
0.09799009271033138
0.09799009271033138
0.0
0.0
0.0
0.0
0.0
0.0
0.0
0.0
0.0
0.0
0.0
0.0
0.0
0.26665945249746176
12.799836687921552
12.799836687921557
12.799878137294414
12.799878137294414
0.26665427132585484
0.0
24.061463194293548
41.97340772450562
41.97340772450576
41.58475735997732
41.67330150078871
23.96706441266007
0.10119330378456261
44.63198117247955
65.21495846523102
65.21495846523102
68.89895774219828
77.86913794441396
33.72377151833441
0.2737809252670393
58.02674433093863
87.3580753447909
87.03589390786418
70.94924216154362
72.01789070545375
40.82675483367716
0.0
52.33959192928264
65.10967173438168
65.12405728963179
70.6432131462441
58.20284665229073
59.666619975329645
1.546516421576323
0.0
3.4655731832144756
3.4655731832144756
3.900156200134547
3.900156200134547
0.0
0.0
0.0
0.0
0.0
0.0
0.0
0.0
0.0
0.0
0.0
0.0
0.0
0.0
0.0
0.0
0.0
0.0
0.0
0.9147580466831489
0.0
0.0
0.9129764192147414
0.0
0.0
0.0
0.0
0.0
0.0
1.0609810397234538
0.0
1.4437666164440695
14.389579730002062
0.6643546003874563
1.2456648757264814
1.2456648757264814
1.2456648757264814
0.0
0.0
0.0
0.0
0.0
0.0
0.0
0.0
0.4039872637213885
4.47492890850381
4.07094164478243
0.8806916811820222
0.32189329990351895
0.0849883184878471
0.805960105660476
1.5111751981133907
1.5111751981133907
0.0
0.0
0.0
0.0
3.7332323349644634
3.7332323349644634
3.7332323349644634
3.733159798561967
3.733159798561969
3.733159798561969
0.0
36.09219479144029
36.09219479144029
36.09219479144029
35.66599045209601
35.66599045209601
35.66599045209601
0.08854414081149228
53.39004883322382
62.24276503368168
52.43575119815424
43.21834794706531
39.05703098874846
49.7758148672968
0.23955830960865937
61.42550007247968
77.24648725125799
66.59895319455782
63.50805894972213
60.194229365828804
61.24013219938863
0.0
58.35865997425819
58.104362764795184
62.641746225355035
60.16200261323354
57.36787614021211
52.20829247841345
1.3532018688792828
0.25848882097920756
0.11048419830867705
0.43458301692007134
0.0
0.0
0.0
0.0
0.0
0.0
0.0
0.0
0.0
0.0
0.0
0.0
0.0
0.0
0.0
0.0
0.0
0.0
0.0
0.0
0.0
0.0
4.306050412419525
4.306050412419524
0.7116344260320036
0.0
0.0
0.0
0.0
2.5831093368835045
2.5831093368835027
0.0
0.0
0.0
0.0
0.0
4.5431545100209165
2.072064717387427
0.0
0.0
0.0
0.0
0.0
2.686994790452438
0.46264209160414993
0.0
0.0
3.6411487959415525
3.6411487959415587
0.0
0.8753799392066336
0.31658155817848954
0.07436477867686621
0.7052150924529161
0.0
0.0
0.0
0.0
0.0
0.0
