0.0
0.0003241808747674218
0.001293535392005636
0.9209679248726578
4.420020314882411e-09
9.383103491933795e-06
5.00677746897699e-06
5.9249398957353984e-06
5.310706085078835e-06
1.7182267899410542
7.164566625891606
4.526199495930849e-06
8.599921743553086e-10
3.068034244577593e-06
2.4481479403034214
0.0
2.448129728871766
5.542155572990377
2.448222841314658
1.9424411808229987
1.3826202787085453
1.7878422557260587
1.382730517240517
2.2415275793540896
313.4736953047339
2.8910086936152493e-05
57.16128846527128
0.6191358274252785
0.06604698897759327
1.5275483880253802
0.0
1.527548120057116
0.7304708932933436
12.21155485428967
7.636990411792182
4.628176892453726
7.6368825980346635
23.09925820856127
36.967827820749406
14.728648735763883
266.83398848953203
3.185802320238861e-06
0.6658415579251187
1.3949954430120672
0.0001680137694713599
0.0
3.5816409227908483
4.9061617939001506e-05
2.7826200900306005e-05
0.0004389646747097642
2.9394989162543053e-05
0.00012066455399923612
22.884268854029578
1.7601512030405029e-09
5.786156167921521e-10
0.6941148788072111
0.00013883662831249078
0.0006520499921373268
0.00016645594777595492
0.0018509227142167641
0.0
0.0002346714235008487
0.0012847386309111728
4.1906857730115917e-10
5.678065667575495e-05
0.00044047700324815185
17.064589087558332
8.828234158212517e-10
1.2240974626138508e-09
9.703472542068584e-10
6.929946493097817e-05
0.2994194625004134
0.0008855513650002833
3.5917314369882614
0.00018137131328770702
0.0
0.00015788862317070028
3.024037999978529e-08
0.00017798588717889418
0.0001233797607767269
16.86099056093999
0.20990588328064197
9.834944520223526e-10
0.23063771495843952
1.1664080655961452e-08
0.0043785400741918135
1.683914596160796e-08
0.2987208487155844
8.933204963904743e-05
0.0006643666628179464
0.0
0.00047850052970126845
9.766572163255994e-05
6.408615985303232e-05
1.2233210984872651e-09
1.2240976004381949e-08
8.616729354480352e-10
8.546570777337513e-05
4.7267125894032475e-07
0.3561092452568166
1.0733997673339873e-08
0.0007869594375847888
5.001203605658585e-05
0.0003990818588960756
0.0006689700297415124
0.0
5.350878936410742e-05
3.773922650644431e-05
1.6355504223794508e-09
1.9852618933922096e-08
7.227652122852965
9.725728732304427e-05
0.0007608980406245019
0.000882083501463267
1.828330732473599
1.2986084591562224
8.568906066105665e-05
0.000311813778396283
5.388845991828097e-05
1.0695589154707865e-09
0.0
6.423668143579637e-05
2.7157163847425494
0.0002237645346165112
27.032878228153393
2.1979693634971337e-05
0.001602317249001186
3.886560883676887e-05
0.00016764303678087938
0.0003292539480250894
5.715267726830194e-05
0.00023532921098508693
5.350079191742179e-05
0.000724506062718231
5.6661543425111806e-05
0.0
1.5556445292489522e-09
9.107226078266895e-10
1.1322523029567418e-09
1.1015708468242876e-09
0.0022180267879207773
3.2248668823582748e-06
0.001191122900349605
5.601042912037597e-05
4.5548852883804756e-06
8.486211512339387e-05
4.297580960467035e-06
5.1715268754979685e-05
0.0004602736337409189
3.4787780030528095e-06
0.0
0.0007290316103963775
0.4738144024271973
4.902739134366292e-05
0.001543980305404344
0.8658294627042532
0.000879270538189703
0.00046593020263421505
5.123623081829171e-05
0.0002791905859129473
2.6169604557710052e-05
8.673906240243958e-05
0.0004923643371083084
3.875157133721247e-05
3.91325359306218e-10
0.0
7.075628554275466
9.751246497331095e-05
0.001604499836033917
0.0012157511010481002
5.358377012859861e-09
2.4846706936942033e-09
2.3293363482989555e-05
3.5074535715701695e-05
0.551348274724468
0.0004197514427690652
2.0846425595556064
1.8276625742911584e-05
1.1863677084448676e-09
0.00025966819971880845
0.0
0.00020928434636178621
0.0023926015366499387
0.0023596540924187568
8.921244097377585e-10
3.1624460741667487e-09
4.154331782670648e-06
6.487689510013726e-06
1.5889785702629595e-05
0.0003705292555579939
1.903982686604674e-05
3.214129870909442e-06
1.3933629605965507e-09
0.00023776629661392845
0.00098033115445096
0.0
