1.0709060278985685
12.185860549971975
12.238090515041199
12.119658805458618
12.119658805458606
0.47363023402008536
0.0
25.89942073242068
44.07057966488367
44.32072416639568
45.50476458123541
44.61232964128666
26.42998317938762
0.0
39.45684321756399
78.92971345437209
79.01288385431003
99.99999999999997
100.0
44.16584055004819
0.8985277079497208
51.44989671205197
80.52667267430304
80.74542323060183
83.09785149946983
79.75586883912355
65.12987278835945
0.0
57.884292826738424
63.48945821657789
65.97385850462832
67.2662502229824
65.20874033554705
44.1708006611609
0.0
0.1281025359942176
2.1137001877396093
2.2560508049630266
2.4876042523560313
3.9354739774782868
0.7686310129453818
0.21481986437109138
0.0
0.0
0.0
0.0
0.0
0.0
0.0
0.0
12.185860549971977
12.238090515041199
12.119658805458618
12.119658805458606
23.990688884334723
0.0
44.07057966488364
44.320724166395685
45.50476458123543
44.61232964128666
63.89576178931906
5.864675395374522
78.92971345437208
79.01288385431005
59.757069934018695
58.0703143880947
100.0
0.0
80.52667267430301
80.74542323060183
83.09785149946985
79.7558688391236
100.0
0.0
65.68792003148981
65.97385850462834
67.26625022298239
65.20874033554703
100.0
0.1281026597257453
2.113700187739609
2.256050804963027
2.0285484206518163
3.415185775833252
18.116526645437006
0.0
0.0
0.0
0.0
0.0
0.0
0.0
0.0
0.0
0.22409468485052458
1.0084261378605226
0.0
0.0
0.32007611809757797
0.008551238196981711
0.0789449643787881
0.0789449643787881
0.6092446876939334
2.001377305968507
2.0013773059685076
0.667125717707334
0.05360960604833445
0.0
0.0
0.0
0.0
0.0
0.4955703145861869
0.11793767229322173
2.9807842065169905
2.4051099841014705
0.6007861021170707
0.8334610651109458
0.6777160025361837
0.0
0.08048772310387395
0.0
0.0
0.02997090020904109
0.3268318540703885
0.32683185407038834
0.1170315084241462
0.0696628443557678
0.0
3.8636587562228346
3.863658756222837
0.8333381480384578
0.30303202564064
0.07575800025205363
0.09049185871939601
2.8081983472966066
1.1278043405628853
0.2685248366005344
0.10740993485067551
0.0
0.0
2.50412294761539
5.290850969627107
3.3618589002793997
1.8635634329012527
5.233842640761858
3.6123645904133084
0.0
19.463689021673158
49.43328524410403
32.5062687317392
20.90928721411096
50.942002780522316
33.613140823697016
0.0
34.23119607097696
81.49548770966072
49.771505960855826
46.80895972390789
45.12220417892356
44.16584055004818
0.8985277079497208
38.959100297047804
96.93877607840999
60.88548078697489
38.6913955415546
83.69711038606864
59.75257655443008
0.0
32.42610237325093
77.79477505895261
49.34189000666681
36.03919632130382
86.77182209158877
71.93802708234645
0.0
0.0
0.0
0.28470051614944714
0.5202882016450338
0.5202882016450339
0.5202882016450339
0.21481986437109135
0.0
0.0
0.0
0.0
0.0
0.0
0.0
0.004654289032552821
0.004338969677094425
0.15449954089506424
0.0
0.0
0.32007611674205133
0.001550070135933071
0.22409468485052458
1.030582736311731
2.809592998107699
1.0247231261393246
0.4955703057951117
0.09772330144820568
0.0
0.0
2.64606912640303
0.9593135814975507
0.4955703262785547
0.0
0.05211516870129515
0.6741627718347728
8.492223736480067
4.007939816446656
1.3355729447353715
0.5040072056903105
0.6665157907856234
2.1778003382207136
6.993368301072607
2.8783485216550804
1.774637401502934
1.0681488365839333
0.0
0.061232369940815407
0.0
0.0
0.0
0.0
0.0
0.0
0.0
0.0
0.0
0.0
0.0
0.0
0.0
0.0
3.0284153625075403
2.0199892246470177
0.0
0.008551238196981711
0.2118755964910646
0.21187559649106474
0.0789449643787881
7.449890426152697
7.449890426152697
2.1984618149119224
0.05360960604833445
1.9180324958744084
1.9180324958744086
0.0
5.767942194601078
5.767942194601078
0.0
0.11793767229322173
1.1764603245325915
1.1764603245325913
1.1764603245325913
9.671167743039017
9.671167743039017
0.0
0.08048772310387395
2.7365825630895118
2.736582563089512
0.0
5.902342285802939
1.9674474263674515
0.0
0.0696628443557678
2.3685368539756446
2.3685368539756455
0.0
0.8333381556362369
0.3030320402807639
0.07575800025205363
0.09049185871939601
0.2685248366005344
0.2685248366005344
0.2685248366005344
0.10740991396914341
0.0
0.0
