0.0
11.466450752307912
11.466450752307901
11.46648930127502
11.466489301275026
23.999655736832775
0.0
46.22993151736757
46.22993151736759
45.87067227276103
46.27550178187868
63.888048346555635
0.0
97.84935162649191
99.77918755212683
99.77918755212679
100.00000000000009
100.00000000000006
0.0
90.22833858189031
100.00000000000009
100.00000000000004
100.00000000000003
100.00000000000003
3.0131510481961383
60.04316281925165
73.64828165289234
69.69609956162958
66.0130425618855
100.00000000000004
0.0
1.1271237366534357
1.3948800325234023
1.1349572384146018
3.684715574968088
23.362083325615608
0.0
0.0
0.0
0.0
0.0
0.0
0.0
0.0
0.0
0.0
0.0
0.0
0.0
0.0
0.0
0.3515564605367942
0.0
0.0
1.577165671407649
0.0
0.0
0.0
5.046985664517997
0.0
2.2004807060414597
0.5010685171436216
0.0
0.0
3.2093655364053966
1.1780149792920538
0.4627245229469712
0.0
0.0
0.039857956418511156
2.9235231781105147
1.1786287718523065
0.5978693462776675
0.0
0.0
0.1390941351610817
0.28688165383087105
0.0
0.0
0.0
0.0
0.0
0.0
0.0
0.0
0.0
0.2666563822475809
12.799764994354666
12.799764994354652
12.799816392977476
12.799816392977483
0.26664995741972725
0.0
24.047362137242754
41.9541502112742
41.95415021127433
41.63192728910393
41.98615310958187
23.92142480700828
0.09964527702231821
44.29425056780307
67.17612666443154
45.8043502269954
60.326485267425674
83.43025160019165
37.166818403841404
0.2418176495153142
53.93790014177818
69.32926940323979
73.58413987807315
71.29223282138281
70.88622336435708
59.100898667353086
0.40497249033170535
50.97158155208803
69.82578086448054
66.47041955914713
62.68150990312573
62.50576396022074
57.49255348500538
0.8671194425739075
0.03145813250966151
2.9639581617263535
2.98308361143135
2.9645176975664382
3.8046282171359915
3.6767506016979756
0.6536445467550803
0.0
0.0
0.0
0.0
0.0
0.0
0.0
0.0
0.0
0.0
0.0
0.0
0.0
0.0
0.0
0.0
0.0
0.40177881204205057
0.3925119704306255
0.49871213455219177
1.5771656690808298
0.0
0.0
0.0
0.0
0.0
0.0
2.3835012370034008
0.0
2.1558996986910306
2.1558996986910333
0.5580113898591558
1.5400008031516124
1.181279195385011
0.5373161863458287
0.0
2.357565111550242
0.0
0.0
0.3813786132705879
0.381378613270588
0.08221398262908187
0.0
0.0
4.070941634678124
4.070941634678116
0.8806916721001194
0.32189327208565044
0.08498830421781639
0.08321303740289261
3.326633000849719
2.652416045301989
0.0
0.0
0.0
0.0
3.733189351466133
3.733189351466133
3.733189351466133
3.7330994038761824
3.733099403876181
3.733099403876181
0.0
36.07104320586417
36.071043205864136
36.071043205864136
35.882137210512475
35.88213721051241
35.88213721051241
0.08718961739452843
49.95603334168186
68.10016675301146
55.35078029630861
43.432564829341175
40.03690705704063
48.0540035752734
0.21159044332589994
66.79715536179427
72.5722198221471
67.41837890809906
73.50406770477946
72.82180393622842
68.2241242380427
0.3543509290402422
58.48187362012311
61.05629630909011
59.21780968389469
60.93227575006754
58.593731697882035
51.90918487456802
0.7587295122521687
0.18302053185861217
0.0
0.2868816538308714
0.1390941351610819
0.1390941351610819
0.0
0.5719389784106954
0.22486503980828232
0.0
0.0
0.0
0.0
0.0
0.0
0.0
0.0
0.0
0.0
0.0
0.0
0.0
0.0
0.0
0.0
0.0
3.062618250440045
3.062618250440045
1.3424367492000935
0.0
0.0
0.0
0.309288912140445
1.0515823508515783
1.0515823508515783
0.0
0.0
0.0
0.0
0.0
2.584605385058967
2.5846053850589668
0.022317939038396167
0.0
1.471189170813326
1.471189170813332
0.08221398262908187
4.652425711934569
1.461622758753835
0.0
0.0
3.7858782831901516
3.785878283190131
0.0
0.8753799272652654
0.3165815379291774
0.07436476619058935
0.07281140772753102
0.0
0.0
0.0
0.0
0.0
0.0
