1.0830786220101416
12.068464418904936
12.13564756645144
12.036452414504481
12.036452414504481
0.43771991650173353
0.0
25.898720186809314
44.06432053535893
44.15155903298761
45.86979472837651
44.7575095800107
26.430070345815047
0.0
50.367055790392094
98.40182053662899
100.0
99.99999999999999
99.99999999999999
34.65436578462154
0.0
54.55739440999542
100.0
99.7589497070908
99.99999999999999
99.62004550884802
55.90788963204097
2.7667885697848487
52.14829697406173
90.33477787887549
91.22994579784172
99.99999999999997
99.09577251343448
67.60192388689384
3.8347850672368393
0.0
1.8210428166717727
1.9061172033014864
1.572625677147266
3.6373566132233615
4.626296158274619
0.7710493423535475
0.0
0.0
0.0
0.0
0.0
0.0
0.0
0.0
12.260123701548236
12.327306849094741
12.228111697147781
12.036452414504469
23.986920666723023
0.0
44.06432053535892
44.15155903298761
45.86979472837651
44.7575095800107
63.904082489869296
0.0
70.0493719170325
68.31552312060317
72.14287166155006
71.60770941164975
99.99999999999996
0.0
67.8711277767901
77.49277331157901
53.533802112940194
94.71703444212939
83.7356013992559
0.9489213173897183
38.46583003722623
38.418490164320495
13.746793206366126
65.63315008637959
61.65110341902282
0.2142400658102734
1.8210428166717727
1.9061172033014864
1.5726256771472658
3.637356613223361
81.39564711505778
0.0
0.0
0.0
0.0
0.0
0.0
0.0
0.0
0.016500468611186873
0.2578807243472082
1.1604633976676788
0.0
0.0
0.2586596092695839
0.013305545531836467
0.18483812758734897
0.1683376589761621
1.471523953275001
2.013725700078898
2.013725700078898
1.7355619643104956
0.05380388139836556
0.0
0.0
0.10261770677849746
0.0
0.1386169349251959
0.23329663790657723
0.0
12.819376946440963
10.769357478783801
0.3635402964379562
0.2909550609595995
1.2334628528315301
1.0784948739362885
0.06059618767598052
0.0
9.038952925259672
0.27054732396659914
0.8525248587191131
0.8525248587191134
0.5410946479331983
0.08710645197645603
1.7514575644852164
5.386449532060744
4.005533943483613
1.055494197483734
0.3871119276940871
0.17542843836987204
0.12887843143240812
3.826876519081742
3.826876519081738
0.5549899498335958
0.22199598249783226
0.0
0.0
2.4968170096316378
5.289004414568933
3.370413118797717
1.8629269587802815
5.1677337698522186
3.6448521144780313
0.0
19.463752673199235
49.275418453074174
32.289104908878734
21.433211939906986
51.14753510086332
33.474012162195166
0.0
56.29479938325785
59.973317548256155
54.045573955390324
56.257432462039105
54.76875593298908
49.41354722520714
0.0
63.4160352720671
79.03443915413006
70.36127207520049
86.61884608038173
72.34644436198634
55.90788963204098
2.7667885697848487
56.32649561565164
62.66364901029412
58.591781702285424
78.18391224853623
71.96909420507714
67.60192388689383
3.8347850672368393
0.1386169349251959
0.0
0.06928251391632417
0.6669830523084426
0.17014877325942795
0.0
0.7710493423535475
0.9425077918719309
0.0
0.0
0.0
0.0
0.0
0.0
0.0027286117445792725
0.0012807816756614803
0.15943842122716934
0.0
0.0
0.13566915134598584
0.012410649544914536
0.2578807243472082
1.1604633976676788
3.386216482211198
1.1616462815994066
0.964201077231962
0.08992237981768475
0.0
0.0
3.678518164998245
1.218700111833216
0.9642011684915125
0.7336274767104619
0.0
0.3118843039894394
11.462501521859636
1.1329287755114683
0.40488260349167
0.0
0.0
0.27054732396659914
6.72283386063615
2.4760408981819224
0.825346938698066
0.13917335887862045
0.2738073382683636
0.5668415461472465
0.4319034012345173
0.1388691933556344
0.06928251391632417
0.0
0.0
0.0
0.0
0.0
0.0
0.0
0.0
0.0
0.0
0.0
3.1827413339891226
2.0222779363214443
0.0
0.013305545531836467
0.2842333760037421
0.2842333760037421
0.1683376589761621
5.193668493650442
5.193668493650442
0.0
0.05380388139836556
1.924984161893931
1.9249841618939316
0.0
0.8748754638765147
0.8748754638765146
0.0
0.0
0.0
0.0
0.10331198644672514
0.7913986829575181
0.7913986829575181
0.0
0.06059618767598052
2.0602705817690463
2.060270581769047
0.0
4.963748876122118
0.9425077918719308
0.0
0.08710645197645604
1.2101605194754297
1.2101605194754301
0.37054197590808746
1.002573265632619
0.33419103559549224
0.0
0.12887843143240812
0.5549899498335956
0.554989949833596
0.554989949833596
0.22199594808300266
0.0
0.0
