0.0
0.00026986978891861495
0.0010766917166067798
0.0011439508317924903
7.910713414751284e-09
7.861709707928044e-06
4.2004398941503235e-06
5.083101453730141e-06
4.458706390098239e-06
3.589953128893558e-06
9.286060610089976e-08
3.8006352277516715e-06
3.9514675305535106e-10
2.4158676330921244e-06
1.7477225227094904
0.0
1.7477046870853346
3.104622672954961
0.8739509786497692
0.6635693211111218
1.0633456118292142
1.8682312251623947
1.0634022576721252
2.110750151324318
332.7116457514689
2.428536089745406e-05
47.04994298536623
1.0884407045805515
0.00010091984884235325
0.6718434547682307
0.0
0.6718433158799827
0.39560735326527147
8.875654816363161
9.884907455924422
3.8311907290686524
6.521943556187416
20.172298940340674
53.93665186029296
19.31325006363291
264.2119125586298
1.823608136494352
0.870194109297888
1.7383637500353297
0.0001922060123867944
0.0
5.531986493174998
4.0941264745159484e-05
2.3303567376359657e-05
0.0353600848223077
4.345470957600572
9.62143654187618e-05
10.953255613599907
7.705940864568121e-10
2.6857220461543214
9.787505338313462e-10
0.00011558574320419708
0.0018763536692876237
0.0001324036356464655
0.18928855483388773
0.0
0.00019545441853152957
4.48382200505293e-05
3.125983507423886e-10
4.750101757423714e-05
3.8487917339975926e-05
2.3037291345076925e-09
2.474981763393363e-10
1.0748320272765154e-08
4.050453844671329e-09
5.7685255559572894e-05
0.00020007589580164271
0.0012276602732206922
3.8684728592098567
0.00047429093144040564
0.0
0.00033180507248921213
0.0002712944633055224
0.00030523415708877546
0.00012968003196877465
7.67832641091019
0.00010857930854138537
9.428136635999288e-10
5.372240432229672e-05
5.801230878854802e-09
0.003973674301168906
1.0204097080283766e-08
6.256008764750916e-10
7.137394654533786e-05
0.0006019908286871726
0.0
0.00043407118546559423
6.862407707387044e-05
5.3420926890439876e-05
6.364065224290952e-10
5.681558627381379e-05
7.776016612642283e-10
6.349521485012153e-05
9.740694486482717e-09
0.0019415482961480704
7.689082456212382e-09
0.0006384756610954953
4.037878571671298e-05
0.0002988561203707763
0.0005557483627955214
0.0
0.11035374424349742
3.1623523786719596e-05
5.010598948727529e-10
8.770178098437086e-05
11.334834425916988
7.512121083038196e-05
0.0006656647673572355
0.0003591602418785429
1.2408078023797435
1.5410472840634455
7.06647580307197e-05
0.00021529305477012894
4.5053595265426554e-05
1.014221587266959e-09
0.0
5.361160566777715e-05
3.757363717361617e-08
0.00013971985801267473
18.053741627002353
0.646503049011572
0.0010087018479228804
3.2469609227966595e-05
0.00013325842630222863
0.0002742028226135849
4.7822670762636566e-05
0.00019599257353430618
0.0012715495634968567
0.000604058480758703
4.739826099332135e-05
0.0
1.2830476980405658
1.2110487904866221e-08
2.5519543432679817e-10
4.027431614194525e-09
0.0018329970844994164
2.693290366652338e-06
0.0009914815058880697
4.667160651912269e-05
3.807444488761574e-06
7.101470075068707e-05
3.5916365776259773e-06
3.9469655911819376e-05
0.00040900296196480637
2.9051475739396836e-06
0.0
0.0006066673809209727
0.691650999600512
3.8556515835305624e-05
0.09574060350608325
0.0006645772493686036
0.0007318111846610447
0.00038851608790766204
4.213742202956209e-05
0.00023158290671375798
2.1865357144795442e-05
6.45211636876149e-05
0.0003622192945320232
3.2369121098813826e-05
6.220176252423141e-10
0.0
11.303423676266979
7.542450714286979e-05
0.001986927053028167
0.0010097293608443104
3.741502256743293e-09
2.9039135524104483e-10
1.8885095712866567e-05
2.9256997181960725e-05
6.26286492012225e-05
0.00034682839752053714
1.323964971615327
1.5260249968777204e-05
4.384135859234548e-10
0.00034119601402361955
0.0
0.00018077485869257985
0.0020238034023397173
0.001964223465704582
6.235674443245093e-10
2.9438629484656884e-10
3.3626690842126892e-06
5.4137059971092046e-06
1.3251646324953334e-05
0.0002926883829824216
1.5880532751904617e-05
2.682145085992167e-06
4.957208301653847e-10
0.00016756421669456142
0.0008168026334808671
0.0
