1.0712434819945653
12.187920194816305
12.269817184581752
12.131080665963168
12.131080665963168
0.4789505095256108
0.0
25.899137832580415
44.068055136469454
44.19756116408428
46.2652861128028
44.91568355143415
26.5843177431718
0.0
42.61293818392103
99.25291244263006
99.96713259642561
99.99999999999999
99.0750443153408
49.27781626907776
0.0
50.325803347848314
98.53274979590601
99.99999999999999
100.0
100.0
69.83174363479473
3.020655408876733
53.59213210910523
90.35626104147546
90.60619216553933
100.0
100.0
72.96083240778158
4.096097783506013
0.0
1.7626086515891657
1.7626086515891655
1.4571871605509619
3.5988768795625443
4.6262958841119275
0.7710492661863767
0.0
0.0
0.0
0.0
0.0
0.0
0.0
0.0
12.187920194816307
12.269817184581754
12.131080665963172
12.131080665963172
23.993092931217546
0.0
44.06805513646946
44.197561164084284
46.265286112802805
44.91568355143415
63.90430760806971
0.0
60.19915987717232
57.90923144527282
91.28720327253819
100.00000000000001
98.69512886446398
0.058357907974334336
60.946953152921026
58.085295116360605
61.236734577449624
85.13575029772531
94.02719724025964
0.0
36.989561728381595
37.239492852445494
14.70038694087867
40.9039731957596
100.0
0.1844455025313429
1.7626086515891657
1.7626086515891657
1.457187160550962
3.5988768795625443
55.78591432698536
0.0
0.0
0.0
0.0
0.0
0.0
0.0
0.00039527079964943605
0.00019763539982471803
0.0006451564648895806
0.008597296659725568
0.0
0.0
2.8362748029454536
0.002752515274135133
0.005505030548270265
0.0
0.5541909856739173
2.683065554762472
2.683065554762472
2.0091918410074365
0.05380921154757021
0.0
0.0
0.1858673069222718
1.6029890888152751
1.6029890888152747
3.272202270265244
0.1152888858043422
0.0
16.9690594797298
0.0024706430023592268
0.12265055660756377
0.12265055660756376
0.19679104063211744
0.23571300002248355
4.417799099064637
3.744588169646673
1.1350219168083338
0.9685816787157466
0.9685816787157466
0.32286049065342215
0.43034901296654304
2.3396272123416364
5.886129366066817
3.976851166691728
1.2516136003199967
0.5606540862175126
0.4303490129665431
0.12887845027858244
3.8268765245070675
3.8268765245070666
0.5549898791119265
0.22199594287149024
0.0
0.0
2.5039202155992966
5.295359497237373
3.4251613263994454
1.8687267215741752
5.291703402488406
3.609801967996394
0.0
19.46371471050429
50.31675383394269
32.29608899496908
22.048807567493505
51.38446502770098
33.470246733655685
0.0
53.06150614598319
70.81904897007772
87.8621400790805
54.43416675022563
53.28176672939877
50.64127675421841
0.0
61.7931848164634
87.63929565616537
99.99999999999999
87.48456315797804
81.42950342050611
69.83174363479475
3.020655408876733
55.96991763441574
59.907679577200476
60.24935244058928
85.56355020167453
80.99645933734091
72.96083240778158
4.096097783506013
1.8777944506193174
0.0
0.14967419802960383
0.5273619390238515
0.18444550253134295
0.0
0.7710492661863767
0.0
0.0
0.0
0.0
0.0
0.0
0.0
0.0004475210650648626
0.012081099022137396
0.026598838690899303
0.007259279088594625
0.0
1.5757082645804579
0.0
0.02424237782503966
0.578433363498957
4.048807422398436
1.3496023902480163
1.5757081481512227
0.08971144231348566
0.0
0.0
0.0
0.0
1.3944078243876317
0.0
0.0
0.0
0.08155238911326698
0.08155238911326701
0.0
0.0
0.0
0.0
4.388627552906039
1.4628563222479605
0.0
0.0
0.8493685825336167
0.9491513953381774
0.922667940252129
0.673210929417965
0.673210929417965
0.0
0.0
0.0
0.0
0.0
0.0
0.0
0.0
0.00019763539982471803
0.00019763539982471803
0.00019763539982471803
2.0803755746399375
2.0803755746399366
0.0
0.002752515274135133
0.1466600619406766
0.1466600619406766
0.0
2.6414574711390637
2.641457471139064
0.5541909856739174
0.05380921154757021
1.9251722521655439
1.9251722521655443
0.04257497874107267
0.0
0.0
0.0
0.1152888858043422
0.3808345737324119
0.3808345737324119
0.0049412620863540915
5.464839463415103
1.8777944506193176
0.0
0.23571300002248355
4.537809183483966
4.537809183483967
0.0
1.079822511976773
0.49986224812773056
0.0
0.43034901296654304
4.108742976718647
4.108742976718647
0.4303490129665431
0.7826643191978463
0.4303490129665431
0.4303490129665431
0.12887845027858244
0.5549898791119268
0.5549898791119265
0.5549898791119265
0.22199584572832665
0.0
0.0
