0.0
0.0008295965057018896
1.7194041546791868e-09
6.437305702563481e-05
3.3682926583811668e-06
2.9635389106820558e-08
1.8316174425173785e-08
6.443165186573227e-05
2.2961750450311156e-07
1.3344352051394669e-08
6.42631417021633e-05
6.343093830163841e-05
6.369972096218226e-05
3.0628748589885595e-09
6.452975842914462
0.0
3.6724293438722873
5.534947144445803
3.699860062437598
2.2641869686734193
2.3391138762902646
32.204809096813925
22.05434823835368
5.441265860428442
160.24905056736722
9.812144060411908
133.9131490081183
12.018892894971511
3.1256964464020375e-09
3.3629059745430245
0.0
1.2734316806965993
0.027006449628930937
7.823318581797638
3.5146973941144934
5.615564427327177
5.433535118297246
36.374919942733854
110.89209310332228
12.86415972213645
191.3357151240604
5.224183895185134e-09
1.478515433105167
3.3927495965157703
3.226692494272758e-09
0.0
10.982355653912537
5.9013278822870715e-05
1.3889887076605185
6.393772116567964
0.8701340670622382
8.796278619802341e-10
15.082485767515424
0.279682378033661
16.739590364579094
1.2350071183833672e-08
4.311433054251863e-09
0.0006942998711328601
4.236956662657241e-09
1.3732719537349325
0.0
0.00018921752085521412
5.485512972221797e-07
0.059106555877387223
6.060356598984945e-07
9.288690413731475e-10
19.704419905256767
5.443743905262622e-08
0.04433421775654412
1.6284955004571416e-08
3.218831274419658e-09
1.31012064898801
2.171521911407853
3.7865902415877173
9.407466639385757e-08
0.0
8.502622171246156e-08
0.035505563486056935
9.125015920718544e-07
6.945330643934336e-10
0.035907711511969906
1.8280294013672948e-07
1.304713296354182
1.942065293792885e-08
1.6149719647505478e-09
0.4013586692222218
5.9321363931170014e-09
7.330245466247625e-09
3.970829958078313e-09
3.878939503634115e-08
0.0
1.713738941434302e-09
2.1857599194491798e-09
6.890530568314919e-10
0.09901733544048852
3.118530577817364e-09
40.58163962580663
2.7585236707989946e-08
2.837934697720339e-09
5.071958298419293e-08
1.6850010916621543e-08
1.7316945227815197e-08
5.717684659230331e-09
0.0001236231886559709
5.326946481719251e-07
0.0
3.4088510201473542e-09
8.2833484066911e-10
0.25086811702110856
3.595717360540198e-09
4.411001447448729
3.253527263389559e-08
6.570628314422889e-09
0.2043811767494066
0.009824116612865846
4.2565317271318036e-08
0.020791925060415696
0.0010913617671783997
1.980233890755372
9.253923976456022e-07
0.0
7.574870559365473e-10
3.5342582905192483e-07
3.579142226365251e-07
3.5520289739973293e-07
1.90976373323219e-08
3.3668350210487704e-09
0.044994167037992
5.584171759519281e-09
2.3121377122594767e-09
8.021576417635753e-07
5.9547586614276175e-05
5.852574922377065e-08
0.0823235923824057
6.019674171285955e-07
0.0
8.982805473003245
5.448035439715287e-08
1.6661671862732568
1.6836656947126993e-08
2.7630018650497297e-09
1.498574306045454e-08
0.07251954630413662
7.188481557799563e-09
1.4597814866784174e-08
2.059257389620942e-08
1.3171088578710837e-08
2.472756359606826e-08
8.379519460585635e-07
1.0838055331929508e-09
0.0
0.0005963690028610512
0.2281763512595079
2.227662592049163e-08
2.7305228333188254e-09
4.4898732888914575e-08
0.546687616503742
5.7720091848823395e-09
3.7109430203885274e-08
8.821393904360616e-08
0.6555994169500826
0.012278253337767952
1.7630556695577032e-05
7.79919020996662e-10
28.491872542835743
0.0
0.6605739067057379
2.8217857116397804e-08
3.2297636691435143e-09
0.07250840895709884
3.6321231652287543e-09
5.5986674936960624e-09
3.526146303963282e-09
2.689030951072054e-08
4.0642299255861145
0.00026018957024553176
0.0001750967886454644
7.654407005921602e-10
7.030560620371343
0.0002602749523541655
0.0
0.00025101013669198366
4.553381805641937e-09
0.006297592377614116
4.384225402927967e-09
3.0142651048021324e-09
3.80520733829428e-09
2.6649159857927793e-08
0.11322925597309663
5.828033474911285e-05
6.518774723292813e-08
8.528991871143953e-10
0.43937474075940003
5.8372642226294785e-05
0.0009679062267177903
0.0
