1.0709055757735908
12.185859033314259
12.238088434360295
12.119222120542469
12.11922212054247
0.4764017265224795
0.0
25.89918874867352
44.068506396662855
44.28352219440072
45.611785141194524
44.65459847536921
26.378200340956138
0.0
44.739169451635654
79.203645198967
79.07257363274022
99.99999999999999
100.00000000000001
45.555702502261006
0.0
54.19471605889237
99.99999999999999
100.00000000000001
99.99999999999994
99.5844698737843
58.53855642790976
4.190082463415815
54.96529710511151
92.2581448255445
92.50426381025908
92.37234923253287
93.79263246811904
60.60270083193136
2.2297211172755205
0.0
0.6918520902098106
0.772374409724957
0.40539564008164847
2.4320872560803797
4.626296143615784
0.7710493374376606
0.0
0.0
0.0
0.0
0.0
0.0
0.0
0.0
12.185859033314259
12.238088434360296
12.119222120542464
12.119222120542473
23.990705932364193
0.0
44.068506396662826
44.28352219440072
45.61178514119451
44.6545984753692
63.90115541964286
0.0
79.20364519896704
79.07257363274022
68.05741944160872
68.0574194416087
99.99999999999999
0.0
65.59454501652613
69.86000647627873
51.55161235913704
100.00000000000001
88.78839556144678
0.0
34.55701336309528
34.80313234780985
29.413667816102446
52.00447507466945
98.47110501577072
0.08139375068438932
3.1404301100587553
3.2209524295738983
2.8539736599305923
4.880665275929324
67.57133955021042
0.0
0.0
0.0
0.0
0.0
0.0
0.0
0.0
0.0
0.23402215297466267
1.0530997884881448
0.0
0.0
0.4369324353306137
0.008688174922209893
0.08148859815148042
0.08148859815148042
0.6833507951059233
1.5754721341372915
1.5754721341372915
1.0320478439760667
0.05373555678318927
0.0
0.0
0.14488598495485852
0.0
0.0
1.7201200155677459
0.0
2.1143593709021546
0.461742669736384
0.46174266973638417
0.29963257556420503
0.29963257556420503
0.38713381737544517
0.09092939301229064
1.2651697597670375
0.6534366450588635
0.1841933218541389
0.6408097537585885
0.6408097537585887
0.3683866437082778
0.3803722533925793
10.313765667560688
11.219983774673233
3.525108925194167
1.3251762358628523
0.48188205429765174
0.12047033006875923
0.12887842966723376
3.8268765226526424
3.826876522652644
0.5549899533365161
0.22199598289424866
0.0
0.0
2.504122932833806
5.290843727323775
3.3618420167276315
1.8635486743861278
5.231744053706352
3.6098340286045216
0.0
19.463710106755855
49.38566534490139
32.433318228814606
21.0633862399954
50.99747338834394
33.522955092172296
0.0
33.75098457972003
82.95768365874898
50.90735546610108
49.49682039593629
52.70881817672887
49.24536402006452
0.0
63.272065588760114
78.87508168923985
84.0419459295427
100.00000000000003
91.86591920754765
57.601617084870306
3.4888004617183275
57.56851041646967
61.21273697988887
58.838867668811695
100.0
77.27306450455086
56.6525578163424
2.931003118973008
0.8715565641277934
0.0
0.06949913109410095
21.122588108003644
7.976328361268642
0.0
0.7710493374376606
0.28725633748871787
0.0
0.0
0.0
0.0
0.0
0.0
0.0019485370127383225
0.004341010571524421
0.15449400657783177
0.0
0.0
0.2621430721804647
0.008820421900367761
0.23402215297466267
1.0530997884881446
3.062996973189812
1.1486236548625817
0.38287448406849367
0.0926667391800808
0.0
0.0
0.0
0.0
0.8485634541704369
0.23881217480662004
0.0
1.101770994458704
0.08664478510967923
0.03249651072847086
0.01083208351761446
0.04170353035068934
21.729956323425423
0.1841933218541389
2.239444552060608
0.8397916838555828
0.27993054602731954
0.0
0.04379180992323845
0.4043469018216749
0.47384603291577576
0.18919251290428096
0.06949913109410095
0.0
0.0
0.0
0.0
0.0
0.0
0.0
0.0
0.0
0.0
0.0
3.0745508645687036
2.0214510760805595
0.0
0.008688174922209893
0.2140414589101607
0.21404145891016074
0.08148859815148042
6.703508910529941
6.703508910529941
0.0
0.05373555678318927
1.9225386945549223
1.9225386945549219
0.0
1.0142022235563781
1.0142022235563781
0.0
0.0
0.0
0.0
0.0
1.6266637417614451
1.626663741761445
0.0
0.09092939301229064
1.8264293494462867
1.8264293494462869
0.0
1.9224701315514507
0.7794943069178639
0.0
0.3803722533925793
2.6188908180816286
2.6188908180816286
2.6188908180816286
1.3251763775152867
0.4818822195939031
0.12047033006875923
0.12887842966723376
0.5549899533365159
0.554989953336516
0.5549899533365161
0.22199596049434295
0.0
0.0
