0.0
11.46650121963961
11.466501219639623
11.466535483885934
11.466535483885934
23.999748168187903
0.0
41.97349580731145
46.25102992853525
45.826803718398736
45.92808053303743
63.63418522369233
0.0
100.0
99.99999999999997
100.0
99.77367618061726
100.0
0.0
76.74816876432615
76.15637230200583
85.63058602592852
99.99999999999997
99.99999999999997
0.0
59.9591185334384
59.9708330801705
60.3631938389206
70.00428221172933
99.99999999999996
0.0
3.4633138678874347
3.4633138678874347
3.4633138678874347
3.4633138678874347
30.423743134076165
0.0
0.0
0.0
0.0
0.0
0.0
0.0
0.0
0.0
0.0
0.0
0.0
0.0
0.0
0.0
0.8010738672854492
0.0
0.0
0.9130006566642048
0.0
0.0
0.0
0.0
0.0
0.913000657073934
0.6698423250046895
0.0
0.5824519046742019
8.101703344309522
2.5956913563473942
0.8652304463369128
0.0
0.09852544159866404
0.09852544159866404
0.09852544159866404
0.09852544159866404
0.09852544159866404
0.0
0.0
0.0
0.0
0.0
0.0
0.0
0.0
0.0
0.0
0.0
0.0
0.0
0.2666587161059671
12.799820004038443
12.799820004038462
12.799865689700212
12.799865689700212
0.2666530053982483
0.0
24.061513917490192
46.25102992853522
41.97349580731149
41.58452470348591
41.67314191629477
23.967037225639746
0.10127681463863666
44.633099737046564
65.2206042427527
65.2206042427527
68.8899417102129
77.87092015419022
33.72550496902265
0.2738924989510581
58.021292382798386
87.35684243624362
87.03563823980821
70.92207016301938
71.94452485672335
40.75014635688512
0.0
52.33790203234539
65.10851456860638
65.12190262201439
70.64329066064353
58.20390587714902
59.668264991263975
1.547064759971482
0.0
3.4633138678874347
3.4633138678874347
3.8986132223408165
3.8986132223408165
0.0
0.0
0.0
0.0
0.0
0.0
0.0
0.0
0.0
0.0
0.0
0.0
0.0
0.0
0.0
0.0
0.0
0.0
0.0
0.9155129911833706
0.0
0.0
0.9130006598482535
0.0
0.0
0.0
0.0
0.0
0.0
1.0617030371320575
0.0
1.444354997143433
14.3862720601418
0.6656593196276591
1.2481112243018613
1.2481112243018613
1.2481112243018613
0.0
0.0
0.0
0.0
0.0
0.0
0.0
0.0
0.4066873791427902
4.477629020883629
4.070941641740836
0.8806916748904948
0.32189328891421687
0.08498831312913692
0.8066213736812914
1.5124150756524226
1.5124150756524226
0.0
0.0
0.0
0.0
3.733222025483539
3.733222025483539
3.733222025483539
3.733142075575477
3.7331420755754765
3.7331420755754765
0.0
36.09227087623526
36.09227087623525
36.09227087623525
35.665714797288466
35.66571479728846
35.66571479728846
0.08861721280880708
53.39131788572862
62.23295427293645
52.42752783824689
43.21787429419102
39.057033320733886
49.77451077024528
0.23965593658217585
61.423633270902876
77.25158679411243
66.60121009289809
63.516400654830434
60.186120507467734
61.125219470365096
0.0
58.35439037316866
58.09958014262597
62.64490490931861
60.168977212967086
57.37068080280014
52.20973186735598
1.3536816649750467
0.25933567960016063
0.11063329968957851
0.4352993544533817
0.0
0.0
0.0
0.0
0.0
0.0
0.0
0.0
0.0
0.0
0.0
0.0
0.0
0.0
0.0
0.0
0.0
0.0
0.0
0.0
0.0
0.0
4.309604135095426
4.309604135095423
0.710769888597292
0.0
0.0
0.0
0.0
2.582029949663763
2.582029949663758
0.0
0.0
0.0
0.0
0.0
4.56777564226387
2.08183331874815
0.0
0.0
0.0
0.0
0.0
2.690895260528861
0.46348771982655157
0.0
0.0
3.6404523164719316
3.6404523164719422
0.0
0.8753799392046376
0.3165815535330492
0.07436477398799482
0.7057937019711304
0.0
0.0
0.0
0.0
0.0
0.0
