0.0
11.466271109812904
11.466271109812915
11.466364943518574
11.46636494351857
23.999427616107297
0.0
46.14326624438516
46.04049460282905
46.0874580193129
46.13360900067696
63.97709485710995
0.0
99.99999999999996
100.00000000000003
100.0
99.99999999999999
100.00000000000007
0.0
78.30594529944183
88.08735732034035
100.00000000000006
100.00000000000003
100.00000000000009
0.7378400324902878
63.52958543782241
63.00337537512949
65.39137775415311
87.84916796891211
100.00000000000003
0.11067410760792394
1.756029737895282
2.032202749752519
1.7923830539668626
3.7293555402318352
20.933748794884373
0.0
0.0
0.0
0.0
0.0
0.0
0.0
0.0
0.0
0.0
0.0
0.0
0.0
0.0
0.0
0.08179118660521495
0.0
0.0
2.9419791888207754
0.0
0.0
0.0
5.871735297248522
0.0
1.0680317526890928
0.7133090995194541
0.0
0.499085400237837
5.04450129091347
1.7634391681401798
0.9866438610107919
0.0
0.12922655812152142
1.070913588762275
2.985086636466155
0.8646052333157876
0.012875711449490299
0.0
0.0
0.11010219958539101
0.29360587390889525
0.0
0.0
0.0
0.0
0.0
0.0
0.0
0.0
0.0
0.26664769495277585
12.799569616983005
12.799569616983016
12.799694728590563
12.799694728590556
0.26663205600183304
0.0
23.99557344901131
41.87508130440018
41.9778529459567
41.824313033509966
41.86415597058457
24.020670114151713
0.0
53.58067984093467
69.35183559433902
68.0570127176467
51.71923741756039
59.641436955698936
36.61232663848619
0.0
49.082630129372696
80.1260306650922
75.45827034278197
74.26086585342819
64.75950032884684
53.05996626811985
0.6695862870721879
52.49869211605156
60.59863148842659
60.138197683570276
65.65798238107433
63.39620640263475
59.78498093283634
1.5859700738942561
0.0
2.2489851338290374
2.2687117775331256
2.251581799262722
3.9882322083810102
3.9695225509445917
0.7056928952513933
0.0
0.0
0.0
0.0
0.0
0.0
0.0
0.0
0.0
0.0
0.0
0.0
0.0
3.704629430086577
0.0
0.0
0.0
0.08361650365910586
0.0
0.0
2.941979187017134
0.0
0.0
0.0
0.0
0.2618987905714662
0.26189879057146603
2.9078664574749893
0.0
2.9684282837765945
7.405481530485269
0.4919117487428074
1.7500635845489732
1.7500635845489765
1.1170221795475812
0.0
2.1701552468461633
0.9115180390739531
1.113591359887647
1.0320133834561154
0.824129597891851
0.43301425888648387
0.0
0.0
4.070941643739965
4.070941643739964
0.8806916867224651
0.32189330184342524
0.08498831895954172
0.08983912435351085
2.8636223688988456
2.86362236889883
0.0
0.0
0.0
0.0
3.733067729338863
3.733067729338863
3.733067729338863
3.7328487840256637
3.7328487840256614
3.7328487840256614
0.0
35.99336017351694
35.993360173516976
36.03047257478823
35.95552114457198
35.95552114457196
37.56099749272381
0.0
40.098657009687244
75.34770796256218
59.94202122510733
34.78162790936019
35.417033291959484
46.82997902538617
0.0
73.71355652462655
78.04625091868054
71.49592753331353
72.64320956869574
68.9730648271695
62.26066187376789
0.5858880011881644
56.90440806116036
56.541762714957756
58.67400098928432
62.36220879149087
58.1358001447779
52.3118583162318
1.3877238146574742
1.8274735818879335
0.0
0.3303065883438512
0.14680291402034748
0.1468029140203475
0.0
0.6174812833449691
0.18123705410163726
0.0
0.0
0.0
0.0
0.0
0.0
0.0
0.0
0.0
0.0
0.037112401271247715
0.0
1.5149758371419253
0.0
0.0
0.0
0.0
2.0001965066441443
2.0001965066441434
2.6603949342948856
0.0
0.0
0.0
0.17452896900421247
0.9598057939357458
0.9598057939357458
0.0
0.0
0.0
0.0
0.0
8.511611071775095
3.3088355807619334
0.0
0.0
2.4500897358223184
2.4500897358223144
0.3314611051178011
3.774271842997347
1.1780408516606422
0.0
0.0
3.5910362966501563
3.591036296650137
0.0
0.8753799314071713
0.31658155346129635
0.074364779089599
0.07860923380932201
0.0
0.0
0.0
0.0
0.0
0.0
