1.0712421443766345
12.187911505101088
12.269674133768888
12.131212105604641
12.13121210560464
0.4676338941846643
0.0
25.89959885186507
44.07217392727224
44.24828828582526
46.16063612934678
44.87351514018781
26.48837127623655
0.0
43.21501593225748
98.13871758337092
99.0420659126521
100.0
100.0
43.91740088465801
0.0
50.60098478149002
99.97479734923637
99.99999999999997
100.0
100.00000000000003
73.62879915564815
4.284353219222504
53.38335128665957
90.74612589453899
90.74612589453896
99.99999999999999
99.04732418978395
79.24332767064726
5.12609525417071
0.0
1.8550180455119787
1.855018045511978
1.423785318723243
3.5877431156316915
4.626296125121973
0.7710493326875199
0.0
0.0
0.0
0.0
0.0
0.0
0.0
0.0
12.187911505101088
12.269674133768888
12.131212105604643
12.131212105604634
23.992922256685777
0.0
44.0721739272722
44.248288285825275
46.16063612934678
44.87351514018781
63.90739169164196
0.0
59.80792872470571
56.32564222971927
68.75350223373388
90.91407500316066
94.10858570636648
0.0
59.066593461790184
58.00564833481351
60.26863686157498
89.62217480250663
100.0
0.0
37.528733541383644
37.52873354138365
19.050305594623524
18.3115691275677
100.00000000000001
0.17416454732538356
1.8550180455119787
1.8550180455119785
1.4237853187232432
3.587743115631692
30.255883367629046
0.0
0.0
0.0
0.0
0.0
0.0
0.0
0.0003897502284351482
0.0001948751142175741
0.0006303551512169011
0.00834378142387646
0.0
0.0
4.642088688028815
0.0027337360522671126
0.005467472104534226
0.04107961284290242
0.37682265036884516
3.191640529163551
3.191640529163551
2.0185155170141518
0.05406239177026403
0.0
0.0
0.042059188433975714
0.9358176969371086
0.9358176969371085
2.583460111066043
0.0
0.0
17.861671046367615
0.0
0.0
0.0
0.0
0.2764929262231823
4.965952858479196
4.189859337794752
1.2923257587667385
0.762698689651802
0.762698689651802
0.12255188882720962
1.0001384032932799
9.282206609647345
12.24636871868618
3.9643005123321133
1.321433471154454
1.0001384032932799
1.0001384032932799
0.12887843679780667
3.826876517161582
3.8268765171615824
0.5549899338369522
0.22199596818705553
0.0
0.0
2.503921133819608
5.2953397740448365
3.4248758156508394
1.8691240575718635
5.292160032612083
3.614552067429383
0.0
19.463672815301447
50.332827665292896
32.45122670946065
21.861362962274946
51.3170176410528
33.41902044800348
0.0
53.30610023039392
67.78768533213503
61.170307503718234
46.54777412898734
43.70458195998079
44.96537050132915
0.0
62.332067633128545
88.0243423029225
97.96699678413441
90.1166444809874
85.35532930527168
73.62879915564818
4.284353219222504
56.70752027213055
61.13189345205404
59.99049306042289
87.37945795984866
85.68804568714594
79.24332767064726
5.1260952541707105
1.5477176400439123
0.0
0.12407856781629756
0.4725450738773046
0.1741645473253835
0.0
0.7710493326875197
0.0
0.0
0.0
0.0
0.0
0.0
0.0
0.00043548003699932697
0.01188648732565806
0.02689136767182917
0.0075026479871463094
0.0
2.5789381623124625
0.0
0.03334150348301281
0.4375349396966775
4.456323735820407
1.8820817507418428
2.578938158787853
0.08682010428324133
0.0
0.0
0.0
0.0
1.0357424724744133
0.0
0.0
0.006137657366184254
0.1524389147734627
0.04781616102898718
0.006137657366184255
0.0
0.0
0.0
6.773100707267634
3.3346412441132562
1.1115469115823344
0.0
0.7760935206844436
0.8511405369754895
0.9752191047917871
0.7760935206844436
0.7760935206844436
0.0
0.0
0.0
0.0
0.0
0.0
0.0
0.0
0.0001948751142175741
0.0001948751142175741
0.0001948751142175741
2.072485845223733
2.0724858452237345
0.0
0.0027337360522671126
0.1465135900480116
0.14651359004801157
0.0
3.3413400266009763
3.3413400266009763
0.0
0.05406239177026403
1.9273850795771492
1.9273850795771494
0.10514801304501713
0.0
0.0
0.0
0.0
0.0
0.0
0.0
2.4276456191702094
1.547717640043912
0.0
0.2764929262231822
4.929387475960569
4.929387475960567
0.0
0.5296270691149365
0.21727882802365328
0.1225518888272096
1.0001384032932799
5.667435578603349
5.667435578603344
1.0001384032932799
1.29851890428167
1.0001384032932799
1.0001384032932799
0.1288784367978067
0.5549899338369523
0.554989933836952
0.554989933836952
0.22199592565039905
0.0
0.0
