0.0
0.0003000057412614067
0.0011967886617037158
0.001272376990197865
1.0696945153131902e-08
8.73916199726722e-06
4.670974806047824e-06
5.652100585887491e-06
4.9582010735452675e-06
3.992527242386683e-06
1.1258998741300557e-08
4.23146476682187e-06
1.0380813424911344e-08
2.6967357446514984e-06
1.7241435606842341
0.0
1.7241237191049916
3.570692732050042
0.919667661936453
0.0027905491291834797
0.32767181027562287
1.3767645099602348
0.32762596653492687
2.4696720172533415
341.3072373902142
2.70460725057822e-05
38.24148931516868
0.8621994177818229
0.00011219806261578646
0.5648061753893314
0.0
0.5648060774996516
1.8171672818775567e-05
8.635090260625493
7.85638693511187
3.842612831537962
4.2919005767681
22.502727593320728
52.80136171129358
17.969701254270536
271.11475108367796
1.6523834229660197
0.8724973854217675
1.7427447963422171
0.00021371677675751093
0.0
5.594092588625293
4.5518290840645973e-05
2.5916866235729726e-05
0.04970053853524201
4.356374455843444
0.00010697154341964685
12.515582409426875
1.871512171410756e-09
2.537939121563239
0.2115234890977395
0.00012852962550896345
0.0017220403200498534
0.00014719383432583699
0.15358598854374123
0.0
0.00021735510785416844
4.986628870991354e-05
2.9341549512455044e-10
5.28239787199431e-05
4.2802895154998535e-05
4.912779078053504
2.544266624775839e-10
3.920764878375364e-09
1.4423566133350456e-08
6.415342587695873e-05
0.13349596435827973
0.0013638944825683222
4.47105732889286
0.0004116287287971997
0.0
0.00036901663474329786
0.0003013925963554854
0.0003397580885439153
0.0001441798571230515
4.956345257273799
0.0001207525705514998
1.0895979750418233e-09
5.974998094761123e-05
8.443655067341363e-09
0.004416647339311264
9.153872382080534e-09
7.451700381219436e-10
7.936067370220202e-05
0.0006692685719021055
0.0
0.00048242097630792394
7.634714972902439e-05
5.9406128178082955e-05
7.278939355666069e-10
6.318858929969714e-05
1.0960106193505792e-09
7.061335828303526e-05
1.0104477247806036e-08
0.002157839926956527
7.079504587026059e-09
0.0007095548711440297
4.489583016299394e-05
0.00033238478236557675
0.0006178247934804154
0.0
0.07321923843386027
3.516732919403701e-05
5.468671920028675e-10
9.753324955844427e-05
10.850879982303656
8.354038071760496e-05
0.0007398338466884485
0.000399177679656698
0.5403849436659203
1.9632682532729964
7.858141441795088e-05
0.00023940075450080002
5.010515833256321e-05
1.1233028527016833e-09
0.0
5.9618141378614386e-05
3.3173496741979025e-08
0.00015533085826902965
19.799332265674106
0.23248375444349156
0.0014833053686913542
3.6111116687937e-05
0.00014819877240583612
0.0003048622821209824
5.3182985681561396e-05
0.0002180241175130412
0.0014147332514950492
0.0006712752689572669
5.27100071781603e-05
0.0
1.1773661371512059e-07
6.488226403944531e-09
2.727095707409547e-10
1.905139644605735e-09
0.002037204997111717
2.9948946043246112e-06
0.0011018945520519388
5.1872147642664046e-05
4.2337328871778254e-06
7.901408924174888e-05
3.993358830358938e-06
4.3892922437119506e-05
0.000454690546826871
3.232453791942664e-06
0.0
0.0006744412795509009
0.6554768813677783
4.2878402494341484e-05
0.046944774466154165
0.0007383965597350629
0.0008134833027438168
0.00043177801234105923
4.685375718096228e-05
0.00025791885229736126
2.4318498391842838e-05
7.174875035461441e-05
0.00040261544776808595
3.599432365747861e-05
7.638508698733194e-10
0.0
10.82989774957895
8.387643765865488e-05
0.0022083372926985975
0.0011222281768451523
3.315286056291876e-09
3.6446200504253455e-10
2.10003996759389e-05
3.253913249846347e-05
6.96350147663503e-05
0.0003856272144957608
1.2712635273000017
1.6970645808198302e-05
4.806930816772585e-10
0.0003793867632027224
0.0
0.0002009880202763476
0.0022492998344755774
0.0021829459040436103
5.524072918575249e-10
3.698597695364016e-10
3.7383987169365547e-06
6.019461183253344e-06
1.4728394904247868e-05
0.00032559408191144834
1.7648824913271688e-05
2.982616603581531e-06
5.458066647356078e-10
0.00018635126530657165
0.0009080443043047147
0.0
