0.0
11.466456402024015
11.466456402024019
11.466499992738266
11.466499992738266
23.999680038126847
0.0
41.95976062786346
46.23589750247246
45.866214541897946
45.95447006350369
63.681218411149274
0.0
100.0000000000002
99.99999999999997
99.99999999999999
99.81228486025644
100.00000000000003
0.8042642481636795
81.91004675505582
80.85612565662366
84.88746280406382
99.99999999999997
100.00000000000001
0.5399370241041309
63.85583293104826
63.848620299645816
60.976002327390795
72.06453904801941
100.00000000000004
0.0
0.27242750732191096
0.31403443129886033
0.2738960465774528
3.0859314240535642
27.403503838022896
0.0
0.0
0.0
0.0
0.0
0.0
0.0
0.0
0.0
0.0
0.0
0.0
0.0
0.0
0.0
0.6980790260829025
0.0
0.0
0.5778361147289481
0.0
0.0
0.0
0.025997738317507353
0.025997738317507353
0.577836096384848
0.6681522818850817
0.0
0.23841688218101229
4.168574378533909
1.603689972376318
0.5345633103765042
0.0
0.03088101194178423
0.12515157473566524
0.03088101194178423
0.03088101194178423
0.03088101194178423
0.0
0.0
0.021614228119710824
0.04457854523298005
0.0
0.0
0.0
0.0
0.0
0.0
0.0
0.0
0.0
0.2666565733981136
12.799771232715312
12.79977123271532
12.799829353667649
12.799829353667649
0.2666493082790728
0.0
24.053605011200453
46.235897502472326
41.95976062786344
41.620799981154654
41.69802356255968
23.97127521491398
0.08825552160566406
43.92491905155071
64.04881237581695
64.04881237581718
67.40743899906377
76.3402994115998
34.21003221825763
0.3233647120567875
52.80677990605667
78.08775301880095
78.56383802756932
71.83614858590704
72.96103678060753
40.96701656117977
0.0
51.980684656221534
63.316535681905
63.4707160888984
67.35980921606858
55.46394792859573
58.83885432330691
1.270594535840919
4.3927942881333495
4.412253395799203
4.415225318940409
4.41235829146031
4.613217961280035
3.0574738944139837
0.543550909338703
0.0
0.0
0.0
0.0
0.0
0.0
0.0
0.0
0.0
0.0
0.0
0.0
0.0
5.758460749389334
0.0
0.0
0.0
0.797804601237603
0.0
0.0
4.816729899806507
0.0
0.0
0.0
0.0
0.3799894864081315
0.379989486408131
0.7984991874154703
0.0
1.6494595108375762
14.426565869122165
0.27247643677829975
0.5108933189593123
0.5375858056432969
0.537585805643297
0.0
0.006344294963873436
0.0
0.0
0.05285412335118879
0.05285412335118887
0.0
0.0
0.1812129395078578
4.252154574540743
4.070941635032895
0.8806916665932096
0.32189326848258315
0.08498830305602256
0.06919741731617023
2.205668457609203
2.2056684576091983
0.0
0.0
0.0
0.0
3.7331920275735904
3.7331920275735904
3.7331920275735904
3.73309031590702
3.733090315907018
3.733090315907018
0.0
36.080407516800705
36.08040751680071
36.08040751680071
35.70869416785505
35.70869416785504
35.70869416785504
0.07722358140495605
51.73155913102973
67.44657115182231
54.65202269667165
42.05516637285274
38.73666757203908
49.427104441250776
0.2829441230496891
69.63079740008111
74.27415815873411
72.25989782111932
65.75841697176989
61.11600449048929
61.34982075630835
0.0
58.98278468912332
58.90791990834486
58.90791990834486
56.82403413925111
56.01232770646506
51.48399753289355
1.111770218860804
0.5156042449682737
0.0
0.04457854523297987
0.021614228119710848
0.021614228119710848
0.0
0.4756070456713652
0.026692486683984763
0.0
0.0
0.0
0.0
0.0
0.0
0.0
0.0
0.0
0.0
0.0
0.0
0.0
0.0
0.0
0.0
0.0
3.755513984305614
3.755513984305616
0.16547641337030972
0.0
0.0
0.0
0.019744596927431718
0.2566875164921456
0.2566875164921456
0.0
0.0
0.0
0.0
0.0
5.499493327844725
2.062416979873094
0.0
0.0
0.0
0.0
0.00480138945451483
1.1616811769726332
0.37369481357578677
0.0
0.0
3.9937797726486775
3.993779772648695
0.0
0.8753799335332173
0.31658154087063695
0.07436476517401974
0.060547740151649
0.0
0.0
0.0
0.0
0.0
0.0
