0.0
11.466415451684096
11.466415451684101
11.466460318640149
11.46646031864015
23.99959948249036
0.0
41.901111363198645
46.17134549512833
46.080485242042684
46.08048524204266
63.859512986145496
0.0
99.2732306137604
99.9999999999999
99.99999999999997
99.99999999999997
99.99999999999997
0.0
82.92848760031808
100.0
100.00000000000009
100.0
100.00000000000001
0.2429450881734149
58.18966231031897
57.95890062677507
65.34520355773711
75.58796998795425
100.0
0.0
0.6089315638548382
0.704828802683098
0.6217991508158572
3.575047171924226
34.13072050999799
0.0
0.0
0.0
0.0
0.0
0.0
0.0
0.0
0.0
0.0
0.0
0.0
0.0
0.0
0.0
0.2572081793747162
0.0
0.0
0.9794243670810343
0.0
0.0
0.0
3.071904430304601
0.0
13.09981772657792
0.6028327293924115
0.0
0.5772293321409787
6.884462964713709
2.4971351703954223
0.832378376896823
0.0
0.0
0.0
0.0
0.0
0.0
0.0
0.0
0.049816712446076404
0.10274681048562301
0.0
0.0
0.0
0.0
0.0
0.0
0.0
0.0
0.0
0.26665470463732344
12.799726568053451
12.799726568053462
12.799786390661524
12.799786390661525
0.2666472268113155
0.0
24.0189448793816
46.17134549512849
41.90111136319864
41.81724513569073
41.81724513569071
23.94912878245411
0.05222172176825357
43.89826577962173
66.93190948281904
58.00893105448022
58.432869406997554
71.39177748284109
34.175751666049884
0.0
56.558286506500636
76.31053091779629
72.23416263929889
69.4769635863708
69.54671039467776
48.70360418845574
0.7877420629544537
52.545983169438884
66.6288199056923
72.09883990065605
63.68914564709749
52.1308762009341
50.24260681676218
0.7976837803689558
0.0
3.9151198963474
3.9219696991208486
3.9160390097017594
4.1269852969237855
3.266941349932098
0.5807895631336387
0.0
0.0
0.0
0.0
0.0
0.0
0.0
0.0
0.0
0.0
0.0
0.0
0.0
0.0
0.0
0.0
0.0
0.2939522049996755
0.0
0.0
0.9784039334226765
0.0
0.0
0.0
0.0
2.0059062907015655
2.0059062907015655
0.8897558470304269
0.0
1.393424598375693
1.5075573109711335
0.6192083782187945
2.0717458829414346
2.0717458829414324
1.0823049977643349
0.0
0.0
0.0
0.0
0.143492545652978
0.14349254565297784
0.03311309296576062
0.0
0.9104688119593347
4.981410422736038
4.070941610776702
0.8806916210752671
0.32189318113409954
0.08498826299447718
0.07393811234887322
2.356778766113211
2.356778766113211
0.0
0.0
0.0
0.0
3.733165864922526
3.733165864922526
3.733165864922526
3.7330611753584177
3.7330611753584155
3.7330611753584155
0.0
36.02841731907242
36.02841731907241
36.02841731907241
35.92369317368107
35.923693173681166
35.923693173681166
0.045694006547221874
46.067243661689496
74.75337494945826
56.24685328817329
41.45631517592167
38.47641735391124
48.12174155965073
0.0
66.53790675098449
73.4223697156975
67.95898420551622
64.34194145625314
59.28963441084509
55.661261929663716
0.689274305085147
57.33442045511675
57.01598067758357
57.01598067758357
60.89881043355851
59.350755266917346
57.42012207629964
0.6979733078228363
0.3495345659941279
0.0
0.10274681048562342
0.049816712446076473
0.049816712446076473
0.0
0.5081908677419339
0.0
0.0
0.0
0.0
0.0
0.0
0.0
0.0
0.0
0.0
0.0
0.0
0.0
3.118080420798497
0.0
0.0
0.0
0.0
1.4517271806979186
1.4517271806979202
2.33856031561847
0.0
0.0
0.0
0.3380074680386778
2.1151210569655343
2.115121056965534
0.360147520690866
0.0
0.0
0.0
0.0
9.444985657135453
4.893483923917791
0.0
0.0
1.0666635127139623
1.0666635127139608
0.03311309296576062
1.3430374310675963
0.44767897048877514
0.0
0.0
1.0899257989871534
1.0899257989871562
0.0
0.8753799285671284
0.31658150073965097
0.07436473012016753
0.06469584830526409
0.0
0.0
0.0
0.0
0.0
0.0
