0.0
0.00036437463639642334
0.0014537824419633924
0.0015459586777223895
1.428480552475218e-08
1.060891798666556e-05
5.664749942906019e-06
6.8558613845865885e-06
6.012898141871056e-06
4.841266727763579e-06
2.9686520066734755e-09
5.127473726514805e-06
6.606757630542492e-10
3.2583593974781963e-06
1.826361693830684
0.0
1.8263377737059456
3.469666665424356
0.9133020587875454
0.6526814380272814
1.0447337979616724
1.858392150582475
1.0444468851854989
2.4856411974623844
333.5578099418756
3.274226454752731e-05
47.010383804010786
1.0842217339643034
0.00013615953198795562
0.6901002491527584
0.0
0.6901000636627329
0.4374030282521689
8.800037749657648
9.235093808208056
3.7450489767245934
5.907247138197032
20.45890446343497
54.36550254489956
19.828697584295455
264.0825630795712
1.8160710018729733
0.8665623109554075
1.7303903601544879
0.000259110317049201
0.0
5.506906921903899
5.523064267981053e-05
3.142367265339109e-05
0.029888210137766904
4.325384892999258
0.0001298119812363133
10.665212072397882
1.3877542086526835e-09
2.69796298546118
1.8033071662449554e-09
0.00015581651604538869
0.002531287046810329
0.00017809828573968258
0.18847782743675962
0.0
0.0002631819223485518
6.046706718558297e-05
5.395466356059524e-10
6.405192451012313e-05
5.190016303554684e-05
4.05677620348754e-09
4.4846328356860104e-10
3.241276308571514e-08
9.381504599664084e-09
7.776749953075903e-05
0.0002697452422400389
0.0016577385015043755
3.9370727645667105
0.0006378287011365364
0.0
0.0004473862222934313
0.00036650464303413367
0.0004111596595335898
0.00017495967149218057
5.143329502129526
0.00014640535190876448
1.8479871402054982e-09
7.243974908932422e-05
1.0177548919649376e-08
0.005367564497246828
1.6725376013208575e-08
1.0025416663083745e-09
9.615136955014253e-05
0.0008120481560240047
0.0
0.0005838804252253637
9.23455976980736e-05
7.201022356223774e-05
1.1842354409949974e-09
7.660424141396866e-05
1.5969605310804835e-09
8.562022083862203e-05
1.749313854006528e-08
0.002622267324900311
1.2695731391723943e-08
0.0008625224107280699
5.438926693935523e-05
0.000402910604603758
0.0007499931620247308
0.0
0.10861672005554447
4.262008482292386e-05
9.275317209835097e-10
0.00011825210513618493
11.02844747020998
0.0001013004721690328
0.0008990315489575744
0.0004850356907651226
1.247165650673756
1.7182269751906176
9.525179495149252e-05
0.00029018439012923575
6.0754914569353506e-05
1.88957964185056e-09
0.0
7.226590256009268e-05
6.14964297760716e-08
0.0001884977683724004
18.93269602945486
0.7163242041277791
0.0013626786120425117
4.378061337974083e-05
0.0001796807125480989
0.00036982614060632364
6.448274348541826e-05
0.00026387634736824974
0.001713929755945425
0.0008160627646176253
6.391270319804291e-05
0.0
1.2974737084764112
2.653028613855883e-08
4.636224384072294e-10
9.475879453275301e-09
0.0024760476111285873
3.632327310373632e-06
0.001339191812532219
6.303169499238344e-05
5.134768954704093e-06
9.575594092150834e-05
4.845004574285384e-06
5.322519856708556e-05
0.0005506907991046584
3.915560271419989e-06
0.0
0.0008187338784407579
0.6723791005161441
5.1994600080476836e-05
0.09871052614169287
0.0008977650728512122
0.000988014649484855
0.000524780906516314
5.6787461602294044e-05
0.0003117617319196941
2.9485867300970865e-05
8.700805542537487e-05
0.0004889965823124765
4.3619785609317865e-05
4.9343778416686925e-09
0.0
10.994755187515954
0.00010171034809148147
0.002683442599641459
0.001363712786912147
6.1046103128817074e-09
5.177124492503934e-10
2.543599515468868e-05
3.943029582183261e-05
8.44828903446369e-05
0.0004679271431506369
1.4803881577245201
2.0564051001838205e-05
8.314246539273481e-10
0.00046018052423984926
0.0
0.0002438666030665575
0.0027331791007395682
0.0026533327029434235
1.017300083454959e-09
5.255313228741625e-10
4.5290818492238285e-06
7.2997621212873365e-06
1.789732818192311e-05
0.000393812596383866
2.144758157459517e-05
3.6145128347438788e-06
9.397292895080651e-10
0.0002259177285724848
0.0011022804323662049
0.0
