1.0709038180781352
12.185852890661275
12.238071692426184
12.121645493077773
12.121645493077759
0.4773332069050482
0.0
25.898909147335292
44.066009533600706
44.238722750545215
45.56689347423524
44.636692648019014
26.369175277390287
0.0
44.75105405866425
79.35497328948304
79.2305642306492
98.97340226200143
98.8973669301288
38.65386789814762
0.0
53.102592500013955
100.00000000000004
100.0
100.00000000000003
98.38812520456159
53.31498892362654
0.8683082927347039
50.50868171250267
88.4220312332964
89.68572512860773
98.26453014125354
97.34379308263772
71.27687729126238
3.4278193869795017
0.0
1.8461479537060732
1.9383182278535218
1.5876887559382635
3.6423775057767607
4.62629595533835
0.7710492862449189
0.0
0.0
0.0
0.0
0.0
0.0
0.0
0.0
12.185852890661273
12.238071692426184
12.121645493077768
12.121645493077764
23.99118654535777
0.0
44.06600953360067
44.238722750545215
45.56689347423525
44.63669264801902
63.90064606422824
0.0
79.35497328948303
79.23056423064921
67.55441707093414
67.4783817390615
100.00000000000017
0.0
60.27552611373076
58.38719285415202
70.51594975231689
99.99999999999999
91.68823291102981
2.6296359830798273
38.36837170224878
39.632065597560164
26.992842353384173
35.752822242222955
100.00000000000001
0.2171934453132538
1.846147953706073
1.9383182278535218
1.5876887559382633
3.642377505776761
44.40551085697642
0.0
0.0
0.0
0.0
0.0
0.0
0.0
0.0
0.0
0.22955515136656168
1.032998521027506
0.0
0.0
0.36008162759379236
0.00782823224128892
0.06550903675891488
0.06550903675891488
0.1599585662302398
1.4472566341734006
1.4472566341734006
3.3989997803329595
0.053723659784493324
0.0
0.0
0.1094703144039985
0.7662940355949492
0.766294035594949
1.4120230123066209
0.0
10.064246624677807
5.784737832058406
0.09396665294068846
0.34265965310415336
0.34265965310415336
0.1496606050620311
0.06138446448227157
0.0
0.0013029930104784548
0.2977484074343807
0.9018474744479912
0.901847474447991
0.5954968148687614
0.398195312636734
10.069716890756238
10.069716890756238
3.58951670443443
1.5484189419358034
0.5630613389829118
0.14076531268237621
0.128878438190209
3.826876530139743
3.8268765301397414
0.5549899132479768
0.2219959669496699
0.0
0.0
2.5041229347210807
5.290819758209355
3.361773577890744
1.8633094991899446
5.243550359109863
3.609362043929572
0.0
19.463735503579628
49.39391528271551
32.33716718625587
20.996197858633728
50.971363912753475
33.531470834093554
0.0
33.749904177757195
82.04296763891286
49.99299958167892
34.03359847375437
38.82078410684181
43.79112156842448
0.0
62.826405223582796
79.74091689013235
97.38655281332356
82.80834870297483
79.36506677067665
55.103996433561484
0.8683082927347039
55.876340819401264
63.73302816934036
59.38325335053887
81.64481816872006
77.3178808257278
71.27168778818131
3.427819386979502
0.7480214214330648
0.0
0.07955231164976705
0.701258943830517
0.18434054829489693
0.0
0.7710492862449189
0.0
0.0
0.0
0.0
0.0
0.0
0.0
0.0018418394525563976
0.004793267886543583
0.15491016618881204
0.0
0.0
0.24881792440172
0.008364685048919575
0.22955515136656168
1.298440680602968
2.84936756375609
0.988965956727921
0.7539051229530175
0.09314406347014915
0.0
0.0
4.884794429372537
1.6298287283126336
9.256961213826752
0.46455497184075656
0.0
0.0
0.7493656657215078
0.0
0.0852581181345983
0.0
10.439728446380904
0.2977484074343807
9.329593819491166
3.4985976062948163
1.1661991656092223
0.0031060575654781298
0.053231782471665184
0.4659437614673752
0.5454960731171421
0.21655976360277598
0.07955231164976706
0.0
0.0
0.0
0.0
0.0
0.0
0.0
0.0
0.0
0.0
0.0
3.0601401760552305
2.027141655027725
0.0
0.00782823224128892
0.20094088015234995
0.20094088015235012
0.06550903675891488
7.133700997088867
7.133700997088867
0.0
0.053723659784493324
1.9221131567718566
1.9221131567718572
0.0
1.0674830850650192
1.0674830850650192
0.0
0.0
0.0
0.0
0.1879333041353338
0.9517753831420673
0.9517753831420673
0.0
0.06138446448227157
2.087071349524308
2.0870713495243067
0.0
8.201973070764291
2.612646045442918
0.0
0.3981953126367341
5.252741082151288
5.25274108215129
3.5895167044344305
1.5484189210715393
0.5630613622941452
0.14076531268237621
0.128878438190209
0.5549899132479768
0.5549899132479766
0.5549899132479766
0.22199590086337054
0.0
0.0
