0.0
11.466524684146854
11.466524684146854
11.466550035637953
11.466550035637955
23.999773620556756
0.0
46.1605789387205
40.10838726226676
46.095455327063085
46.0954553270631
63.89930790897945
0.0
95.10395929700837
97.66557489066089
97.66557489066088
99.7176231430804
99.99999999999999
0.0
83.40011115167724
100.00000000000001
99.99999999999996
99.99999999999999
100.0
1.837557661310001
58.40679393227175
66.36504520268623
68.00427697279653
100.0
100.0
0.1312541186650004
3.0483930646936397
3.0483930646936397
3.1496473753508205
4.711469233623769
39.88503324200801
0.0
0.0
0.0
0.0
0.0
0.0
0.0
0.0
0.0
0.0
0.0
0.0
0.0
0.0
0.0
0.1843507740530533
0.0
0.0
0.7369583661747463
0.0
0.0
0.0
8.106500929089147
0.0
1.0119883159563077
0.6363868955325601
0.0
0.5684143859026491
5.411768269121253
1.9497728230189346
0.7551773916076508
0.0
0.09695077501366103
0.09695077501366103
0.09695077501366103
0.09695077501366103
0.09695077501366103
0.0
0.0
0.0
0.0
0.0
0.0
0.0
0.0
0.0
0.0
0.0
0.0
0.0
0.26665990462665345
12.799845462308802
12.799845462308802
12.799879264296932
12.799879264296933
0.26665567937813667
0.0
24.013578379359032
41.891355220090446
47.94354689654411
41.83124460008352
41.83124460008352
23.963539022453137
0.03743017445150194
45.10776611361076
73.95862665602439
55.52244318324585
55.859613300678724
65.35599339561522
33.86799264076222
0.0
57.68976897139586
81.67043761459
80.7713180993594
75.77295952120762
63.17987052732014
48.47093688000212
0.685207418878059
45.07860006800637
62.10299601182073
69.10188227475207
70.64714771696265
50.09508648191237
50.81545886828798
1.015913141023053
0.0
0.0
0.0
0.0
3.46744010163937
2.3834454471641235
0.42372363229323706
0.0
0.0
0.0
0.0
0.0
0.0
0.0
0.0
0.0
0.0
0.0
0.0
0.0
0.0
0.0
0.0
0.0
0.21068659891777522
0.0
0.09545484622595389
0.7369583664369639
0.0
0.0
0.0
0.0
0.7403098307311429
0.7403098307311424
2.0167054117472367
0.0
1.292481654685639
1.424654968237788
0.6295359012169681
2.1297801933402125
2.1297801933402196
1.2160135884108927
0.0
0.26065360865661835
4.38871288392506
0.26065360865661813
0.0
0.0
0.0
0.0
1.0940049823042632
5.152945066420614
4.0709416481943785
0.880691688580838
0.3218933124115675
0.08498832456128734
0.0539426573451421
1.7194228313282731
1.7194228313282809
0.0
0.0
0.0
0.0
3.7332386647731486
3.7332386647731486
3.7332386647731486
3.733179511293914
3.7331795112939155
3.7331795112939155
0.0
36.02036756903849
36.020367569038505
36.02300528250778
35.945308533679686
35.94530853367972
35.94530853367972
0.032751402645064195
46.06427133935167
76.60685774447208
57.97604351692971
40.7869117694389
38.238436859259615
48.420627313307705
0.0
67.54306727416207
71.38708540262236
65.36240253930323
64.70548567041398
59.20906094978366
55.40735799836618
0.5995564915183015
64.13430512071592
63.64708103597221
62.861086678515306
64.26469216614056
60.69094520971613
58.07481013518627
0.8889239983951714
1.1811241217428279
0.10125431065718067
0.10125431065718067
0.0
0.0
0.0
0.3707581782565824
0.1502366148434258
0.0
0.0
0.0
0.0
0.0
0.0
0.0
0.0
0.0
0.0
0.0026377134692779363
0.0
5.232963984986765
0.0
0.0
0.0
0.0
1.0405100868268224
1.0405100868268222
2.6164819924963156
0.0
0.0
0.0
0.17880014082219317
2.013212476317602
2.0132124763176025
0.07515271128956341
0.0
0.0
0.0
0.16802189709253862
7.1027769273319254
4.31947924434259
0.0
0.0
0.8264978921627641
0.8264978921627637
0.04010055517794124
3.137550190502738
0.9765379964822676
0.0
0.0
0.7676078874439021
0.7676078874439028
0.0
0.875379938848562
0.31658156319875774
0.07436478399112642
0.04719982517699934
0.0
0.0
0.0
0.0
0.0
0.0
