0.0
0.0004961659908806616
0.0019793187914476395
6.44950923759707e-08
2.2781363321022328e-08
1.4414244440983501e-05
7.714532956692582e-06
9.327217920863775e-06
8.186138907555842e-06
6.598036288218061e-06
4.532104644746634
6.997005992151455e-06
1.3026953631101736
0.33098627270925385
4.201122326658216
0.0
6.514031358791556
4.265682690330057
4.201238423209077
5.031435130960846
5.008910700137715
2.8165801524791823
5.008663180203256
5.509017860316638
256.13071353250973
1.0429375224910133
103.59768654729703
0.28534978315491427
0.14063895676763102
2.0130107460290336
0.0
2.013010036040119
0.442846857230969
5.9613288595839915
2.4322199761438887
2.1751906973141812
2.432471308147364
25.527931098890697
101.94744951590964
19.436984117195966
205.2850559468313
0.4401173201276024
0.3045180542078321
0.745213856861386
1.2703875380715908e-08
0.0
1.884799545090406
7.5797319326533e-05
4.298915782580157e-05
0.0007156044053589708
4.543180451954558e-05
0.00017769538324684286
40.817552703775846
4.745837410255768e-09
4.542447229299641e-09
2.9362582567657164e-09
0.0002134065004443071
0.0010020919331019428
1.6177708779165733e-08
0.030227122916198498
0.0
0.0003610216508965889
8.290306969830999e-05
1.2458390457171847e-09
8.75568781462716e-05
7.090095149361697e-05
5.839135295882397
1.4274622107432223e-09
2.722091493213186e-09
4.1089259318423625e-09
0.00010612047201544243
4.194039240362395
0.002256344985714271
3.1027578368638116
0.0006807646940417192
0.0
0.00061012556546744
0.0004986549190533211
0.0005612850519913288
0.00023830646813254646
3.6968905523065367
0.00019969672055008061
8.172677044931891e-09
9.868282568372961e-05
2.3122130495684818e-08
0.006648814652200323
0.7642492222700605
1.0674142759214274e-09
0.00013154315448830797
0.0010345196518393761
0.0
0.0007377291927673041
0.00012638188390717256
9.824652701512927e-05
2.316065041209835e-09
0.00010437910664911151
8.608678178681479e-09
0.00011665892326406621
6.627595321034692e-06
0.00404707243019323
9.543672699875532e-09
0.0011735531543129573
8.017977391101457e-05
0.0006129078839826971
0.0011234114099763768
0.0
7.19599263784784e-05
5.817114346106816e-05
2.5804300976488222e-09
0.00016113358772615249
8.094743786102102
0.00013803954175530114
0.001223810110109404
0.0006601767764081454
1.9733577226832062e-08
1.5003187120887425
0.000129937689269265
0.00039564861144567585
8.277297066104685e-05
2.9466981705211197e-09
0.0
9.859964445182499e-05
1.3665750865821252e-07
0.0002572322407431956
27.37155392851067
1.1629613524745464
0.0025485031378833073
5.979514289348856e-05
1.71101293800769e-08
0.0005064787785272406
8.81761591765398e-05
0.00036200146970205647
8.246256042209634e-05
0.0011669364688998087
8.737658659658992e-05
0.0
8.111007770055767e-09
2.8498666807967258e-09
2.82399609761047e-09
4.302488774380304e-09
0.0033982411572824078
4.948507938571239e-06
0.0018225880963531698
8.583421943552435e-05
6.997764757372087e-06
0.00013044029666477362
6.597364610666309e-06
7.383883894485801e-05
0.0007060208244675696
5.3531017270083565e-06
0.0
0.001116266041973268
0.5059214602823199
7.084040854308202e-05
0.002372976817150975
0.35374666148370737
0.0013453776500956059
0.0007143190186256965
7.753655671198273e-05
0.00043316034370849817
4.017734980756182e-05
0.00012119246055593158
0.0007534162136468886
5.955059410751421e-05
6.835695698383274
0.0
6.662914856241454
0.0001385911040726381
0.003645142448977702
0.0018560741086179997
7.81866194106848e-10
2.8370875480289033e-09
3.47989519947309e-05
5.382778678558995e-05
0.00011517404891473156
0.0006485938470996507
2.7020228455865207
2.8077835243343025e-05
2.331891546427817e-09
0.0006276928732864911
0.0
0.00033256876412617433
0.0037174560036223273
0.003610460959043678
1.3026722950140827e-10
3.973880059260182e-09
6.195113803532586e-06
9.96307572672902e-06
2.436200582691902e-05
0.000543836667521352
2.9187561504029162e-05
4.934834280080277e-06
2.6568338700179704e-09
0.0003075276014811162
0.0015017707114237128
0.0
