0.0
4.692538132262265e-09
4.06454391493228e-09
5.659071628430194e-09
4.692034261849713e-09
4.628512958514938e-09
4.1461276309907655e-09
5.104716055292113e-09
4.448701781394556e-09
1.5763793488126003e-09
7.019141472440311e-09
4.536300141031406e-09
4.5000454572379985e-09
4.129038374674631e-09
1.1738412260721474
0.0
0.757444051604403
10.244171075401072
0.6020792616006638
2.6288409130683714
1.0772322423347214
34.664508510042964
1.6755850306702333
7.888505032249772e-10
260.67653108288636
0.5020049938621586
69.11949597781086
0.07199257330259702
0.5277431930587907
6.7992625849214665
0.0
6.7992625836921965
0.5885734312762941
2.597455213188751
1.6000990470553955
27.81347538659076
2.179216146992895
120.3329646246498
89.51500511656789
0.6747127727261948
46.17378838345362
0.07187455442149665
0.08136972181954791
0.7939199604727888
2.4311075917084896e-09
0.0
4.458509084356491
0.09881812679879187
0.9778150111901391
19.039443131048387
1.5611302110484737
4.1839551847615347e-10
24.5634866711129
0.49069161566453773
132.28793785759228
4.442888747810779e-08
2.274120596792766e-08
0.0005337955951368514
1.558709260492952e-08
0.43021960594598946
0.0
1.4882533047400696e-07
2.2557486439729074e-06
0.11987582708900615
0.07346199379808956
0.4798489863289301
0.12148614974875313
0.0612982374466164
0.11442992883304712
3.084607044043816e-08
1.1541463537299914e-08
1.7355912896282613
0.5374689976443443
4.102764766682989
2.915685087310488e-06
0.0
3.3076690348079515e-06
3.3137853231645216
2.8795620608856445e-06
2.349040095624024e-10
0.023318312593238685
0.07199459151059479
8.957039074232865
3.1487287323936896e-08
2.7675571765616196e-09
0.1400082446929426
0.13066102724399262
0.14272563861846516
4.254701591739518e-09
3.092386472952381e-08
0.0
2.5632764918784744e-08
1.0003053762353923e-08
2.136363119762171e-10
2.7460901954452953e-08
2.4214190751295135e-08
44.737987787123465
0.023649377851252047
5.35452593086571e-09
0.0014184023732081194
1.3095354724637213e-07
9.59377493742712e-08
1.6539365821164535e-08
4.7219776641683344e-07
3.5767496269992037e-07
0.0
2.3471478252506404e-08
3.051891836140173e-10
2.9250315941866073e-08
2.448429544878233e-08
3.857967891073566
5.8319935706072726e-08
0.017336676310547958
0.4090096101290833
0.312882481841352
0.0956786287969579
0.0248643729374136
1.4989094481595926e-07
1.6261026447754217
0.16277167697040804
0.0
2.174175101073261e-10
0.4034291568553233
8.385668501949394e-08
0.5344297417219657
4.043739742115415e-08
0.03627375230037064
0.060815455453606
0.00011569706161478863
1.9609446794126242e-09
0.06315694890028048
1.4870736803008708e-07
2.250989576098179e-06
0.11557344663155174
0.058926315431396446
0.0
0.11768914998783171
0.05278844813861881
19.53906852665856
3.100420905177038e-08
1.2245748450061954e-08
3.824915625629585e-06
2.790543158072809e-07
1.0382919243120644e-07
1.485548659434999e-06
2.433208382430274e-08
2.2478511176576386e-06
4.3396450462703624e-08
0.000371940070112161
5.314835532999148e-10
0.0
0.0008159381874024217
0.23659636921021904
5.221899356991471e-08
1.0762787470279348e-08
3.1673648660148254e-06
1.3239129202495355e-07
0.5343684897981321
1.11397796767473e-06
0.10791911371090845
0.5601227685022501
0.003938285514373294
2.6294871875821145e-07
2.9902738916962343e-10
1.6881247736287253
0.0
2.203995950729591
5.5981320924536e-08
8.923704577508105e-09
0.18085426284941059
4.99766782699726e-08
1.6584823706201303e-06
9.127029911571828e-09
1.904591221951893e-08
2.4709405155620616
0.0002990635136209429
0.03257067814229938
4.024642935466801e-10
1.2052319484688857e-07
0.0002532168983938845
0.0
0.0002659277279036576
1.1073919641465742e-08
0.009523267800137767
5.236909328358652e-08
0.0023658099355625
1.066479962667153e-08
0.0023507002404144304
0.17812021562629116
4.434533688258411e-05
0.0003357700522218645
5.068246982019004e-10
1.1760713636664188e-07
3.613176272223913e-05
0.000541815089828685
0.0
