1.0709076549283534
12.18587041609283
12.238241431626896
12.113168598118813
12.113168598118786
0.4739628251869752
0.0
25.898787799079596
44.06492183167092
44.21920007910563
45.631485490515324
44.66245628180801
26.382160944942385
0.0
44.74916688363399
79.33337905759352
79.2079147992896
98.15358669217241
98.15358669217237
38.33283876460179
0.0
53.172518582281995
100.00000000000001
99.99999999999997
100.0
98.78816785985339
51.27374633321899
0.0
53.92003435832599
90.89580468107832
91.54204735699902
98.96493985514425
98.08687397641556
63.64225032030802
2.7843353441617267
0.0
1.8699721722
1.9581733033322453
1.6019832988474003
3.6471425429187834
4.626296242176339
0.7710493655202091
0.0
0.0
0.0
0.0
0.0
0.0
0.0
0.0
12.185870416092834
12.238241431626895
12.113168598118815
12.11316859811878
23.989556799665237
0.0
44.0649218316709
44.21920007910563
45.631485490515324
44.66245628180801
63.901378930627125
0.0
79.33337905759355
79.20791479928958
67.55076621460483
67.55076621460483
100.00000000000001
0.0
60.69471821381548
59.18687653019182
70.45888549671281
100.00000000000001
93.25406588851482
0.0
36.970701828740985
37.6169445046617
22.970041680254873
29.710100096448897
100.00000000000003
0.21999664516261386
1.8699721722000004
1.9581733033322453
1.6019832988474003
3.6471425429187834
46.07141245307438
0.0
0.0
0.0
0.0
0.0
0.0
0.0
0.0
0.0
0.23552185116497698
1.059848376658138
0.0
0.0
0.36749742261328466
0.010721149664195068
0.11942252101529824
0.11942252101529824
0.5713619857163182
1.2014939031856162
1.2014939031856162
2.345052400299344
0.053740775325472605
0.0
0.0
0.08178512432005257
0.3574906139715225
0.35749061397152243
2.5069203746615147
0.0
10.61671782247219
5.644869983815022
0.014208388761272735
0.0
0.0
0.09458861172967428
0.05473136719648017
0.0
6.39972204100671
0.18719920189278513
0.7127951719854004
0.7127951719854007
0.37439840378557027
0.32235290038325665
10.21449001200551
10.700524650162842
3.4526371537394445
1.3845418854724383
0.5034697585411756
0.1258674323324363
0.12887842811261163
3.8268765156879394
3.8268765156879376
0.55498996760258
0.22199598683114877
0.0
0.0
2.504121984699051
5.29087208521653
3.3621587295127657
1.8636644805149842
5.203277372531694
3.611133080264918
0.0
19.463746558766342
49.3652802252469
32.29864390260426
21.088725960527636
51.00893134898822
33.51921799284955
0.0
33.750075285823556
82.82996041221666
50.77993531726379
33.395784406465516
39.12078778466974
44.09018531903854
0.0
62.85497845843474
79.7462021775512
97.70560048114378
85.50605179387118
74.11460694815705
53.494840328723555
0.0
57.34780661752141
61.109507563169466
58.113337955769886
100.0
62.92354898465072
60.15449736043321
2.7843353441617262
0.9990786922966687
0.0
0.07612713882806765
5.343968400135496
0.3339666496724975
0.0
0.7710493655202091
0.09458861172967428
0.0
0.0
0.0
0.0
0.0
0.0
0.002190945516246885
0.003226425452752025
0.15366530228362527
0.0
0.0
0.25092848337281487
0.009916833812965157
0.23552185116497698
1.3008020269722642
2.907087605455765
0.9690291948750558
1.3028069118599899
0.09245722704180603
0.0
0.0
0.0
0.0
9.472748970514427
0.48514758703970595
0.0
0.004737901892962836
0.0
0.0
0.0
0.0
0.0
0.18719920189278513
4.282823715162209
1.5716140806011685
0.5238713544577751
0.004132345265561811
0.04829513301154133
0.4429611252824544
0.5190882641105221
0.20723507220191084
0.07612713882806765
0.0
0.0
0.0
0.0
0.0
0.0
0.0
0.0
0.0
0.0
0.0
3.0882396148587703
2.0283912382006335
0.0
0.01072114966419507
0.2451343190211826
0.24513431902118274
0.11942252101529824
6.779061540773913
6.779061540773913
0.0
0.053740775325472605
1.9227254291789007
1.9227254291789009
0.0
18.600885920967695
18.60088592096769
0.0
0.0
0.0
0.0
0.018940956585286186
1.395007247126752
1.3950072471267525
0.0
0.05473136719648017
1.8608663772390261
1.860866377239027
0.0
1.387073963571064
0.7568231534874048
0.0
0.32235290038325665
2.9666025155821254
2.9666025155821263
2.9666025155821263
1.384541876381021
0.5034697599524772
0.12586743233243633
0.12887842811261158
0.5549899676025799
0.55498996760258
0.55498996760258
0.22199597762243417
0.0
0.0
