1.0712426161815989
12.187914294932062
12.269713767150478
12.132325615229373
12.132325615229378
0.44706155362176125
0.0
25.89878618458167
44.06491567002373
44.1588988095187
46.074854329784934
44.839300495284064
26.47129504493088
0.0
41.85241326099325
99.93660487316218
96.8283032331287
100.00000000000001
100.0
43.66736227036741
0.0
45.92495305294311
99.99999999999999
99.99999999999999
100.00000000000001
99.51096604186884
63.467225839952064
2.265731750903001
53.823402370494165
90.3817617256884
91.10038352084834
100.00000000000003
100.0
72.60706848065891
4.753563469747572
0.0
2.0303506063003387
2.0303506063003383
1.5804656102836145
3.63996951356237
4.6262955662195715
0.7710491774092887
0.0
0.0
0.0
0.0
0.0
0.0
0.0
0.0
12.187914294932062
12.269713767150481
12.132325615229375
12.132325615229378
23.990756427076068
0.0
44.06491567002375
44.1588988095187
46.07485432978493
44.83930049528406
63.906408705620464
0.0
55.31606444557011
55.60222621208216
74.16918233351475
82.56245201530024
99.9109810588919
13.873908255876263
59.27049806861408
67.76763876184137
53.078971182270195
100.0
100.0
0.0
36.658232786641186
37.37685458180111
18.596043548507428
52.13270677677781
71.93998209150908
0.24829757334147462
2.0303506063003383
2.030350606300338
1.5804656102836145
3.63996951356237
97.73864379816291
0.0
0.0
0.0
0.0
0.0
0.0
0.0
0.0004049808590348979
0.00020249042951744895
0.0006677791625739589
0.008962546494025296
0.0
0.0
5.07985170877932
0.004040207946322754
0.0
0.14592573424321686
1.0089770604160253
4.7182920907751384
4.718292090775139
2.47818160218809
0.053858284132999215
0.0
0.0
0.06228144285281407
1.1833383352486802
1.18333833524868
3.058346996373951
0.0
0.0
0.46984696187504454
0.505592324357483
0.36539565620847625
0.36539565620847625
0.1456276645530415
0.11755004144892021
0.0
0.002822035697975911
0.019874781278901743
0.34095126703908274
0.34095126703908274
0.0
0.23172321857163128
2.275668551156009
4.215393803746858
3.7082523269240157
1.1962329615097331
0.43942280505136266
0.18699813223235445
0.12887846078196669
3.8268765444913937
3.8268765444913893
0.5549898272832633
0.2219959225781461
0.0
0.0
2.503920881897472
5.29534451336378
3.424953356722762
1.867861565795962
5.293054663358424
3.640650804924993
0.0
19.46374664015513
50.304685269956316
32.178031855253955
21.70666133556966
51.26680062748691
33.43511375791304
0.0
52.7525428706571
68.89666341266258
67.8416309910003
45.49288788205844
43.53669265111924
43.820077163942756
0.0
60.09133230975775
84.3369358231173
70.29190783531189
80.40818646895991
75.61645718234043
64.79397341592097
2.663331629551612
57.512969895657704
61.05030270831356
59.77910577894421
91.12857505644293
86.83878608356468
71.78746238151284
4.355963591098961
1.3009846649317336
0.0
0.24085134351364693
0.7555850821372412
0.24829757334147456
0.0
0.7710491774092887
0.0
0.0
0.0
0.0
0.0
0.0
0.0
0.00046528873305651003
0.01093803749323624
0.02747444458518183
0.009922297722603632
0.0033070903882646144
2.8221398676432763
0.025010684441088487
0.14592573424321686
1.0089770604160253
3.706661202010272
1.2355536655205175
2.8221398325051545
0.08774128707583406
0.0
0.0
0.0
0.0
1.8365058192492512
0.0
33.44823802530641
0.0032495829989622176
0.0032495829989622176
0.0032495829989622176
0.14040762324091988
0.0
0.0
0.0
6.055576839897158
1.7836417563552525
0.5945467798456844
0.01575535613939558
0.1189574246069058
0.27952661174873167
0.5203779552623785
0.17333226146513608
0.0543748368582303
0.0
0.0
0.0
0.0
0.0
0.0
0.0
0.0
0.00020249042951744895
0.00020249042951744895
0.00020249042951744895
2.086193778037379
2.086193778037379
0.0
0.004040207946322754
0.1461390284085783
0.1461390284085783
0.0
3.9417753375576003
3.9417753375576003
1.0089770604160253
0.053858284132999215
1.926927665570713
1.9269276655707117
0.12456100827122037
0.8090958344755245
0.8090958344755246
0.0
0.0
0.0
0.0
0.09748443098962678
1.3009846649317336
1.3009846649317336
0.0
0.11755004144892021
4.127370642278147
4.127370642278144
0.03410556482559534
3.791120335964579
1.577651299441108
0.0
0.2317232185716313
6.110060557266351
6.110060557266353
1.7685270743331636
1.1637515363531696
0.4069416577928058
0.057073936823838295
0.12887846078196669
0.5549898272832633
0.5549898272832633
0.5549898272832634
0.22199578273717213
0.0
0.0
