0.0
5.900662208167393e-08
2.644304798053357e-09
3.9805564343845666e-09
4.107312637138084e-09
3.800101714710528e-09
3.674069570664766e-09
3.685228896286876e-09
3.869791833203022e-09
1.3943275048593342e-09
3.0607421057793918
4.407449355961347e-09
3.886292670499386e-09
2.234151695123617e-09
6.18062833500749
0.0
3.708249905367623
10.868943875293482
3.9247809023861677
0.5609388395554302
9.282325873372999
23.12239333772892
0.8642924788928579
3.484907012999084
187.80694098266105
10.760695534846358
127.76531051180717
16.80402296380249
2.580187945710062e-09
2.664247535109965
0.0
1.9195455947253106
0.03236802744434247
7.721282805049078
6.0591010361078865
11.293956669874769
7.829403130166319
44.12113431074353
11.408715378478366
30.750625807986737
239.1449990715364
3.107343265853337
2.7280609885731302e-09
0.4005101031564945
3.1285985937883762e-09
0.0
4.733137007537845
9.295383960586824e-08
0.830461987692374
6.526162081933762
0.8301713451592019
9.882076084965611e-10
62.50703402428208
0.2595924397134942
7.738085450619224
9.811505095189098e-09
5.4260210398196675e-09
0.000569999818699401
4.925446908593643e-09
0.9334981085382332
0.0
0.0001251839957878168
1.1438704995703845e-07
0.054667204388729615
1.5421123513704028e-07
1.4472966748494733e-08
1.564399939870108
7.612177762304333e-08
0.041263659786051496
1.890059484425617e-08
3.6588440318693497e-09
2.187098654521254
0.05478413367267813
0.09259884657959766
0.0002376919577383964
0.0
1.1915997983737568e-07
0.04179009395005459
2.2290988697875593e-07
8.142582901120928e-10
9.247233448684899
2.0444580778161235e-07
0.03561669512683202
2.223831561811381e-08
3.371775352639291e-09
1.0730291242574559e-07
6.986802806028941e-09
1.4709342587091275e-08
1.3883340642812306e-08
0.0004299103087269568
0.0
0.0003123429438611443
3.0595913851838107e-09
8.604308093179969e-10
1.5835341585868559
3.446713950297659e-09
34.0049378478872
2.8193183330433805e-08
5.254761711539948e-09
0.0011851281060320513
4.8784664788160394e-08
1.730026793540363e-07
2.9510447276979414e-08
0.00016992221360638028
0.00024413262635092408
0.0
3.850677731690071e-09
1.3241577281923462e-09
1.1462990447593515
4.170382340922768e-09
1.6254926428827998
3.865362673014338e-08
0.30493642056114767
0.003581544660736204
1.5414425431157255
0.02009551335065521
0.007163073493848454
0.0004219523086687167
0.007162930366042421
1.0507752872380283e-08
0.0
8.466125060029973e-10
13.31902591944219
1.1851220636335569e-05
1.4594775555552417e-08
2.9636977168903133e-08
0.11838517366381379
2.4085794937647345
5.047184591820156e-09
8.382047604897523e-09
3.7619608079086757
1.315678209811768e-07
8.214801543512411e-08
0.07615510765326398
1.5354521356198558e-07
0.0
1.8824426103326295
7.742912162539882e-08
0.05206376092566983
1.695839823886361e-08
0.0010719292146472487
1.0602349428754474e-08
0.009765084287172501
1.0441961043792856e-07
1.0754416343493448e-08
3.865970745100309e-08
1.1597919412472332e-08
5.783473270534811e-08
0.00035373233955811567
2.1809173723334645e-09
0.0
0.0005376086188490555
0.1632073340957045
2.5338758692623137e-08
2.8858169716307984e-09
9.695141468201359e-08
0.13184094871379246
2.0455830970930717e-07
9.507562654940128e-08
1.9500964381358467e-07
0.1778911429063213
0.010638756131720769
6.738830874653441e-07
1.0483965383753421e-09
74.09808961465765
0.0
1.2677333795127466
3.461515062707245e-08
2.0380234963071876e-09
1.9875366950238998e-07
0.011960029347007043
0.00026766938866210527
1.5666310031885982e-08
3.416732085711518e-05
4.1757193209214165
0.00013971466455308534
0.041605875887698124
9.600082989184733e-10
4.0880593597575765e-07
0.00013531929283814952
0.0
0.00012560795256642132
1.4975585510551093e-09
0.0029645104641435618
0.0029268115771703624
0.0005051077046190374
4.568378310413553e-09
8.557658685667358e-07
0.3380758134282817
4.393378030651296e-07
1.6467812391108599e-07
1.0097050200698277e-09
2.719032552350714
7.907091020776691e-07
6.807445336181795e-05
0.0
