0.0
11.466509960820671
11.466509960820677
11.466542414478178
11.466542414478177
23.999761473138822
0.0
46.25082817951474
46.25082817951477
45.827329170311195
45.92843237820103
63.6348123017868
0.0
100.00000000000018
100.00000000000014
100.00000000000011
99.8412067745831
100.00000000000004
0.0
76.7545529007665
76.16362710972226
85.64818282689255
99.99999999999994
99.99999999999997
0.0
59.959962473645284
59.972134557054
60.36172010185023
70.01055934022268
100.0
0.0
3.4651804012830256
3.4651804012830256
3.4651804012830256
3.4651804012830256
30.450638428779577
0.0
0.0
0.0
0.0
0.0
0.0
0.0
0.0
0.0
0.0
0.0
0.0
0.0
0.0
0.0
0.7997006668089621
0.0
0.0
0.9121128448895021
0.0
0.0
0.0
0.0
0.0
0.9121128452575555
0.6683324523761819
0.0
0.5822014347094071
8.101690973768838
2.5956873936246
0.8652291260238488
0.0
0.09864048739322293
0.09864048739322293
0.09864048739322293
0.09864048739322293
0.09864048739322293
0.0
0.0
0.0
0.0
0.0
0.0
0.0
0.0
0.0
0.0
0.0
0.0
0.0
0.26665913595631163
12.799829514130696
12.799829514130705
12.799872785674038
12.799872785674038
0.26665372701339485
0.0
24.061408471486892
41.97331268654339
41.97331268654336
41.585008350192076
41.67347365709567
23.96709373350972
0.1011032078897286
44.644406362364755
65.19926073366784
65.19926073366783
68.88899973850353
77.81644349204548
33.712778863353435
0.27179279764147607
58.0179415206273
87.36011761099772
87.03893055526632
70.92402227980786
71.95693610073243
40.752918607802364
0.0
52.338898072119335
65.11029671226477
65.12420766473151
70.64564811494094
58.20129576889815
59.665814745333776
1.546248011472706
0.0
3.4651804012830256
3.4651804012830256
3.9001337757069767
3.9001337757069767
0.0
0.0
0.0
0.0
0.0
0.0
0.0
0.0
0.0
0.0
0.0
0.0
0.0
0.0
0.0
0.0
0.0
0.0
0.0
0.9139436192102426
0.0
0.0
0.9121128477494916
0.0
0.0
0.0
0.0
0.0
0.0
1.060477655823076
0.0
1.4252920343343902
14.363570131014532
0.6653730682393223
1.2475745029487293
1.2475745029487293
1.2475745029487293
0.0
0.0
0.0
0.0
0.0
0.0
0.0
0.0
0.40519808012818576
4.476139723635734
4.070941643507558
0.8806916785447673
0.32189329529744387
0.08498831624167767
0.8060323153188292
1.5113105912228073
1.5113105912228073
0.0
0.0
0.0
0.0
3.733227903388364
3.733227903388364
3.733227903388364
3.733152178187529
3.733152178187529
3.733152178187529
0.0
36.09211270723035
36.092112707230335
36.092112707230335
35.666287828074715
35.666287828074715
35.666287828074715
0.08846530690351252
53.394230079277364
62.24524100020522
52.4446226019202
43.22067881883355
39.05715310087081
49.75047256331222
0.23781869793629154
61.42248588502353
77.25101885596344
66.59889500901016
63.517226286295916
60.1872054866892
61.12937785340617
0.0
58.35670053533473
58.10217151307351
62.643931538053245
60.16373027619489
57.36821716899012
52.207587902167056
1.352967010038618
0.25890675450034123
0.11054194406828129
0.434953374423951
0.0
0.0
0.0
0.0
0.0
0.0
0.0
0.0
0.0
0.0
0.0
0.0
0.0
0.0
0.0
0.0
0.0
0.0
0.0
0.0
0.0
0.0
4.302216633928722
4.302216633928721
0.7114180895092512
0.0
0.0
0.0
0.0
2.5831371638587743
2.5831371638587792
0.0
0.0
0.0
0.0
0.0
4.5562042842832176
2.07710734604884
0.0
0.0
0.0
0.0
0.0
2.6885916679729442
0.4629096942146893
0.0
0.0
3.6414897195314717
3.6414897195314797
0.0
0.8753799392060315
0.31658155623155326
0.07436477671146796
0.7052782759039761
0.0
0.0
0.0
0.0
0.0
0.0
