0.0
0.0003638436539591249
0.0014516690974819369
0.0015437070026831142
1.4248014561369492e-08
1.0593425974210397e-05
5.656454769733107e-06
6.845826319315584e-06
6.004092849524054e-06
4.834178270585408e-06
2.965212862295999e-09
5.119942487765067e-06
6.587561568638062e-10
3.2535895708867238e-06
1.82642166697962
0.0
1.8263977808939567
3.469341334728941
0.9133318687333646
0.6524434563500195
1.0443389808314865
1.8581435111217122
1.0440511518216427
2.485273994547682
333.5685020530973
3.2694252381840574e-05
47.00656116995316
1.0841359331698908
0.00013596123171273966
0.6901103503043114
0.0
0.6901101651280073
0.43722012907584673
8.799747087800517
9.23370525405879
3.7441364954307788
5.90632665603533
20.458716638524216
54.362868846188775
19.830090471140522
264.087502234289
1.8160235137783698
0.8665316535819078
1.7303330168407918
0.0002587321845622457
0.0
5.506722839616755
5.51498529687187e-05
3.137765223956578e-05
0.02983821605374595
4.325242399539389
0.00012962242557122133
10.663706228507762
1.3839889559593098e-09
2.6982799978728
1.798337405343e-09
0.00015558879238812063
0.0025275999768984195
0.0001778381404979908
0.18840634747400997
0.0
0.00026279737343026853
6.037849572727297e-05
5.379315552598623e-10
6.395811142419265e-05
5.182414522630651e-05
4.04730170377297e-09
4.4713770791090387e-10
3.2351560941926554e-08
9.362405272061733e-09
7.765375935657825e-05
0.0002693509279686377
0.0016553295574982983
3.937240044243487
0.0006368868615036012
0.0
0.0004467331671970206
0.00036597303807990545
0.00041055736688278823
0.0001747041651049195
5.139055217477928
0.00014619104656583007
1.8430675711178106e-09
7.23336120001401e-05
1.0148951885385143e-08
0.00535976608706988
1.6674934178353793e-08
9.997691955374432e-10
9.601077250200557e-05
0.0008108614614110846
0.0
0.0005830277838449547
9.221034982941168e-05
7.190479577253396e-05
1.1813572974825206e-09
7.649207238425339e-05
1.5923535798785194e-09
8.549486155111806e-05
1.7437752758896007e-08
0.0026184583874477294
1.2657685815351096e-08
0.0008612704652330121
5.4309688333663734e-05
0.00040232075754644957
0.0007488995654926406
0.0
0.10863295436208813
4.2557685935427476e-05
9.254302789444079e-10
0.00011807901581354335
11.027624299403353
0.00010115216359595308
0.0008977249232402014
0.00048433074744646154
1.246949979350616
1.71840133036139
9.511233900687615e-05
0.00028975996459779026
6.0665905098997116e-05
1.8844430468739086e-09
0.0
7.21601006488906e-05
6.131182842193821e-08
0.00018822208207894403
18.935422639445143
0.7164280458422871
0.001360699115697838
4.3716489404941885e-05
0.0001794180413303095
0.00036928615711859524
6.438828265661211e-05
0.0002634907588957671
0.0017114334664755926
0.0008148788855427618
6.381907995716049e-05
0.0
1.297157291091914
2.6369919166763477e-08
4.622527734783274e-10
9.45689463742312e-09
0.002472452124750228
3.6270045952544936e-06
0.001337246265720012
6.294011001086545e-05
5.127248596102381e-06
9.561577423573208e-05
4.837906930609445e-06
5.3147223824397924e-05
0.0005498849432534843
3.909826649603236e-06
0.0
0.0008175399328196201
0.6723185465830175
5.191843810371708e-05
0.09862285503015426
0.00089646134193243
0.0009865782004388301
0.0005240190283595691
5.670437292398433e-05
0.0003113046407357781
2.9442699751743153e-05
8.68806566727346e-05
0.0004882840685141438
4.355593884947392e-05
4.931620570690844e-09
0.0
10.994035620274486
0.00010156144952060454
0.002679543185579695
0.001361731823811808
6.086166406165424e-09
5.162526214872334e-10
2.5398751177021396e-05
3.9372482715265324e-05
8.435945681283707e-05
0.00046724409465924687
1.4806255111212505
2.0533931738054327e-05
8.296419561573221e-10
0.0004595090005571672
0.0
0.00024351042287114753
0.002729208055833626
0.002649479594131978
1.0142278035638843e-09
5.240514741715531e-10
4.522452391790366e-06
7.289088281331413e-06
1.7871319995265348e-05
0.0003932346630443449
2.1416433250358217e-05
3.609220742222252e-06
9.37718280772158e-10
0.00022558712703234826
0.0011006731183748723
0.0
