0.0
0.00032768451896227383
0.0013070284140694194
1.05408152763165
2.4930334919788928e-09
1.0699055762235313e-05
6.256234765978874e-06
7.185531718027031e-06
6.5637045194367144e-06
1.8096337743837592
4.933831558197296
4.595557136420663e-06
1.2716114838496104e-09
3.1021926953441508e-06
3.264110621692422
0.0
3.264050426636459
4.208144470832897
3.263922577565594
3.0146858165019084
4.125896690535886
3.9301750569125886
3.279766314528152
4.409727679941268
303.89923159624925
3.116318394292285
59.172625750258774
1.0362150589353734
1.608209884142847
1.6352499391376485
0.0
1.6352488115952333
1.8283327851199576
8.882078069888099
4.187456195724422
4.076734415448885
4.1704531810432455
20.69262270254309
55.99721263018145
12.735386383885263
257.2564693105725
1.6456674120220929
0.22155705344217502
2.048557410089926
0.00016697014604697238
0.0
4.5933168249133995
4.971888741375462e-05
2.814395008445469e-05
0.00044421195789260683
0.844179217931278
0.00012193299435138884
27.820239402703436
8.12614306071573e-09
5.993920863581965e-10
0.9420634752280556
0.0001388355435625362
0.002050291552595452
0.00016591497561174777
0.0018733719287968107
0.0
0.0002367760381172362
0.001298422411502619
6.069076274712813e-10
5.744041426442414e-05
0.0004453267507678479
1.5100668881611408
1.3384419176727741e-09
1.3551607620221544e-09
1.2820245863364457e-09
6.933068419875882e-05
0.5423423541050368
0.0009018721559073619
3.0108125913377624
0.00018352299836021103
0.0
0.00015975918039088006
1.0254598605627696e-07
0.00018007125726003716
0.0001248145148463221
8.650628920928323
0.056588872197154076
1.4358572582352228e-09
0.06201579332219586
5.184923459272239e-09
0.004570963289305691
7.011760543256399e-08
0.2672021571294568
8.984244563548817e-05
0.0004654771209889658
0.0
0.00048403081870962536
9.796689458377575e-05
6.485602807126225e-05
1.0478328401652142e-09
4.656842595592219e-08
2.1762797651869473e-09
8.637210546834389e-05
1.2185691354306058e-05
0.0027450786276234113
4.93215106150193e-08
0.0007955263764554383
6.883515339403443e-05
0.0003943277695085803
0.0006762430657214013
0.0
5.381576609541946e-05
3.8198275438359616e-05
8.511991253501535e-10
7.492559829985571e-08
9.380644135821434
9.832604019993448e-05
0.000849726717371628
0.0008911834535442628
1.757612011206703
0.3482426414821098
8.650355841296964e-05
0.0002569087598841037
5.456441483169148e-05
1.2878602125428124e-09
0.0
6.50058247438664e-05
0.0004961678028009266
0.0001695955591918897
22.56027511838461
2.2679105333265687e-05
0.001620370243870716
3.921759925014103e-05
0.0001675820391886948
0.00033271680480206076
5.7807955217547534e-05
0.00023739831819873463
5.4111016034682084e-05
0.0007328208693573928
5.731853659793763e-05
0.0
9.899998359789063
1.2333155740895675e-09
1.1205657553559751e-09
1.3682195930824932e-09
0.002241860437496592
3.2549580936405705e-06
0.0012039907945961188
5.661646261489711e-05
4.607260857683388e-06
8.578255075758793e-05
4.34685464428533e-06
5.2298955540846975e-05
0.0004647689077648497
3.5192166934100643e-06
0.0
0.0007369476665485084
0.5862902459617391
4.958534035343323e-05
0.0015605774459287705
0.0008043549330316872
0.0008884727436279949
0.0004709707423593258
5.168899626150092e-05
0.12338923706186133
2.6469998149227104e-05
8.765082788075962e-05
0.0004978460771195036
3.9196444272390485e-05
9.127343398055564e-10
0.0
9.256763729113093
9.85848002361794e-05
0.0016214375593744663
0.001228802007076498
2.7807328762943703e-08
1.1011406646764615e-09
2.344763457921169e-05
3.544951205961787e-05
0.4878139123854983
0.0004242396177432945
1.5378494748983635
1.8483639505330926e-05
8.197036741022291e-10
0.0002625081237105253
0.0
0.00021159401011845648
0.0025152794775548876
0.002385288954973268
4.509523271780112e-09
8.134916738450623e-10
4.179039377606791e-06
6.556045604576393e-06
1.606286981127376e-05
0.0003736781775277667
1.9244077160128466e-05
3.2482378303896943e-06
9.186796419740738e-10
9.40657075484493e-05
0.000993033089774307
0.0
