0.0
11.466530642380842
11.466530642380846
11.466554927710643
11.466554927710641
23.99978311636247
0.0
46.21140050966214
46.211400509662205
46.02436321287891
46.01202862834706
63.70918401859538
0.48874082709447425
98.37472291879521
100.00000000000009
99.10128285918937
99.6660366300194
99.99999999999994
0.0349100590781767
79.57774246821181
81.23487818218942
85.98326603003257
99.99999999999997
100.0
0.17447633222967537
60.11875448431634
60.35837920664157
58.94062597328592
66.38740220531173
99.99999999999999
0.0
0.6406285073528033
0.740584155399362
0.6510766133817694
3.615499337804966
16.174572002173804
0.0
0.0
0.0
0.0
0.0
0.0
0.0
0.0
0.0
0.0
0.0
0.0
0.0
0.0
0.0
0.5313457386403989
0.0
0.0
1.2482602076986251
0.0
0.0
0.0
2.122492101640298
0.0
1.1934810784554244
0.3265630750697954
0.0
0.4262971836879632
5.618121210740555
2.037807185260695
0.679269058103253
0.0
0.19322612610351036
0.20417231559939616
0.19322612610351036
0.19322612610351036
0.19322612610351036
0.0
0.0
0.051924979182019035
0.10709524836005552
0.0
0.0
0.0
0.0
0.0
0.0
0.0
0.0
0.0
0.26666018762978894
12.799851948286921
12.799851948286925
12.799884328726652
12.79988432872665
0.26665614007482313
0.0
24.04080167743855
41.93752555079444
41.93752555079435
41.76474969377394
41.777084278306
23.894910120078446
0.10826945103628845
41.26829917395271
65.58585274929594
62.89871825974941
74.66418610093149
79.53623990889957
40.74821760078454
0.0
45.63265523286965
79.62400059445584
78.90655129535958
68.78564885148722
72.92681555923005
47.059160371556445
0.3785043900213835
51.13026061364817
64.64202864017916
64.8517002722131
65.0974549978467
61.315393696651306
60.09435238015373
1.6890938952682275
0.0
3.9468671652814766
3.954006854427658
3.9476134585692586
4.159357938885203
3.2832625419318857
0.5836911165101225
0.0
0.0
0.0
0.0
0.0
0.0
0.0
0.0
0.0
0.0
0.0
0.0
0.0
0.0
0.0
0.0
0.0
0.6072522727318844
0.0
0.0
1.1934810760170587
0.0
0.0
0.0
0.0
0.6046906885069165
0.6046906885069161
2.6248442117132975
0.0
2.7605527210118868
7.87066917221672
0.4392469928417456
0.6394457755319454
0.6394457755319454
0.6394457755319454
0.0
1.0003917792385864
0.0
0.0
0.1534650814316637
0.15346508143166368
0.035414953696296096
0.0
1.2066250295579624
5.277566679101969
4.070941649544014
0.880691693644379
0.32189331894266127
0.0849883276102243
0.0743075331948577
2.3685528757883367
2.368552875788345
0.0
0.0
0.0
0.0
3.733242626817045
3.733242626817045
3.733242626817045
3.7331859610475244
3.7331859610475235
3.7331859610475235
0.0
36.06120251615775
36.06120251615782
36.069825269465824
35.842365180117675
35.842365180117646
35.842365180117646
0.09473576965675239
51.11904915031312
68.65182512968562
55.921223866158456
42.321193533305646
37.62080599020614
42.84581533655569
0.0
69.98103447527889
75.20077070851163
71.08533011143942
62.55688823283307
58.600402107067126
54.49159329878314
0.3311913412687105
58.40947889228476
58.23374618273178
58.23374618273178
57.92789052878933
56.74606811585925
52.58255833263451
1.477957158359699
1.4313631369646704
0.0
0.10709524836005603
0.051924979182019035
0.051924979182019035
0.0
0.5107297269463572
0.0
0.0
0.0
0.0
0.0
0.0
0.0
0.0
0.0
0.0
0.0
0.008622753308005928
0.0
0.8491907529242455
0.0
0.0
0.0
0.0
3.002881332685713
3.002881332685714
0.0
0.0
0.0
0.0
0.11566743396637286
1.0377870360414467
1.0377870360414494
0.0
0.0
0.0
0.0
0.0
6.813226561200799
2.1470447054470054
0.0
0.0
1.3750354985616282
1.375035498561633
0.035414953696296096
1.4888003511601895
0.5755403716762586
0.0
0.0
3.42112902162054
3.42112902162053
0.0
0.8753799365069164
0.31658156429945694
0.07436478665894626
0.0650190915455004
0.0
0.0
0.0
0.0
0.0
0.0
