0.0
0.0003638373012461505
0.0014516438960052178
0.001543680148596461
1.42476157767336e-08
1.0593233519219214e-05
5.656363796033299e-06
6.845716057282958e-06
6.003997346678193e-06
4.834100678370125e-06
2.965203467521762e-09
5.119857279371348e-06
6.587331667514185e-10
3.2535355718810157e-06
1.826422313727336
0.0
1.8263984280613426
3.469333837862483
0.9133321899860942
0.652438560290161
1.044331179913194
1.8581383153576052
1.044043348723054
2.485265585536311
333.5686992235109
3.269371138865268e-05
47.006501284552535
1.084135781740405
0.00013595882851514973
0.6901105854534689
0.0
0.6901104002783134
0.43721612928951253
8.799741827673548
9.233678367707899
3.7441199370807285
5.906306825087749
20.45871553167163
54.36282707661246
19.830119956901335
264.08758160984394
1.81602477829272
0.8665312242265298
1.7303322054523218
0.00025872767612668637
0.0
5.506720238492285
5.5148880866511414e-05
3.13771527490636e-05
0.029837500680210186
4.325240381372387
0.00012962014741767924
10.663681466768697
1.3839382746029274e-09
2.698284933107348
1.7982807880898525e-09
0.00015558605036109608
0.0025275559594761074
0.0001778350389561993
0.18840500613117273
0.0
0.0002627927986659296
6.037754763300618e-05
5.379119781718249e-10
6.395711968146779e-05
5.182333016994576e-05
4.0472049935462084e-09
4.471217975217138e-10
3.235077485736013e-08
9.362045817963497e-09
7.765238122156783e-05
0.00026934619162952427
0.0016553008361137114
3.9372435216309865
0.0006368755032227248
0.0
0.00044672526035706667
0.0003659667041511388
0.00041055006533289646
0.00017470109970381566
5.138970691657018
0.00014618831485181872
1.843010606875756e-09
7.233233427812836e-05
1.0148621221172615e-08
0.005359673124004706
1.667432225238202e-08
9.997377221512518e-10
9.600909713184255e-05
0.0008108473098518048
0.0
0.0005830176186633464
9.220873791152729e-05
7.190353423439439e-05
1.1813262746593726e-09
7.649070368292484e-05
1.5922995594056787e-09
8.549333609308101e-05
1.743703623646988e-08
0.002618412965686364
1.2657226002966147e-08
0.0008612555356101151
5.430873989518717e-05
0.00040231372178130135
0.0007488865240282048
0.0
0.10863471170081315
4.2556939659334165e-05
9.254077892929203e-10
0.0001180769557265889
11.02760905063953
0.00010115039684350686
0.0008977093714934482
0.0004843223968351186
1.2469455268906753
1.7184045183582284
9.511080776488737e-05
0.0002897549123992214
6.066495265335508e-05
1.8843825869198216e-09
0.0
7.215883384351124e-05
6.130959343185685e-08
0.0001882188159478513
18.935469052460768
0.7164301116269957
0.0013606755487531991
4.371578238498084e-05
0.0001794149080094813
0.00036927971302303626
6.438728527564887e-05
0.00026348616969668103
0.0017114038169199002
0.0008148645151495506
6.38180893367522e-05
0.0
1.2971503699644125
2.6367515503340927e-08
4.622363384178989e-10
9.456525360543764e-09
0.0024724092509806144
3.626945080935171e-06
0.0013372230658927813
6.293901250599396e-05
5.127167103042291e-06
9.561410108500305e-05
4.837829164171961e-06
5.314629475077775e-05
0.0005498753260225886
3.909758000096245e-06
0.0
0.0008175256947967359
0.6723174415707235
5.19175305342343e-05
0.09862113600963213
0.0008964458206935426
0.0009865610713232634
0.0005240098617640785
5.670343374920227e-05
0.0003112991797717453
2.9442227986855706e-05
8.687913900497084e-05
0.0004882755717308317
4.355517508651363e-05
4.931713427925245e-09
0.0
10.994023910825202
0.00010155967557390583
0.0026794966831541027
0.0013617081910305793
6.085942734725731e-09
5.162357380294454e-10
2.5398307354037474e-05
3.937179340497907e-05
8.435798480928781e-05
0.0004672359467818068
1.480630323740418
2.0533571686107953e-05
8.296234794567279e-10
0.0004595010155436865
0.0
0.00024350617561341123
0.002729160701507137
0.0026494336445762974
1.0141905458145012e-09
5.240343782684781e-10
4.52237339384314e-06
7.288961016724798e-06
1.7871009863459752e-05
0.00039322776545906864
2.14160618481962e-05
3.609157473421463e-06
9.376975218771124e-10
0.00022558319638613797
0.001100653950731222
0.0
