0.0
11.466360692101336
11.466360692101336
11.466415179472433
11.466415179472435
23.999511746705785
0.0
46.23368657429231
46.23368657429246
45.987937141691766
45.98793714169168
63.6151756965175
0.0
95.82869659635698
100.00000000000004
99.94951251757317
99.93114791757439
99.99999999999996
0.0
90.6433075112673
97.16006231276549
99.99999999999989
100.0
99.99999999999999
0.0
61.631684574317674
62.81994339226307
61.15912760957694
68.86406343215849
100.00000000000001
0.0
1.4132503343948097
1.413250334394815
0.42132398340726274
3.293025743796897
28.676719558900146
0.0
0.0
0.0
0.0
0.0
0.0
0.0
0.0
0.0
0.0
0.0
0.0
0.0
0.0
0.0
0.6789739537991509
0.0
0.0
0.0
0.0
0.0
0.0
0.8145565573785112
0.27151883198401716
0.48526664235378353
0.6326976240643104
0.0
0.2620641038029721
4.094664551322167
1.5354982261162813
0.511832342075574
0.0
0.09066855724633208
0.09066855724633208
0.09066855724633208
0.09066855724633208
0.09066855724633208
0.0
0.0
0.0
0.0
0.0
0.0
0.0
0.0
0.0
0.0
0.0
0.0
0.0
0.2666521122382561
12.799666948414947
12.79966694841495
12.799739598243077
12.799739598243082
0.2666430310097391
0.0
24.04999153475515
41.957600223427946
41.9576002234281
41.73049037028157
41.730490370281494
23.85672594082037
0.13381748149032913
41.85603764284494
70.11442995462112
65.9845264653167
52.9513669312882
64.46702608646521
33.5391537562724
0.0
53.10073452696233
81.34481847443416
74.82806367293593
67.26173688076048
67.57263609837236
41.10612124286212
0.0
52.485746761057705
63.66449480920201
66.40097730029183
70.1758202313764
60.99167181467281
59.10450467065063
1.3591446511277607
3.463522891367134
4.098360942635286
4.300463314219101
4.2296114320057026
4.434732986319248
3.076823314703175
0.5469907998136568
0.0
0.0
0.0
0.0
0.0
0.0
0.0
0.0
0.0
0.0
0.0
0.0
0.0
0.0
0.0
0.0
0.0
0.7759702329133151
0.0
0.0
0.0
0.0
0.07887659879081696
0.0788765987908166
0.0788765987908166
0.906176513725216
0.8151650535819648
0.7603927482147035
0.0
1.3041839289036259
1.3041839289036263
0.2293060908276006
0.4913701946305726
0.4913701946305726
0.4913701946305726
0.0
2.0578499208820737
0.0
0.0
0.9891659964878695
0.9891659964878683
0.019395407446040302
0.0
1.2163420435806152
4.070941610665316
4.070941610665305
0.8806916178803561
0.3218931819332904
0.08498826055308274
0.06963531449918456
2.2196272012879317
2.219627201287934
0.0
0.0
0.0
0.0
3.7331295713355854
3.7331295713355854
3.7331295713355854
3.7330024341363472
3.733002434136346
3.733002434136346
0.0
36.074987302132755
36.074987302132726
36.074987302132726
35.78508891123057
35.78508891123055
35.78508891123055
0.11709029630403799
54.390982315399086
69.1833670629227
57.26934072258845
46.12480414163124
41.54861960984701
51.67178260307829
0.0
64.62717453569778
67.20902731533356
67.21957393728577
65.83211971237544
62.11634691012391
62.34163755360377
0.0
58.738138332319444
59.76870402049679
59.76870402049677
57.94370631630957
56.46449373238529
51.7164415868193
1.1892515697367907
0.5637871176184825
0.0
0.0
0.0
0.0
0.0
0.4786169498369498
0.0
0.0
0.0
0.0
0.0
0.0
0.0
0.0
0.0
0.0
0.0
0.0
0.0
0.0
0.0
0.0
0.0
0.0
3.8610909795884063
3.861090979588406
0.0
0.0
0.01213486135243332
0.012134861352433322
0.11457180473826008
0.3491513900766422
0.34915139007664164
0.2886610394460135
0.0
0.0
0.0
0.0
7.314769781321765
3.6646162645201366
0.0
0.0
0.0
0.0
0.29093111169060454
1.0998239294093664
0.2715357042445643
0.2715357042445643
0.0
3.8848206893133947
3.884820689313399
0.0
0.875379931935803
0.31658150314181627
0.0743647279839474
0.060930900186786485
0.0
0.0
0.0
0.0
0.0
0.0
