0.0
11.466464905431886
11.466464905431883
11.466506687421067
11.466506687421065
23.999692888462455
0.0
46.251050300905874
46.25105030090576
45.826750577649904
45.928044942036486
63.634121806210246
0.0
99.99999999999982
99.9999999999999
99.99999999999996
99.84864919943021
99.99999999999997
0.0
76.7476947275314
76.15572448378815
85.63093773389194
99.99999999999997
100.0
0.0
59.959447685266646
59.971211181691615
60.36290698055298
70.00344004319278
100.0
0.0
3.4634725936320536
3.4634725936320536
3.4634725936320536
3.4634725936320536
30.45188795919062
0.0
0.0
0.0
0.0
0.0
0.0
0.0
0.0
0.0
0.0
0.0
0.0
0.0
0.0
0.0
0.8012127575210869
0.0
0.0
0.91310418920315
0.0
0.0
0.0
0.0
0.0
0.9131041898182102
0.6725607356624608
0.0
0.5824328776647407
8.101480256229422
2.5956198784007367
0.8652066175256272
0.0
0.09773785636324547
0.09773785636324547
0.09773785636324547
0.09773785636324547
0.09773785636324547
0.0
0.0
0.0
0.0
0.0
0.0
0.0
0.0
0.0
0.0
0.0
0.0
0.0
0.266656969803447
12.799780497861075
12.79978049786107
12.79983620717998
12.799836207179979
0.26665000613858353
0.0
24.061524577886136
41.97351429941048
41.97351429941041
41.584475790569215
41.67310835940748
23.96703149523369
0.10129436438658976
44.636686110613674
65.22420569874633
65.22420569874633
68.90011910526776
77.55746071230129
33.53211067613926
0.2805581027404211
58.02224887645035
87.357570415676
87.03643646714063
70.92395948244072
71.96387027470395
40.75085287784759
0.0
52.338069081174226
65.10984315758627
65.12328715350051
70.64361775230603
58.20530557486724
59.668624573826825
1.54718462012951
0.0
3.4634725936320536
3.4634725936320536
3.8987739901578133
3.8987739901578133
0.0
0.0
0.0
0.0
0.0
0.0
0.0
0.0
0.0
0.0
0.0
0.0
0.0
0.0
0.0
0.0
0.0
0.0
0.0
0.9156717228812422
0.0
0.0
0.913104193940114
0.0
0.0
0.0
0.0
0.0
0.0
1.0618836281896047
0.0
1.4795056680912468
14.428206308027905
0.6656375744739894
1.2480704521387294
1.2480704521387294
1.2480704521387294
0.0
0.0
0.0
0.0
0.0
0.0
0.0
0.0
0.40713275631424745
4.478074389612332
4.070941633298068
0.8806916574254168
0.32189325841152827
0.08498829825447568
0.806565808623389
1.5123108911688579
1.5123108911688579
0.0
0.0
0.0
0.0
3.733197577248259
3.733197577248259
3.733197577248259
3.7331000859401686
3.7331000859401704
3.7331000859401704
0.0
36.092286866829205
36.092286866829156
36.092286866829156
35.665656843013224
35.665656843013224
35.665656843013224
0.08863256883826603
53.38699411421658
62.235647566325824
52.42579903871017
43.21748721861958
39.05845902761172
49.81943116774666
0.24548833989786845
61.42396082629227
77.25199801212372
66.60212004367574
63.51674207634088
60.186425447698866
61.12627921999008
0.0
58.35413037175233
58.099300878982206
62.645020862635235
60.168358584845485
57.37057947081882
52.21004650209847
1.3537865426133213
0.2593865501472507
0.11060711197915842
0.43530139652575983
0.0
0.0
0.0
0.0
0.0
0.0
0.0
0.0
0.0
0.0
0.0
0.0
0.0
0.0
0.0
0.0
0.0
0.0
0.0
0.0
0.0
0.0
4.31035122865213
4.310351228652127
0.7113134445764369
0.0
0.0
0.0
0.0
2.58159475235409
2.581594752354088
0.0
0.0
0.0
0.0
0.0
4.5707364445510965
2.082912134353292
0.0
0.0
0.0
0.0
0.0
2.69060431207622
0.4634640979786997
0.0
0.0
3.6403000710549374
3.6403000710549343
0.0
0.8753799392010594
0.3165815406405852
0.07436476097266621
0.7057450825454659
0.0
0.0
0.0
0.0
0.0
0.0
