0.0
3.872546266900889e-07
2.200114052051877e-08
3.081817897455977e-08
3.397124350706487e-08
2.574363838610135e-08
2.5671495853717772e-08
2.5209808511258364e-08
2.6482452386341756e-08
1.0069583087674693e-08
2.070506762971588e-08
3.104838976534698e-08
2.6558612233162103e-08
2.3452763236412056e-08
5.48379582068699
0.0
5.7432604756361005
11.229038034814975
7.284547389932735
8.442928034043808e-07
6.8669926324374035
9.116016495312433
0.8639155794280375
3.1467893223958506e-08
201.03592031861837
0.2787861712958395
151.15325953207
10.7940697802828
2.7936628698893378e-08
2.276404926357951
0.0
1.9333473320901018
0.03217674870465745
9.082167073210918
5.376682383479393
20.515987699774456
5.262721895702493
43.38789907201405
11.49806574118329
41.38053724357997
224.48367039014647
6.67310536814559
0.07002874388791672
0.749980045700581
1.8395162740862098e-08
0.0
6.103257606627473
8.53496294776537e-07
0.8202741129220852
6.541149157509392
0.8308477969051284
7.745028216370996e-09
47.669466210357655
0.2679084527789385
7.6041447100663
1.4823942427206448e-07
7.753824630187247e-08
0.0016279000164047099
9.366081566936757e-08
0.6124101284679258
0.0
0.00027702583538093497
8.199260780344324e-07
0.054367526433549404
2.7591186107054276e-06
0.21122161998974748
0.05613268704269368
5.536848372559994e-07
0.04127147947750689
1.975584360791538e-07
4.1770319973450764e-08
0.9901589684206508
4.172385927672201e-08
0.5976802767099121
1.2023706990758552e-06
0.0
9.170955101187141e-07
0.038785384578862575
4.095569251216912e-06
6.551823499482023e-09
8.935884210428789
1.6304393147120961e-06
0.03379013579730124
1.7127368024234947e-07
3.696882659927168e-08
1.339108943247058e-07
5.5977277524411456e-08
0.035760181819495
1.213226798536154e-07
1.1782315990176182e-05
0.0
0.00047740676110820596
0.029551593977719837
7.294832403251053e-09
2.4251470527122553e-08
2.3877204380574168e-08
35.39905215583253
2.6853017367594884e-07
4.3308478998474835e-08
1.908475453317796e-06
6.065492414808347e-08
1.2392398512770117e-06
2.0358226069277381e-07
2.2751052087644624e-06
0.0008440043994240186
0.0
0.08432397909417035
1.5006802397598572e-08
3.075032292346698e-08
2.889451810105621e-08
1.580132939297668
3.1739027046015476e-07
8.374925056385678e-08
0.40245254494889227
0.41256863486851314
0.0075213741673147445
0.027775540294496567
0.00013888713506806922
0.02733845311353481
1.1011482028401662e-07
0.0
6.652668465988522e-09
45.77088163654846
1.7853398475788902e-06
0.46116188841222105
0.26777280875654913
1.190673387165297e-07
1.3178265620347682
0.00012968404233296496
4.0469922272492246e-08
0.5563560278568191
1.2683254980653168e-06
6.226153823647179e-07
0.07812185932833027
2.7428737149327626e-06
0.0
1.2328311429213776
5.559542774292978e-07
0.051382032057936705
1.8584543893224018e-07
0.005321710780486977
4.078879618291403e-08
7.089637791144168e-05
1.0032132415539857e-07
4.549703963727944e-08
6.033682231565946e-07
5.644125760060711e-08
1.5411909731765876e-07
0.0008807502118247081
1.9304988902086422e-08
0.0
0.0018304994116185615
0.09592898495339108
2.5425775990865324e-07
4.895329301043733e-08
0.023436587866386294
1.2942575425271778e-06
2.484851917215834e-06
0.16868800171334145
0.3111769986870701
0.10683253030038678
0.010431545750200751
0.00022548655913119612
9.030431933799651e-09
71.01764504832582
0.0
0.7644319239724833
3.103045143163315e-07
0.14733569453804982
0.15064340875847332
8.284673881119897e-08
0.0005790289737307672
4.186681284814146e-07
0.12955795396858952
3.6169513007714285
0.0003006518439779194
3.6190191856234595
3.7507165316210445e-08
8.09643164561952e-07
0.0003014026234237388
0.0
0.0002735416094317318
0.04713345766137112
0.1372510734920387
1.0886318532361791e-07
0.0004063503743030488
4.46503789664683e-07
0.0462089328459272
0.1667618625884371
1.1860798724854651e-05
0.25277756515828775
5.407350753891016e-08
1.5345107717134722e-07
1.1933890422765439e-05
9.87692541152385e-06
0.0
