0.0
11.466501102855636
11.466501102855636
11.466535391283426
11.466535391283424
23.999747990062147
0.0
41.968927383595194
46.245996770631244
45.83991208767527
45.936857920301414
63.64982885155662
0.0
100.00000000000028
100.00000000000017
100.00000000000004
99.94428097799971
99.99999999999996
0.0
76.8657315139616
76.28481014873684
85.12948970699526
99.99999999999999
100.0
0.0
59.941851495186974
59.96484683376367
60.503500698966874
70.00828701749265
99.99999999999999
0.0
3.4111308569126546
3.4111308569126546
3.4111308569126546
3.4111308569126546
31.49780435032474
0.0
0.0
0.0
0.0
0.0
0.0
0.0
0.0
0.0
0.0
0.0
0.0
0.0
0.0
0.0
0.7668169118360277
0.0
0.0
0.8946077599696944
0.0
0.0
0.0
0.0
0.0
0.8946077604281877
0.6800453961102544
0.0
0.5934590815121511
8.146794409172763
2.6101380083381915
0.8700459971579722
0.0
0.1076531591078657
0.1076531591078657
0.1076531591078657
0.1076531591078657
0.1076531591078657
0.0
0.0
0.0
0.0
0.0
0.0
0.0
0.0
0.0
0.0
0.0
0.0
0.0
0.26665871065905394
12.799819876796091
12.799819876796095
12.799865594699812
12.799865594699812
0.26665299592108904
0.0
24.05888334868675
46.245996770631066
41.96892738359526
41.596590164238165
41.68141776778603
23.968446836530944
0.09694583262621215
45.11268865271685
64.70759155071768
64.7075915507177
69.30127166740853
77.42750687053287
33.469133484363226
0.2583041037360307
57.9381430439951
87.44687073121061
87.13318433439498
71.7145586713162
72.59407308587275
40.6342570917215
0.0
52.344582257279576
65.12879230628045
65.15507269322515
70.73251565337402
58.31969900802679
59.7123537030331
1.5617609972778248
0.0
3.4111308569126546
3.4111308569126546
3.8583465404775317
3.8583465404775317
0.0
0.0
0.0
0.0
0.0
0.0
0.0
0.0
0.0
0.0
0.0
0.0
0.0
0.0
0.0
0.0
0.0
0.0
0.0
0.8763621849554604
0.0
0.0
0.8946077631078474
0.0
0.0
0.0
0.0
0.0
0.0
1.0435357240288803
0.0
1.3538852017566798
14.426662785786728
0.6782389502996014
1.2716980318117521
1.2716980318117521
1.2716980318117521
0.0
0.0
0.0
0.0
0.0
0.0
0.0
0.0
0.4166762911518531
4.487617933178611
4.0709416420267415
0.8806916754767253
0.32189328990387034
0.08498831364330317
0.822266622771194
1.5417499176959866
1.5417499176959866
0.0
0.0
0.0
0.0
3.7332219492267544
3.7332219492267544
3.7332219492267544
3.7331419428952453
3.7331419428952457
3.7331419428952457
0.0
36.08832502303007
36.088325023030166
36.088325023030166
35.680010100535206
35.68001010053521
35.68001010053521
0.08482760354793563
53.32147755695563
62.674622209017116
52.85398859005649
43.23822998956177
39.06062264445527
49.94134921877212
0.22601609076902685
61.39516188611028
77.27607512196309
66.58234428513725
63.55008662705961
60.14008437426507
60.951385573567535
0.0
58.32088982480811
58.05754161630084
62.714229498271976
60.35286689871091
57.44483657237898
52.248309490153964
1.3665408726180968
0.26352308416514325
0.11459512056690246
0.44721568356487695
0.0
0.0
0.0
0.0
0.0
0.0
0.0
0.0
0.0
0.0
0.0
0.0
0.0
0.0
0.0
0.0
0.0
0.0
0.0
0.0
0.0
0.0
4.125309108182908
4.125309108182908
0.7480154034245792
0.0
0.0
0.0
0.0
2.5910527269210712
2.591052726921077
0.0
0.0
0.0
0.0
0.0
4.536557634465399
2.084991490375371
0.0
0.0
0.0
0.0
0.0
2.7843133044126334
0.481874720375431
0.0
0.0
3.621785725207804
3.6217857252078116
0.0
0.8753799392049019
0.31658155395249093
0.07436477443789027
0.7194832949247943
0.0
0.0
0.0
0.0
0.0
0.0
