0.0
11.46645253455039
11.466452534550378
11.466490766156493
11.46649076615649
23.999658581456167
0.0
46.27810653688241
46.278106536882355
45.73967958064357
46.346403450240146
63.83221645523108
0.0
89.90726423742048
100.0000000000001
99.23055092939153
99.95958047597631
100.00000000000003
0.0
79.32277975028292
80.21222386041359
84.03619119280873
100.0
100.00000000000001
1.3360481763544507
60.32618002158032
68.34696532430203
59.1897377735093
68.39597939166586
99.99999999999997
0.0
0.36235811244030935
0.5595979219680289
0.3333759222748149
3.1732852772792874
27.098981114403458
0.0
0.0
0.0
0.0
0.0
0.0
0.0
0.0
0.0
0.0
0.0
0.0
0.0
0.0
0.0
0.5268826663845066
0.0
0.0
1.2988707995927258
0.0
0.0
0.0
2.5132091198938795
0.0
2.1653832024133597
0.4535219196906343
0.0
0.3344503761412416
6.414775082809268
2.393991907148132
0.7979972950224785
0.0
0.0
0.3353592221561426
1.3414368779494092
0.3819308165858371
0.0
0.0
0.0
0.10246217990808436
0.2113282472746489
0.0
0.0
0.0
0.0
0.0
0.0
0.0
0.0
0.0
0.2666564667446329
12.799766934635155
12.799766934635137
12.799817910109958
12.799817910109953
0.266650094810281
0.0
24.07098231519669
41.99777961447191
41.99777961447185
41.51485954116905
42.04574292706607
23.882238529695123
0.14934020791717775
40.04484918042748
68.89890288998737
59.2118559257713
71.4257271774977
75.44331954971756
38.692475001630555
0.016291303418111778
51.98905533812829
82.14402759924666
81.60240940822756
69.38767058953006
76.84970182701497
40.10701086348527
0.11475516080342106
53.507241622037974
67.60394096609963
60.97845871549798
68.35107526097059
59.7745878003256
56.89867019228792
0.6814324820751478
0.0
3.9294866053959048
3.9435751632193115
3.9274164489555106
4.130267117170112
3.254088390570197
0.5785045976142689
0.0
0.0
0.0
0.0
0.0
0.0
0.0
0.0
0.0
0.0
0.0
0.0
0.0
0.0
0.0
0.0
0.0
0.6021516187251504
0.1399465465772946
0.0
1.2988707984470726
0.0
0.0
0.0
0.0
0.0
0.0
5.999331819127447
0.0
2.376851572697261
12.237192023863823
0.38222900130427595
1.2477192356065876
1.247719235606591
0.7661930957324482
0.0
0.0
0.0
0.2096190110662212
0.4355361688186766
0.435536168818677
0.20961901106622124
0.0
0.0
4.070941635549058
4.07094163554905
0.8806916708824983
0.32189327293073905
0.08498830480399308
0.07364724852882194
3.4199800985058277
2.3475065924613414
0.0
0.0
0.0
0.0
3.733190534424861
3.733190534424861
3.733190534424861
3.7331013273439333
3.7331013273439333
3.7331013273439333
0.0
36.106473472795045
36.106473472795024
36.106473472795024
35.82335779454264
35.823357794542694
35.823357794542694
0.13067268192753054
47.70049759681165
76.70724156994957
55.6052342004204
40.736516676965266
37.272201031429006
44.52855200227297
0.014254890490847806
65.90201648495659
76.71048425965009
70.2636114328697
65.14361023192217
60.88029228825065
60.13524454174654
0.10041076570299343
58.38592991971987
58.212989399394694
59.219067055187885
57.18174871711865
57.986678707920994
52.255092109665426
0.596253421815755
1.0598109930712734
0.0
0.2113282472746495
0.10246217990808425
0.10246217990808425
0.0
0.5061915229124853
0.049513718286930616
0.0
0.0
0.0
0.0
0.0
0.0
0.0
0.0
0.0
0.0
0.0
0.0
0.0
0.0
0.0
0.0
0.0
3.3912012751287115
3.39120127512871
2.3143388643904346
0.0
0.0
0.0
0.13886692304508097
1.9719106551420074
1.9719106551419987
0.0
0.0
0.0
0.0
0.0
6.935263429425491
2.914480230946002
0.0
0.0
0.0
0.0
0.014185573633852705
2.1786038915521946
0.6931920560170287
0.0
0.0
3.5476040466932472
3.5476040466932535
0.0
0.875379930329087
0.31658154044639825
0.07436476670349394
0.0644413424627192
0.0
0.0
0.0
0.0
0.0
0.0
