0.0
1.443933860611761e-07
3.1704739223556524e-08
7.412584192882329e-07
3.9289820537000524e-08
3.5059620240718e-08
3.595643448449875e-08
3.621674554994976e-08
3.075929945637307e-08
0.5555584143253364
1.2398479813574637
3.4106098324151614e-08
3.7355410983081365e-08
3.4050414674213434e-08
8.868140135264278
0.0
4.685756863785525
11.208661433989374
5.40443188080411
2.6381066513856446
7.694646481215838
25.047203096920796
2.1594767114831175
0.11535345672508271
197.8856139884703
0.27834923293345154
133.5649640506578
8.70977382390103
2.771104262521306e-08
2.758737168428324
0.0
1.9183460254705975
0.0323675831144556
10.344130347478735
6.106795699823792
7.551389346773554
15.175805965619357
46.23221817395994
11.505375890776678
46.380825933165575
212.7175197477945
4.077949675532004
2.1233374744083738e-08
0.5505348378418913
2.2443478144286e-08
0.0
6.586548563972086
3.87968823702104e-07
0.8036799640272068
6.552278630371017
0.8500913440445474
8.023531675350434e-09
58.89157332792442
0.27481311698165606
7.608209222757214
2.4683995123058173e-07
4.216372878100882e-08
0.0007067156019008385
4.129713071237965e-08
0.5991907155793882
0.0
0.0002235484361841848
9.178069357053756e-07
0.054555703065620506
1.229799198663821e-06
2.7402324851698226e-08
0.05625502031169462
6.211817900498338e-07
0.042283620622576304
3.6182965889475387e-07
3.840967526335686e-08
3.3479698623998133
1.2414734974259802
0.09231487079215975
0.00047455730030215057
0.0
9.57778127387767e-07
0.04152635142547335
1.8008419894580199e-06
6.5348407114735054e-09
5.498779489899512
1.6943354717577869e-06
0.03590787963314316
1.947586158333247e-07
3.539295369429359e-08
0.41079558436600905
8.827773805878349e-07
1.214979995589985e-07
1.0224555490329213e-07
1.6991352525368287e-06
0.0
3.419790620540798e-08
4.193004441982244e-08
7.041138600334635e-09
2.7451359176489423e-08
2.9394326942869547e-08
35.460450452239286
4.3991078152525117e-07
5.070453391577347e-08
0.0006693445905072547
1.2136400349989601e-07
1.6943654073229193e-06
2.330938808659267e-07
7.140363041811492e-05
2.2423708493878326e-06
0.0
1.8997532674977233e-07
1.0871398757104314e-08
3.342728629870964e-08
3.476828631109109e-08
7.341533268380276
5.051848968665123e-07
3.0662484126016144e-08
0.5656411130573312
3.2970432791558176e-07
0.007720140587606426
0.1634195187463988
9.920017873628623e-05
0.13822564916923077
1.4150582214730066e-07
0.0
7.194058224299089e-09
13.740323395027836
0.0001248328829152479
2.2217968329303844e-07
2.5191078292962704e-07
0.019270361786425102
0.6461765615361262
4.16976474670026e-08
0.0005814885113365714
0.09723919467976799
1.1076205380426263e-06
6.551849875767034e-07
0.07569696849253219
1.2280893899943143e-06
0.0
26.011725819394833
6.206992053881175e-07
0.05378111431775236
3.050357135025444e-07
0.004121762343663068
9.565235004308535e-07
9.649482944888011e-08
0.00043223053153130646
1.1677578335310607e-07
6.762052157008335e-07
9.781480996917165e-08
1.303795505132754e-05
0.0009575891771800014
1.6090738363252803e-08
0.0
0.0013296524309743215
0.08886893042170417
0.00020232872274599076
0.004205600291382465
0.05554646911631797
8.925207445674871e-08
1.737946240606537e-06
0.016427432450096886
2.0212637302592674e-06
0.1005810255491975
0.011884743378004128
8.16992855602525e-06
7.631382825601879e-09
53.93147337735415
0.0
2.2659898477387115
4.684115936323315e-07
5.013469060627483e-07
0.03731407054773484
1.167882103702913e-07
2.04745095854947e-08
1.5290289747675538e-07
6.953322574847971e-05
4.384133812360729
0.0002456799995852094
0.05188683215302886
1.3197218096145637e-08
1.9028781922504262e-08
0.000248688964900542
0.0
0.0010606537609998184
7.683295946859925e-07
0.043603751356215616
5.4543926232479295e-08
0.0003783925425120504
8.504055865058033e-07
5.926762436082774e-06
0.26341175899542524
7.868585888095151e-06
0.053764679646211004
1.7982357445675464e-08
0.005465412808049414
1.721609915252116e-05
0.0010311378122073265
0.0
