0.0
0.0004507609272639091
1.542513163378366e-09
1.561448099669171
2.2056518640314994e-09
1.8731216318110853e-09
1.64886754149679e-09
1.7567899524538446e-09
1.8995679522740825e-09
2.1758095508728956e-09
1.4705036575368557e-09
1.902730592495753e-09
1.868563691525646e-09
1.3702780113351336e-09
6.435278865965211
0.0
3.999806604393873
9.433032012601663
4.091012850860484
3.643504175936918
0.20285125870233672
28.873372286106978
3.8627371228077227
2.4530031534479693
189.4628285532373
14.67232740353688
119.00856335992368
10.952422487105718
4.084992268633661e-09
2.0383779774360664
0.0
1.4006919530798503
0.03297679736547285
8.589110710025011
6.83943560734503
5.52644742130852
4.888064561185071
39.720630896240536
115.57620497775284
5.652722857204415
185.62434719510088
4.38087660210788e-09
0.8731704422076129
2.419932354382169
2.571768254721615e-09
0.0
13.911426285178477
0.11444545569758233
1.1265445847351672
7.947620227526166
0.8732942781306976
5.299425839101869e-10
16.17107710388078
1.378315121859355
9.185632437811332
8.538336974025108e-09
4.0702617067474166e-09
0.0002672572363860974
5.155725323078478e-09
0.2408441460049327
0.0
0.00014381074382939442
7.671939736869042e-08
0.05376169046163792
9.419672897511412e-08
5.469016501161129e-10
1.3895022837674453
3.802530742976164e-08
0.041195359723318066
1.0188564586141502e-08
3.14918141659922e-09
1.8096422057710502
6.159556576339635e-09
4.501185908156908
6.839742531426617e-08
0.0
6.453699904313969e-08
0.0315505598845157
1.3951518538946718e-07
4.241289997293233e-10
0.03211921392776254
1.3500278237381474e-07
0.02783902181510677
1.1099071927538908e-08
1.025855360811717e-09
6.0328089853520645e-09
0.772004652370278
3.3893073933542756e-09
1.9268426496431257e-09
1.7913407349779506e-08
0.0
1.132407396962954e-09
1.4372572003355346e-09
3.943405365336271e-10
0.06520246421142023
3.1726493468378982e-09
42.11176307721577
1.6836103232984243e-08
1.7761771874193806e-09
2.7263969059533263e-08
4.471326834995802e-09
1.0869110609270471e-08
4.680353071725841e-09
6.53651459142467e-05
1.0061800832332551e-07
0.0
1.9859126398577663e-09
4.754189475830552e-10
0.16952593427619234
3.5379242640478833e-09
16.22887329025301
1.9726562778450107e-08
2.7087446829651328e-09
0.26684770940731994
0.3431131811872511
0.13074549210886235
0.10493533667891936
2.679662592821045e-06
1.7871551241078096
3.63627163417148e-07
0.0
4.3203533968377254e-10
4.206248571544948e-08
4.4963214904683915e-08
4.2315520244679296e-08
9.6686208179099e-09
2.7905752987896878e-09
0.27860769031660215
5.245492605323583e-09
1.4176020610224319e-09
9.36453924535488e-08
9.608888750089568e-08
4.264162237806923e-08
0.07476264726459356
9.428666090375037e-08
0.0
12.545802856051367
3.800071552259798e-08
0.05206197043229675
1.0141570229347913e-08
1.4094805343222773e-09
9.63580137337259e-09
3.3843514263145085e-09
2.008463137278719e-09
9.5099987170842e-09
8.780196856691923e-09
8.313118467811788e-09
1.7054504190468196e-08
0.00019315567758880253
5.773086014925958e-10
0.0
0.0005344752154819551
1.0205810212605613
1.373732078438126e-08
1.8367085993332373e-09
3.210529872199434e-08
2.905228402949368e-09
5.973055585717627e-09
2.6481060420226548e-08
3.168410438168654e-08
0.6034186734791487
0.009390599142527295
0.00011322891106821682
4.158460808175775e-10
32.547195557451886
0.0
0.8141101011988594
1.7535376396246227e-08
1.3605136072482603e-09
0.14624650255681587
2.666735068306406e-09
4.73261666831911e-09
2.0043500434813846e-09
1.0629334885695666e-08
3.1682392088964466
0.00017073470064556391
0.00014867710187948328
4.1750016493676573e-10
5.065997865921286
0.00017076114249966372
0.0
0.00016531559323265175
1.5415729388060177e-09
0.008519615314304528
2.7815763877333924e-09
1.9145209848426867e-09
2.039442206870422e-09
9.746758283630372e-09
0.11577086488841709
3.2631142691834185e-05
2.2362988296552792e-08
4.719074450483323e-10
0.31662488638403513
3.265754808393281e-05
0.0004628608620224202
0.0
