0.0
7.489354425513635e-08
0.3165902251945586
3.529451389415941
2.1951615844312354e-08
0.011774508695918038
0.011857448102735388
3.071383418150288e-08
0.011836402758489096
4.062053454460959
2.2316044874088073e-08
0.011892309711053317
0.011794829182551142
0.011336804729222175
5.834911602901728
0.0
5.834911651973781
5.0934182207644145
3.797186905542362
2.087431055580065
11.755826481503302
15.842476049220036
8.398591093062326
5.352505544393602e-09
216.9189044093898
17.404034561029867
110.5122029754557
1.2338826916998544
2.171334106218474
3.6209505395983737
0.0
2.4343044528077415
2.203837813715163
9.110661403476419
9.913575883742489
15.371599723246957
8.562049730312385
52.6824485842708
11.07057202578584
8.648229309709272
222.96110693279897
4.1450280227438165
2.4008391048716664e-08
0.9523396128847135
1.0827437434601543e-08
0.0
3.0328759655920754
5.372812516017717e-07
0.9981229946030516
6.45117640684834
1.0359261661921884
3.762496609980536e-09
88.59173575594731
0.339322760699993
7.292884505941803
1.474624129785104e-07
1.9007004322331692e-08
0.0003606879014218206
2.8664020983925017e-08
0.05571186607936586
0.0
0.0003247015580138907
0.0011650602586512112
0.05415826432653025
8.906777875974889e-07
3.922958418239756e-09
8.22612217300357
3.5955948807579803e-07
0.04241521409952369
2.6293360642323885e-07
1.5011466526119068e-08
0.9965514564536899
1.758904813054421e-08
0.0935746506963047
6.658150150965702e-07
0.0
5.957207294287379e-07
0.04191027909536004
1.3044809331107971e-06
2.8816207126167034e-09
19.169612022744353
9.676566208411474e-07
0.03659296750128629
1.0463906005497958e-07
1.0007718158281588e-08
1.2770818656058054
1.2682146013712118e-08
6.65576258695794e-08
5.235376324994105e-08
5.304189522517597e-07
0.0
1.1644953449835787e-08
1.2439048861841765e-08
2.7610178704696056e-09
1.6079777070442212e-08
1.5834932610263284e-08
35.44960285020358
2.437391674744264e-07
1.7511837696705466e-08
0.04671389506934738
9.631615186885673e-09
1.0005136936274905e-06
1.4115283637339537e-07
6.28051376635442e-06
1.5025733259990969e-06
0.0
2.1271939766736438e-08
3.1150096125822636e-09
0.4284688148546517
1.8015671590477833e-08
1.4826113061229593
2.7055622256738334e-07
3.01903782598954e-08
0.7069222505580871
1.8901891428055132e-08
0.00728129791667327
0.6435507890719245
0.0002901949602637645
0.11641114448371731
3.469966848229509e-06
0.0
2.897436095840985e-09
5.838878552094091
2.2838180757698093e-05
0.0056964575318073415
1.349055931480998e-07
0.08985406854724556
1.4363801956413087
2.3153529429173187e-08
1.6183738014537721e-07
1.8259547926495745
7.328209874067804e-07
4.08613577642534e-07
0.07492010377664982
8.879236352935489e-07
0.0
2.6780260477095696
3.572454528515778e-07
0.054231056813585046
1.8197136741120225e-07
0.0014731659233662205
0.005948494331813333
0.00011024307476151308
6.105026554238475e-07
0.0009562698382655644
3.7600866742354207e-07
4.540018546912162e-08
2.502558042580278e-07
0.0005455843919157662
2.6142209445708526e-09
0.0
0.0009925506442358142
0.08261232432148118
2.1249351387348907e-07
2.3395044727651448e-08
0.00804318303777992
1.3696071835315097e-08
2.449037820449818e-06
0.008157233364145373
1.577222432134624e-06
0.22987084421020015
0.012159776295183083
2.956810578610304e-06
2.556060804791161e-09
96.74495985508386
0.0
0.6898202749617213
2.649907134891946e-07
1.4573775133860706e-08
1.055659793401398e-06
8.467155456462405e-09
0.00037148111709846884
7.704474911441262e-08
4.950897436024451e-05
2.9104921545808096
0.00018677540252722585
8.326144082942e-05
2.4939782444279182e-09
12.385874702873956
0.00018862852108640947
0.0
0.0001708526989958057
1.3587908353737838e-08
3.484245803841028e-08
1.6513348522837726e-08
0.0007074902595892242
2.062654578285233e-08
2.5495862238438894e-06
0.5756644126441232
4.824392757594289e-07
9.506752612949121e-07
2.4472408597951405e-09
0.8293111149354517
2.4855769030198122e-06
0.0001737012433296328
0.0
