1.0962608280198962
12.340616635877785
12.45320328833458
12.319417622622714
12.319417622622726
0.4717078656025578
0.0
25.899820584556764
44.07415534916572
44.272692508384395
46.16436980439586
44.87603853937841
26.670470928106063
0.0
41.28655978608643
92.4333298287429
97.39852218326709
100.00000000000003
100.0
51.94460902284829
0.981784356589084
42.472530232644104
98.80702376237745
100.00000000000001
100.00000000000003
100.0
59.834223240322935
1.321091212340745
54.11237282899655
91.02405508481603
91.9565397919371
98.38605960361292
98.25565988410152
77.69622025431039
4.5633307360177175
0.10872908560843941
1.8616033939639913
1.8616033939639904
1.519428756702012
3.6196242360560147
4.626296101530396
0.7710493279131467
0.0
0.0
0.0
0.0
0.0
0.0
0.0
0.0
12.340616635877787
12.453203288334578
12.319417622622712
12.31941762262272
23.991366287259293
0.0
44.0741553491657
44.272692508384395
46.16436980439586
44.87603853937841
63.89709343681377
0.0
64.71910319376964
56.79134741424065
78.07444494403713
85.76950150072285
100.00000000000001
12.66166181062369
64.8127510193413
62.778169211669464
65.89492179720386
83.40941903650635
98.56790325001876
0.0
37.013043512275885
37.945528219396934
21.60214130402621
20.55943962979113
99.99999999999999
0.10872842040462448
1.861603393963991
1.86160339396399
1.5194287567020115
3.6196242360560142
34.12842629340209
0.0
0.0
0.0
0.0
0.0
0.0
0.0
0.0004619855959385824
0.0002309927979692912
0.0002309927979692912
0.0078107834305839
0.0
0.0
5.255204189156551
0.05529615851281005
0.05529615851281005
0.10493530595885717
0.9442177011577825
3.2278733827199373
3.227873382719937
4.359840781754867
0.05385965540171245
0.0
0.0
0.0
0.0
0.0
3.0689287991680714
0.21917359158878094
2.153372334607618
1.8584264238189663
0.3893349288105684
0.20421948525022193
0.18011374538858316
0.18011374538858316
0.20237766082165806
3.2372300169707104
2.881061722229095
0.8808284100287208
0.9733029748357287
0.8020874800403228
0.0
0.5140632206021761
10.742178103092458
10.742178103092462
4.104788776438173
1.7706931785424636
0.6438883743650754
0.16097207957829193
0.12887843478852873
3.8268765194177803
3.8268765194177785
0.5549899343989966
0.22199597059732537
0.0
0.0
2.488888889896093
5.291619020724782
3.442717706557721
1.8707751847986671
5.244558766276042
3.607135514316405
0.0
19.46365266474671
50.3402238920482
32.52552524990213
21.864993790141696
51.33601977065074
33.59128627928021
0.0
52.52266491863952
69.75079468126117
67.93851473549049
52.25166157175597
51.9868900477922
51.9446090228483
0.981784356589084
58.576110375777056
97.16922871807071
85.20855411164064
74.45334045480126
66.25325758912896
60.911611657586974
1.321091212340745
57.43272717324155
59.59933217711404
57.913331863996014
93.55562439570767
90.14971181562157
77.69622025431039
4.5633307360177175
1.3177394522413628
0.0
0.2260147925286296
0.6433624823108559
0.2174575060130639
0.0
0.7710493279131467
0.0
0.0
0.0
0.0
0.0
0.0
0.0
0.0018132388993670333
0.011836571545302176
0.03405776672459595
0.013332490097258565
0.0044437219518779275
2.9625634241898715
0.008197912101248055
0.0362457142728212
0.30754797571529807
3.864993795961678
1.288331260074
2.9625634108116143
0.0964747803996042
0.0
0.0
0.0
0.0
3.9230324048582177
0.0
20.70926852986364
0.14084658920520887
4.2036388699219795
1.3911335746693727
0.0607333582991431
0.0
0.0
0.0
2.8065651891762937
1.3476513344980368
0.5380933634939097
0.0
0.3561682947416174
0.5068455232711474
0.7328603157997768
0.3630097628776161
0.7123365894832348
0.0
0.0
0.0
0.0
0.0
0.0
0.0
0.0
0.0002309927979692912
0.0002309927979692912
0.0002309927979692912
2.0690486634590206
2.069048663459019
0.0
0.05529615851281005
0.19821449530433718
0.19821449530433732
0.055296158512810056
3.3197310474911617
3.3197310474911617
0.1774892204308015
0.05385965540171245
1.918705422987205
1.9187054229872054
0.0
0.0
0.0
0.0
0.21917359158878094
0.3092216979045026
0.30922169790450266
0.30922169790450266
2.9228736668373867
2.5693239134595918
0.0
0.20237766082165803
3.643636410185565
3.6436364101855667
1.236996704770338
1.864969414242124
1.6259547944348478
0.0
0.5140632206021761
7.813359413213585
7.813359413213587
4.104788776438173
1.7706931778647286
0.6438883960804079
0.16097207957829196
0.12887843478852876
0.5549899343989967
0.5549899343989967
0.5549899343989966
0.22199592907414067
0.0
0.0
