1.0712362603061165
12.187875343768239
12.269110730743039
12.120200145300787
12.120200145300783
0.49383724405508733
0.0
25.899714056487404
44.07320657160677
44.26101192401274
46.08684502402964
44.844112528227434
26.467820403797656
0.0
40.70123269511263
92.99036851006777
99.89689539757504
99.99999999999999
99.17404175294976
37.148916784276864
0.0
50.545066455547875
100.0
100.00000000000001
99.99999999999999
100.0
57.275202508752145
2.1243319465671515
50.21081976845951
88.08621009976478
87.77022952819705
100.0
97.81864309908295
71.74895731492052
3.935067740976406
0.0
1.974701688422966
2.045621539427822
1.6150927156722257
3.651511687853077
4.626295236012066
0.7710490843606697
0.0
0.0
0.0
0.0
0.0
0.0
0.0
0.0
12.187875343768237
12.269110730743039
12.12020014530079
12.120200145300789
23.990080692802678
0.0
44.07320657160671
44.26101192401274
46.08684502402965
44.844112528227434
63.90625167452255
5.795881372944269
66.83280661518373
58.09454692045035
77.17700562068967
84.2497909016719
98.84774618915958
0.0
60.45275252711039
58.2796763968351
65.42970693131811
86.86403663731636
100.00000000000003
2.488037743452857
39.43795158261404
39.1219710110463
23.502602278820675
23.13952182620836
100.0
0.23231694365586716
1.9747016884229662
2.045621539427822
1.615092715672226
3.6515116878530773
36.55418788214485
0.0
0.0
0.0
0.0
0.0
0.0
0.0
0.0
0.0
0.0
0.00707528656506937
0.0
0.0
5.101301607840748
0.07015472685869045
0.07015472685869045
0.15341856766776207
1.0862923627852303
1.753611259692432
1.7536112596924318
4.008451428627179
0.054221857243936904
0.0
0.011025863512358642
0.5348926863993975
3.1666872108936626
3.1666872108936635
2.428383263514844
0.0
0.0
1.8120973357995807
0.33905314539547904
2.5424184476613907
2.5424184476613907
1.1140146123282442
0.09107208298557351
1.223485005645227
1.005036364547842
0.40845485501110024
0.4384979466620906
0.4384979466620907
0.11427407096445173
0.47293824130574014
11.703256143783094
11.703256143783083
3.71023385913953
1.6004929943291102
0.5819972895212904
0.1454992805306965
0.12887845291895117
3.8268765824214155
3.8268765824214146
0.5549898093484869
0.22199591683973202
0.0
0.0
2.5039247339193516
5.295258704227381
3.423749875474967
1.86981631466882
5.182932902070349
3.578759762294089
0.0
19.46366232486291
50.336211115361294
32.489492160383605
21.72819747482652
51.27494090442292
33.438431350100586
0.0
52.28487578233121
68.7856992089233
57.202056133986794
49.8098722636452
42.982985669516886
46.662232131739664
0.0
62.406155813178614
83.49989098232055
87.93205822851506
73.36920795682362
64.94600219019914
57.275202508752145
2.1243319465671515
56.17549062302344
64.68662472392207
72.7533398646341
81.88117871204915
77.70945034412122
71.74895731492052
3.9350677409764065
1.527844144021909
0.11060903589382204
0.17252805523820144
0.7425761656676126
0.18911892811758146
0.0
0.7710490843606699
0.2334370830620108
0.0
0.0
0.0
0.0
0.0
0.0
0.002083242164155925
0.008952074340480292
0.028424974748962266
0.011684148989387374
0.003894281562536837
2.83405645343644
0.009415046256123114
0.03282724080574886
0.4602733742551256
3.7281974846457855
1.2427324771086474
2.834056415900236
0.08788868375204982
0.0
0.0
0.0
0.0
1.8864231616594274
0.5429401474908275
9.06048667854461
0.0
0.44028876463311667
0.4402887646331167
0.6319611283088334
0.0
0.0
0.0
0.057137035482225866
0.057137035482225866
0.0
0.0
0.24637094242185373
0.3142899207612705
0.43953874989160324
0.30100741267331405
0.21844864109738646
0.0
0.0
0.0
0.0
0.0
0.0
0.0
0.0
0.0
0.0
0.0
2.0704140174911574
2.0704140174911583
0.0
0.07015472685869045
0.23577049718866727
0.23577049718866722
0.6673188969072014
3.8417043751325406
3.8417043751325406
0.0
0.054221857243936904
1.9260590504471637
1.9260590504471637
0.0
2.401912201069817
2.4019122010698175
0.566536978713987
0.0
0.0
0.0
0.6781062962224974
1.527844144021909
1.527844144021909
0.0
0.09107208298557354
1.872970541027182
1.8729705410271815
0.0
2.584520568549574
0.2334370830620108
0.0
0.47293824130574014
4.376642934128787
4.376642934128789
3.71023385913953
1.6004929454388286
0.581997320967975
0.1454992805306965
0.12887845291895117
0.5549898093484866
0.554989809348487
0.5549898093484869
0.22199580262737292
0.0
0.0
