0.0
0.00032144420500222233
0.0012822204446803968
0.0013648598011109599
1.1158618045418894e-08
9.362866546372042e-06
5.002323950895904e-06
6.0534214623942604e-06
5.309870592895192e-06
4.2754956299720255e-06
2.3122622865241024e-09
4.5279525889771305e-06
5.150573073713714e-10
2.8771354800244004e-06
1.8288929077608296
0.0
1.8288717421432021
3.451072827739658
0.9145533375059824
0.6496396928435827
1.0452491826581802
1.8624694098481078
1.045115186148094
2.4593785798725145
333.5244322329936
2.8923784959324758e-05
46.95760298869743
1.084574557615096
0.00012017995331898986
0.6889187971217544
0.0
0.6889186522798018
0.43382378091538737
8.814775882213793
9.202447662756576
3.7147507339482146
5.90430521071154
20.458893222657352
54.36459160940659
19.82015336008652
264.167415032578
1.8145968389384755
0.8626402595491001
1.7228696774176435
0.00022880856525788997
0.0
5.482845624741138
4.875507474443443e-05
2.775077498432873e-05
0.02821068967981861
4.306652016734062
0.00011458075185481512
10.680846461281217
1.087058770054541e-09
2.7032187489901824
1.4108529736976925e-09
0.00013760285520293187
0.0022343460789223052
0.00015732289248864936
0.18903719868503677
0.0
0.0002323981505832126
5.3396881847595965e-05
4.204924687478946e-10
5.656515592669011e-05
4.5835238641439804e-05
3.151642518331788e-09
3.4943391784207514e-10
2.0045456403204714e-08
6.924702519592896e-09
6.868475681715889e-05
0.00023829028900438384
0.001461837564813699
3.9575132169590583
0.0005656158266049178
0.0
0.00039517604961530244
0.0003228845234155748
0.0003639484293701359
0.00015443291722675172
5.1722040883505755
0.0001293010906405271
1.4499487933875686e-09
6.397927435972235e-05
8.019204789774783e-09
0.004733498391059579
1.3048491586572786e-08
7.96219823253138e-10
8.491331759702137e-05
0.000716883380296247
0.0
0.0005156549338867207
8.162480256494623e-05
6.359417856401517e-05
9.325971282705977e-10
6.765775662350676e-05
1.2441795926464752e-09
7.561249048555207e-05
1.3206101291572795e-08
0.0023121912855169494
9.808034303094572e-09
0.0007604268776632046
4.8032847462649525e-05
0.00035594412987046363
0.0006618074351173631
0.0
0.10785744854130008
3.76397494124369e-05
7.302869656901743e-10
0.0001044324752929662
11.055786470248064
8.945678009374484e-05
0.0007928407282306534
0.0004277268941868355
1.3519853713114665
1.7164103894527676
8.412210431942451e-05
0.0002562580512494163
5.3651703924381775e-05
1.4853940776350707e-09
0.0
6.382024164917926e-05
4.797232123919132e-08
0.00016638375635658162
18.924253315490482
0.7156554179361625
0.001201537239715379
3.8666609757606995e-05
0.0001586849645434459
0.00032644541317118034
5.694810077784996e-05
0.0002330179748358532
0.0015141534820048254
0.0007193989799500792
5.644299535078715e-05
0.0
1.3152478004655506
1.4124886494267123e-08
3.612443335469186e-10
6.968485404323778e-09
0.0021830625153670276
3.2075906709656945e-06
0.0011808565393357125
5.558220691352493e-05
4.534087247185242e-06
8.456224983620096e-05
4.27780814670215e-06
4.7003976648112694e-05
0.00048664626139885767
3.4576614048830443e-06
0.0
0.0007224597253395345
0.6726482602165855
4.5916646203385044e-05
0.09974029309692327
0.0007913978096585764
0.0008713975779547893
0.0004626940685780157
5.0148597106532264e-05
0.00027572906728115087
2.6037688469790768e-05
7.683396510114249e-05
0.00043140894681582863
3.8521713336346046e-05
3.879354975921661e-09
0.0
11.020131260400337
8.981750867650368e-05
0.0023662870535225864
0.0012025176745269475
4.760240520651568e-09
4.070412466730338e-10
2.2466128113297025e-05
3.483249807403256e-05
7.457865257351304e-05
0.000413035628320365
1.4790351900411298
1.816262726183532e-05
6.526702009581793e-10
0.0004062298838650169
0.0
0.00021526000796066012
0.002410183048956479
0.002339326105468862
7.933312239025457e-10
4.1323958503129826e-10
3.9996199378958665e-06
6.44499237851071e-06
1.5782337342751297e-05
0.0003483825787169348
1.891141165235158e-05
3.1920601168417797e-06
7.378759798202123e-10
0.0001995257109866099
0.0009726784683708018
0.0
