0.0
0.0002995148444302704
0.0011947397975767581
0.0012716275321122497
9.667129969146178e-09
8.723832530873863e-06
4.661178796560314e-06
5.640176922056577e-06
4.9477723565592725e-06
3.983993072613791e-06
2.0133251466330873e-09
4.218803589453226e-06
4.472720302584107e-10
2.6808511287511236e-06
1.8260825222290173
0.0
1.8260627746905134
3.468636074868219
0.9131408411597498
0.6533810488021007
1.0496310439700478
1.8713656381738293
1.0496653325811465
2.4841384934804243
333.58242464627153
2.6951732334200003e-05
46.95620171674633
1.086238302125532
0.00011197831292277888
0.6901076551714423
0.0
0.6901075289240612
0.43771425433055605
8.800335345971494
9.234284809216442
3.733838483005789
5.90567907541219
20.455186562244357
54.32183826368552
19.84099255482934
264.13264777726835
1.8139572380579838
0.8663488810274982
1.730451431702281
0.0002132369794972329
0.0
5.506902207746073
4.543070795291156e-05
2.585942372871137e-05
0.02987568773602722
4.3256419543054445
0.00010677311211942674
10.65861641877036
9.392897263234066e-10
2.697817840852961
1.2240774499804552e-09
0.0001282363888003019
0.00208204498583323
0.00014662677841978
0.18795391068342682
0.0
0.00021657225826221906
4.9757439566609855e-05
3.6541156733171557e-10
5.2710765632246996e-05
4.2711640589612075e-05
2.742907939613179e-09
3.0355622969251287e-10
2.187433225768715e-08
6.347065805038683e-09
6.400782502009108e-05
0.00022204460520530304
0.0013621234202931686
3.936846444707077
0.0005269610221895337
0.0
0.0003682298778782867
0.000300856621434561
0.00033911906405781355
0.0001439099746896955
5.13554990454129
0.00012048967989119699
1.2502655440522098e-09
5.9617316271030946e-05
6.882912208947713e-09
0.004410554867295767
1.1323178148827537e-08
6.788411197137313e-10
7.913253530318982e-05
0.0006680375232625106
0.0
0.0004805072460060555
7.606240302438638e-05
5.9260780252548794e-05
8.013171265215148e-10
6.304597839963626e-05
1.0801052531432332e-09
7.045821796023937e-05
1.1820466124056411e-08
0.0021544286096626714
8.594930956801955e-09
0.0007085393068309717
4.476200899878981e-05
0.00033168555711459867
0.0006166889760379244
0.0
0.10847063036650582
3.5074518594686986e-05
6.269336760665817e-10
9.731696659065923e-05
10.985963690745075
8.336040931224178e-05
0.000738755407880347
0.00039854326422272525
1.2474263004875565
1.717592465050016
7.839167139575722e-05
0.00023879585032494168
4.99950039957402e-05
1.259512377182166e-09
0.0
5.9471490751355054e-05
4.161493515820776e-08
0.00015503933178706567
19.181918989569127
0.7037295228199044
0.0011195519245573732
3.603140880098694e-05
0.00014787985592463337
0.0003041993896983177
5.306756767462669e-05
0.00021715117304809436
0.0014104092024249922
0.0006703050044546352
5.259681704481976e-05
0.0
1.2976846457986717
1.8020519759423584e-08
3.1381191920756066e-10
6.410957022305865e-09
0.0020341477210578276
2.9888419223227296e-06
0.0011002867042045643
5.1790053785435473e-05
4.225038078298703e-06
7.879950118578641e-05
3.98616384379376e-06
4.379935823637346e-05
0.0004534329136021112
3.221960264867601e-06
0.0
0.0006732034642479667
0.6697338177870531
4.278607608819265e-05
0.09934153057055979
0.000737406840146168
0.0008119404668924049
0.000431123880056083
4.6733258716115976e-05
0.00025693092855292904
2.4263407911411295e-05
7.159767008165546e-05
0.0004019952700000667
3.5897117336144055e-05
3.47348251323602e-09
0.0
10.951481989054903
8.36968316553919e-05
0.0022048386329594424
0.0011204685098903985
4.131268525221039e-09
3.5053351753629915e-10
2.0936009747143086e-05
3.246024269790573e-05
6.949627616056959e-05
0.0003848767761285843
1.4451069650082498
1.692489017962606e-05
5.600372951020434e-10
0.00037853922971434434
0.0
0.0002005949322312991
0.002245745450091663
0.002179708698396639
6.885297119175941e-10
3.557020325920629e-10
3.7271286149894036e-06
6.005984883625189e-06
1.4705478564643343e-05
0.00032468194650351744
1.7621384499524514e-05
2.974470816686849e-06
6.329671987396593e-10
0.0001859320993644606
0.0009063660127438843
0.0
