0.0
0.00010263695955294217
2.6975815402274994e-09
2.6973782640852806e-09
1.8517760524966428e-05
4.470728748249782e-08
1.0979320381662347e-08
1.6202370595552604e-06
1.1032703678008188e-08
1.0594970764214977e-09
3.187710188839762e-09
5.233351599622041e-07
3.063851070464162e-09
8.727594341643022e-09
1.7466831520309833
0.0
1.7466831024503993
8.508520590105505
1.6112349192676096
0.39463818294183006
1.0689109005815114
0.5915646021205937
1.0684625621668966
1.646925306071307e-09
316.2094999956455
2.1091024814228945
46.26873690552911
0.0673262394479403
3.2137884455849188e-09
2.870852881172906
0.0
2.58453173304397
5.8721246373157313e-08
5.18630123436883
9.293792385426833
32.007457131954375
9.294202360927958
73.7190136326553
27.818958843781743
12.064777343846512
182.47838318969988
0.06756557957212703
0.6515557260477091
1.303111569628442
1.2174841017032832e-08
0.0
3.257778789135685
1.028327724215749
1.6080676078907408
1.246986353756454
1.608128217052585
0.00018749768673692537
45.881546636585455
2.3252202943130706
55.45163479326313
0.06305248598828089
2.8450835300074367e-08
0.00025171272983658317
3.4342396799733335e-08
0.469872363179621
0.0
0.00014039957135000223
2.670257468962766e-07
0.11606439444428021
2.9987242886797374e-07
0.8499543331874807
6.095624164064815
3.6636624583505195e-09
0.16905052122107672
9.461033138656657e-08
2.2177198330592973e-08
2.3551889219170938e-07
0.0010617053613618545
4.494350037973615
2.0395016273475352e-07
0.0
2.2381974469019368e-07
0.07897296167365989
2.438682668015692e-07
1.2153279218200662e-09
8.352685588103055
3.900356768954968e-06
0.19975276904727277
8.910128320479443e-08
1.2919028486247946e-08
0.0013851628687459427
3.997308049339963e-08
0.39383453453093753
1.2886881063668988e-07
0.000286987930143847
0.0
0.0001046108704872667
0.8529365834596023
1.1437073288601845e-09
2.424435481824847e-07
9.842921557315976e-08
0.030820512244797017
0.15028705799122027
1.960308412326788e-08
0.0005337850480908118
2.196176496397187e-08
0.006185113228363086
1.4910840712825885e-07
0.0004294656836109072
0.0005487744949346196
0.0
1.2520811960412042e-07
1.2719681979088485e-09
3.5994141452452915e-07
1.302944715961133e-07
10.331828742886966
1.572377613340466e-07
3.5068543180582005e-07
0.0024904313205425326
2.8569104786813748e-08
0.23571040513490604
0.004980312074329836
0.0002310799107297573
0.004980043135321251
0.20285009579208535
0.0
1.1336042396178692e-09
0.25086129334437807
0.00023538903094925967
15.021237229273883
0.2947831345198017
1.1513705257579726e-07
2.2892259608049831e-07
7.574342029004824e-05
1.0673784653211651e-08
1.7250708369876876e-07
0.00014314353353875304
1.66110639705756e-07
0.1440264712931425
2.978082254688502e-07
0.0
6.862048230221131
4.028909673579854e-09
0.23286344996410033
9.927741454544097e-08
0.002828769898516449
2.2515268156056595e-08
1.8706346564931152e-08
0.0014090971811002622
1.94836069326333e-08
4.887094753252782e-05
1.2266359369700057e-08
9.032906460317782e-09
0.0004241220515999396
1.5131736068665315e-09
0.0
0.0008783948546669025
0.6477321243304911
1.1264293413713685e-07
0.0013352904415788224
2.5562683814724925e-07
1.2009481923692344e-08
0.0005416106731366162
1.2954440714580617e-07
0.000301670605135582
0.05479526953061628
8.845373758984515e-09
0.0006883317606118708
1.1543914207979372e-09
4.119856763676882
0.0
10.265929426605123
1.5260836997940863e-07
1.149460135270919e-06
2.2032823334124428e-05
1.0069031443982633e-08
0.006046044309780289
0.08086682450240466
5.200793601141922e-06
0.9863474859610917
0.0001644392081326584
0.3417132978600073
1.4237249103043357e-09
0.01086987190742465
0.0001221834449267799
0.0
0.00017505682827623187
5.228404440620677e-05
0.0022057990840187317
4.1075364095433256e-09
6.808978122195216e-05
0.016247531196605713
5.016589982169619e-06
0.06166909907335383
0.0002993504587849602
0.01838177414746181
1.6474620114003842e-09
1.33640045319438e-07
9.367136791513414e-05
0.0005822418765769539
0.0
