1.0712405558045701
12.187902591983002
12.269548111744246
12.132392689842009
12.132392689842021
0.44710730996366826
0.0
25.899166370297454
44.06831794065657
44.20081039304358
46.06470867820351
44.835360070871644
26.48792411415306
0.0
42.191917288384985
92.08058482984929
98.76655048551955
100.0
99.94068707352528
46.905935222139234
0.5459979302890731
46.874568738166346
100.00000000000003
99.99999999999999
99.99999999999999
97.8979108822499
67.8341487814591
2.3612204277640454
54.08437125414458
90.71644169751436
91.15115494214803
100.00000000000001
99.48939209417098
75.46606592337729
4.531529705048406
0.0
1.923066687453945
1.9230666874539448
1.5448464469231638
3.62809593273884
4.626294946439169
0.7710490106593275
0.0
0.0
0.0
0.0
0.0
0.0
0.0
0.0
12.187902591983002
12.269548111744246
12.13239268984201
12.13239268984203
23.99078380512384
0.0
44.068317940656605
44.20081039304357
46.06470867820351
44.835360070871644
63.905228969092086
0.0
66.41579383932519
57.16914092506336
70.30329235362579
79.02886432221888
98.80576764677795
1.9465319485610335
64.14264168675358
62.82606680657037
60.96532386111636
94.95143957590598
93.55645361094419
0.0
36.775158419040864
37.20987166367449
13.840436218382361
63.69851071640632
88.22477186677985
0.2285744030800379
1.923066687453945
1.9230666874539444
1.5448464469231633
3.62809593273884
83.2700962195659
0.0
0.0
0.0
0.0
0.0
0.0
0.0
0.00038490430884191985
0.00019245215442095993
0.0006430040666495493
0.00874919095794088
0.0
0.0
4.609236932293298
0.004040600844973009
0.0
0.11595044503145222
0.8017249475052388
3.0119900001112887
3.011990000111289
2.531525351389597
0.05383080706232696
0.0
0.0
0.0
0.0
0.0010771412233516748
2.827354521165311
0.06201784611377462
2.1461443277311587
2.570377904925339
0.5696006587749194
0.3527617457729636
0.3527617457729636
0.2907341631614775
0.15899884160766314
1.6989458409921094
1.1920062587509477
1.1920062587509477
0.42716704538772887
0.39115101065711083
0.045893395362932764
0.22447740954728393
1.3340036115395788
3.792911410608366
3.792911410608365
1.1058051317807245
0.4021100913840489
0.10052698344809036
0.12887848886783265
3.826876571825028
3.826876571825025
0.5549896998221302
0.2219958658667852
0.0
0.0
2.5039219321772723
5.295319303275187
3.424621868595347
1.868169351546785
5.293175095042401
3.640555853227633
0.0
19.46371206236556
50.317964955611515
32.306210865535306
21.688045398171653
51.262625206928675
33.45483768412532
0.0
52.89046643816873
68.3508733158842
62.55283819727601
47.583542675506315
45.90024189300138
45.89916567600994
0.5459979302890731
60.461558941504634
97.8380783660963
89.30211380356941
82.89039003865577
78.40319580684051
68.55071283519614
2.6639163153021483
56.840470180822564
61.25002983033302
59.6432318864047
88.80790015105322
85.60296809020376
74.74950186964024
4.228833817510303
1.510779527562128
0.0
0.22599463560292765
0.6883696680976867
0.22857440308003807
0.0
0.7710490106593277
0.0
0.0
0.0
0.0
0.0
0.0
0.0
0.0004505519122285894
0.010912334965729352
0.02790090447028762
0.01019401151121494
0.0033974013989062786
2.5606872429935996
0.019867117275663627
0.11595044503145219
0.8017249475052388
4.489769981104892
2.0310731247600504
2.5606871745045208
0.0888470639869111
0.0
0.0
0.0
0.0
1.3165749094797992
0.0
34.09250867720492
0.24264789320742763
5.036574621981705
1.6833294176902014
0.21761271152140693
0.0
0.0
0.0
5.701948607931058
1.1493007507719448
0.3830961638091467
0.0
0.5069395822411601
0.6576031548994153
0.8835977905023429
0.5069395822411601
0.5069395822411601
0.0
0.0
0.0
0.0
0.0
0.0
0.0
0.0
0.00019245215442095993
0.00019245215442095993
0.00019245215442095993
2.0796739537570135
2.0796739537570152
0.0
0.004040600844973009
0.1461426797328222
0.14614267973282208
0.0
3.202323863444101
3.202323863444101
0.0
0.05383080706232696
1.9259420656713724
1.9259420656713715
0.0
0.0
0.0
0.0
0.06201784611377462
0.0
0.0
0.0
2.441008464619553
1.5129330082404333
0.0
0.15899884160766314
3.707011495109206
3.707011495109206
0.0
1.1663851973786445
1.0822436651311664
0.0
0.22447740954728387
6.298223804400671
6.298223804400677
1.334003611539578
1.1058041193721968
0.40210994592169136
0.10052698344809036
0.12887848886783265
0.5549896998221302
0.5549896998221302
0.5549896998221302
0.22199560514871608
0.0
0.0
