0.0
1.883995692509334e-08
1.6695478568169741e-09
2.3886750942946274e-09
2.4288108382545054e-09
2.186051648340529e-09
2.0825003006797835e-09
2.0391468083557548e-09
2.1980058089430593e-09
1.0028153049911915e-09
1.145363569984086
2.576334811962295e-09
2.2244234982899074e-09
1.838902048338341e-09
3.2942665407123877
0.0
3.85947807261908
8.560751943005569
3.3329448541756888
7.372130183497203e-08
4.506374632451344
23.375174927619597
0.9755111269034547
1.1687975935526416
122.70087180312268
0.30584461989902845
211.58735559576576
13.65766170875935
0.025062930607797324
2.5754484847351646
0.0
1.9701428373916312
0.031480153680825726
8.900524889414047
9.54691891979218
23.146217556532843
8.905127962430011
44.8901626007455
11.233045584466938
39.5922481249629
209.04000771531173
7.575931542728176
8.603356747827352e-09
1.0670753611311214
1.4376013368316648e-09
0.0
5.852872102713794
6.942492137585068e-08
0.9274551230336324
6.422235313902398
0.9268819383136915
5.188166080688917e-10
61.450247638608694
0.30077412240135204
7.35130348752296
6.282943992093523e-09
2.2579879769556953e-08
0.0003113953709317054
2.6527597283156565e-09
0.5391383771364223
0.0
0.00011142069135212042
7.09543366661125e-08
0.054838603059540816
6.786709150634194e-08
1.764991700828956e-08
2.1379332366703867
3.8699139353404654e-08
1.504621983299204
0.09578988069456554
1.8118106806601e-08
4.153489200242758
3.0538498273605866e-09
0.0997291015561926
0.00037106567278369135
0.0
5.982067188963403e-08
0.0449457686191769
9.811004999838579e-08
4.3630533816190556e-10
6.823046345305493
9.53426832843885e-08
0.03820849648843297
1.1278140013527353e-08
1.6111864607083526e-09
8.221458403700328e-09
1.718650944618207e-09
7.499431905580988e-09
6.222842236204564e-09
0.00023264676341140487
0.0
9.768125260493231e-10
0.07799968733133793
4.341438101266413e-10
1.6264061352442034e-09
1.5838996943707838e-09
35.39605265415619
1.5937359711514178e-08
2.5856958576762483e-09
0.00033325043809511454
2.2190299091559054e-09
8.890041120566999e-08
1.7475430732699607e-08
4.590918956269432e-05
1.1652281245277413e-07
0.0
0.19869183678950642
1.3212002325095003e-09
1.9311833322484813e-09
1.8727092758678647e-09
1.5101929119603763
1.8988652998237888e-08
0.13594732953754202
0.11883017170218024
1.1838819773970886
0.008299192085803955
0.006592508842990561
0.0001226288974293331
0.006592437185415172
4.935352758436428e-09
0.0
4.228015088410037e-10
19.912263330003213
7.712265526050847e-06
4.650837345913206e-09
1.4273111993151263e-08
1.723338859570988e-08
2.0818759637300497
6.6277554578862925e-09
2.532908195041711e-09
3.471943585750641
8.85772119370363e-08
4.140701639300085e-08
0.07656924822827893
6.767882884679108e-08
0.0
43.741303083503176
3.914823547845892e-08
0.05152433066978812
1.0193423938544345e-08
0.0010366466883399738
6.2175899282573895e-09
0.01715706721838059
0.0004738740763865716
6.264271089189503e-09
1.5552376996556636e-08
6.586301478552365e-09
1.284533531281486e-07
0.0003099316595772534
3.6064829126339065e-09
0.0
0.00045969051486631854
0.09483196564432556
1.1719532363794293e-08
7.98339975458173e-09
3.673352514740512e-08
0.18334366582506073
9.80814162341948e-08
3.476473488492572e-08
8.544798595931202e-08
0.1621767807563723
0.010937378721548378
5.360310303886841e-05
1.2493908330653355e-09
83.38793654930929
0.0
0.7357845206333006
1.806343324698793e-08
0.3949475767929653
0.2162650830484422
0.012043233505705998
0.14381975698603663
0.32992756800677225
1.4035395527319205
7.8273523849633335
0.00012972680854052166
0.8562195222970665
7.651663545640668e-10
0.0003998561055101124
0.00012991426879817544
0.0
0.00011336501235682057
0.052155186721802804
0.052388620915693324
0.010505868909329715
0.04765258855649565
0.052511725453137065
0.06686237793278604
0.44491821219954897
3.988534021690999e-07
0.06504749723650746
8.819715520708166e-10
0.0003516857214041492
5.972286390567241e-07
6.818444439662339e-05
0.0
