0.0
0.00037423145335332595
0.0014930751890828476
0.0015876770690892786
1.5081805740439604e-08
1.0895931561758974e-05
5.817785593248105e-06
7.041095558746005e-06
6.175333903599322e-06
4.971981985683607e-06
3.1339029812681842e-09
5.266152766022011e-06
6.971619634512164e-10
3.3463445356367057e-06
1.8262979738247263
0.0
1.8262734216355738
3.4597342962125412
0.9132734806723918
0.6524273444883109
1.0440255318877787
1.8576515207349578
1.0437298749761057
2.472529239419584
333.5819992811095
3.3626063539823915e-05
47.00079056761877
1.083836602842366
0.00013983911016810942
0.6893405983857124
0.0
0.6893404062474022
0.4353179067834
8.794014569317124
9.220733275218853
3.7250516377370086
5.907697160515685
20.45831308826376
54.372274111188666
19.828610637800534
264.13095756390715
1.8160712937803944
0.8655475262143151
1.7282868471175843
0.00026609692104075994
0.0
5.500244159125943
5.672373080740081e-05
3.227217134357497e-05
0.028564977428383383
4.320110156586632
0.0001333190959422404
10.681005827122023
1.465118947856931e-09
2.7067154621702705
1.903406356902821e-09
0.00016002123735045243
0.00259966082309436
0.00018290757412128518
0.18842400050233882
0.0
0.0002702913814167806
6.210030951534943e-05
5.691513595190173e-10
6.57814895222864e-05
5.330136321606277e-05
4.279875164090017e-09
4.730134002448059e-10
3.364267887875673e-08
9.974498698659923e-09
7.986547265636829e-05
0.0002770176954755431
0.0017026007893983291
3.9367150131106303
0.0006547803133665681
0.0
0.00045945795366331176
0.000376429178414308
0.0004222232251587755
0.00017968637721146134
5.164317496459418
0.00015035770065617877
1.9573706024652518e-09
7.439522759519215e-05
1.0744505396331248e-08
0.005512692484919486
1.7658357295514135e-08
1.062177030426556e-09
9.874798347505748e-05
0.0008339932609723447
0.0
0.000599641812924532
9.483337991427807e-05
7.395482266286128e-05
1.2538898676687316e-09
7.867196498416748e-05
1.684530915137117e-09
8.793192219782064e-05
1.7897232813347187e-08
0.002693172366273803
1.3406497509161847e-08
0.0008858495963160117
5.585789575639137e-05
0.00041378031876873427
0.0007702600764536189
0.0
0.1079661989251305
4.3770970426523206e-05
9.886484183967237e-10
0.00012144461115364524
11.053267974086221
0.00010403606589830801
0.0009233390450725823
0.0004981511745225308
1.2453438984599923
1.7165960629001145
9.782370427086098e-05
0.00029802116878796113
6.239593402791217e-05
2.008139648966272e-09
0.0
7.421740585715443e-05
6.493889056866769e-08
0.00019359445523707206
18.926151522344995
0.7157601089718492
0.0013995303116131946
4.496230460432403e-05
0.0001845270218211125
0.00037981719986870304
6.622380708465973e-05
0.0002710047378742552
0.0017603279085472198
0.0008381368294840395
6.56385388169988e-05
0.0
1.2960861898711689
2.2054355931447454e-08
4.889902523672052e-10
1.00794547167686e-08
0.002543009257093465
3.7304392144640487e-06
0.0013754081895198432
6.47361463643858e-05
5.273485716066769e-06
9.834108377579915e-05
4.976005550538487e-06
5.46628466103598e-05
0.0005655350001116707
4.0213821208609705e-06
0.0
0.0008408608262683056
0.67257031393454
5.339890862775119e-05
0.09847769392898983
0.000922068813886242
0.001014713375343841
0.0005389726764824395
5.832125008722205e-05
0.00032012770000719676
3.0282121800939356e-05
8.935817232798437e-05
0.0005022172049973419
4.4797955272969646e-05
5.25225260192518e-09
0.0
11.01917786431521
0.00010445712154900424
0.002755998621268829
0.0014005867334472163
6.4462001857386514e-09
5.472027335313068e-10
2.6123138180442766e-05
4.049485245510861e-05
8.676502719630245e-05
0.00048056700823136654
1.4793175519049322
2.111936780900209e-05
8.83682368689494e-10
0.0004726048235606913
0.0
0.0002504556898793235
0.002807078237890277
0.00272510002751445
1.0741981869235671e-09
5.554775669210119e-10
4.651512616976697e-06
7.4970091836618075e-06
1.8381262524196906e-05
0.0004044154542143299
2.202759473989201e-05
3.7121495381036217e-06
9.990458858725014e-10
0.00023201579676683303
0.0011320670136078068
0.0
