0.0
0.0003638380966899622
0.0014516469729717613
0.0015436833653721955
1.4248048465449255e-08
1.0593268821403414e-05
5.6563641490342515e-06
6.845716488527719e-06
6.003996183998655e-06
4.834100685630924e-06
2.965754287299253e-09
5.119851552858314e-06
6.587353333854435e-10
3.2535415485192793e-06
1.8264326142952558
0.0
1.826408728558158
3.4693237352234405
0.9133373405083193
0.652421130740613
1.0443020004728492
1.8581263290466132
1.0440141731200046
2.485250462939229
333.56964287056377
3.2693665001232744e-05
47.006122699494114
1.0841231597133523
0.00013595898025424173
0.6901125299101418
0.0
0.6901123447201375
0.43720467995599016
8.799715040436858
9.23353318563617
3.74402764721098
5.906214131103813
20.4587029274933
54.36259350277198
19.830236797462224
264.0880595337048
1.8160080244112708
0.866527791312236
1.7303253338273052
0.00025872819834978387
0.0
5.50669837655464
5.514902045103562e-05
3.137714816004512e-05
0.029831797925724872
4.325223201172202
0.00012962042984901207
10.663536280213785
1.3839758256554314e-09
2.6983190767549954
1.7983102937724316e-09
0.0001555863977314079
0.0025275612627183516
0.00017783542059044148
0.18839964019473115
0.0
0.0002627933542234524
6.037750730841088e-05
5.379095408404267e-10
6.395705761001413e-05
5.182329708081905e-05
4.047434301032406e-09
4.4712193972215e-10
3.2355927054255897e-08
9.363846186561272e-09
7.765256644432825e-05
0.0002693467726629643
0.0016553043631933762
3.9372594007242867
0.0006368767957422162
0.0
0.00044672632912597565
0.00036596751071763694
0.0004105509837487073
0.00017470147544661332
5.1385106925418675
0.00014618836758746286
1.8430736017662496e-09
7.233259814628474e-05
1.0148727604623598e-08
0.005359684350836306
1.6674187940344305e-08
9.997492909919702e-10
9.600929059653756e-05
0.0008108489078163858
0.0
0.0005830189302861652
9.220892655949198e-05
7.190368318475644e-05
1.1813834661275546e-09
7.649088869268603e-05
1.592317124789741e-09
8.549353111334454e-05
1.7436858170796415e-08
0.0026184185647022996
1.2657150179477206e-08
0.0008612573870631283
5.430885022384463e-05
0.0004023144991427683
0.0007488880509291113
0.0
0.10862868158565776
4.255702854307535e-05
9.254715949121082e-10
0.00011807717101260038
11.027538261913783
0.00010115057599256637
0.0008977111506307143
0.0004843233281837205
1.2469293970941249
1.71842629560228
9.51108020141223e-05
0.0002897554775116146
6.066491071741557e-05
1.8844399800692318e-09
0.0
7.21589843931033e-05
6.13091830572967e-08
0.00018821925647160716
18.935682035245335
0.7164420944734616
0.0013606783671867675
4.371578353919041e-05
0.00017941526279212984
0.0003692804678622363
6.438722116586456e-05
0.000263486731474127
0.00171140727912816
0.0008148666472364771
6.381802866492423e-05
0.0
1.297129279072248
2.6359735353913008e-08
4.62236587263398e-10
9.45843730654814e-09
0.002472414535002772
3.626946424594685e-06
0.0013372259044671134
6.293915448790606e-05
5.127165086673447e-06
9.561429143242172e-05
4.837828742538005e-06
5.314639420854284e-05
0.0005498764472690374
3.9097663437534144e-06
0.0
0.0008175273613648744
0.6723120208522678
5.191762515362377e-05
0.09861443319812452
0.0008964476954439926
0.0009865631715233955
0.0005240111067789108
5.670347140703994e-05
0.0003112998115275535
2.9442222386679696e-05
8.687929871450771e-05
0.0004882765671759845
4.355526650135137e-05
4.933294110825947e-09
0.0
10.993954157101777
0.0001015598554830334
0.0026795023818314413
0.0013617110760532885
6.0858915647450354e-09
5.16241393046951e-10
2.5398358854866727e-05
3.937186910939927e-05
8.435815278713693e-05
0.00046723689274603557
1.4806572506101183
2.0533614373819e-05
8.296904948270386e-10
0.00045950199693957334
0.0
0.00024350662045534096
0.0027291665071896066
0.0026494392920334304
1.0141820279685417e-09
5.240403150891107e-10
4.522382654839424e-06
7.288975397864041e-06
1.787104769534694e-05
0.0003932285070979306
2.1416107325035e-05
3.609165083921682e-06
9.377733761107596e-10
0.0002255836617920591
0.0011006561933147615
0.0
