0.0
0.0006656521268038798
0.0012337943493956598
0.0013131328387323655
2.436982338759192e-09
9.01243748218765e-06
4.81593188461885e-06
5.827312270600818e-06
5.112070641702201e-06
4.116340482581912e-06
3.070581008322937e-09
4.354223432325765e-06
1.96572549845617e-09
2.7681758080269504e-06
1.6106480765365574
0.0
1.6106305158123049
6.202311132447399
0.9464588930296098
0.7972998801922639
2.223942336057815
1.7059438724020104
2.2790847663748393
0.78666254453613
212.04975409151137
12.497642404016927
151.98965025741842
0.08786287654194956
0.00011556522979460439
1.0130070946158993
0.0
1.0130068949149222
1.8721206921233314e-05
8.416373758014123
7.203858549055201
2.5014665079221654
7.287746684342283
24.582233469976376
164.44318380906975
8.150847386517581
159.8578559606915
1.5217420542669806
0.5341472711353421
1.065793177619083
0.0001604816431558605
0.0
2.80878591804657
4.693450972497527e-05
0.24012257521893746
0.3384764297403216
0.2592160608382807
0.00011022401461916864
29.453276289318786
2.1026915122532186e-07
0.6188120908008723
0.07729716863935275
0.00013252004302364895
0.0020291174064603424
0.00015909092783328565
0.20835671940174053
0.0
0.00022386800090175686
5.138275697782656e-05
3.5831201855099213e-10
5.4435238858738035e-05
4.4110149026334346e-05
1.7133846722261927e-09
2.9487455725959973e-10
1.3599698056037381e-09
3.357690614059493e-08
6.613180691857911e-05
0.9320693537811164
0.0014065364807729465
1.6668645089382692
0.0005440840952104048
0.0
0.0003802514813132993
0.00031073819054990286
0.00034986348901696744
0.00014862087226973037
7.338145790083296
0.00012446282672443982
9.089214660501594e-10
6.150859023989005e-05
6.587817111085841e-09
0.004144759571505309
1.287005580411302e-08
0.0531447993438249
8.187677949201273e-05
0.0006449879736591352
0.0
0.000459261188032827
7.863164676172504e-05
6.12200697697541e-05
5.726987263909722e-10
6.505618918413344e-05
1.0114298070290165e-09
7.270165092126858e-05
4.0636952792932943e-07
0.0025265637594770983
1.0321879877479061e-08
0.0007316495456080315
4.6422431254187075e-05
0.0003833201451939591
0.0007002265323089835
0.0
4.47718694767452e-05
3.623966197983182e-05
4.433050642220839e-10
0.00010041384337965535
7.87286016901849
8.600633743450489e-05
0.000762803722955304
0.0004115622777699629
1.713768275212126e-08
1.6282494090646575
8.102095036153625e-05
0.00024671338994835927
5.163704845741488e-05
1.2122319934877343e-09
0.0
6.143855077830695e-05
4.122224773381621e-08
0.00016011305050075975
25.828312505214946
1.3101170276907308
0.0011532560853443222
3.723894211917689e-05
0.00016003612471721454
0.00031415939964126176
5.481270056955677e-05
0.00022449286511627838
5.126678589323156e-05
0.0006905326020570889
5.431716627051489e-05
0.0
2.9089536297884637e-09
1.649372915529179e-09
1.4108634985267025e-09
0.13664510453219422
0.0021184173296165338
3.0889910752362776e-06
0.0011361587354335677
5.348057736366453e-05
4.365872050147992e-06
8.135206234454628e-05
4.11505522013994e-06
4.5992549612333424e-05
0.000439778892470407
3.3304722060456774e-06
0.0
0.0006956313490027448
0.4920537442988325
4.4131599673169325e-05
0.29452526556496966
0.0007590872147689706
0.0008386042311536862
0.0004451989018342242
4.8311171290614524e-05
0.00026928050029105457
2.50636936005959e-05
7.55012652357283e-05
0.0004696262590940741
3.709467956520634e-05
0.634588236579292
0.0
6.898183135114026
8.635039351489409e-05
0.0022722916810593054
0.0011570093135069405
3.967331887931728e-09
5.774257519218289e-10
2.165649787818202e-05
3.353281178680498e-05
7.177283294460863e-05
0.0004041635293175763
2.5355192066890186
1.74898831511118e-05
3.765759366115919e-10
0.00039116332519393594
0.0
0.00020723907238792152
0.0023173537651256953
0.0022507524496929803
6.608950402779417e-10
7.290186032959119e-10
3.856256218740163e-06
6.204174512732816e-06
1.5183930994859513e-05
0.00033875208071114133
1.8194992098913156e-05
3.0745485578669728e-06
4.2591437124290454e-10
0.00019162069289490406
0.0009359510636359092
0.0
