1.071248809667169
12.187952358235416
12.270313137836498
12.131112767170972
12.131112767170958
0.4481801624881761
0.0
25.900994567526936
44.05945694459261
44.03425745742052
46.536981036394536
45.02488524182569
26.78482993302867
0.0
41.06205547528838
96.10833602861112
98.52653769684558
99.99999999999999
100.0
67.33270734091589
2.2522977080498827
48.62512858594408
97.87729734066427
99.8584409986092
99.99999999999999
97.80981131454502
69.02019183565685
3.2907574210864636
55.237966821248634
91.56325821349859
92.12868855076908
99.99999999999997
100.0
70.8964388266889
3.4371354193997403
0.0
1.3975051202171038
1.3975051202171036
0.9460090714290106
3.0100843844797742
4.6217893159649055
0.7702981827969351
0.0
0.0
0.0
0.0
0.0
0.0
0.0
0.0
12.18795235823542
12.270313137836498
12.131112767170968
12.131112767170947
23.992030859842536
0.0
44.05945694459257
44.034257457420516
46.53698103639452
45.024885241825686
63.89907119687445
0.4278384663128449
65.87150757908226
61.72648419625693
80.37872844789827
77.17346452343146
98.24768935312078
3.184872539756545
65.89321109998622
66.27406954376306
54.78566185296854
99.99999999999999
97.62582478731674
0.0
35.08139003967912
35.64682037694959
9.618583191740377
36.47483583791848
100.00000000000001
0.21701219629583512
2.6459447736975275
2.6459447736975292
2.194448724909436
4.258524037960199
36.356530280577246
0.0
0.0
0.0
0.0
0.0
0.0
0.0
0.00040828859920884295
0.00020414429960442147
0.0006692419981451459
0.008973436386926244
0.0
0.0
1.4258108611025115
0.002996735385697986
0.005993470771395972
0.1173149022437561
0.8111533468485136
2.700989189046225
2.7009891890462256
1.6865594470334095
0.05368691015324205
0.0
0.0
0.0
0.0
0.0
2.445803943320925
0.2552305396733298
4.642627153803935
4.320481141290216
1.3731754097471431
1.3017224262311786
0.8366707261502637
0.06412620266397463
0.1468225485823832
0.0
0.08881970458656353
0.09419275285852904
0.3923258482114411
0.3923258482114411
0.08881970458656353
0.15229788504500963
0.0
4.088959650394598
4.088959650394597
0.9948971315951669
0.37088218439868365
0.23549984869335694
0.12475430148612124
3.8348383194473707
3.834838319447373
0.5576086545341306
0.2230434597928557
0.0
0.0
2.5039170213482724
5.295429770800897
3.426150184110333
1.8681835581883255
5.293360002545304
3.639293069551405
0.0
19.463545876480282
50.29410056018762
32.07802160513824
22.536287287774705
51.55596890650103
33.55780426679391
0.0
50.81256473625636
86.48744279998238
90.89679452147887
80.88133006972794
77.66599543788156
67.33270734091589
2.2522977080498823
61.02070444266792
93.05875306243927
85.67110121197643
88.27563931121333
83.37687123080867
69.6167661747976
3.340529414759877
57.19174298805363
60.313960959429664
59.052901137064055
92.81565797099799
91.87498031048352
70.45066584902595
3.387363425726326
1.2898429874746997
0.03140401052977335
0.21218231438545201
0.710650807337526
0.21701219629583507
0.0
0.7702981827969352
0.0
0.0
0.0
0.0
0.0
0.0
0.0
0.0004650976985407243
0.011101503489145528
0.024986316548954238
0.006942655555294832
0.0
0.05039797020034576
0.02010456667259068
0.1173149022437561
0.8111533468485136
4.53628715941549
1.5120956497851767
1.7268216064978035
0.09462044687434391
0.0
0.061982889737979885
0.06198288973797987
0.020660883496813363
1.1559609186295974
0.0
4.5261874094586885
0.2051287596099544
5.213052751578439
1.760046795623552
0.20512875960995441
0.0
0.32214601251372255
0.35091715923501277
4.141618629238727
1.3704114071773343
0.6442920250274451
0.054204649938708965
0.31619696121893237
0.4300370915305265
0.44914541731569035
0.15990003142038287
0.010746096543931036
0.0
0.0
0.0
0.0
0.0
0.0
0.0
0.0
0.00020414429960442147
0.00020414429960442147
0.00020414429960442147
2.091447428682651
2.0914474286826508
0.0
0.002996735385697986
0.14574881539543652
0.14574881539543658
0.0
0.8111533468485135
0.8111533468485135
0.8111533468485135
0.05368691015324205
1.9207973973486097
1.9207973973486108
0.0
0.0
0.0
0.0
0.2552305396733298
4.478774455557357
4.478774455557358
1.6953214222608655
3.5516724695138953
1.2898429874746997
0.0
0.1468225485823832
4.991967739761336
4.991967739761338
0.0
1.396284012566563
0.40653245281162226
0.0
0.15229788504500963
5.178128181457177
5.178128181457179
0.0
0.9360220771141223
0.3120072269291966
0.0
0.12475430148612122
0.5576086545341306
0.5576086545341306
0.5576086545341306
0.22304338854356148
0.0
0.0
