0.0
0.00038897391537447086
0.0015519021159208753
0.7309701579659713
4.982070424458665e-09
1.126182989404004e-05
6.007939606515372e-06
7.112362550020685e-06
6.372444420107087e-06
1.4313149763896678
4.914766835809333e-09
5.436114529190099e-06
1.494268905482617e-09
3.6818950718836784e-06
3.5518534034063
0.0
3.210016120247426
4.054770101777512
3.3464318333789684
4.396210305814374
3.7611311660394935
2.3953464487883127
1.345721684502264
1.5806868615485956
323.94001478164415
1.8926891734572784
50.915865816962175
1.6760516392949167
0.0001431160978260458
1.1814394762793117
0.0
1.1814389942250527
2.3518930912079946e-05
9.945441867842007
9.70631134053038
6.291147098259632
9.706368952641117
22.852537998307398
46.46865945129551
13.967240810567914
260.91118135159456
0.6342921178858041
0.5636087609582145
1.4653398320771824
0.00020155403112491601
0.0
3.56504890266336
5.88872198053967e-05
3.3385358557348214e-05
0.0005267215667878547
3.527823427016818e-05
0.00014657914843069914
30.15720491413628
0.9307521207176227
9.844722449621908e-10
0.29628079870562224
0.00025289541656734225
0.0014595417802791917
0.00019942879392799879
0.0021887338740844433
0.0
0.00028097290188332637
6.43156303598715e-05
2.5035734952403152e-09
6.812640844528158e-05
0.0005289523011224922
5.943520856449454
2.3501575021034158e-09
2.4808287732318357e-09
1.8100780891456233e-09
8.322664368943458e-05
0.00010744175528171803
0.0010634695009469099
3.031706963282698
0.0003432068611230576
0.0
0.00018943362000874522
4.0904478979098215e-08
0.000213544656511323
0.0001497989349297601
9.428667398279117
0.36996437975448526
1.5597626453907925e-09
0.15288429446431814
7.74963189436439e-05
0.002777186372592634
0.034727671684069115
0.21316481366124218
0.00010087485212864378
0.0005528516262706075
0.0
0.0005169968857775489
0.0001091018098393327
7.312724022657743e-05
1.6804732279623156e-09
1.1799954539241081e-08
1.364539264040213e-09
0.00010249868780087826
5.924066960443938e-05
0.0032611465147110415
2.6447761478041317e-08
0.0009273690747308937
7.566455052653073e-05
0.00046333607907591754
0.0008020890143550497
0.0
5.922017471837906e-05
4.2628620879729464e-05
1.3581618480856772e-09
1.7891620814044353e-08
10.696215341393508
0.00011668783440132804
0.15757923957313036
0.001060539244442998
7.083018017558854e-08
0.6594921117149284
0.00010088506809845183
0.00030554677075339705
6.468644891606725e-05
1.771353026593145e-09
0.0
7.33987476747686e-05
0.6213679429776967
0.00020129052196971422
22.07841970043031
2.6196126581081562e-05
0.0019226521589563092
4.662825244365059e-05
0.0004918240904875464
0.00039502644321023385
6.857017349268001e-05
0.0002823289496756962
6.418868472288981e-05
0.0008693525197871875
6.798406072176796e-05
0.0
2.4822852549506853e-09
2.1023205489026204e-09
2.244706076755355e-09
2.0304642580111224e-09
0.002661353710399871
3.871754253638729e-06
0.0014292719069053572
6.724957570654185e-05
5.467762848936505e-06
0.00010184560568467638
5.157583949878948e-06
6.207676100977308e-05
0.0005519915252580963
4.013942497282389e-06
0.0
0.0008747120324775661
0.6685134460328986
5.8844973520161804e-05
0.0018536464191052525
0.000955447199554874
0.15783433935387722
0.000559689129773734
6.0210985638201476e-05
0.006041890389317739
3.140007357069382e-05
0.00010412068848164484
0.00059085160263706
4.46656133999125e-05
6.807011683345892e-10
0.0
10.525539579223395
0.00011704468400153007
0.0019255591318641783
0.001458641584676939
9.782530245376992e-09
3.329364685882317e-09
2.6928509486606235e-05
4.246386547631672e-05
0.6911042695770888
0.0005037102333758573
1.8628741486628966
2.1192615791012145e-05
1.0958050407740345e-09
0.00031158727058596975
0.0
0.0002511389063794529
0.0015282652020740474
0.004282143756071359
1.6244034699200268e-09
1.4151931740696693e-09
4.799664960200576e-06
7.863770285891201e-06
1.9102544302078426e-05
0.0004551414237091
2.2942361373986777e-05
3.7189092329725557e-06
1.2365100181342821e-09
0.00011158552845087988
0.0011784943374677798
0.0
