1.0712472552849353
12.187948189498158
12.270344669120073
12.12904379550669
12.135959012969224
0.45467588732697817
0.0
25.897944328628718
44.0574286476593
44.06673453776437
46.05369432012808
44.830995403740936
26.49065988142262
0.0
40.82949327415588
94.35278470986597
93.25206306674463
100.00000000000001
99.99999999999999
44.740309672993604
1.0101384956080792
49.28899620446302
99.45003061650621
100.00000000000001
100.00000000000001
100.0
58.317644505183246
2.844599092440051
52.11592748850618
88.90057276993167
90.13259288572439
100.00000000000001
100.0
61.54362323932387
3.368096352816377
0.0
0.38748567461085115
0.38748567461085115
0.18623750036465417
2.101486936615151
4.202973873230302
0.6594172172692296
0.0
0.0
0.0
0.0
0.0
0.0
0.0
0.0
12.187948189498156
12.270344669120075
12.129043795506691
12.135959012969218
23.992226838203145
0.0
44.057428647659314
44.066734537764376
46.05369432012809
44.83099540374094
63.904822020363916
0.9065154678526886
52.2493556870429
51.14863404392147
76.787400422144
73.26700432568308
98.47236578279015
0.0
57.992382242768166
54.72085448861091
75.17476882635225
83.82447716783423
100.0
2.1160824834075505
33.28639406766546
34.51841418345813
19.754625144408262
45.02425976045537
100.0
0.04558500910694384
3.273940697015801
3.2739406970158
3.072692522769603
4.987941959020101
52.033638971423876
0.0
0.0
0.0
0.0
0.0
0.0
0.0
0.0005313633037438308
0.0002656816518719154
0.0002656816518719154
0.009041614922706184
0.0
0.0
3.9625978966844144
0.004300093353615445
0.0
0.21685693103640236
1.5179994095857265
8.645860156475061
8.645860156475061
3.6067160452443203
0.05382117814445668
0.0
0.0
0.0
2.665341655190857
2.6653416551908573
4.443282006155036
0.0668727973180648
2.3211586752288595
2.321158675228858
0.25063583369691556
2.590787124148623
2.5907871241486227
1.9460341881161132
0.2634912234720374
6.734626188121994
6.351232023518191
1.4040071575753572
1.195185725984924
0.895208593521511
0.5165837881288734
0.05881372426042493
1.9996700639149205
6.074687450281745
4.075017386366821
0.9283438086195241
0.33757933488107117
0.08439476145881136
0.12994918782468085
3.97935761932609
3.97935761932609
0.43891402171750604
0.17556560854139355
0.0
0.0
2.5039167996838216
5.295435742783743
3.426228157665016
1.8666265335728607
5.2924020441140724
3.6332368149777103
0.0
19.46382271347646
50.275192111780136
31.895890190314336
21.66809669929542
51.256676243477386
33.461645919630115
0.0
52.33697849902187
69.66332363377181
74.09872569444106
56.063047878103625
44.95933248162287
42.42730191708748
1.0101384956080792
61.52507541080712
85.88646631407245
99.99999999999999
71.37061889768886
62.37650892868368
58.31764450518325
2.844599092440051
57.8981638256436
61.38428498343232
63.57702141317044
74.41592490562533
67.0858856923785
61.543623239323864
3.368096352816377
2.4128344053102486
0.0
0.21403336489600916
0.3724747117478239
0.0
0.0
0.6594172172692296
1.0580412417037752
0.0
0.0
0.0
0.0
0.0
0.0
0.00258360887024705
0.01131047396199239
0.0250505218304019
0.008244069498799758
0.002747294855242148
2.2014432838927296
0.00258360887024705
0.21685693103640236
1.5179994095857265
3.668096617156735
1.222698817537247
2.2014432439398783
0.0892290893345551
0.0
0.0
0.0
0.0
2.0304476017888957
0.0
22.41221939687155
0.0
0.443996473206169
0.443996473206169
0.5518089978075529
0.0
0.0
0.2582918940644367
5.482291414820541
2.0327597120914147
0.677586547223656
0.0
0.4979555129231039
0.6121067384992465
1.0949729196797529
0.7667883292076016
0.7667883292076016
0.0
0.0
0.0
0.0
0.0
0.0
0.0
0.0
0.0002656816518719154
0.0002656816518719154
0.0002656816518719154
2.100832740394815
2.1008327403948184
0.0
0.004300093353615445
0.146435986595892
0.1464359865958919
0.0
4.103776718720573
4.103776718720573
1.5179994095857268
0.05382117814445668
1.925602022796288
1.9256020227962871
0.41005247296098013
1.9961702570318502
1.9961702570318502
0.0
0.0668727973180648
0.0
0.04473828312235348
0.7966457906341758
2.5053807839369924
2.4128344053102486
0.0
0.2634912234720374
2.2240746081092837
2.224074608109283
1.5291094281147215
7.947421969775396
2.0836334355981214
0.0
0.05881372426042493
0.0
0.0
0.0
0.9283437911501995
0.33757940276789317
0.08439476145881136
0.12994918782468085
0.43891402171750593
0.43891402171750604
0.43891402171750604
0.17556551335369117
0.0
0.0
