0.0
0.00046003042216385433
0.0018353464649439224
1.6375516895261124e-07
2.0868675779366422e-08
1.3492410659363762e-05
7.185669135241127e-06
8.691517449808372e-06
7.626387014151726e-06
0.7899241374074766
2.109991450901794e-08
6.499673369968177e-06
2.563488326872155e-09
4.1192631718495995e-06
2.0221795251362096
0.0
2.0221543336717036
4.15601960898581
1.6790013094518044
0.5892036380091703
1.0791964269819996
1.7635507983119636
0.42294362221567083
3.315561252571693
274.94903982161753
9.356668804971793
91.15204557251742
1.0791525217136124
0.00017198468921200653
1.0568186677896672
0.0
0.925843106506047
2.794425480316928e-05
10.205687274420569
8.200588488093587
5.772089793409488
8.782582135486452
23.543349814164756
89.21197170499993
10.11454722592267
224.91791442470182
1.648929419349874
0.5438256392900113
1.2334398584416626
0.00023813656888969367
0.0
3.5879373032755986
6.982053334029472e-05
3.973590271958816e-05
0.4526517673486123
0.03279960802136292
0.0001639828731428405
28.859292931023504
3.270199113733919e-09
1.6315136698154857e-09
2.2899344952550074e-09
0.00019684732745882437
0.003018802732070879
0.0002364985911835999
0.1075038474586471
0.0
0.0003335138144293862
0.00182326365668665
6.6727049947211135e-09
8.101398307100625e-05
6.568328830489198e-05
1.0237673953544176e-08
7.304606951699636e-09
7.869366332050251e-09
2.0809559037686255e-09
9.824503785101152e-05
0.8761170271963049
0.002093058217162779
3.568577731441742
0.0007868980563799312
0.0
0.0005659199135565486
0.0004623753499435601
0.0005208660762975575
0.00022109818150346103
8.915128815449014
0.00018518574020124224
1.8549861754532576e-09
9.152305876637215e-05
2.1066184090815783e-08
0.005018980823291448
5.847494621201203e-08
0.2687296094705808
0.00012175830964879911
0.0008119626416761167
0.0
0.0006839641604427753
0.00011719247329631985
9.112583512448757e-05
2.7834640194181433e-09
9.679822320409322e-05
1.8180691458936383e-09
0.43078720767512524
3.89547202158376e-08
0.0038212488700382495
2.655425329427823e-08
0.0010881457431022243
6.891104231760739e-05
0.0005736592476659358
0.00094730457909572
0.0
6.673091052682847e-05
5.395217864072297e-05
2.0809816020318303e-09
0.00014940408963254415
7.223366900097895
0.00012798858152727126
0.0011117861116355932
0.0006122071118799564
0.2575203343904917
1.1370083152841182
0.00012053852773587555
0.00040034422000743096
7.685803397055722e-05
2.0535222132529985e-09
0.0
9.145177683412844e-05
1.1995967851953578e-07
0.0002384760385620036
27.006360093369317
0.125682174977585
4.004361900686245
4.185882815950833
0.0002376870627459961
0.0004674932582270961
8.15548847799802e-05
0.0003344544379356379
7.628903592697026e-05
0.0010271335566844268
8.083223262675247e-05
0.0
8.00881955604813e-09
2.018533407282278e-09
1.7297299721677112e-09
2.0157950661934358e-09
0.0031507846519762696
4.591747852301695e-06
0.0016898243997715517
7.95501575016621e-05
6.494509811979822e-06
0.00012105831589849015
6.123681605771049e-06
6.845563861416988e-05
0.0006548939884878126
4.9603068168693335e-06
0.0
0.0010349678326199803
0.45146041127450054
6.568174851101402e-05
0.11824077611307536
0.0011286294905040353
0.0012475344343527196
0.0006621710554213766
7.188111622782643e-05
0.0004015206550189182
3.729764843690059e-05
0.00011236644796135188
0.0006985161851568229
5.522655776307553e-05
1.801533527307242e-09
0.0
7.063425485697287
0.00012849993476754857
0.002124036146552482
0.0017209413151883296
1.2323363709520514e-08
9.252985872116302e-10
3.2223896581449884e-05
4.990707151700402e-05
0.8482502193397454
0.0006014384138300197
2.1033893784848376
2.6037284584881866e-05
6.887144357370119e-09
0.0005820138484555044
0.0
0.0003083612694332334
0.0034467916992536687
0.0033474810923743306
2.0462278185699835e-09
1.0624633010362847e-09
5.741346061440242e-06
9.233290773172163e-06
2.2585878544741044e-05
0.000504431145600402
2.70652775324151e-05
4.577515716480456e-06
8.782123110621773e-09
0.0002851303318809049
0.0013924565728209823
0.0
