1.07123594728237
12.187872801838346
12.269061421965095
12.120689797967234
12.120689797967243
0.48602922148037714
0.0
25.899620989890337
44.07237071921196
44.25071051971249
46.148479622635726
44.86866553161635
26.48577632895915
0.0
39.58047518043053
91.33025840019143
100.0
99.99999999999999
97.66462156916438
40.08675976193084
0.0
54.18569917968129
94.84806099137593
99.99999999999997
100.00000000000001
99.99999999999999
55.67534179534745
1.8407314451136354
47.7784592730697
84.39191707296962
83.82856490981304
100.0
92.80537609804472
65.65488271394986
3.1480872863778613
0.0
1.7502174686772274
1.79392502890889
1.487008303740915
3.6088175000556895
4.626296183489622
0.7710493493250372
0.0
0.0
0.0
0.0
0.0
0.0
0.0
0.0
12.187872801838349
12.269061421965093
12.120689797967229
12.120689797967247
23.99058634732173
0.0
44.07237071921196
44.250710519712506
46.148479622635726
44.868665531616344
63.907262426066794
6.705605199870954
70.9883072458449
60.07231307917053
77.8557408541294
90.42243483124454
98.94602755185181
0.0
70.88330025010643
69.60099628100099
58.609559652511024
77.62701837741457
99.20663125326303
4.874832258647758
36.775909523482625
36.212557360326066
23.38465118424831
27.150493384094833
100.00000000000001
0.20590788744863148
1.7502174686772274
1.7939250289088895
1.4870083037409145
3.608817500055689
40.62570738000596
0.0
0.0
0.0
0.0
0.0
0.0
0.0
0.0
0.0
0.0
0.007219989757237559
0.0
0.0
5.364254792210926
0.06651465619813861
0.06651465619813862
0.14418675238649664
1.0262396834729137
2.078929486252316
2.078929486252316
6.0930631300466995
0.05422077231955446
0.0
0.0
0.030441516092786062
0.0
0.0
3.267844950778883
0.0
0.0
1.6424101374993978
0.5775891574925174
3.3126489886629225
3.3126489886629225
1.2677178210539086
0.4221637157847634
5.983538314484319
5.439631513594529
1.3273140949753162
1.7408458153245678
1.4800957419191112
0.3120629599270228
0.40530851527903505
10.455402420721137
10.50823530188963
3.3779198377571396
1.4457465518310366
0.5257259783964494
0.1314314847272831
0.12887843198694449
3.8268765161321365
3.826876516132134
0.5549899511179408
0.22199597881232447
0.0
0.0
2.503925057603437
5.295253335481246
3.423652702185733
1.8696929230508825
5.20523834001716
3.5880040745832527
0.0
19.463670810703
50.33298112429419
32.458020135486976
21.83944227006136
51.310237052484716
33.42148611558832
0.0
51.82956798265326
70.36138920555037
58.1122964058868
44.657454614051744
39.88538043726775
43.49527892504958
0.0
64.28490621832185
74.63371954085613
65.54513905877164
67.46837378220823
62.56932551496729
55.67534179534747
1.8407314451136354
56.569646386076286
64.70483148935487
75.62110186071224
76.81355130650044
71.88978583218126
65.65488271394986
3.1480872863778613
1.4316454880982286
0.0
0.0
0.49923228290647853
0.11655449644264848
0.0
0.7710493493250372
0.5850942837959409
0.0
0.0
0.0
0.0
0.0
0.0
0.0019771952621065146
0.009448890733382752
0.028738760537833506
0.0115740178916093
0.0038579704347353324
2.9801415517519874
0.008939476069078005
0.031448806538066004
0.44006844015023266
3.839442274088349
1.2798140882461013
3.2793130522300262
0.08694138618191194
0.0
0.0
0.0
0.0
3.27931305705909
0.3175638833891459
18.409118277206183
0.3415249972166542
7.459654730685457
2.447445649973028
1.2082275399993372
0.0
0.0
0.0
0.0
0.0
0.0
0.0
0.5439068008897878
0.5730461768691093
0.5439068008897878
0.5439068008897878
1.0878136017795756
0.0
0.0
0.0
0.0
0.0
0.0
0.0
0.0
0.0
0.0
0.0
2.0720510541993162
2.07205105419932
0.0
0.06651465619813861
0.2230746123929238
0.22307461239292403
0.42787563098171694
3.4236658256411068
3.4236658256411068
0.0
0.05422077231955446
1.926953008060848
1.9269530080608472
0.06088303278282008
3.4895518900006066
3.489551890000607
0.0
0.0
0.0
0.0
0.8852405996154898
2.1142690253561964
2.1142690253561964
0.6826235372579678
0.4221637157847634
3.233673166463064
3.2336731664630665
1.871220895865104
4.289737974851818
0.5850942837959408
0.0
0.40530851527903505
3.3250869565886436
3.325086956588641
3.325086956588642
1.4457465463725074
0.5257259899219839
0.1314314847272831
0.1288784319869445
0.5549899511179408
0.5549899511179408
0.5549899511179408
0.22199595143893006
0.0
0.0
