1.0712434958270138
12.187918794265226
12.269768855415297
12.131123108480704
12.131123108480693
0.45890625557956144
0.0
25.89928685419836
44.069382889867924
44.043225548912915
46.6533497756125
45.07095428970695
26.747463005435026
0.0
38.41094299812871
91.1865187050682
89.5794041464734
100.00000000000003
99.86338385889644
51.817661364593455
1.6572693404573475
47.83676617255543
99.5120488879886
100.0
100.0
100.0
63.62319162958353
3.685560746055984
51.48535658972096
85.72047178550044
85.28080687988205
100.00000000000001
90.28319687469848
62.71793275368985
3.8010325518901347
0.0
1.5795337017026612
1.7434036770618777
1.472109847468364
3.6038514129834267
4.626296274529867
0.7710493751193085
0.0
0.0
0.0
0.0
0.0
0.0
0.0
0.0
12.187918794265226
12.269768855415299
12.1311231084807
12.131123108480692
23.993038494426376
0.0
44.06938288986796
44.04322554891291
46.65334977561249
45.07095428970695
63.90385612271544
2.274554685004596
60.35389735481721
58.746782796222405
71.0672287607273
71.45537677163243
91.14173483284534
0.0
57.05049498867396
54.83297535415417
52.55745367743684
96.11296902575312
96.72464064765867
1.835167597395626
34.585493656804786
34.14582875118635
23.805079226491173
27.56526412100863
66.75368900170696
0.1797745177686089
1.5795337017026612
1.7434036770618773
1.472109847468364
3.6038514129834267
86.62835498198444
0.0
0.0
0.0
0.0
0.0
0.0
0.0
0.00042668741632701624
0.00021334370816350812
0.0006612543667892263
0.008512849083183225
0.0
0.0
0.9533951989853909
0.002752012642080201
0.005504025284160402
0.1161266840012441
0.8900849418193144
6.114468150775489
6.11446815077549
3.29638353414224
0.05431084138137161
0.0
0.0
0.0
3.3846025599705847
3.3846025599705847
3.333660501751335
0.19617773810171152
6.992411699989757
13.226027522327136
0.13059188916543252
4.444252705028063
4.444252705028062
0.9307394838519778
0.26774736057834986
7.01852410341298
6.68890710729824
0.7320811472239857
1.464162294447971
1.464162294447971
0.4880540938896502
0.6488126793232677
12.966862647357301
16.30875930845138
3.990709340417345
1.1807844711402633
0.6488126793232677
0.6488126793232677
0.12887842830465307
3.826876512776748
3.8268765127767495
0.5549899704815273
0.22199598739222917
0.0
0.0
2.5039205383792007
5.2953541573091405
3.4250644116146245
1.8688644239897607
5.291850048808634
3.6113302748952507
0.0
19.463701192381738
50.321933385212134
32.346080993877116
22.74718645675849
51.61899918548778
33.47876174020423
0.0
48.34110579631412
86.76235176818776
70.40373073685284
53.580613775553374
47.87907075841344
46.842249651451404
1.6572693404573475
60.55617610048695
90.25363356792603
99.99999999999999
93.94461284307458
67.2651396900656
63.62319162958353
3.685560746055984
56.30117236722574
59.53153134045987
77.33024600949885
71.0223822552061
64.44028650321303
62.71793275368984
3.8010325518901347
1.6040919810024215
0.0
0.22484096586628624
0.5476495224049559
0.1848363809865379
0.0
0.7710493751193085
0.0
0.0
0.0
0.0
0.0
0.0
0.0
0.0004479106586257182
0.01201962852118514
0.026712869964896795
0.00734665743642779
0.0
0.672489438893105
0.0
0.027175021622802102
0.3685403749860363
4.74718645870545
1.5823954856384903
3.2142291168024104
0.09013487131776982
0.0
0.0
0.0
0.0
1.7295685230894176
0.0
25.717122507335198
0.0
0.15271118002015677
0.15271118002015677
0.879329809675652
0.0
0.0
0.0
3.9221863810087587
1.454293825441629
0.48476460460739423
0.0
0.5537949520152591
0.7036889293943246
1.0289070722569056
0.6592339922294832
0.6592339922294832
0.0
0.0
0.0
0.0
0.0
0.0
0.0
0.0
0.00021334370816350812
0.00021334370816350812
0.00021334370816350812
2.0778345422179925
2.077834542217991
0.0
0.002752012642080201
0.1466134221389632
0.14661342213896328
0.0
0.0
0.0
0.0
0.05431084138137161
1.9237665857330244
1.9237665857330244
0.5207080732627544
0.0
0.0
0.0
0.19617773810171152
0.0
0.2374782601410718
0.6292539276127253
3.1772305034976007
3.1772305034976007
0.6253171238116639
0.26774736057834986
2.0848860954934807
2.08488609549348
1.0616981433387271
5.964285460990302
1.7128206192207256
0.0
0.6488126793232677
0.6488126793232677
0.6488126793232677
0.6488126793232677
1.097168591124302
0.6488126793232677
0.6488126793232677
0.1288784283046531
0.5549899704815274
0.5549899704815273
0.5549899704815273
0.2219959789332383
0.0
0.0
