0.0
6.14524647001021e-09
1.1660818850804561e-09
3.0341583881266202e-09
1.5802214924262758e-09
1.5428833751216747e-09
1.0524256584105228e-09
1.3522847092139297e-09
1.5785828989518555e-09
0.7866033427577238
1.1002567884750335e-09
1.5802211901635045e-09
1.8715982976355873e-09
1.4424759592401188e-09
4.755130485462142
0.0
3.6535559057612255
15.998260381942414
2.7549491174440353
2.5445292664722743
27.382936821582675
34.13418523906544
6.109323416130053
5.563568147167656e-10
207.75184967199877
18.875367171821853
49.00655202443365
12.7683797090185
3.2359084994473224e-09
3.6718570198893503
0.0
3.393357059923309
0.18878408193065963
8.250791327687306
3.6079527010683408
7.737577066701073
5.868658298850113
66.53965625921624
44.473545262981204
13.249205324688088
194.10174895794103
1.1523135682088562e-08
2.2044036878217978e-09
0.7656969907035189
1.1519594814333993e-09
0.0
3.6820907167076613
4.5825288708348244e-08
8.934827890769969e-08
6.453516952732866
0.6322843810831028
2.8740612194703673e-10
32.678540866465994
0.18720340627524754
59.21322801086333
9.902435655694578e-09
3.6907416791629566e-09
0.0008980404284623903
4.094364620503222e-09
0.5012163426435924
0.0
6.060954580144484e-08
1.6261954116017198e-07
0.09686529884517944
0.05501017060333614
3.3039036416044265e-10
0.09797630813260727
0.050181691786125776
0.09094596052116777
1.0995838750347173e-08
2.9257100798767283e-09
2.9689349647011105
0.7128057331942225
0.1564948781491627
8.585237457496496e-05
0.0
2.3681870245242118e-07
0.024829662899337898
1.492244514911589e-07
2.179297647018377e-10
0.024850096179014847
0.006417863519561116
5.412008973820829
7.723968028339568e-09
6.764024924004455e-10
0.7124343628617905
4.899274016384965e-09
1.3677930780308295e-09
1.3332526958980884e-09
1.163506501319179e-08
0.0
6.279212839859858e-10
7.854137902216286e-10
2.1398301306975363e-10
1.3501631071279063e-09
1.3702955063222766e-09
43.092079953181894
1.5665718539010758e-08
1.032396487372755e-09
2.7533543943375934e-08
2.4011402883186198e-08
7.228773628847019e-09
1.985746898576026e-09
6.401401415528994e-05
6.97962074145525e-08
0.0
1.109825360395008e-09
2.3782413336342753e-10
1.5649817559354354e-09
1.626485717017041e-09
10.023075905183246
1.7552879518374346e-08
3.3891531230451557e-09
0.9550156625964995
0.07743167169991688
1.7039487477157198e-09
1.2277970278524186e-07
6.276174356284137e-08
1.6884924633538163
0.15027690126412252
0.0
2.2849211324031083e-10
1.788804381461456e-08
1.795279907079819e-08
1.7974180724599563e-08
5.941039757513576e-09
0.24153589818199345
0.5486779172524798
4.068482692849914e-09
9.148181302627205e-10
0.04975753150906326
6.057855858473313e-08
1.619288665843622e-07
0.10192125280463844
0.04738311175700961
0.0
20.901444930393456
0.04496291694503525
0.09153152728143865
1.1137202116001687e-08
1.0755072195500553e-09
3.8179982963774784e-07
9.295098482132315e-09
8.588841992835203e-10
7.338885994585574e-08
6.945557382320435e-09
1.2873913165093746e-07
1.0600242727310364e-08
0.00019990846274513206
2.3080045408658212e-10
0.0
0.0005109506762588775
0.6220395052461728
1.3689219948189281e-08
1.6139254400080662e-09
2.6138967874701285e-07
1.3306505546661152e-08
1.0465119685285398e-09
6.203348114686346e-08
2.458624727062145e-08
0.5779943822842472
0.0041973033698129904
3.0456825359549634e-05
1.6897088564797883e-10
29.547130584010603
0.0
8.535909254895369
1.6414469962440817e-08
6.348922352472968e-10
0.16518924582263972
6.217664802802624e-09
1.438083020198976e-09
1.1728678711081128e-09
6.181785489494753e-09
3.4866432676077155
0.00016999518617068414
0.00013346027183747377
1.480012640284897e-10
12.30611747340845
0.00017000973596081992
0.0
0.00016315072804851696
5.933058285586911e-10
0.008870263690937342
6.136101588311095e-09
6.136542452433911e-10
1.0611918702576452e-09
5.416713773015988e-09
0.2764564183135298
2.415422479694169e-05
1.9600721956968724e-05
1.5525999298733421e-10
1.6035002245637806e-08
2.4168764919489013e-05
0.0005329798044682061
0.0
