1.0712459179794847
12.187940127639983
12.270228504265592
12.129133829217947
12.135952029115128
0.4547454154119541
0.0
25.898205156892267
44.05972755076829
44.095004568885265
46.08082340680402
44.84168158243863
26.472495401347746
0.0
42.24375756580545
87.10721155696592
100.0
99.99999999999997
100.00000000000001
40.36826384934354
0.0
49.28546649608881
100.0
100.0
100.00000000000001
100.0
58.89623042165716
2.5356121914080196
48.32097611493537
86.01170618616614
85.63037612909979
100.00000000000004
93.35926979928333
67.27525706943077
3.4672380070979334
0.11339900592286291
1.9100692477125207
1.9100692477125207
1.536297305505246
3.6252471070899315
4.626296108342768
0.771049329212776
0.0
0.0
0.0
0.0
0.0
0.0
0.0
0.0
12.187940127639983
12.270228504265592
12.129133829217947
12.13595202911513
23.99222715758189
0.0
44.05972755076828
44.09500456888525
46.080823406804015
44.84168158243863
63.906476559586324
0.0
88.07513080505517
73.14631047053301
78.08236144055685
75.06457574760573
96.31049960016679
0.0
54.820793309217514
52.806117006911755
58.16196544740404
69.88608735511019
99.99999999999999
4.651595947898724
39.65209456363726
39.270764506570885
23.504196377955132
26.084012729852557
100.0
0.11339833790038756
1.9100692477125207
1.910069247712521
1.536297305505246
3.6252471070899315
35.945362593106125
0.0
0.0
0.0
0.0
0.0
0.0
0.0
0.0005069771421640708
0.0002534885710820354
0.0002534885710820354
0.008907928145679525
0.0
0.0
3.664857383619119
0.004297419639711867
0.0
0.19099359416775827
1.33695581881264
7.3609669807053955
7.360966980705396
2.8562179494686215
0.053859797043105465
0.0
0.0
0.20205994362081808
3.839139318440732
3.8391393184407328
3.4693270496607727
0.0
9.938224477618489
16.29202369799401
0.12049069954126711
1.1936203324461059
1.1936203324461059
1.0042807453892069
0.1781718097768483
3.9061647030688222
3.6335489957524856
0.8603724276181844
1.2625883168115088
0.6679548021101585
0.13177962532132656
0.4386037627931589
11.348089054960361
11.348089054960347
3.5241840349068547
1.5202362246692034
0.5528131043792356
0.13820325845523465
0.1288784333354764
3.8268765190747493
3.8268765190747525
0.554989935085778
0.2219959726716602
0.0
0.0
2.5039175377088387
5.295419496025301
3.425997791529551
1.8668434498552313
5.292485745090839
3.63323639554845
0.0
19.46379937133511
50.28415604073385
31.98234276910729
21.717425437093542
51.27027213085965
33.43398118747051
0.0
52.91152651165229
69.05738814638256
73.661568922941
54.79575057147888
43.04306112667125
42.48517120646721
0.0
61.457145991611824
84.80089994347325
89.92603506778686
73.39970505249627
64.89755920788464
58.89623042165715
2.5356121914080196
53.56431536117134
69.27187351383567
64.75722491614903
78.69731188698799
72.89214208003398
67.27525706943077
3.467238007097934
1.4905142865557237
0.0
0.2421291542877313
0.675193738617673
0.2267973438232504
0.0
0.771049329212776
0.5930876845088582
0.0
0.0
0.0
0.0
0.0
0.0
0.0025817737278690856
0.011291122869867772
0.025364993139264116
0.008444491847530093
0.002814247898203369
2.0360318862354965
0.0025817737278690856
0.19099359416775827
1.33695581881264
3.7174253737711584
1.2391417504557813
2.0360317854034484
0.08767796512107641
0.0
0.0
0.0
0.0
2.014676297851011
0.21899038547964317
0.0
0.0
0.2055965304401743
0.20559653044017429
0.8805997767171388
0.0
0.0
0.0
2.2923147222560467
0.8596179327004179
0.28653925506354194
0.0
0.2726157073163349
0.43403521578641
0.6761643700741413
0.3162600246839362
0.5452314146326698
0.0
0.0
0.0
0.0
0.0
0.0
0.0
0.0
0.0002534885710820354
0.0002534885710820354
0.0002534885710820354
2.096432860774075
2.096432860774075
0.0
0.004297419639711867
0.14643578195964282
0.1464357819596428
0.0
3.9128101012177217
3.9128101012177217
1.33695581881264
0.053859797043105465
1.926984325266472
1.9269843252664711
0.40411988541497756
0.4623940757609528
0.4623940757609528
0.0
0.0
0.0
0.0
0.3614721014859159
3.501822871087464
1.4905142865557237
0.0
0.17817180977684832
2.298185830844509
2.298185830844507
1.1329881349345194
5.290243990189408
0.7110273547050366
0.0
0.43860376279315905
3.5644385019644234
3.5644385019644256
3.5241840349068547
1.5202362173710449
0.552813126984583
0.13820325845523462
0.1288784333354764
0.5549899350857781
0.554989935085778
0.554989935085778
0.2219959274527693
0.0
0.0
