0.0
0.00029937207955347883
0.0011941734224796496
0.0012710205326893552
9.644702430278755e-09
8.71966328564149e-06
4.658926029483576e-06
5.637449427855383e-06
4.945379734461053e-06
3.9820659627350395e-06
2.0006989529612123e-09
4.2167694225069325e-06
4.4681340116864194e-10
2.6795605016492934e-06
1.826012042590644
0.0
1.8259923042343353
3.4707118520669074
0.9131055539195787
0.6543517836840037
1.0511943717551173
1.8720786068345272
1.0512292586657002
2.486444171133557
333.53744086472364
2.6938705896981606e-05
46.97384496198096
1.0865101575460463
0.00011192488030593415
0.690177582110457
0.0
0.6901774564903204
0.43862290068144283
8.802000093406301
9.24026406560724
3.738344472336518
5.909466956063911
20.45598792796294
54.33066551824028
19.836489223534127
264.10939649773405
1.814338614627049
0.8664845879371768
1.7307239086030972
0.0002131349038018996
0.0
5.507768748504294
4.5408960607054624e-05
2.58469342847847e-05
0.030109151487884983
4.326323379253443
0.0001067220428157688
10.663167612423031
9.375481641062902e-10
2.696347422112272
1.2220863407247973e-09
0.00012817495116352224
0.002081059327569131
0.00014655751393728456
0.18823777893169275
0.0
0.0002164689987010735
4.973336394531483e-05
3.651609181759925e-10
5.268527444985523e-05
4.269097983139822e-05
2.7338900653230696e-09
3.033077551404001e-10
2.179491328111855e-08
6.3166710323552794e-09
6.397707838475157e-05
0.00022193809396342005
0.0013614830079460936
3.9362598650715075
0.0005267031486342129
0.0
0.0003680540327504478
0.0003007149389063468
0.0003389559286850467
0.00014384111899629927
5.151305790781537
0.00012043205525691432
1.2477092186322832e-09
5.958869822613965e-05
6.872806313448648e-09
0.004408466325097513
1.1315561999133829e-08
6.776136962937863e-10
7.909477332433619e-05
0.0006677175339552118
0.0
0.00048027990379029446
7.602605370547146e-05
5.923232667899653e-05
7.988412758035796e-10
6.301565092614387e-05
1.0789792570102706e-09
7.042432197976319e-05
1.182760008962159e-08
0.002153408890848052
8.58846964398334e-09
0.0007082043509489389
4.474067149145534e-05
0.00033152597498148286
0.0006163948369147946
0.0
0.10844823116009564
3.505769064688803e-05
6.244449663439185e-10
9.72701595586593e-05
10.988074085158587
8.33202977002734e-05
0.0007384054382827366
0.0003983544126802202
1.2483607995771966
1.7171404697312558
7.83539060558907e-05
0.00023868161735606983
4.9970829821576285e-05
1.2569330505671019e-09
0.0
5.9442939895376715e-05
4.158442385609119e-08
0.0001549649935012543
19.174970918096438
0.7034383439366609
0.0011190214761871574
3.601399317567104e-05
0.00014780876336988418
0.00030405409577306374
5.304188997009672e-05
0.00021704768938012975
0.0014097194279394669
0.0006699888504175946
5.257137681570865e-05
0.0
1.2990402835722616
1.8370042609693957e-08
3.1355388715747486e-10
6.379321082478938e-09
0.0020331865046213826
2.9873981999161973e-06
0.0010997657043881062
5.1765529859859754e-05
4.222998246546946e-06
7.87615873397519e-05
3.984234830256421e-06
4.377825688139558e-05
0.0004532142719464559
3.220415591462166e-06
0.0
0.0006728822961798085
0.6699327406329565
4.2765467092200755e-05
0.09972458805636908
0.0007370578002902535
0.0008115553846921124
0.0004309201316131005
4.671084581318211e-05
0.00025680727481277297
2.425169869168749e-05
7.156321954731302e-05
0.00040180376495748126
3.587992780305605e-05
3.458441707625472e-09
0.0
10.953181556489389
8.365656755392074e-05
0.0022037940361074528
0.0011199382551245448
4.1284652095257565e-09
3.500264686862679e-10
2.092600378881979e-05
3.244460177876118e-05
6.946299251547037e-05
0.0003846927342337432
1.444428531031848
1.6916766965236592e-05
5.575867290950159e-10
0.00037835850599029445
0.0
0.00020049896504928367
0.002244682582073959
0.0021786769461593553
6.880625930091527e-10
3.5518238979093915e-10
3.7253526309019366e-06
6.003110747070724e-06
1.4698508886929848e-05
0.0003245268487914936
1.7613051066513593e-05
2.9730452912974405e-06
6.301835192670578e-10
0.00018584276836389852
0.0009059335864921
0.0
