0.0
0.0002992915449335846
0.0011938518290786865
0.0012706782251356611
9.642860850136905e-09
8.71731845287245e-06
4.657676934420985e-06
5.635937588639437e-06
4.944053946225879e-06
3.980998858140826e-06
2.002972571221762e-09
4.215630323994328e-06
4.4657683694964484e-10
2.678840931480203e-06
1.8260546213528435
0.0
1.826034888190771
3.470330648837791
0.9131268164698263
0.6541104222228044
1.0508095772851542
1.871856609744901
1.0508443479281968
2.4860161168106356
333.54819621517305
2.6931451343155826e-05
46.97000117452233
1.086464032603398
0.00011189489589038003
0.6901856472448035
0.0
0.6901855215340879
0.43842643863480024
8.801704182551184
9.238866522791666
3.737421952136307
5.908499900173157
20.455820365398555
54.328053917280926
19.837982144523888
264.1142907190648
1.8143082951317127
0.8664587142924558
1.730672765942767
0.00021307777477784983
0.0
5.50760577157552
4.539676980388399e-05
2.584001004323651e-05
0.030064090620689175
4.326195653631387
0.00010669335683234455
10.661737400329871
9.37224868374849e-10
2.6966439390064108
1.2216568398061015e-09
0.00012814058519152377
0.002080497814755928
0.00014651831944116712
0.18816971682084196
0.0
0.00021641102650386406
4.972003090642944e-05
3.649375564438489e-10
5.267114838652021e-05
4.26795353244181e-05
2.7339558678381018e-09
3.0313294551832104e-10
2.1800225381439423e-08
6.316556251251711e-09
6.395993210512804e-05
0.00022187834933708924
0.0013611163941197417
3.936431033565818
0.0005265606074386293
0.0
0.00036795475236556447
0.00030063415253356714
0.0003388638578640833
0.00014380246746794175
5.146902155202542
0.00012039943605577868
1.2473302622444562e-09
5.957267334286663e-05
6.869838447539772e-09
0.0044072777378743825
1.1308426248175114e-08
6.773642381313651e-10
7.907357690257686e-05
0.0006675381047114913
0.0
0.000480151356482986
7.600565575278538e-05
5.921644666128207e-05
7.987934315513883e-10
6.299875007469845e-05
1.078432081142263e-09
7.040543606880772e-05
1.181826790210959e-08
0.0021528289006869745
8.58323831501578e-09
0.0007080134931848928
4.472867907435054e-05
0.0003314368855648435
0.0006162291033095495
0.0
0.10848738110127144
3.5048294678284704e-05
6.244937664774346e-10
9.724407224724433e-05
10.98691877486511
8.329794936664797e-05
0.0007382065168119059
0.00039824711892651177
1.248138657182746
1.717301118182154
7.833290576718015e-05
0.0002386175012992787
4.995742874666561e-05
1.2564992908138989e-09
0.0
5.94270035276237e-05
4.1558700348340095e-08
0.0001549234017813236
19.17772656514692
0.7034547879256253
0.0011187199500377776
3.6004341903046744e-05
0.00014776913880496079
0.00030397242437330907
5.302767148040022e-05
0.00021698957089934083
0.0014093417097617725
0.0006698082250562391
5.255728179550719e-05
0.0
1.2987054494571377
1.8301522327658298e-08
3.13373602519287e-10
6.379268306787686e-09
0.002032638589196491
2.9865969413013825e-06
0.0010994694439927567
5.1751587885135314e-05
4.221865219266695e-06
7.87404611229664e-05
3.983166443849668e-06
4.376651584206458e-05
0.0004530929083968269
3.219552236335314e-06
0.0
0.000672701370653259
0.6698517785068518
4.2753996232990134e-05
0.09964300692359986
0.000736859363662062
0.000811336946148541
0.0004308040198541552
4.66983235704262e-05
0.0002567382620961137
2.4245194453055792e-05
7.154402221140233e-05
0.0004016956717267518
3.5870310215561125e-05
3.465593022699144e-09
0.0
10.952149695988757
8.3634127148856e-05
0.002203200550909997
0.0011196365312081738
4.125860076057656e-09
3.4987610182042216e-10
2.0920398633388753e-05
3.243590732891762e-05
6.94443343834128e-05
0.00038458931791877026
1.4444247281338334
1.691223464165075e-05
5.576813292723289e-10
0.0003782568616087339
0.0
0.00020044509007279644
0.00224407794250827
0.0021780902998818972
6.876285023242642e-10
3.5503035778437017e-10
3.7243539909154165e-06
6.001498973423955e-06
1.4694549512066875e-05
0.00032443923488380884
1.7608304650938054e-05
2.972248540816026e-06
6.302933631745094e-10
0.00018579291063676657
0.0009056900310224037
0.0
