1.0712384561493424
12.187889260362086
12.26933390559529
12.121183159245891
12.121183159245886
0.4586761079785889
0.0
25.89948982406013
44.07120222118969
44.236325119302414
46.09980918525063
44.84994164853731
26.59684549069575
0.0
42.36142984684023
99.25579681632212
98.3278737274174
100.00000000000001
99.99999999999994
51.20512663439691
1.3694132100357934
53.75784225455974
96.30468694768473
99.99999999999999
100.00000000000001
98.69160298818184
60.74384456387363
4.1190338240456335
52.712562383390654
90.29026902348855
90.66929986872286
100.0
100.0
74.63613441208183
3.9614188954226255
0.0
1.8802745236772915
1.8802745236772913
1.5040490222045153
3.6144974753197285
4.626295812791379
0.7710492452234392
0.0
0.0
0.0
0.0
0.0
0.0
0.0
0.0
12.187889260362086
12.269333905595289
12.121183159245891
12.121183159245893
23.989701563151456
0.0
44.07120222118969
44.236325119302414
46.09980918525063
44.84994164853731
63.89981899678682
0.0
56.37541896709584
56.54505982047621
72.74197799775732
80.27241742239899
99.83554710416043
0.0
66.7569954815775
70.00071198231878
65.64522285109388
100.0
96.5634309143245
0.0
37.738611455525024
38.11764230075931
16.060898653819585
64.33066393039174
90.42462601039101
0.20939379137746078
1.8802745236772913
1.8802745236772913
1.504049022204515
3.614497475319728
75.66440850648219
0.0
0.0
0.0
0.0
0.0
0.0
0.0
0.0003951894541609246
0.0001975947270804623
0.0001975947270804623
0.007785495416199238
0.0
0.0
1.3649079029036217
0.06416739125294338
0.06416739125294338
0.1479703739076546
1.5481496059788489
2.6098140903423013
2.6098140903423004
3.0888076915711054
0.053880065107287343
0.0
0.0
0.0
0.0
0.00024277248922732888
3.0612932159625985
0.16070435599372263
5.381006269660354
5.445354012645052
0.38997384692875225
0.24740142615180516
0.24715863265743188
0.08238607762837422
0.16147918272425668
3.43441220213864
3.108449968132888
0.7684920456704738
1.0636128960358087
0.6686878104162598
0.2216824563899532
0.21710298738434072
2.6539344632090422
4.799930297493535
3.7389422955799083
1.1500151674373171
0.41818709187782477
0.10454669627592647
0.12887845081140306
3.826876528569037
3.826876528569038
0.554989863406075
0.22199594366711844
0.0
0.0
2.5039232951571515
5.295289308700899
3.4241949385659254
1.8695553857991174
5.214353394266403
3.620172147128106
0.0
19.46368270849502
50.32846410891147
32.414068264195635
21.74960182665452
51.29278452888147
33.54563020903541
0.0
52.95933089055126
68.5465310077531
63.79201313930234
54.16593401706535
50.99512165130097
50.99512165130097
1.3694132100357939
63.18223402073921
79.17701787923595
69.83172329410543
68.95892056314021
67.64182862952705
65.70157522141795
4.1190338240456335
57.037196324905565
62.20906332449716
60.18420145684165
88.48946257440716
82.50038552518345
69.67840375453751
3.961418895422626
1.0256720141958617
0.057987300977019214
0.15446554693283707
0.6147925305150395
0.20939379137746061
0.0
0.7710492452234391
0.0
0.0
0.0
0.0
0.0
0.0
0.0
0.0021630869332743274
0.008609705884406443
0.027723855307542792
0.011468792042957256
0.0038222394832540846
0.7582821843997799
0.009773622185320567
0.04396646238644038
0.5753104423820928
3.7496010580042602
1.2498667374094294
2.035621168710824
0.09391928943949633
0.0
0.0
0.0
0.0
2.0356212191382337
0.0
25.42449058763048
0.0
0.00024272879821592684
0.0
0.7528686588160777
0.0
0.0
0.0
7.690531189855251
1.7044156949995033
0.5681380137599329
0.0
0.3259622340057537
0.42893932939336815
0.583404876326205
0.6519244680115074
0.6519244680115074
0.0
0.0
0.0
0.0
0.0
0.0
0.0
0.0
0.0001975947270804623
0.0001975947270804623
0.0001975947270804623
2.074955903760477
2.0749559037604746
0.0
0.06416739125294338
0.21741985839143815
0.21741985839143807
0.3608318434186857
3.763207690022478
3.763207690022478
0.5753104423820928
0.053880065107287343
1.9210693617886596
1.9210693617886598
0.06396707642866722
1.0490767542652977
1.0490767542652977
0.0
0.16070435599372263
0.32562610394405317
0.3256261039440533
0.3256261039440533
0.9676847132188425
0.9676847132188425
0.0
0.16147918272425674
2.055877499092556
2.0595176962826742
1.0980944768663425
2.411217848208577
1.5109303286990472
0.0
0.2171029873843407
4.727564260533073
4.727564260533073
1.5929464612954098
1.1500151007833326
0.41818715521446576
0.10454669627592648
0.12887845081140303
0.5549898634060747
0.554989863406075
0.554989863406075
0.22199581377560262
0.0
0.0
