0.0
0.0004872764946015578
0.0019411549452728978
6.264580182490705e-08
1.2624885780077374e-08
1.4582856614114354e-05
7.610258522396343e-06
9.20075355128846e-06
8.0722881536521e-06
6.4562260111463755e-06
11.902237598106304
7.012398116886322e-06
0.7608179700583106
0.369509231514931
3.0120679005304645
0.0
3.577491447828853
5.055696839173235
3.024737295472585
3.0281563243628686
3.314905491533535
4.853874161659431
3.312900611782437
4.65658702005231
256.1469436557783
2.522076295498252
99.61688280367974
0.5434156218985327
0.39523267147847346
1.8201293871223603
0.0
1.8201133407627392
0.8154139592942253
10.01649271339581
7.826747042363746
7.87551883396666
7.828755650720383
20.615877178648173
81.61594850865634
17.671695765814896
213.35757285588022
1.4225658379351207
0.6673879871803186
1.7256296597346006
1.1999832991590552e-08
0.0
4.317953529430555
7.931623554778637e-05
4.2205440308968966e-05
0.0007028697990153839
4.466721237366543e-05
0.00017425492062740018
28.576194122887358
1.4260450636904795e-09
2.0955054774837563e-09
2.351578548673924e-09
0.00019754824743549362
0.002163294869631704
1.343251555413037e-08
0.00478966949710816
0.0
0.0003516790548804086
0.0006723326593051935
9.494293478105186e-10
8.605806313005165e-05
6.958948553867089e-05
9.756116584701733
9.149749435842134e-10
2.581318716015011e-09
2.413794671077084e-09
0.00010058448425825811
1.4571311615101807
0.0022208519250875047
2.8938504314696867
0.0006540640955024625
0.0
0.0005943764969217869
0.0004990106641853571
0.0005430601649255639
0.00023386794353744722
11.916918714743964
0.00019607997554222604
2.755765352470928e-09
9.735632856471634e-05
9.37965955746399e-09
0.005934407601524996
8.493901601119011e-08
8.198301826389157e-10
0.00012216028664595172
0.000977578163536818
0.0
0.0007834743574373687
0.000123971214105388
9.685198137942022e-05
1.1428137801331661e-09
9.813836196443877e-05
3.3694955378302784e-09
0.12519235757413555
1.1346744401730925e-08
0.002298771629312922
5.90149999374431e-09
0.0011547572351539859
6.979868222880954e-05
0.0003224522699691823
0.0006285759377931165
0.0
7.06946522381073e-05
5.734443514379212e-05
5.906948825952235
0.00015158764240578814
8.763774879448773
0.00013609844858510702
0.0011780805341172883
0.0012802904646172044
0.7219202760318831
0.11539383404791367
0.00012534658567376424
0.0005016964742965928
8.452478067661372e-05
2.249397929775254e-09
0.0
9.718023973998569e-05
0.0006892761674253416
0.0003870837236491636
26.212507273093692
0.19390081868879036
0.00250372420049304
5.8871343786257545e-05
1.429332763098916e-08
0.0004951815771167147
8.658446009017784e-05
0.00035244189726924805
8.09759164541803e-05
0.001146723457392012
8.586800165479534e-05
0.0
4.692830610608879e-09
2.8461966604726816e-09
2.7296842674554756e-09
2.6794388667279938e-09
0.003337005939403193
4.8713152905603195e-06
0.0017894706690989369
8.425147044953513e-05
6.8727936466150074e-06
0.00012782089343830699
6.480090211124114e-06
7.150957544033629e-05
0.0006939517518452041
5.268819685452272e-06
0.0
0.0010959109927883882
0.5477359100999138
6.97959426491289e-05
0.0023314904546503108
0.9857954583876051
0.0013214621740824798
0.0007014474650547947
7.456132747290885e-05
0.0004278529530905472
1.74097072478509
0.00011698216364563028
0.0007390873388050011
5.8693208935386565e-05
6.684631056858823
0.0
5.854340579806635
0.00013663365347128242
0.0021462167490423293
0.0018232084219059956
1.4098037390049476e-09
0.10539783757347454
3.2847637339380516e-05
5.290529557296282e-05
0.0001130712254910143
0.000623964758607991
2.524172406119866
2.7663379662710988e-05
2.0884307630562132e-09
0.0005893814341052055
0.0
0.0005314448236136831
0.003659330519326886
0.003545242785142644
2.3497321923289414e-10
6.724899418526052e-10
5.834886527037928e-06
9.791263645353978e-06
2.392612400879003e-05
0.0005301223269437642
2.8695849463730052e-05
4.8632402704117165e-06
2.3377314457112972e-09
0.00029089912395461253
0.0014746809608503708
0.0
