1.0712362783293978
12.18787513398691
12.269102328663868
12.124378602023661
12.124378602023665
0.485214327038361
0.0
25.89928786381118
44.069395782290194
44.043239298235214
46.65227387526681
45.06961330608087
26.587369472382232
0.0
40.98596731511527
96.35627227930998
100.00000000000001
99.99999999999997
100.0
44.860028122586634
0.0
52.492216122431806
100.00000000000001
100.0
99.99999999999999
100.0
55.63444628338728
1.8098207275833404
52.818711996852414
90.21391578093404
90.4894969902494
100.0
96.29389300548594
60.453985789967845
2.955368992172986
0.0
0.4884591545203955
0.5660935503369342
0.23355284294655287
2.3131480256302854
4.62629605126057
0.7710493136094609
0.0
0.0
0.0
0.0
0.0
0.0
0.0
0.0
12.18787513398691
12.269102328663866
12.124378602023663
12.12437860202366
23.991973798967074
0.0
44.06939578229016
44.04323929823522
46.65227387526681
45.06961330608087
63.91296011843619
4.660601720790811
67.61704168691435
67.14093931466172
86.44429068170471
92.03968566210168
95.56712829350717
0.0
64.35158770941624
63.17481771432288
64.55887342954848
88.72163682033144
99.99999999999999
1.1333928243986373
33.5388376711193
33.81441888043471
25.249076880083464
22.9017084466283
99.99999999999997
0.057465751995412526
3.716496147558492
3.7941305433750268
3.461589835984647
5.5411850186683775
49.95222818252642
0.0
0.0
0.0
0.0
0.0
0.0
0.0
0.0
0.0
0.0
0.007407049967247461
0.0
0.0
3.3904606279623155
0.04198397041307482
0.04198397041307481
0.044376935116263
0.3642804224621138
0.4062643928751887
0.4062643928751887
3.664207227189062
0.05402179278643779
0.0
0.0
0.10037884989793244
0.7026530114956058
0.7026530114956057
3.5964873109451747
0.0
0.0
3.4206731027237876
0.2618701467903311
1.5682860567628794
1.5682860567628794
1.3201619936881182
0.07287304080653235
0.4632430717958532
0.37570983233123584
0.5303799901519282
0.8969630008199884
0.8969630008199881
0.8102919377878607
0.44839676434778014
13.058465026258089
13.89369058417417
3.5104998930445985
1.2887029871554965
0.42956755529796287
0.08591343473980537
0.12887844222976622
3.8268765165555827
3.8268765165555836
0.55498991244907
0.22199596120909074
0.0
0.0
2.503924791859474
5.295258304039895
3.4237336541453285
1.8690154196428894
5.255505425342983
3.6023991691608046
0.0
19.463701070342903
50.32161880015456
32.34622089393252
22.747981699875037
51.60265408776799
33.32559068623143
0.0
52.40054920918878
77.55477180151175
68.26539111775004
57.37623778926898
48.02906413791433
47.3667310296051
0.0
62.999543767765886
80.37113585130459
77.44769544532049
75.67742978497094
66.53323083371555
56.12269615419327
1.8098207275833404
58.056640644544174
62.36519931250883
60.6582357217646
86.83918643979007
68.8347748226247
60.453985789967845
2.9553689921729864
1.7128980965499712
0.0
0.12324097603938025
0.6741285139495143
0.20702287708402345
0.0
0.7710493136094609
0.8358480806949176
0.0
0.0
0.0
0.0
0.0
0.0
0.001685317670624607
0.010844498451018035
0.029066601154690837
0.010932812316160037
0.0036428856708209632
1.8835892400525875
0.007617618246888589
0.02614304607625067
0.367811611107039
4.747981651101336
1.582660502666979
1.883589131637997
0.08159955906275787
0.0
0.0
2.125201201654723
0.7084003143194622
1.8835892229332285
0.11102185204529316
14.428980773121285
0.05720502772676868
0.3540861356171596
0.24215695649660038
0.31579345086908384
0.010232487851401007
0.11958183197570496
0.8891556992628804
5.679369562850271
2.1413366957202524
0.7137788816851425
0.0
0.24794452685375265
0.3407789502420181
0.41226584083045353
0.2518545534413179
0.08753323946461708
0.0
0.0
0.0
0.0
0.0
0.0
0.0
0.0
0.0
0.0
0.0
2.077209589609585
2.077209589609587
0.0
0.04198397041307482
0.18596921492368468
0.1859692149236848
0.04198397041307481
0.0
0.0
0.0
0.05402179278643779
1.932379932487533
1.932379932487533
0.0
1.7806179994961546
1.7806179994961546
0.0
0.0
0.0
0.0
0.4093302399246524
1.7128980965499712
1.7128980965499712
0.0
0.07287304080653235
2.0514781228878616
2.051478122887862
0.0
6.394488340084719
1.7028039864422624
0.0
0.44839676434778014
2.6752743351285173
2.6752743351285178
2.6752743351285178
1.374616337444932
0.5154809798484358
0.08591343473980537
0.12887844222976622
0.55498991244907
0.55498991244907
0.55498991244907
0.22199588740234805
0.0
0.0
