0.0
11.466460040807675
11.466460040807664
11.466502830516273
11.466502830516276
23.999685484774464
0.0
46.2509667613418
46.25096676134173
45.8269681350472
45.9281906176633
63.634381441033014
0.0
100.00000000000023
100.00000000000016
100.00000000000001
99.84905092098539
99.99999999999999
0.0
76.75141026196448
76.16045064733481
85.37221901013915
99.99999999999999
100.00000000000003
0.0
59.959107024799565
59.97175235121813
60.35547005681351
70.00233850746089
100.00000000000001
0.0
3.4662542183722644
3.4662542183722644
3.4662542183722644
3.4662542183722644
30.49818409074126
0.0
0.0
0.0
0.0
0.0
0.0
0.0
0.0
0.0
0.0
0.0
0.0
0.0
0.0
0.0
0.8006442028412751
0.0
0.0
0.9131162348523563
0.0
0.0
0.0
0.0
0.0
0.9131162355138043
0.6725752858904402
0.0
0.5811752721669161
8.090320542027586
2.592044435537713
0.8640148028289856
0.0
0.09710357445015227
0.09710357445015227
0.09710357445015227
0.09710357445015227
0.09710357445015227
0.0
0.0
0.0
0.0
0.0
0.0
0.0
0.0
0.0
0.0
0.0
0.0
0.0
0.2666567359062929
12.79977520560158
12.799775205601566
12.799832258546378
12.799832258546381
0.26664960428819157
0.0
24.061480918311553
41.97343847356849
41.97343847356849
41.58467603897835
41.673245711267434
23.967054887898197
0.10122248261633872
44.63345529290912
65.22041426107394
65.22041426107383
68.90640633170558
77.55879736913985
33.533527662766076
0.28049836134301565
58.02792353338461
87.35862052362805
87.03646390017406
71.23949490324041
72.03455181496832
40.828799970784225
0.0
52.33979419612981
65.1111555543664
65.12560735598721
70.64314729857566
58.2038263926468
59.666780296149916
1.5465698607974976
0.0
3.4662542183722644
3.4662542183722644
3.900703990342226
3.900703990342226
0.0
0.0
0.0
0.0
0.0
0.0
0.0
0.0
0.0
0.0
0.0
0.0
0.0
0.0
0.0
0.0
0.0
0.0
0.0
0.9150219461043146
0.0
0.0
0.9131162398208541
0.0
0.0
0.0
0.0
0.0
0.0
1.0611645827338403
0.0
1.4791906260791687
14.43080739076983
0.6642003110479039
1.2453755832148203
1.2453755832148203
1.2453755832148203
0.0
0.0
0.0
0.0
0.0
0.0
0.0
0.0
0.4045437858583524
4.4754854178961025
4.070941632037747
0.8806916548169433
0.3218932538580609
0.08498829603392606
0.8057463954625008
1.5107744914921863
1.5107744914921863
0.0
0.0
0.0
0.0
3.733194302688099
3.733194302688099
3.733194302688099
3.733094460034681
3.7330944600346823
3.7330944600346823
0.0
36.09222137746729
36.092221377467304
36.092221377467304
35.665894099488824
35.66589409948883
35.66589409948883
0.08856967228929638
53.38604876915865
62.24422763892248
52.4328769443024
43.217453961778446
39.05830924768223
49.81951421131845
0.2454360661751387
61.42590390735723
77.24672023502785
66.5998010401711
63.50824537916759
60.19490739200103
61.243199859259775
0.0
58.35886222873137
58.104632975020124
62.6411307029239
60.159561723828624
57.36710926935486
52.20843275913118
1.3532486281978104
0.2584625669927635
0.1104142199768568
0.4344497719699618
0.0
0.0
0.0
0.0
0.0
0.0
0.0
0.0
0.0
0.0
0.0
0.0
0.0
0.0
0.0
0.0
0.0
0.0
0.0
0.0
0.0
0.0
4.307292510446671
4.307292510446671
0.712067585264205
0.0
0.0
0.0
0.0
2.582703840573335
2.582703840573339
0.0
0.0
0.0
0.0
0.0
4.5452574110817165
2.0726768582226947
0.0
0.0
0.0
0.0
0.0
2.6857302200861195
0.46242814156435935
0.0
0.0
3.641080913886422
3.641080913886425
0.0
0.8753799392023881
0.3165815387173964
0.0743647590296853
0.7050280960296882
0.0
0.0
0.0
0.0
0.0
0.0
