0.0
11.466533911353197
11.466533911353197
11.466561403957419
11.466561403957416
23.999797928166956
0.0
41.97320774146108
46.250712558991935
45.82763033136912
45.92863404022278
63.63517170912854
0.0
99.99999999999991
99.99999999999996
100.0000000000001
99.83739371315333
100.00000000000006
0.0
76.75819092989362
76.1684568552273
85.67388151513686
99.99999999999996
99.99999999999999
0.0
59.95824584138815
59.97104735558386
60.359260297865674
70.0102245312248
100.00000000000001
0.0
3.4659679305216495
3.4659679305216495
3.4659679305216495
3.4659679305216495
30.435637333632666
0.0
0.0
0.0
0.0
0.0
0.0
0.0
0.0
0.0
0.0
0.0
0.0
0.0
0.0
0.0
0.7989136164103458
0.0
0.0
0.9120121312275709
0.0
0.0
0.0
0.0
0.0
0.9120121314908963
0.6616496701975996
0.0
0.5812973818929744
8.091814952908322
2.592523233217523
0.8641744073488582
0.0
0.10026926555261223
0.10026926555261223
0.10026926555261223
0.10026926555261223
0.10026926555261223
0.0
0.0
0.0
0.0
0.0
0.0
0.0
0.0
0.0
0.0
0.0
0.0
0.0
0.26666028624687127
12.79985557155009
12.799855571550086
12.799892228355716
12.799892228355713
0.2666557041461683
0.0
24.061348037491136
46.25071255899192
41.97320774146113
41.585285550760545
41.673663796007496
23.967126127102112
0.10100370885388131
44.63436373883053
65.18712266546125
65.18712266546125
68.87948686077756
77.681212308801
33.460467093245896
0.25851376585857316
58.021586761192005
87.3589215210232
87.03664346309723
70.94585144297649
71.98674178143222
40.82538553277033
0.0
52.33989841997201
65.10757553884169
65.12220584078032
70.64381948493228
58.19833213768828
59.66442133694465
1.5457835423699149
0.0
3.4659679305216495
3.4659679305216495
3.900418824886119
3.900418824886119
0.0
0.0
0.0
0.0
0.0
0.0
0.0
0.0
0.0
0.0
0.0
0.0
0.0
0.0
0.0
0.0
0.0
0.0
0.0
0.9130441330403951
0.0
0.0
0.912012133282983
0.0
0.0
0.0
0.0
0.0
0.0
1.0596176608208958
0.0
1.3481384766935192
14.27684628122938
0.6643398650205422
1.2456372469135166
1.2456372469135166
1.2456372469135166
0.0
0.0
0.0
0.0
0.0
0.0
0.0
0.0
0.4019398112500241
4.472881459129038
4.070941647879014
0.8806916875879354
0.32189331109164926
0.08498832394360376
0.8058457804321422
1.5109608383102688
1.5109608383102688
0.0
0.0
0.0
0.0
3.7332440074561966
3.7332440074561966
3.7332440074561966
3.7331798580463555
3.733179858046355
3.733179858046355
0.0
36.0920220562367
36.092022056236715
36.092022056236715
35.66661625950164
35.66661625950163
35.66661625950163
0.08837824524714614
53.40237300729529
62.247149152021606
52.45442038990061
43.22304872654136
39.054013022542286
49.64040790938372
0.2261995451262515
61.423734040876866
77.24531921706934
66.59509599325506
63.508072561346765
60.193780251941234
61.23807825908405
0.0
58.36049733485715
58.10636191841239
62.64133080223124
60.16163567020625
57.36711255665435
52.20636866982657
1.352560599573676
0.2581300747487034
0.11052454552023819
0.43445089436446965
0.0
0.0
0.0
0.0
0.0
0.0
0.0
0.0
0.0
0.0
0.0
0.0
0.0
0.0
0.0
0.0
0.0
0.0
0.0
0.0
0.0
0.0
4.297982523186099
4.297982523186102
0.7109482332496765
0.0
0.0
0.0
0.0
2.584954086021935
2.5849540860219378
0.0
0.0
0.0
0.0
0.0
4.528403601046636
2.066477409198513
0.0
0.0
0.0
0.0
0.0
2.6870016656499356
0.462470910554536
0.0
0.0
3.642079672072264
3.642079672072252
0.0
0.875379939207862
0.3165815629074416
0.07436478345065328
0.7051150578781245
0.0
0.0
0.0
0.0
0.0
0.0
