0.0
11.466460019717543
11.466460019717536
11.466502813421824
11.466502813421824
23.999685451697733
0.0
46.168360571299154
46.25096575125494
45.826970765663475
45.92819237912351
63.634384580430314
0.0
100.00000000000006
100.00000000000001
100.00000000000009
99.84904755862111
100.00000000000001
0.0
76.75144211893073
76.16048573182206
85.66029468609295
100.0
99.99999999999999
0.0
59.95910344087032
59.97175238315763
60.35547303728509
70.0021477579761
100.0
0.0
3.4662247190539777
3.4662247190539777
3.4662247190539777
3.4662247190539777
30.498288801714807
0.0
0.0
0.0
0.0
0.0
0.0
0.0
0.0
0.0
0.0
0.0
0.0
0.0
0.0
0.0
0.8006373280884814
0.0
0.0
0.9131098021895847
0.0
0.0
0.0
0.0
0.0
0.9131098028512534
0.6725788280412919
0.0
0.5811785724208056
8.090353238871431
2.592054911223575
0.8640182947225167
0.0
0.09710714259358406
0.09710714259358406
0.09710714259358406
0.09710714259358406
0.09710714259358406
0.0
0.0
0.0
0.0
0.0
0.0
0.0
0.0
0.0
0.0
0.0
0.0
0.0
0.26665673491359876
12.799775182633077
12.79977518263307
12.799832240905456
12.799832240905456
0.2666496026295509
0.0
24.061480390401865
42.05604273670421
41.973437556748195
41.58467846030146
41.67324737207899
23.967055170772195
0.10122161346004006
44.63362430688823
65.2203385015441
65.22033850154408
68.90649948946077
77.55872928808333
33.533468687576885
0.2804960687749373
58.027877940927105
87.35865626896376
87.03650285065092
70.95144884422967
72.03470670012081
40.82871476840171
0.0
52.339798968523894
65.11117337036326
65.1256293044062
70.64313094443298
58.20396997967816
59.66686046060683
1.5465965822827246
0.0
3.4662247190539777
3.4662247190539777
3.9006766596822846
3.9006766596822846
0.0
0.0
0.0
0.0
0.0
0.0
0.0
0.0
0.0
0.0
0.0
0.0
0.0
0.0
0.0
0.0
0.0
0.0
0.0
0.915014089243979
0.0
0.0
0.9131098071590918
0.0
0.0
0.0
0.0
0.0
0.0
1.061158493014357
0.0
1.4791785363907013
14.43084966187443
0.6642040827666349
1.2453826551874412
1.2453826551874412
1.2453826551874412
0.0
0.0
0.0
0.0
0.0
0.0
0.0
0.0
0.4046060155150594
4.475547647547465
4.070941632032396
0.8806916548058936
0.3218932538387297
0.08498829602449726
0.8057562789362607
1.510793023005491
1.510793023005491
0.0
0.0
0.0
0.0
3.733194288790382
3.733194288790382
3.733194288790382
3.733094436813713
3.7330944368137122
3.7330944368137122
0.0
36.0922205856028
36.0922205856028
36.0922205856028
35.66589696830192
35.66589696830193
35.66589696830193
0.08856891177753504
53.385992207263165
62.244354790347764
52.432962527442314
43.21739626782047
39.05828889112627
49.81955052924359
0.24543406017807018
61.425888295941505
77.24673590352434
66.59979293672998
63.50825681662281
60.194866034919805
61.24307205566954
0.0
58.358851067723826
58.1046194799606
62.64113483647335
60.159647478950674
57.367161235694866
52.208502903030976
1.353272009497384
0.25846381940789576
0.11041512944878239
0.43445194062830694
0.0
0.0
0.0
0.0
0.0
0.0
0.0
0.0
0.0
0.0
0.0
0.0
0.0
0.0
0.0
0.0
0.0
0.0
0.0
0.0
0.0
0.0
4.307255525687102
4.307255525687101
0.7120811403809165
0.0
0.0
0.0
0.0
2.582707716130471
2.5827077161304697
0.0
0.0
0.0
0.0
0.0
4.545258828108404
2.072681659427587
0.0
0.0
0.0
0.0
0.0
2.6857587788732347
0.4624357854983046
0.0
0.0
3.6410469732905555
3.6410469732905586
0.0
0.8753799392023639
0.316581538709207
0.0743647590214351
0.7050367440692281
0.0
0.0
0.0
0.0
0.0
0.0
