0.0
9.517369105252427e-08
4.3126329360130603e-08
3.9816126788867166e-08
5.3484475653232345e-08
1.8016863246503132e-08
1.8008675383195037e-08
1.8687742282407715e-08
1.8322648326543154e-08
2.4097385122473362e-08
1.874814268875485e-08
2.1636624177782197e-08
1.9079876959419902e-08
1.6621795747406142e-08
4.328605124562636
0.0
2.9161496437566985
9.183274854023157
2.807463287573129
6.54298192144858e-07
0.9925530180134818
22.876415563092173
0.949727241092611
0.9676162348855655
171.1489972404626
0.29836831397456776
174.0857555024711
11.672093365089108
2.606354666772923e-07
2.7456348765995537
0.0
1.9642639440635925
0.0325751509204969
11.877677723671379
10.860393654190117
14.343586967355932
8.406394319955654
45.749072764193286
11.388166959193752
25.442769423606038
226.18280902757857
6.004213762176009
1.3144544559323944e-08
0.6470463705049051
1.4387741205566432e-08
0.0
6.154748176250148
2.9310968507177755e-07
0.9036023572099225
6.497329260481955
0.906096631589073
4.232564194101798e-09
60.90925944147597
0.2939097515472805
7.472000851183547
8.782995439445991e-08
7.815123405669093e-05
0.00046748059383119346
4.346750334160224e-08
0.6393675698790229
0.0
0.00014510448591919926
7.144001848225502e-07
0.05460585866171159
1.310964425347141e-06
2.56835335095056e-08
0.05632306012138651
3.352333210471128e-07
0.04232432529863059
1.1131327939909772e-07
4.31544599057009e-05
3.244002132954357
5.002362898186114e-08
0.09467298815523406
0.0003428683646557846
0.0
8.044494959487184e-07
0.04262203970080021
1.9496183348534303e-06
3.4323714033237034e-09
6.489073146555535
1.0254259983700332e-06
0.03671772060752991
1.0915734051772331e-07
4.5617517902176824e-08
0.016179011196020512
0.0009012122316592377
7.021446553853945e-08
9.082473583275941e-05
0.00014271427243140318
0.0
1.0623138186436736e-08
0.9651917320966179
3.795921792072697e-09
1.4463082757585596e-08
1.5635084807819793e-08
35.8658648729881
1.848455586448854e-07
5.378170544298239e-08
0.00047577200110971514
4.236341505216907e-08
0.0015858409139140257
0.00011278209598768333
0.00016094137469892098
1.8886182652031817e-06
0.0
3.2422692596528174e-08
4.8599861925946034e-09
1.8763182518126367e-08
1.8166936212578892e-08
1.6069154522112452
2.0508137473136863e-07
0.00010313938854479129
0.1673514381622634
0.9123678601426622
0.007895369922453689
0.007608317273806278
0.000341958496042107
0.007305516964645479
3.666494058493853e-08
0.0
3.8630883541392635e-09
10.964451631113407
4.963551682517927e-05
5.840765145405658e-08
1.390798755390277e-07
0.10109304860571042
0.49177277027085853
4.905403559427385e-08
0.00019441858081747866
0.0016627481540539692
9.04262658089084e-07
5.377333337593357e-07
0.07582679489094697
1.3008258793099453e-06
0.0
52.46700190907141
3.317589651299885e-07
0.053549559531512664
1.0734360606616551e-07
0.0028430751627359415
9.528118031800454e-05
1.662293112688289e-08
0.0004466579596295241
0.00010242921377820598
7.264987591108103e-07
8.778458913446438e-08
5.949049054182935e-06
0.0005494279047772419
4.618316590502086e-09
0.0
0.0008811238947641484
0.0904423651753361
1.6090437860909355e-07
1.7398548202413333e-07
0.008572584201789876
1.8148061187626944e-08
1.978915037190298e-06
0.008659680164853686
1.972497489902022e-06
0.25066316321672777
0.012046484544108442
0.00034722942956141254
2.9010810918805705e-09
82.93854941575916
0.0
0.6770178696244789
1.9793667614888083e-07
0.6406783547537895
0.25601675592762047
0.06887899958375665
2.661976373514742e-08
9.128158167184614e-08
3.4763848990788064e-05
4.57550387972819
0.00016533205370619278
1.0818384021463732
0.14347182406434517
1.1137065002979686e-08
0.00016760045351743865
0.0
0.0005477832178259145
0.09101228574353636
0.08061967121328652
0.05080663558531848
0.0004161453878479914
2.5252112177238433e-07
7.1510777652918754e-06
0.4306161882417492
3.219919918344742e-06
0.0933193269361671
0.06374225033220789
0.0054968815058018036
9.005433616337795e-06
0.00019036814360929156
0.0
