1.0709031070381303
12.185850036335847
12.238053544080985
12.120008632537248
12.120008632537242
0.4767075262253272
0.0
25.89924406393628
44.06900576803674
44.292490419229914
45.58582668152844
44.64424430862938
26.372981076018263
0.0
44.74725221304047
79.37236707648633
79.24582731928348
99.99999999999999
99.99408280911081
50.07378943547106
0.0
51.46292657892856
80.57038635425737
81.91472171878023
99.99999999999999
99.94391938633491
51.20282042403606
0.6014520780452127
55.623970621067734
63.67136874307516
65.43061219008197
67.32736858054407
65.2139319321105
61.882199105230434
0.0
0.0
2.106727130227858
2.210757513710093
2.126664182205446
3.7352777268582287
3.344572164708003
0.5574286635595918
0.0
0.0
0.0
0.0
0.0
0.0
0.0
0.0
12.185850036335847
12.238053544080987
12.120008632537248
12.120008632537251
23.990855604559336
0.0
44.069005768036746
44.292490419229914
45.585826681528445
44.64424430862939
63.900860705685645
0.0
79.37236707648633
79.24582731928346
68.10949891503718
68.49279784761093
100.0
0.0
80.5703863542574
81.91472171878023
60.325517897202545
61.14873816787678
100.0
0.0
63.67136874307514
65.43061219008194
67.32736858054407
65.2139319321105
100.00000000000011
0.24568599895025786
2.106727130227859
2.2107575137100937
2.1266641822054457
3.7352777268582287
19.109579522797546
0.0
0.0
0.0
0.0
0.0
0.0
0.0
0.0
0.0
0.23162977520126174
1.0423346752812805
0.0
0.0
0.2530791565391105
0.00841714259343436
0.07648934928219718
0.07648934928219717
0.5736696971822738
1.4548097970205396
1.4548097970205396
0.4849348144749866
0.05372867907401371
0.0
0.0
0.10265972522949868
0.0
0.0
0.5315671160139922
0.0016885144646108898
0.032568809413834
0.6035489205413164
0.5726686255920932
0.01617183677239779
0.016171836772397793
0.0053725782183290955
0.06920343255969748
0.0
0.0
0.026347254431288516
0.3334402588272202
0.33344025882722034
0.11935308621116082
0.07680777455891953
0.0
4.148214949043438
4.148214949043437
0.9688095701295771
0.43548228181271176
0.23121545302973978
0.09317243758404499
2.766633176756656
2.766633176756655
0.40122887088699255
0.16049156293506334
0.0
0.0
2.5041230213587715
5.290812296916045
3.36173230174184
1.8635172078218827
5.235479858601669
3.6096655300591385
0.0
19.463705042006186
49.397202605767355
32.45096835419436
21.025500687444243
50.98162472143998
33.527879722270185
0.0
33.75024969986392
82.51854267253177
50.46845944321662
48.11699711108594
48.88735660388704
50.99959048865437
0.0
38.95791571348782
100.00000000000006
65.69682483594126
53.71347096133331
60.856726577641744
58.92979927378155
0.6014520780452127
32.4320888294832
84.48686781197299
53.765060424421705
37.3435513094351
81.06542966228882
54.26765251621846
0.0
0.025303407463604533
0.0
0.11406275654094669
0.19101747673516453
0.06367248905267123
0.0
0.5574286635595918
0.0
0.0
0.0
0.0
0.0
0.0
0.0
0.0019076160495148844
0.004451845272330648
0.15453726310725904
0.0
0.0
0.2530790980987865
0.008675975477064416
0.23162977520126174
1.0423346752812805
2.973777356571271
1.0921142472478715
0.4794535244051683
0.09294183496254706
0.0
0.0
0.0
0.0
0.4809603631861831
0.13324271376920782
0.0
1.113748469604419
3.9284528332397937
1.4731690345217907
0.49105546105857323
0.0
0.0
0.0
6.762996952439714
2.536123700145367
0.8453744822442684
0.39493082771367377
0.015835029896511428
0.12320503920221756
0.21443698201729325
0.08082597560095985
0.018472694079483456
0.0
0.0
0.0
0.0
0.0
0.0
0.0
0.0
0.0
0.0
0.0
3.063367107311339
2.0210324320300597
0.0
0.00841714259343436
0.20994323087287406
0.20994323087287403
0.07648934928219717
6.90735246086342
6.90735246086342
0.0
0.05372867907401371
1.9222924985528271
1.9222924985528276
0.42974412067241924
3.5944689354024364
3.5944689354024364
0.0
0.0016885144646108898
0.0016885144646108896
0.0016885144646108896
0.0016885144646108896
15.284243469480103
15.284243469480103
0.0
0.06920343255969748
2.3584163083867815
2.363355716181788
0.004939407795009949
5.6307275517190405
1.8769091422983326
0.0
0.07680777455891953
2.611466619281039
2.61146661928104
0.0
0.9608918628641497
0.4275648200585159
0.19954539323671694
0.093172437584045
0.4012288708869926
0.40122887088699266
0.40122887088699266
0.16049135589327163
0.0
0.0
