1.0712540742241616
12.187983217778028
12.270758607550421
12.13172917500581
12.131729175005807
0.4472764649058364
0.0
25.89630534025588
44.042729606809964
44.01490078581824
46.12371781594969
44.865854724177744
27.719954958723704
0.0
40.990750026554494
87.9384273122741
86.7821505501417
99.99999999999999
99.89051057932383
47.327644795889526
2.188550827208639
44.64953605503609
99.99999999999996
100.0
100.00000000000001
99.99999999999999
70.77832807092344
4.552787162659791
47.31018244618828
85.10414235673132
84.73106464587464
99.99999999999999
92.07351390650686
65.30262621461233
3.4042830538162634
0.09442808257651793
1.6853523657101501
1.7453533785050377
1.470555240079429
3.603333223574798
4.6262962942954315
0.7710493803322147
0.0
0.0
0.0
0.0
0.0
0.0
0.0
0.0
12.187983217778026
12.27075860755042
12.13172917500581
12.131729175005816
23.990228011762866
0.0
44.04272960680996
44.01490078581824
46.123717815949696
44.865854724177744
63.83632399631573
0.0
52.42443611280211
51.26815935066976
63.78196999894533
70.34269870496834
98.40499925942541
6.450545679966969
62.54528872911289
62.799232030131954
59.73127107433683
79.95109709567926
96.41166427687176
5.706011476349116
39.68510073119632
39.31202302033971
23.650153753451452
26.770887691894536
54.498824797035205
0.09442800033564196
1.6853523657101501
1.7453533785050377
1.470555240079429
3.6033332235747983
92.6553491838074
0.0
0.0
0.0
0.0
0.0
0.0
0.0
0.0006384335714480438
0.0003192167857240219
0.0003192167857240219
0.010195187182893967
0.0
0.0
2.7111664723269886
0.003937891347735966
0.0
0.25372657293325696
1.9172588150557075
11.73555699194651
11.73555699194651
2.584032437284937
0.05222164153932227
0.0
0.0
0.0
0.0
0.0
1.2056948943044132
1.244199554568349
7.908938363552673
5.419430617836012
0.2958479481482281
1.4924262162110071
1.492426216211007
0.9136939712066368
0.3613991608036502
6.3368166587076775
5.750822212709304
1.584756535522293
1.6602265139136088
1.225172042491785
0.0
0.45589724195332054
12.192735899802372
12.266357883268332
3.381392277839174
1.4426874830161653
0.5245483540116678
0.1310943508897026
0.12887842727387716
3.826876512000513
3.826876512000514
0.5549899748995428
0.22199598969874257
0.0
0.0
2.5039142152778364
5.2954949236181745
3.427039122599731
1.8658458786819958
5.29206686906552
3.6376390774879783
0.0
19.463972242224187
50.21808893166668
31.73009818452595
21.773589272551717
51.40970853005294
34.60698542313514
0.0
50.23447327038461
73.03877999154867
91.47035731649652
65.74180106573993
45.512822169499906
43.40096821436372
2.188550827208639
59.42265872779467
98.53071209675828
89.53287911588686
87.00021680706786
78.77961054190175
70.77832807092346
4.55278716265979
53.44227823108746
71.09641121704858
65.68611541661755
75.78712691769609
69.73006648407294
65.30262621461232
3.4042830538162634
0.13319213186186007
0.0
0.21273482736690824
0.5495962768512175
0.18885608291215994
0.0
0.7710493803322147
0.7548392552568138
0.0
0.0
0.0
0.0
0.0
0.0
0.002640720565262691
0.011224996330989837
0.024785437437822137
0.008136227249831571
0.0027119767361027487
1.630055910878969
0.002640720565262691
0.25372657293325696
1.7760860813096786
3.7735892458024285
1.2578630638738812
2.3125535226488214
0.15344624808768034
0.0
0.0
0.0
0.0
1.1316185675341977
0.0
19.866690946808138
0.15885471594982292
4.9357210968726
1.6452403636136017
0.9084865769311663
0.0
0.0
0.0
2.5387731404701195
0.9520399136420771
0.31734662890739396
0.0
0.5859944459983693
0.7278177373416417
0.9405525647085493
0.5859944459983693
1.1719888919967385
0.0
0.0
0.0
0.0
0.0
0.0
0.0
0.0
0.0003192167857240219
0.0003192167857240219
0.0003192167857240219
2.128705828274399
2.1287058282743994
0.0
0.003937891347735966
0.14619927719958722
0.14619927719958717
0.0
3.8063468881389975
3.8063468881389984
1.8669173280348048
0.05222164153932227
1.8683741970030026
1.8683741970030034
0.0
0.0
0.0
0.0
1.244199554568349
0.0
0.025686138244318205
0.4366658350466813
0.35672779853844605
0.35672779853844605
0.15885471594982292
0.3613991608036502
5.950754841873233
5.950754841873236
2.170750981520662
5.716289890209744
0.917170412545763
0.0
0.45589724195332065
3.3077702943732366
3.3077702943732366
3.307770294373236
1.442755859287832
0.5246167335491397
0.1310943508897026
0.1288784272738772
0.5549899748995427
0.5549899748995429
0.5549899748995429
0.22199598503063786
0.0
0.0
