0.0
1.3008288958658705e-07
2.7040725762447435e-08
3.7255622835311776e-08
3.884274426111433e-08
2.619777200971002e-08
2.4517354410928288e-08
2.531483420703858e-08
2.6469340177748672e-08
2.046299219939587e-08
2.34736126570552e-07
2.993205361634747e-08
2.6751956657591226e-08
3.2357248178698636e-08
6.205022442328862
0.0
3.659184351276989
10.956529993699625
4.131671231820482
1.0834047240453854e-06
10.648175667796577
26.773433328931066
0.8522903147421994
4.304019349777662
175.2495451876297
0.2680523730293913
146.5796603817437
7.26435141791676
3.704429858215953e-08
2.858736832074767
0.0
2.03603560263719
0.032992193174099384
15.7805996339453
7.952134593988145
9.203244996716878
8.60121740665609
45.39254272335606
11.624428984335092
36.296267415269845
217.2343879421017
6.276185991710554
1.8001035111506036e-08
0.9872859455143819
1.569612607990701e-08
0.0
5.3215012259524626
2.781235110490875e-07
0.8188845709106365
6.476240394054473
0.8194844548488419
5.594000648572693e-09
59.965751244694076
0.26427528620501645
7.461101352382054
1.9425354016875693e-07
0.00019756166626821005
0.000642017381560576
4.1167669337138336e-08
0.4558104734178894
0.0
0.00019734609272147543
9.377859347322786e-07
0.05465901489009825
8.129545395650557e-07
0.3983375732321791
0.05650672612983865
4.497941841970735e-07
0.04239931619296161
2.2300573301999095e-07
0.00012755811034737452
7.093719844229912
7.016910357888603e-08
0.09963612256944648
0.0008346788278386305
0.0
6.912090612460622e-07
0.04474782736526734
1.1884250016569887e-06
4.40691573660642e-09
7.948684143424432
1.1432067493130745e-06
0.038383152064261045
1.328519766443199e-07
3.885520089288228e-08
0.25387715733609745
0.0018875015652871007
1.054661766229142e-07
0.0002290666846444354
0.00033663940941466657
0.0
1.3934570203539577e-07
1.7543285707946777e-08
4.826381359146142e-09
1.9908159206156007e-08
2.116307130688088e-08
35.46090029068809
2.883404211074826e-07
5.050963592026753e-08
0.0006146246590907208
1.6544983257122855e-08
1.279563126084439e-06
3.439804243956039e-07
6.225438492999854e-05
2.0149924585985454e-06
0.0
0.06348078516256002
7.28027577994737e-09
2.429961722604374e-08
2.554161399680738e-08
2.4520930361989173
3.602875221439611e-07
2.7174954921102407e-08
0.101560207724248
2.4188289717216356
0.008316786978844071
0.00694815277274865
0.0005020095265702323
0.0068818976506271725
2.1781884762700996e-08
0.0
4.910552340505765e-09
15.871608032000495
0.00010272266750142639
6.054485597575293e-08
1.6023439052179844e-07
0.0013237969625849088
0.27773413152798565
1.000214165762858e-06
0.00035536500075509646
0.0015438339285089634
1.2919219796099815e-06
4.720746171020546e-07
0.07597089409151796
8.120472221309439e-07
0.0
40.86406933301095
4.496781602874239e-07
0.05347126315578193
2.1165464641978538e-07
0.003811606689218703
2.8385049498909804e-07
2.9581667584130923e-08
0.0004700199548546333
6.944250611460784e-08
2.9477632361855138e-06
6.506633769621503e-08
4.424184074493779e-06
0.0008347977554859492
1.0602706215448552e-08
0.0
0.0012150275553268197
0.0896302308932229
3.065888780586229e-07
3.7583977505054714e-08
0.0033013457578552974
7.968405136060932e-08
1.486005931433611e-06
0.003308204727692506
2.142373989151272e-06
0.2670087835131398
0.012388782530857734
0.0001656771149673364
5.151208159142852e-09
50.81947374120004
0.0
0.8220455728884595
3.299863739810335e-07
1.5028785246874006e-07
0.010664262487590863
3.046125859117303e-08
1.2069182279627978e-08
1.0664650063767315e-07
5.786855260802875e-05
4.472371360700844
0.00022665065978826247
0.03717551788015734
8.815898713448839e-09
1.3853526252530668e-08
0.00022885667889376856
0.0
0.0007277174384321809
2.247605258310804e-07
0.014874990346550642
3.054323067703854e-08
0.000421515286286933
6.066154398624917e-07
9.128876247265759e-06
0.30524081716236934
4.586386771247359e-06
0.04509284320081985
1.1942839513940587e-08
0.005575481723933105
1.0370912105305208e-05
0.0009239176841731421
0.0
