0.0
2.734043777806028e-08
2.3034950772353273e-08
3.0646655106068935e-08
2.7339934892656445e-08
2.697346564749031e-08
2.383539974030158e-08
2.899658469770161e-08
2.563888716441508e-08
8.530720133056039e-09
3.607830405063483e-08
2.7290854971079194e-08
2.8003507924151898e-08
2.3973159126690903e-08
1.2080181517341695
0.0
0.8382597218767405
38.286089555783576
0.5968088589328497
2.642409635186862
1.0551975302301229
19.46170826835795
1.651406233229634
4.431589337488028e-09
252.42414483087117
0.8357017878357546
63.64030782706214
0.5749194062893991
0.5255943717290109
6.79855712530892
0.0
6.798557110135423
0.5822494074354277
2.668938118073759
1.5710391582395036
17.107572740040535
2.147724722587883
120.3326118893362
99.42174669848447
0.9919373217724575
46.159021863494914
0.5770079032047734
0.06161035126374901
0.7795901675331114
1.4073365724999227e-08
0.0
4.375628442476761
0.07041139606452079
0.9744689163292188
13.779255168042265
1.5539571437938728
2.4348646782493837e-09
26.402718591998543
0.4590115884836694
134.94576932789795
2.3420274204221426e-07
1.5305480402170302e-07
0.0008617077950829717
8.544018939280965e-08
0.45599518131919103
0.0
1.0215931062617381e-06
2.5974996810193082e-05
0.11664930173942677
0.07073654522217526
0.5586641408726161
0.11833169057999705
0.06003515342653352
0.11129674885477192
1.6803930723019903e-07
6.44855740444831e-08
1.8664882628659716
0.6609225163802182
3.079497921317353
3.075134866146884e-05
0.0
3.907885660590433e-05
6.284162886167607
3.065621448079277e-05
1.365609545935266e-09
0.02324040065043969
0.3807394856182198
9.006116853679718
1.5159520480460795e-07
1.657875568916336e-08
0.23812668689329541
0.20722320148127393
0.23733116557795333
2.767205826382858e-08
1.9134965780440475e-07
0.0
1.6733677286545343e-07
0.02662159352583926
1.24616141793032e-09
9.923439602015502e-08
6.146354322345246e-08
42.23553802308945
0.1821531805683758
2.3194227184712473e-08
5.405578071035268e-07
4.4387839871543377e-07
3.334874140644672e-07
4.6746147348406996e-08
1.2460665630595455e-06
1.7239424053837634e-06
0.0
0.08476147840914469
1.7391647158859762e-09
1.0372315953537864e-07
5.162283154990632e-08
3.413116689803668
2.873685557111535e-07
0.022054360777394123
0.36891695733851326
0.16093967727614472
1.1811096157529123e-07
0.046037595246286214
9.975409820999e-07
1.6187201289683681
0.17298893516337271
0.0
1.267300867569962e-09
5.302172755651921e-07
2.580725889291477e-07
1.2221047580704236
1.8052396945228418e-07
0.03126179142537644
0.058995181207880006
1.4107864473690283e-07
1.1604792893553863e-08
0.061327531999320437
1.0199750515220868e-06
2.579392622617546e-05
0.11358985565850538
0.057282716407116185
0.0
0.11580282382431259
0.052124597166525365
18.994619545006543
1.6768052482633106e-07
8.144707500589169e-08
3.3116037085550832e-06
4.792458731782372e-07
3.034742997020017e-07
1.7312226342196475e-06
8.961102048300859e-08
2.277359917297423e-06
1.8889375121265577e-07
0.0005398933720688763
2.7004684704972004e-09
0.0
0.001606213498944933
0.21262379169819665
2.4654447960292195e-07
6.755080866977906e-08
0.02271283520008628
0.05915923524531352
0.27558626967462074
1.2695784355392386e-05
0.19523615755851068
0.5580156660567188
0.003648658136035852
0.00026576314368470375
1.665509464819125e-09
0.8503996230862532
0.0
1.9603723678571099
2.720291494642957e-07
0.30716964162512517
0.19049097867406115
2.3454291103638722e-07
1.949314620503206e-06
1.1656381999397767e-07
0.09341597310679776
3.1824273179935245
0.00043596210196003815
0.38661740215932977
2.397223366633094e-09
6.666659476440943e-07
0.0004084386744939377
0.0
0.0003935076871768241
0.047530596802909796
0.00984101793898091
2.614728604797523e-07
3.5077268324490687e-07
1.5225588928949368e-07
0.04227073254799879
0.17436112093226028
9.63813922919315e-05
0.0573150703260413
3.0337688781766e-09
5.396617317908418e-07
6.035277191107098e-05
0.001052495668572637
0.0
