0.0
0.0010025417359042564
7.249862797236362e-09
1.73199155506015e-08
8.183112327951383e-09
5.3667259546090095e-09
4.863941281044406e-09
5.149498122302012e-09
5.48794347262388e-09
0.8856598972959033
5.122180605141413e-09
5.5223631531625345e-09
5.478335430760063e-09
5.051750478808151e-09
1.9653488858895534
0.0
0.7809007035637886
7.716169769475025
1.2414306725279387
3.256336416931575
19.515853522489003
40.39603965934979
1.296459369327377
2.9255573207454014e-09
139.28177788360827
20.88335186471988
149.74602537228208
8.630277716818817
4.1282307212059047e-08
1.8126225102236586
0.0
1.4997732850572731
0.029853684163443358
3.8201718330939425
6.214819099608434
11.772074412085798
5.578054913171666
39.4228860546416
112.99085463203824
23.65150209217861
170.26778762170974
4.572869792118028
0.4568832625572817
2.715261701757172
1.3250245339266575e-08
0.0
18.83607887978445
5.586987250143013e-07
6.192969541052222e-06
6.416587577091244
1.5730212873448466
1.7183170620093115e-09
16.137845968892005
3.689093722373904
7.4314230969164345
4.609398247798175e-08
3.408265392179181e-08
0.0003680011392513039
3.396175505627856e-08
1.0503831363693115
0.0
0.00032193758532278883
1.1553248068003226e-05
0.041524078142751095
7.801539639377226e-06
2.706826109630847e-09
10.248675060274845
2.674117301180319e-05
0.031944198396501366
5.998606665329596e-08
3.135686211439184e-08
0.3738923326348377
0.13598712397405527
0.8407821910626184
1.1816911850597044e-05
0.0
1.7042494515653426e-05
0.030909366258926853
1.1680548737675292e-05
1.363873518630967e-09
18.46259411657506
3.947803001969348e-05
0.026422051457688833
3.5242982750931204e-08
3.915000062123752e-09
0.09298083000975028
3.868061636440807e-08
1.7467772375695744e-08
9.166292855251914e-09
2.717914254016156e-07
0.0
3.601821751101519e-09
4.671903093075258e-09
1.3489977352540862e-09
6.4647387093292934e-09
6.104047623757753e-09
39.09482585101982
7.294776100539342e-08
5.6909345729653885e-09
6.791570319927246e-08
2.932068479742436e-08
3.5175950467202854e-08
1.0539937184518731e-08
0.0001501469964581803
1.9174599353720032e-07
0.0
4.954738412677372e-09
1.5636041469324389e-09
7.084108712523935e-09
7.232597042491963e-09
13.516847343528703
8.173566667593785e-08
1.0385232635616482e-07
0.6832315714924634
0.46963940978098556
0.7263863214710211
7.811322167906527e-06
6.110627061577069e-07
1.8051766731871604
0.15815766192992375
0.0
1.4396896814741087e-09
2.58874169558285e-07
1.872797516534249e-06
2.592400347502315e-07
3.034886951879929e-08
0.04672198464048629
0.2944378399322759
5.996657717245396e-08
7.946868737941868e-09
7.948611053920978e-06
7.390748165367315e-07
1.1409945078067248e-05
0.05761220877102507
0.185481483245731
0.0
0.05962303970026159
2.6662015165445536e-05
0.04089024368367783
5.375104448655637e-08
1.9753041091232322e-08
1.2430308526062174e-05
2.4564355024668006e-08
3.595756442522043e-09
1.0577344073271467e-05
2.761864079207497e-07
1.1124144334298062e-05
3.110139939179149e-08
0.0004773409101036858
1.1005118708373554e-09
0.0
0.0012906478193658107
0.8386891182656585
6.404660520749304e-08
2.3134164645829502e-08
1.4046908414970102e-05
2.4711968888696618e-08
1.7249379261824524e-08
8.516529090664999e-06
9.759678214999776e-07
0.6114228407853856
0.0012807835161385396
4.4019144930146436e-07
1.0118790172364783e-09
50.97674089222759
0.0
0.7805415164465199
7.468120910600477e-08
4.429834851475934e-09
0.3229333057190557
2.046703808072854e-08
8.169013638663177e-09
4.084537710422153e-09
2.1756944585484644e-08
2.9882002668190752
4.921744578064028e-07
2.481481085391292e-07
9.419496402807952e-10
12.852377999530663
1.1129475515665856e-06
0.0
2.9135156325595357e-06
3.91172060285211e-09
0.01374201708291176
1.9986633752480073e-08
4.364972673911992e-09
3.5241499892826556e-09
1.8387254311683643e-08
0.23368595826774133
8.007134750104905e-05
0.0001029848209035508
9.4718892399768e-10
1.3372912390770122e-07
8.076680769517251e-05
0.0012721935717566123
0.0
