0.0
0.00017305147497120803
3.909097527157706e-09
8.320626631406508e-09
7.1352021276820895e-09
6.609280849987469e-09
5.970570241688789e-09
6.192054213195158e-09
7.074477434395004e-09
3.0460876520643763e-09
12.225489696429165
7.108669223682144e-09
7.935496424384084e-09
6.932584343092118e-09
5.705463738657443
0.0
4.090205877266186
11.78124433970821
3.236948885213375
4.5621351956624045e-05
39.30297413722848
40.51445062951637
4.818619382505002
0.10179405529979987
183.82027780311935
16.378339013328407
75.74921311406649
18.756188567896576
4.883655247878685e-09
3.0752291331014017
0.0
2.3550488886746836
0.03239825017241443
12.674045714341739
3.943628289376455
6.198764341635247
3.985763581240973
48.18051064302996
11.42643934167349
12.024458044137539
256.0882067442996
6.099342094319543e-08
9.1993278829665e-09
0.6085304578770478
5.9102743977111535e-09
0.0
2.9199016265781306
5.13265629284763e-05
0.8291665941898805
6.542204034010479
0.8721476213701714
2.0078942960812032e-09
61.462480075315995
1.1147420369991863
8.588098776882603
5.546016982797263e-08
1.5519490171997487e-07
0.0002182933797665121
1.2363504934823245e-08
0.49544977561243836
0.0
6.467086739392631e-05
2.1222082942463084e-07
0.05433516694697559
3.0534096577050883e-07
0.052038108492686544
0.056149879574602324
1.761213344522784e-07
0.04269261430681453
7.674927927162675e-08
6.3948504386303e-08
1.0960928315527296
0.8816333279109078
0.08901459507078652
4.954083533841061e-07
0.0
2.2122727927483112e-07
0.039930086191894795
3.9140008356210023e-07
1.598445819582984e-09
22.780277183802617
3.9053287472902716e-07
0.035095441815262474
4.1389247744332046e-08
8.420269445505016e-09
1.264562982801864
0.005531626830856378
3.103084559478858e-08
4.4420854100940734e-07
0.00011621141380538177
0.0
8.253803602302119e-09
7.808410628998844e-09
2.029167465113788e-09
5.9864752119696185e-09
6.401631810225296e-09
35.417128822609506
9.152928102594336e-08
8.760723440631708e-09
4.1015168138749334e-07
0.09427054846627311
2.930188634084741e-07
6.260644008558334e-08
3.3559365126903615e-07
2.9534630078952013e-07
0.0
0.11344920570009555
2.7061302628393326e-09
7.369301924784462e-09
7.585324311084436e-09
3.7114123699693544
1.1454846524249767e-07
1.1749865020838737e-08
1.4143903538059615
8.929037412700177e-08
0.007556715477025707
0.1546577713021192
4.036986288851902e-05
0.13252770117430318
1.5785790570780322e-06
0.0
1.9564027223730572e-09
14.175157131305632
4.171654621553628e-07
4.183111820503503e-07
4.774711983430388e-08
3.4859301613859417e-05
0.5821469737833265
2.251115400286349e-08
9.372828596175862e-09
3.4320177109437505e-05
1.3885459681132968e-05
1.5135094842765639e-07
0.07519248073361467
6.310792393518116e-06
0.0
14.017038755929558
3.422952161768992e-05
0.05462011969710259
6.681395560295294e-08
3.214055354335665e-05
0.00811926049799067
6.580100856054319e-06
3.982312481493837e-08
3.210958144274673e-05
2.2978330369787895e-05
1.987606859140049e-08
5.7812619430563626e-08
5.558153375320255e-05
2.406558721709497e-09
0.0
0.00016745402940890292
0.2317844692456345
9.074271471755618e-08
1.4141389572197147e-05
0.0783151594587235
0.045543487510984165
2.467470059316608e-07
0.006654601211969413
8.950788135692899e-06
0.09463836234675385
0.008035304936961843
3.999049118512301e-05
1.257902836986849e-09
82.35621222998587
0.0
1.4860030291671575
1.0419904837940221e-07
0.1800746685053429
3.9949820369798606e-07
2.1063707471313526e-07
0.0006210029750970455
0.26903193377473655
0.21555671181101982
3.0432516097170073
4.2960146447706266e-05
0.5382609960995959
3.26837288874845e-09
4.629753403683392e-05
4.315466609465661e-05
0.0
0.00021400010499602793
0.04253594639426437
0.08965705649806092
4.89913535320608e-08
6.191367024131427e-05
0.04555415805158831
0.04434131455732141
0.15789520521504968
6.807342595705224e-06
0.048163713286050486
4.640958189932406e-09
3.861599069159839e-08
6.837528773346521e-06
0.00018696124229209226
0.0
