0.0
5.268708869195337e-07
2.3686253473496383e-08
4.394317460551596e-08
5.164333162989745e-08
3.733409285265628e-08
3.396435335056188e-08
3.298741223483462e-08
3.7328353857385594e-08
1.181646518167125e-08
2.924182181063242
4.1978942149775115e-08
3.7097019579588906e-08
3.439894972165397e-08
6.542170706446537
0.0
2.2478740976795275
8.414813161652775
0.8819647544273252
4.227388579694738e-05
6.0537386287977135
20.872729068800517
0.8514376248392803
2.509044038474602
148.97867806711943
0.2669354368057607
178.58334216565123
11.8023183395639
1.8008818560666973
2.9989721893781116
0.0
2.416464844655502
1.8343193705532777
12.855137368916097
7.422865814082952
15.697036599894911
7.77594268581954
48.02366535212116
11.551476462874763
42.13398838473387
201.583351702064
4.9251506108403404
4.3184674260395234e-08
1.182332604997939
2.8254758184074424e-08
0.0
4.565407873391812
4.218881938928923e-05
0.816705081065269
6.452701903897134
0.8164055760514539
7.563140908448894e-09
71.44700640123202
0.26321244550826295
7.449481405872991
1.285897747133387e-07
4.737436756962007e-08
0.0005152081502471151
4.208694324288935e-08
0.09298160368457538
0.0
0.00020251365400374442
3.6417230749856286e-06
0.055111241276301154
1.2758391925075345e-06
1.1258135162566712e-07
0.2665895047100787
5.930327380372532e-07
2.2666642728462225
0.8180627451358844
3.046707150830673e-08
7.785938828935251
1.3279883028830848e-07
0.1057339368233722
0.0008067786201057158
0.0
8.894679442774804e-07
0.04780255782328398
1.8179814609353013e-06
6.1961839481789135e-09
9.635339403249834
1.383982755221294e-06
0.03974613192713401
1.7197843141185014e-07
3.081766849958349e-08
1.4846325407007757e-07
2.988759260964893e-08
1.1511342822853737e-07
1.2810398434776218e-07
0.0005349710571237895
0.0
0.0006709228744847288
0.03291242471395227
6.700275761516647e-09
2.7641453863030727e-08
2.6075169675673832e-08
35.43624228416934
2.76055399441371e-07
4.38875044407052e-08
0.0007333357204285195
1.2441842606498983e-07
1.4003014161937188e-06
2.8271755227340915e-07
0.00010400437851605878
0.0007651570071483945
0.0
0.09245119150147274
5.770379814899784e-08
3.602407020497444e-08
3.1665179458037844e-08
1.5732918597607362
3.2611133191814577e-07
0.23206312065164508
0.003060736161811232
3.1296559696832436
0.3555927074937632
0.006124101969488765
0.0005482570904317336
0.006123066598950627
4.5796879612147145e-08
0.0
6.35088467813665e-09
20.80801229580839
0.00015189461394812337
0.8708671394453757
0.41818501710590616
4.659389746062853e-05
1.8685533113523856
4.679744313616933e-08
6.059451161094616e-08
3.966007271754988
4.2866638808739493e-05
6.162202229662418e-07
0.07671168932518696
1.2584218078983825e-06
0.0
23.449205097555378
6.096474426663343e-07
0.052600864129325936
2.0102953407528243e-07
0.002271530829413934
9.555674513071323e-08
0.039510605148832825
0.0004939912228719277
8.99807753158633e-08
2.4529263424209125e-07
1.0251227725539699e-07
1.4177031490978082e-05
0.0006875885709887765
1.8232172761756254e-07
0.0
0.0010231608255691544
0.09343360570198112
1.9020739542513254e-07
4.175927683015517e-08
5.427595840062944e-07
0.4221853193150624
1.580955938140736e-06
0.0082540832674523
0.39153959657609083
0.09560062879011325
0.01100768650246902
0.00011937129573250075
5.3370242267060924e-08
72.85501978190648
0.0
0.7466050382574727
2.950961300798988e-07
2.7480466673634538e-08
1.8593454700215654e-06
3.8454541518014644e-08
0.0005352434520906325
1.4245866530335209e-07
7.697213382925689e-05
4.7329001285223695
0.0002750566142913618
3.337421602840839
2.0530988311161798e-08
0.0008543168997734384
0.0002806258981031798
0.0
0.0002540261798576248
2.980634307917506e-08
0.00011570166505573258
3.549817139225815e-08
0.0004341960569837799
6.640139101428805e-08
6.289579217793967e-06
0.3948641682900174
8.563511310440432e-06
0.20858734832202588
2.842183742522686e-08
0.0007566672287801807
1.497186112965964e-05
0.0003323874674869479
0.0
