0.0
1.645985873391619e-07
4.1301874073722467e-08
2.202952153670553
5.125955131068896e-08
5.260714043069952e-08
4.8047527502464245e-08
5.0136382552329435e-08
5.326272686710272e-08
4.072741865148643
6.754828241981339e-08
5.328957970310736e-08
5.695237859302583e-08
4.942195693270982e-08
6.173826303653154
0.0
6.1512472869353
5.010757395433677
4.405066874326381
2.6984313736843684e-06
12.397160848764255
9.340668072466645
5.939368403520453
4.5588040890859265
218.71954570326267
4.239252295038758
126.85949855957153
8.002986128184597
1.235306652221212
3.4943423599726953
0.0
2.951591277048947
1.268047191826763
12.049015410258011
9.296732323020521
19.77550127690356
11.318054696885808
47.88741771815392
11.182853266147365
15.87080899379589
214.60574542781416
3.688805466876038
4.2395732137174165e-08
1.0537328393548941
2.4541312565956765e-08
0.0
3.0141479575402235
1.7746873695387148e-06
0.9931817610253919
6.439936649633702
1.02221852059116
8.900130174299907e-09
81.01782035214165
0.3343612614995608
7.321898756858558
2.679329679941014e-07
4.3212512240982734e-08
0.0006839086059543294
4.5221557959004615e-08
0.32483398180936834
0.0
0.0002539653165119421
1.4644681127558868e-06
0.05437121596712359
3.323152747316169e-06
9.97968581210542e-09
8.236121262391578
8.638531684168689e-07
0.042053864498005245
3.6529478319805366e-07
3.254755245950312e-08
1.6586689851058063
4.02148092403255e-08
0.0930869970906886
1.5069498651320788e-06
0.0
1.390350035436366e-06
0.04189293909826866
4.9273460914118535e-06
6.778430335140845e-09
22.595972036948194
2.223987059843316e-06
0.03614761755058579
2.4016111636937516e-07
2.6068362868534288e-08
0.7055589125427357
3.1134339785955365e-08
1.5368609632922595e-07
1.2173836625380837e-07
1.415846611623794e-06
0.0
2.6400101983843747e-08
0.13978446496131328
6.643808068800852e-09
3.517167097724714e-08
3.855177238894254e-08
35.420756080724615
5.201830165201815e-07
3.1011215681485934e-08
0.04367238991337235
2.260314736412329e-08
2.03794611825056e-06
2.494486901432175e-07
5.155369303862866e-06
4.826911040869983e-06
0.0
2.610028563714795e-07
7.607098263456611e-09
4.363747008617227e-08
4.4190609194681516e-08
1.5338844133772125
5.808891623588497e-07
7.450474967919602e-08
0.6078487346818461
0.5917580351384131
0.008277914983401361
0.10090885788929095
0.0001275437815073452
0.09305160971539729
2.097932350686894e-05
0.0
6.9350638237355095e-09
5.616359324138112
6.220132735653716e-06
5.2961555913450395e-06
2.969034812990047e-07
0.09658689944365897
1.4908499873992773
4.6343007100833197e-08
0.00043118762250012667
3.2234068601256287
2.384844485911899e-06
9.298181303910077e-07
0.07536395952628715
3.303158832474255e-06
0.0
0.07879229065500769
8.67494130917554e-07
0.053687177537479085
3.434506231472477e-07
5.129766745766573e-06
0.005721812284392225
0.0004126026864815596
2.0108270170165565e-06
5.337191509792674e-06
1.4284765278376153e-06
1.0499776293175295e-07
3.2562473354510264e-07
0.0007926678802512029
8.547107973432224e-09
0.0
0.0017228157099150711
0.08652699641682578
4.425741194275897e-07
7.960780843352476e-07
0.004483886530109204
0.022579073301104924
7.551708025283015e-06
0.00447791535458538
5.075560498808895e-06
0.12364600078377651
0.011139393961566744
0.00045615867406334585
6.895319975116044e-09
46.13678426927352
0.0
0.6936373970405298
5.520279329924059e-07
0.14322379027077423
0.2070265875779458
4.028324584415184e-08
0.0005248592653893311
0.021658197693245833
0.4641796569592355
2.938848562593769
0.00027430964655125636
0.6250950203775659
7.720535963951237e-09
1.7370627951214797
0.00027627311030609065
0.0
0.0002648981735508603
0.03675690781882046
0.11838632870281418
4.347936503244503e-08
0.0004039532248042273
0.02018345561465456
0.047854841864672065
0.15692502555298984
8.456427096040666e-06
0.04798115822961184
8.658499290956334e-09
0.10855255371256844
8.717038719233448e-06
2.270214516517698e-05
0.0
