0.0
0.00042744376108991354
0.0017064380856126283
1.5794590607499612e-07
4.2209425435183007e-08
1.2493855300955346e-05
6.682453232124311e-06
8.081163384525643e-06
7.091732171822976e-06
1.4100781093873775
2.445685331682832e-07
6.063131140660023e-06
0.3658031434673302
0.1909745651957652
0.7643061938382097
0.0
0.7642819569155933
5.916505602026083
0.7210845321578907
5.491648210092561
5.0588698657729765
3.0227651938720106
5.058756678878242
3.846884561413099
260.5371669516323
7.031889790020508
99.21581441791062
0.5293158966957264
1.2631776651639346
1.3995271258889719
0.0
1.3995265626049433
1.424697882844504
9.638468131307238
3.167640993266153
2.113702556365893
3.167757458204299
22.643247071951546
108.43576010543198
12.440024135138078
211.8113672151123
0.3988573762775461
0.14480988884246976
0.5333317202802235
0.00022195888773911748
0.0
1.2753013340739132
6.488292626957777e-05
3.690145950635524e-05
0.0005783866703254746
3.899547232691231e-05
0.00015235334671393543
30.382606075401647
5.0526808157648695e-09
2.6852338777673665e-09
2.4772209071307503e-09
0.00018326688043942402
0.0009899398850916254
0.00022036700622620018
0.00406483484808059
0.0
0.00030973089648210625
0.0005897606370208211
6.612010202810732e-10
7.52317115359476e-05
6.0957611687690035e-05
21.695582036164794
6.583080457970085e-10
1.731543939452086e-09
2.321787658128738e-09
9.140259415882723e-05
4.041684334694775
0.0019453783478909337
2.6486295022203814
0.0005870580328985273
0.0
0.0005257198819524731
0.00042960561891899684
0.0004836703999790392
0.00020541698178376723
1.3997566442295162
0.00017201634074812594
4.189431825156185e-09
8.500010869248709e-05
2.1061205506252642e-08
0.005731325755701995
0.5623500619141454
1.0010394421244189e-09
0.00011331782154838019
0.0008912513919812606
0.0
0.0006356315679503017
0.0001087746916176758
8.461108415523559e-05
1.908696233521861e-09
8.990280045482565e-05
5.313975465251264e-09
0.00010047284249868697
3.549513560777022e-06
0.003489304930182056
2.774280715311274e-08
0.0010154658680996986
6.663379327383274e-05
0.0005281146508259191
0.0009678383949762157
0.0
6.193547439426364e-05
5.0093855079574526e-05
2.4229831770075157e-09
0.00013876908613421032
7.1365799693249174
0.00011886890687724363
0.01964210671878535
0.0005691383224259639
4.193862747335183e-08
1.6263437248578883
0.00011202193226461874
0.0003411812253316849
7.13795281242052e-05
2.230321468532451e-09
0.0
8.491417246713664e-05
1.1266101942551316e-07
0.00022147925890495608
28.684332419228465
1.4200111438288188
0.0021134008247524786
5.141877018298749e-05
0.0002210790827062428
0.00043430222354343974
7.574163920341586e-05
0.00031061247835100105
7.084998324446057e-05
0.000955067011237283
7.506864045051785e-05
0.0
3.0133334029903194e-09
1.9869337907593353e-09
1.901086383553198e-09
2.5012617706838343e-09
0.0029231921087188367
4.266654612054688e-06
0.0015711839087066619
8.718444935519804e-05
6.033375616634504e-06
0.00011242187756694827
5.687397887803462e-06
6.357689464058723e-05
0.0006050239057350689
4.610134898317552e-06
0.0
0.0009615560172940145
0.44603622503166346
6.0997834515449534e-05
0.0020427977545504758
0.6405822918103241
0.001159775625537819
0.0006192365969819583
6.682007515067132e-05
0.0003728841439739746
3.463833636847487e-05
0.00010436145868294189
0.0006494925498702207
5.1281971951127335e-05
3.0370189968424532
0.0
5.709264061937113
0.00011934493711262104
0.0031420740918874633
0.0016000674254188331
1.184313857451609e-08
1.7601707928086117e-09
2.9966657980562245e-05
4.6344008964070374e-05
9.920806161215637e-05
0.0005587567232714519
2.915523076778004
2.4176876071595897e-05
2.0663518902429954e-09
0.0005409469000913344
0.0
0.0002864630721353559
0.003204620479199516
0.003112566723411746
1.966283950993801e-09
2.318596682251034e-09
5.3375085515878785e-06
8.579702345601818e-06
2.099794952578523e-05
0.0004682321581313748
2.5163381723369977e-05
4.249501022815095e-06
2.340723114693173e-09
0.0002648741204870292
0.001293789855027981
0.0
