1.070906243335979
12.185862293580202
12.238124721129967
12.11718225005106
12.117182250051066
0.4755790214858836
0.0
25.899219509853587
44.06878126112894
44.288454185242486
45.599355951590795
44.64964098720935
26.37569855991103
0.0
44.75441655693095
79.44443402762171
79.3219100193507
99.99999999999997
100.0
49.68475692699433
0.0
51.21343904816118
77.96391282550415
77.5842745696247
97.73968130422654
97.73968130422654
41.018813359531904
0.0
55.58571131871555
63.546665068672596
65.08297898714598
67.30252719045504
65.16257023455512
70.18357415521956
0.0
0.0
2.1054861598726546
2.1909878471222215
2.132596945488708
3.7333339434344417
3.3182558118992658
0.5530426315471558
0.0
0.0
0.0
0.0
0.0
0.0
0.0
0.0
12.185862293580204
12.238124721129966
12.11718225005106
12.117182250051071
23.990312750249117
0.0
44.06878126112892
44.28845418524248
45.599355951590816
44.64964098720937
63.901013583860454
0.0
79.44443402762174
79.32191001935068
68.1890428602084
68.50934246922905
100.0
0.0
77.96391282550411
77.5842745696247
56.917479115225106
56.917479115225106
99.99999999999991
0.0
63.54666506867256
65.08297898714599
67.30252719045501
65.16257023455512
100.00000000000007
0.24770394157230374
2.105486159872654
2.1909878471222215
2.1325969454887086
3.733333943434442
14.002360767320345
0.0
0.0
0.0
0.0
0.0
0.0
0.0
0.0
0.0
0.23287971012474595
1.0479587792029144
0.0
0.0
0.24504796942983498
0.009386102697209405
0.09449411275236468
0.09449411275236468
0.6240171815529866
1.2114734466155725
1.2114734466155732
0.7592763872262988
0.05373224165660002
0.0
0.0
0.469626476283566
2.431809626710601
2.4318096267106
0.8957608053782655
0.0
0.011600120681531477
0.5644795973455993
0.5528794766640676
0.2177136407768878
0.21771364077688782
0.07257113920424103
0.0670911422330269
1.4988405953084127
0.0
0.03083129725507287
0.33620916747029134
0.33620916747029145
0.12038922462034995
0.08698120240415781
0.0
4.217732497998188
4.217732497998187
0.960890431239684
0.3653524449633216
0.20895773345362664
0.0880467782907049
2.7577055880580867
2.7577055880580867
0.4015425606691987
0.16061702410166234
0.0
0.0
2.504122719159791
5.290854039443236
3.3619244915383804
1.8636419040464913
5.222036381832972
3.6102576645147577
0.0
19.463707311113467
49.39112782675773
32.44292034055386
21.04563252042746
50.99024572269286
33.5253150350997
0.0
33.74959848895359
82.52765860124879
50.477792438761426
47.79185491103266
48.98843019696318
51.0717113438862
0.0
38.9804818800563
99.99999999999993
83.03085066703483
49.07554754437171
70.08276475530675
64.97519857067208
0.0
32.43579136741405
84.35966619948843
53.63662463111488
36.28653751995861
79.48306867096731
47.80907411332269
0.0
0.04258195053328226
0.0
0.09155853131909274
0.17454423870601496
0.05776243543898333
0.0
0.5530426315471558
0.0
0.0
0.0
0.0
0.0
0.0
0.0
0.0020326759620230466
0.003961695752717454
0.15418540122915095
0.0
0.0
0.24504796351735778
0.009195968199996619
0.23287971012474595
1.0479587792029144
2.9126243426520992
1.0131944252261313
0.7592764908386522
0.0927915365812669
0.0
0.0
0.0
0.0
0.7592765070093119
0.14203848780314524
0.0
0.0
0.0
0.0
0.1064548756640579
0.19661117053048904
0.0
0.0
6.847862236125511
2.567948325844002
0.8559827673649558
0.20895773345362664
0.10447886672681332
0.198283580248753
0.23207967612886232
0.11000163132289305
0.0
0.0
0.0
0.0
0.0
0.0
0.0
0.0
0.0
0.0
0.0
0.0
3.0693418893603255
2.0213831101574096
0.0
0.009386102697209405
0.22470232505634546
0.22470232505634546
0.09449411275236468
6.910818723980816
6.910818723980816
0.0
0.05373224165660002
1.9224201954413187
1.9224201954413187
0.21230436919565682
4.051152108545332
4.051152108545332
0.0
0.0
0.0
0.0
0.0
33.313832264722926
33.31383226472294
0.0
0.0670911422330269
0.7822583213100642
0.782258321310064
0.0
5.549164117617122
1.8497213672362847
0.0
0.08698120240415781
2.9573611533302167
2.957361153330217
0.0
0.9257085173912599
0.31509345921358944
0.0
0.0880467782907049
0.40154256066919863
0.4015425606691987
0.4015425606691987
0.1606170036475398
0.0
0.0
