0.0
0.0003023695021455359
0.0012063009890453291
0.0012838122705772226
9.847489787642983e-09
8.805975624891767e-06
4.704260325445546e-06
5.692909815816277e-06
4.993472684072604e-06
4.020768840146297e-06
2.022831545210886e-09
4.257636827271794e-06
4.558318100014555e-10
2.7058055743772186e-06
1.8252148134412718
0.0
1.8251948854878233
3.466257584694278
0.9127079500279005
0.6530359449382801
1.046590461762077
1.8635897385872935
1.0463948905741396
2.482666164613235
333.55780963762555
2.7198388852811976e-05
46.989131862890396
1.0852834508122073
0.00011303602239441073
0.6895598180657125
0.0
0.689559690393472
0.436861695061936
8.79862227853842
9.23725586604867
3.7414809471127954
5.908202953654064
20.457306489195638
54.365403257859285
19.82343305322188
264.1024930451367
1.8145023427206555
0.8663887537135224
1.7305092696933344
0.00021521120671469043
0.0
5.507094941900576
4.585316634830324e-05
2.6097512126514987e-05
0.029896402412365543
4.32578215502598
0.00010777078993784209
10.673367397856998
9.568179432639721e-10
2.697319974080438
1.2438991542433513e-09
0.000129417173081555
0.002101563434233388
0.00014796790236625603
0.1878945556441323
0.0
0.00021857114102238274
5.021532663459416e-05
3.7231108714017226e-10
5.319531984969062e-05
4.310445930322104e-05
2.795824081991379e-09
3.093500031470328e-10
2.2159077408228295e-08
6.460879684494644e-09
6.459606980372552e-05
0.00022411059624911927
0.0013750213780827593
3.935755804431932
0.0005316540584479393
0.0
0.0003716883173769472
0.0003038051118585482
0.00034225225121334676
0.00014525363265434043
5.157533040989939
0.00012159860043723895
1.2734873217751796e-09
6.016714907548508e-05
7.020554824738144e-09
0.004453346426242833
1.1546829779640671e-08
6.919711044692213e-10
7.986007753781591e-05
0.0006742578256459305
0.0
0.00048494553343237886
7.675628899771745e-05
5.980596538311366e-05
8.167145901664744e-10
6.36267879034779e-05
1.1005834645286478e-09
7.110835088165182e-05
1.204760678253509e-08
0.0021753857311846213
8.762961570294129e-09
0.0007154653826957737
4.5173330510081085e-05
0.0003347416090040287
0.0006225227707148263
0.0
0.10841551536422475
3.5397496390958936e-05
6.396004581536525e-10
9.821259673473953e-05
11.022856627420827
8.4128132450221e-05
0.0007458937294511531
0.0004024082085758772
1.2472680996781806
1.715994844398604
7.911166787909609e-05
0.00024100193665896102
5.045489705720259e-05
1.2758756374510597e-09
0.0
6.001856755240719e-05
4.2471777806527074e-08
0.00015648333833339912
19.013143168735894
0.715882890766124
0.001130450859297077
3.636281410565123e-05
0.00014924181337179986
0.000307043974211739
5.3554921006242194e-05
0.00021915297157437528
0.001423615709528076
0.0006768800638224308
5.3080082445314146e-05
0.0
1.2974734800780354
1.8282366165001898e-08
3.1980037653275755e-10
6.525380139221536e-09
0.002053969625378912
3.016425470512608e-06
0.0011109892697360405
5.229269761505823e-05
4.263980399483085e-06
7.952546076328505e-05
4.022933411297668e-06
4.420260370087963e-05
0.00045758545989689096
3.2516499960606726e-06
0.0
0.0006795717910900423
0.6720429450864176
4.318038958385265e-05
0.0985887374081008
0.000744614810602781
0.0008197806134696105
0.00043532997413646803
4.7163177698575495e-05
0.0002592313380712769
2.4486990708620107e-05
7.22568296194159e-05
0.0004058257872420702
3.622753671672742e-05
3.2650464474636456e-09
0.0
10.988736007118332
8.44677187172846e-05
0.0022262348478880698
0.001131365497157869
4.213074270474988e-09
3.5714168514766304e-10
2.112769555847486e-05
3.2755023910174066e-05
7.014404129740515e-05
0.0003884935793155617
1.471544249218491
1.7080341873151576e-05
5.72914069128633e-10
0.0003820955173959408
0.0
0.00020246355267740731
0.0022675541718599136
0.002200984437309492
7.021610809875079e-10
3.625055229985626e-10
3.7614215464607594e-06
6.061506955431271e-06
1.484821405099447e-05
0.00032749698580368395
1.7792701319072025e-05
3.0019082601255636e-06
6.475351893246372e-10
0.00018764375245508937
0.0009149404193542714
0.0
