0.0
4.2851643930156136e-08
8.388393093658462e-08
2.0167746876455785
2.4340713718698248e-08
1.898412889713344e-08
2.2609552423606476e-08
1.9353541916088054e-08
1.9327100799285284e-08
1.369919463430807
4.492004648732043
2.082869599124895e-08
1.94222500757858e-08
1.2002741650479144e-08
7.668756260445034
0.0
6.981042672107652
7.5748654656203325
5.262988914905922
3.8260270611019704
19.451729314034033
25.078377915484722
4.447296693118654
9.909163727743685e-09
186.42052124345713
10.450708457161756
123.49041914835817
2.849656693224604
0.33758230649840393
3.2758966641518983
0.0
2.2978870894840804
0.3702277433198491
9.982375987893825
11.193485954093465
8.829691765643508
11.892017562804426
49.646144070115085
11.023390965337667
18.964830316368467
221.85204198719322
7.5001087892123195
1.1246762203376844e-08
0.9470254089449186
8.818635930039192e-09
0.0
7.276851778373641
2.3651442634050704e-07
0.9991814886088666
6.435311743874662
1.0375066189281656
3.7955872274268545e-09
68.20132080978402
0.3299521754716631
7.504361554619765
4.224417757590474e-08
1.6725157308126565e-08
0.0010362591704347476
1.533139800474645e-08
0.6542488006923888
0.0
0.0004229311032641792
0.0013252003312824044
0.054514803498876774
7.566253779270402e-07
3.97273174653566e-09
0.0564768434662808
3.2041306586436334e-07
0.04227095429679213
7.773823634384655e-08
1.367631203665097e-08
2.15307860286917
0.8801904864384917
0.09409997321289276
0.0004633302239648033
0.0
4.838057892268918e-07
0.042251102925406805
1.1162705176160855e-06
2.9762382802314975e-09
14.845866041314615
8.747392290870189e-07
0.03666730916511722
1.2279504486437032e-07
9.748433819860972e-09
0.7456750784867476
1.5496193645310724e-07
6.42391042542902e-08
4.817648801923307e-08
9.451145709236306e-06
0.0
1.2211549414744467e-08
1.838657613889519e-08
3.0252922164067117e-09
1.9617230439691458
1.3192096968718307e-08
33.6444904176582
1.3865825663022864e-07
2.0694441724312774e-08
0.04889158187735454
3.559496187901648e-08
8.710163332715002e-07
1.668202212590734e-07
8.917049659408333e-05
1.0120144378416338e-05
0.0
1.4619406758612075e-08
3.3812823818627115e-09
1.225602974517653
1.5725923939294724e-08
1.615019671949059
1.7134899856262594e-07
1.3316112285339005e-08
0.8165822058148968
5.824639316492767e-08
0.007876255575266508
0.13090093938585534
9.50727332951723e-05
0.1173558623669479
8.524981951351721e-08
0.0
3.1311197679695874e-09
2.953289145740107e-06
0.00012028614476810201
2.0652051622827017
0.40835753973685834
3.895972486681714e-07
0.5144789023302571
1.4888841291366336e-08
0.0006694038946062625
3.5916803050305907e-07
7.193833388386263e-07
3.3133866528738857e-07
0.07574365621335012
7.543875622643451e-07
0.0
27.54818348096898
3.202596416934325e-07
0.053261165614635654
7.631913153255219e-08
0.004091564157053175
1.0141990656840967e-06
1.7855048946090888e-08
0.00044186644056767784
5.2145049577609985e-08
6.18332716954089e-07
4.7109168939815966e-08
1.1286965846869141e-05
0.0009048077777223362
2.805418740548078e-09
0.0
0.0013045787934143857
0.1683093672309949
1.2609642589169813e-07
9.310841149832044e-08
0.07910928088206826
8.677976932883824e-08
9.662907616344658e-07
0.009163473211221768
1.4375796388444648e-06
0.09023610042456753
0.012014640393378538
0.00017473342057885608
2.253814582357267e-09
60.25698731501099
0.0
1.3310141230047092
1.6265703555895e-07
1.0079480129611881e-08
0.0004720012097058355
9.266510428313925e-09
5.967128598761809e-09
8.62283020001151e-08
6.6270857919099e-05
3.818955357557086
0.00024128358020672404
1.9461325657751094
2.8044257346678573e-09
8.8281180806168e-09
0.00024347695688997477
0.0
0.00021319654892307488
8.57978152381201e-09
0.00021888470271568835
6.45052608758251e-09
0.000387455445258659
5.623733491410787e-07
5.3501759276984495e-06
0.29901935185954676
7.2501398271277495e-06
1.9185711839501337e-06
2.99465760218803e-09
3.1598345790304414
1.5502135198235015e-05
0.0003374234438916593
0.0
