0.0
11.466509409052613
11.466509409052609
11.466541574779926
11.466541574779933
23.999759854417718
0.0
46.29584330906116
46.29584330906116
45.71009167064684
45.84992994365245
63.494900175047
0.9657036133605116
97.51135522910849
100.00000000000001
99.99999999999987
99.98786703679536
99.99999999999997
0.06897882952575117
78.818488356808
80.2949041622916
83.42217258548385
100.00000000000006
99.99999999999997
3.3859812574385155
67.30332155314765
67.00677630508459
55.05396075758536
72.3380124103476
99.99999999999999
0.0
1.0022652532576057
1.0629877326539698
1.0806040075763137
1.01988152817996
26.59274969877272
0.0
0.0
0.0
0.0
0.0
0.0
0.0
0.0
0.0
0.0
0.0
0.0
0.0
0.0
0.0
1.1060850605365256
0.0
0.0
1.8782616702501476
0.0
0.0
0.0
2.1736031761605448
0.0
3.0170028130108695
0.391184002050186
0.0
0.8866465173271156
7.191734678938207
2.162383375425722
0.9475653246767236
0.0
0.05997380512690778
0.05997380512690778
0.05997380512690778
0.05997380512690778
0.05997380512690778
0.0
0.0
0.016523887717175945
0.06609250999865103
0.0
0.0
0.0
0.0
0.0
0.0
0.0
0.0
0.0
0.26665900367288414
12.799829034719693
12.799829034719684
12.799871922356107
12.799871922356116
0.2666536427183308
0.0
24.084935526367154
42.0141713658265
42.01417136582647
41.4770983256437
41.59945681452361
23.954486583129075
0.13983827300564552
40.245712295647586
70.54901684023142
66.76133733896992
78.48972747997357
79.99556640734535
41.50257480851651
0.0
57.328876170891654
75.84569719486686
74.48952750379705
72.98719636570202
66.42040843495009
48.366244766429816
0.735985961970912
50.43955942218429
60.569031086680795
60.3095539946262
64.57898821935494
56.94248052925263
55.12839383354331
0.6472254433122899
0.0
3.574713273439973
3.579050593396853
3.5359786616944016
3.531641341737519
0.6206233187567091
0.34457545361963193
0.0
0.0
0.0
0.0
0.0
0.0
0.0
0.0
0.0
0.0
0.0
0.0
0.0
2.613799320173258
0.0
0.0
0.0
1.2640972120417435
0.0
0.0
2.4806272460905463
0.0
0.0
0.0
0.0
0.0
0.0
3.1804309760501703
0.0
2.7216901984228494
3.2440613297997256
0.8447880467685538
1.5702261063998293
1.5702261063998293
1.0478549750229538
0.0
2.7347964402970533
0.0
0.0
0.0190570915221144
0.0190570915221144
0.0
0.0
0.0
4.0709416444298245
4.0709416444298165
0.880691684312974
0.3218933017157387
0.08498831915557765
1.3658751392617388
2.561015886115758
2.561015886115758
0.0
0.0
0.0
0.0
3.733226051420377
3.733226051420377
3.733226051420377
3.7331509980566318
3.7331509980566313
3.7331509980566313
0.0
36.12740328955071
36.127403289550756
36.127403289550756
35.53843473186525
35.538434731865244
35.538434731865244
0.12235848887993983
52.09982062164351
75.20535129232519
64.02446824890063
44.44357929208197
38.72900193484509
43.75547351037538
0.0
61.93766685091177
75.68994253429601
66.84598254113587
61.22569194434083
57.956215822892354
55.27570830449121
0.643987716724548
57.52044182194593
56.95823395229896
54.37253146532782
57.91498955394473
58.7458847629951
51.68800687150359
0.5663222628982534
0.1564261175789562
0.0
0.04956862228147518
0.9309349781350639
0.9309349781350637
0.9309349781350637
0.30150352191717794
0.0
0.0
0.0
0.0
0.0
0.0
0.0
0.0
0.0
0.0
0.0
0.0
0.0
0.0
0.0
0.0
0.0
0.0
5.9504985674977
5.950498567497698
1.617858752273952
0.0
0.0
0.0
0.0
3.517257895848706
3.5172578958487084
0.0
0.0
0.0
0.0
0.0
1.814665040175992
1.736722210119007
0.16120845769583908
0.0
0.0
0.0
0.0
2.343396482332463
0.391542980453644
0.0
0.0
3.892899899262966
3.89289989926296
0.0
0.8753799354270178
0.31658155628168205
0.07436477926113044
1.1951407468540212
0.0
0.0
0.0
0.0
0.0
0.0
