0.0
11.46649319575368
11.466493195753685
11.46652915604313
11.46652915604313
23.999736022739683
0.0
41.95581167918789
46.23154683868913
45.877545526028314
45.96205732465933
63.69474089033328
0.0
100.00000000000033
100.00000000000003
99.99999999999999
99.83437343403915
100.0
0.0
86.5408488545607
85.80642355549189
83.08356141168704
99.99999999999997
99.99999999999999
0.7301585605988358
62.19635228618856
62.467951933271095
61.25360509081442
74.90757988730434
99.99999999999999
0.0
0.2903489525045555
0.3350600829748587
0.2918235301490425
3.1121918101748953
24.413425903703867
0.0
0.0
0.0
0.0
0.0
0.0
0.0
0.0
0.0
0.0
0.0
0.0
0.0
0.0
0.0
0.6684670065619974
0.0
0.0
0.7237088525049513
0.0
0.0
0.0
0.03700227664336338
0.01233409308115185
0.7237088534749009
0.5921549421598589
0.0
0.266961034042351
6.896996108829527
2.514926753493605
0.8383089132667388
0.0
0.08307130853912248
0.1583701121034705
0.08307130853912248
0.08307130853912248
0.08307130853912248
0.0
0.0
0.023226621575831663
0.04790453595303002
0.0
0.0
0.0
0.0
0.0
0.0
0.0
0.0
0.0
0.2666583388128561
12.799811265075222
12.799811265075233
12.799859212127826
12.799859212127828
0.2666523454312816
0.0
24.051331125358324
46.231546838689226
41.95581167918788
41.63122946667276
41.7051772904749
23.97249372480067
0.08451179863086133
47.84980776097235
64.98424707543369
64.9842470754338
66.7044234281954
77.63214217322061
35.884536098493946
0.46786076325266523
53.15838353705929
75.65839766649843
76.54585738600574
70.74211675629674
66.17911620398627
40.375168075311535
0.0
52.265608214095955
65.39868829798561
65.57975472937385
67.24863932745767
55.24817214876231
58.86555890263935
1.2794960635173638
0.09272827248662235
4.385840351897442
4.389034004073896
4.385945678872051
4.587400556016761
3.069727939817327
0.5457294077794302
0.0
0.0
0.0
0.0
0.0
0.0
0.0
0.0
0.0
0.0
0.0
0.0
0.0
0.0
0.0
0.0
0.0
0.7639622932137113
0.0
0.0
1.1104891258205762
0.0
0.0
0.0
0.0
0.0
0.0
1.216216100509666
0.0
2.037121927066047
12.508068644630214
0.3050983246198297
0.5720593586621805
0.5720593586621805
0.5720593586621805
0.0
0.08757905987031113
0.0
0.0
0.05674632795236504
0.05674632795236495
0.0
0.0
0.2100026507199657
4.280944293407849
4.070941642687892
0.8806916807918935
0.3218932951603381
0.08498831597209264
0.06947476149139113
2.2145085477903135
2.214508547790305
0.0
0.0
0.0
0.0
3.733216743379988
3.733216743379988
3.733216743379988
3.733132836037943
3.733132836037942
3.733132836037942
0.0
36.07699668803743
36.0769966880375
36.0769966880375
35.72105115355169
35.7210511535517
35.7210511535517
0.07394782380200367
49.71686779191792
64.95660733914558
52.74701668891003
43.455464306439396
40.423762325238364
49.89824156278293
0.40937816784608216
66.84119326775611
75.43869447170903
69.8993234716966
67.55370754105607
62.72934167515948
60.61173101444734
0.0
60.00039031920209
59.63939540076593
59.63939540076593
57.002709474333656
56.08016142203454
51.50736403980943
1.1195590555776933
0.49250724939212365
0.0
0.04790453595303004
0.023226621575831653
0.023226621575831653
0.0
0.47751323180700134
0.0
0.0
0.0
0.0
0.0
0.0
0.0
0.0
0.0
0.0
0.0
0.0
0.0
0.0
0.0
0.0
0.0
0.0
3.596207836926412
3.5962078369264128
0.0
0.0
0.0
0.0
0.09132673121248477
1.7352082831047153
1.735208283104722
0.0
0.0
0.0
0.0
0.0
4.763982491520407
1.8251321823131308
0.0
0.0
0.0
0.0
0.005156961659372193
1.374206605057278
0.45266607847059004
0.0
0.0
3.981719740579698
3.981719740579715
0.0
0.8753799352034853
0.316581553325308
0.07436477647558104
0.06079041630496725
0.0
0.0
0.0
0.0
0.0
0.0
