0.0
5.3514770737126994e-08
4.481229612132363e-08
6.183357158601255e-08
5.349847933445429e-08
5.267782785270636e-08
4.2423434797337605e-08
5.683217464572681e-08
5.1231172928485904e-08
1.6663743017208487e-08
5.459485597465823e-08
5.306134083941161e-08
5.304016946736581e-08
4.6998108720941263e-08
1.229520291528062
0.0
0.7793833824695273
12.318130479914519
0.6099548354713381
2.753066501434569
13.277158798415842
24.37085358892862
1.0708522415208317
8.611014214105624e-09
257.4960021708055
0.48957786030516515
68.50472306593711
4.57143138655341e-06
0.5277747121901641
6.799786264472783
0.0
6.799786230769205
0.591628468834589
2.693850837916444
11.08442615137457
21.344622820130663
1.220289832155072
120.33322645260216
89.50642068869092
0.6560391052693089
44.10647927916844
4.539484560952918e-06
0.08106653830605232
0.8263268059786021
2.7516607683781248e-08
0.0
6.150355108927302
0.06617174953998345
0.9713268468819458
12.310822493883915
3.810895989375931
4.7589080853796524e-09
26.513994188582366
0.47930616298797535
132.29335521790398
4.194850047834735e-07
2.8115893403091867e-07
0.0004735297525941267
1.556824996129604e-07
0.4642971693399922
0.0
1.5224351070078139e-06
4.7445316125868295e-06
0.1256296390972619
0.07788376854886872
0.5863893178303033
0.12741334679509211
0.06370000035922291
0.12026751712862335
3.143322698299978e-07
2.2824996922409515e-07
1.9980184138026318
0.657664304557984
3.7452241135435966
6.135108547825074e-06
0.0
6.9130793712295414e-06
0.02280766669417545
5.970682238901768e-06
2.6758089798066566e-09
0.0230022022869169
0.07560520485167987
8.707364741963545
3.261463406901104e-07
3.164984662137448e-08
0.0635908015957431
0.06221153853977609
0.06371545376636131
5.400375211523297e-08
3.0995469250262694e-07
0.0
6.765299277346411e-08
6.439545429992907e-08
2.432807583500905e-09
2.4661280210745413e-07
2.6012643129486356e-07
45.78580055593003
8.500128931011378e-07
9.58228671411001e-08
7.732751224360474e-05
7.712178217363601e-05
7.677088575955057e-05
1.499221264486257e-07
2.124945325613505e-06
1.7447086715839236e-06
0.0
1.3193703563525525e-07
3.4475662398684863e-09
2.5593358090623484e-07
2.64103615781767e-07
4.149973839455456
7.216246436734879e-07
5.669428775187742e-07
0.4588131276850218
0.3848104292768003
0.17088509875950347
3.982286807704697e-06
1.6605293520992034e-06
1.631083091602032
0.15021589342564676
0.0
2.4772248501566078e-09
0.5761283299831943
9.126071129424213e-07
6.111791322744728e-07
2.5942122672729857e-07
0.03764014601588724
0.0649045612272475
2.2798113958885927e-07
2.209277623650167e-08
0.06759875427646783
1.5282267707130196e-06
4.733869215477634e-06
0.12023215952980938
0.06270406694643438
0.0
0.12246724232963037
0.055098930899173906
20.098085114455582
3.177086496005256e-07
1.5100199190977748e-07
3.0457614038405802e-06
7.838018423906096e-05
7.777071510542565e-05
1.7871222667733863e-06
2.606413230310195e-07
2.075107765419505e-06
3.5651389363035985e-07
3.096818629012279e-06
5.935418679946457e-09
0.0
0.00026302973226380647
0.275291810672894
9.751175038509279e-07
1.2135614084767404e-07
0.17058529853224147
0.1197742324660192
7.743181190803211e-05
2.4875522256608953e-06
0.23167232465538262
0.5615471022656074
0.003948082012053626
2.768807125848207e-06
3.2974372505217e-09
3.0625787169943517
0.0
2.4502780625380094
5.683623596502944e-07
6.799227591222921e-08
0.17995490943803658
2.820995324095321e-07
4.3481930675576133e-07
1.08191531438623e-07
1.889826017326216e-07
2.361193126315724
0.00022360912798402593
0.0001775599232932494
4.369271928692194e-09
0.6640815221152183
0.0002242538885966392
0.0
0.00022749921646483996
7.803613573680278e-08
0.009545149700759726
3.1681643920704683e-07
7.305968317958023e-08
1.2464409836633728e-07
2.9935295555978313e-07
0.1673664609192441
3.199900612286034e-05
2.65496438186569e-05
5.440215572893229e-09
1.1251034182452511e-06
3.2813717635657516e-05
0.000751664200970895
0.0
