0.0
6.735381688172755e-08
5.446781750546091e-08
0.8967666099390683
4.458385392501684e-08
1.995310659705725e-08
1.9420250380402707e-08
1.9272230664030777e-08
2.04808588788064e-08
1.6053857467134015e-08
14.199091969836338
2.4163229794919966e-08
2.070688011038919e-08
1.919726053789503e-08
6.238210201914743
0.0
5.146794024253525
10.037091754106052
3.9642404753565943
5.544259632207792e-07
6.2776357100936
16.89270651003152
0.9407368032583294
1.9590714921152123e-08
194.1841373604099
0.29611498455918034
151.0021874352237
10.576406104230676
0.23856465764197168
3.6019109884645086
0.0
2.4048563405828323
0.2709253131086441
10.852191999852815
9.81712942709665
13.729619909944688
9.194269777071431
51.57757724303903
11.304254390940313
22.82154851828686
211.67988853729284
4.765768662427424
1.3518315421665536e-08
0.721590205282167
1.37581736871802e-08
0.0
7.0274053177147575
5.359479234609429e-07
0.882929450400537
6.507766858071311
0.8983138940420616
4.857232704947167e-09
68.94253379296774
0.2918762794451
7.515991949849904
1.6107202464915682e-07
4.79664680286895e-08
0.000958737045520487
3.145585931395784e-08
0.5348500956009368
0.0
0.00020434986237793343
6.17166497455091e-07
0.0547139132098203
8.409314047734523e-07
8.810750663643454e-09
0.056395922379053415
4.158142520300823e-07
0.04204876925557305
2.3295990810056417e-07
3.757446108344954e-08
0.7767916557527362
5.84534663219446e-08
0.092626523262108
0.0004251692978878525
0.0
6.417512933185199e-07
0.04170420933139511
1.2293678405455378e-06
3.855885688412919e-09
6.347801714409341
1.1288787593444595e-06
0.036003291135651004
1.2399121264058004e-07
2.6046859239640357e-08
0.03701881513025096
5.965148134700092e-08
8.473763811281397e-08
9.245051681719463e-08
0.0002297780506563794
0.0
2.4701880391711283e-08
5.4642731541235404e-08
4.241959585144696e-09
1.836208511521761e-08
3.006284133306166e-08
35.45840412662082
2.7794415590393296e-07
4.5330699318763794e-08
0.0025518397961247306
1.9104633650509118e-08
1.049120893235607e-06
2.1353737545842993e-07
0.0003139185983463375
0.00040851954694483424
0.0
1.381560899666179e-07
5.491780220845673e-09
2.2007357421626086e-08
3.334440340508579e-08
1.5632098968112216
3.131595034898278e-07
9.151140916640643e-08
0.06546573115437412
0.3443198406542384
0.008384695753684421
0.05830679375025704
0.00047488268639714744
0.055602165864558704
9.73476621013351e-08
0.0
4.383979824851141e-09
3.1208397809673863e-06
9.597157203641584e-05
1.3677061015754788e-07
1.7004071558513108e-07
3.3642655414518764e-07
0.915536617807462
8.091399112006729e-08
1.8918241186864668e-07
0.6410256690754037
7.524020693621728e-07
4.379573987638437e-07
0.07588296614376631
8.393766897836753e-07
0.0
25.543566792572058
4.1548478863027474e-07
0.053697112684170586
1.9876050820979344e-07
0.0019022018641546732
8.977721140719893e-07
0.007053839442368164
0.0004355745966859252
6.51448298589108e-08
4.068978349484566e-07
6.432465067773446e-08
7.640015753331954e-06
0.0005240352726231828
7.080209425982079e-09
0.0
0.0010507719661430757
0.08737318602752278
2.454785563229907e-07
1.858560820426157e-08
0.0002930672173993643
0.05633797336004308
1.12054420198318e-06
0.0002918855845761949
1.4076471191351708e-06
0.09614015224711032
0.011450050723308547
0.00016288818895199481
4.184096481767705e-09
58.18773375731762
0.0
0.7110195956174888
2.987029732246363e-07
2.3470878275806596e-08
0.00043161362409697404
1.9616268110837194e-08
1.228225211367753e-08
1.1624136885819251e-07
5.8114431607798105e-05
3.7586590245011453
0.00022147101733245274
0.031032654968245216
4.990139554419367e-09
1.3104289325086984e-08
0.00022390178854469122
0.0
0.00022082709223539921
2.3176413284146458e-08
0.00013892601461741014
1.3773428168476965e-08
0.00038775371086444545
7.786299507108869e-07
4.469811477943313e-06
0.2913088605154278
5.60984631168277e-06
0.001996212173826747
5.605738951693385e-09
0.005624880680335884
1.1994162889781603e-05
0.000697736988244958
0.0
