0.0
2.312772859956601e-09
1.3450658388531669e-09
1.7763839939739062e-09
1.7514272663617431e-09
1.6608940097393406e-09
1.5158815403127088e-09
1.5352939698091989e-09
1.6752853090738327e-09
2.644522471152398e-10
31.01081649617082
1.6687590207165983e-09
1.96625935470661e-09
1.6347414265541952e-09
2.4125654472500466
0.0
1.4639854496304843
13.973604038519742
1.4722650079681248
6.168954324280533
7.170158505427724
24.857172875385828
13.983784733277105
9.288990320561073e-10
234.4929895754185
2.08250348146561
79.70690574104819
1.0579849959317833e-08
0.5453143219813025
6.9292467528418635
0.0
6.9242779610962115
0.5811402290816963
1.8427433410237897
0.6296781815484914
20.537702721811854
0.5598211418935799
95.15747401450943
41.77917325609781
2.6823925419859718
127.19724441089377
7.900130090909396e-09
1.3743999704565159e-08
1.638587852059195
1.3983962272874295e-09
0.0
3.349148850866287
2.009513563805355
0.2670297057671408
6.436458997361633
0.8327333657515319
2.5881153503130483e-10
33.52269272481557
2.6334476485053075
84.4813011687155
1.0327404374080749
6.263281599559956e-09
0.0001455445400977785
6.509541951645625e-09
0.1317063741799829
0.0
6.68763682455566e-08
1.6601648424071552e-07
0.13116294226953618
0.08150074143845838
2.7898884404399124e-10
4.004712716029391
0.06277738646951721
0.12620610482641045
1.0922992451851718e-08
4.610120558837417e-09
2.2553560568699544
1.021083147789719
0.2493756543634391
1.7413611303367036e-07
0.0
2.4116981636508857e-07
0.024948217216178743
1.6456095262715277e-07
1.6714318295478448e-10
30.726074591082664
0.004610300751387706
0.5658561222777575
9.559089376902687e-09
1.4483591094145157e-09
1.2061325211569085
0.1417743071413367
2.6689874641698586e-09
1.980241755790617e-09
2.5216493941641926e-08
0.0
1.9436296504933662e-08
0.017922222857668188
1.5394045257656455e-10
2.548231102605758e-09
2.704656551855697e-09
38.91351077530078
1.918477978904293e-08
2.6056685155718253e-09
0.0012437772600396766
0.0012492973339532998
5.136297193893122e-09
5.436495403807655e-09
1.1946938756605975e-07
9.690002188306884e-08
0.0
0.05144885382599286
3.124691985438018e-09
3.2156361988371217e-09
4.61796667631782e-09
7.218290058774758
2.0174810023914817e-08
3.4399595994784706e-08
0.07314880687424802
0.18160086722685287
2.527285649788293e-09
1.143104112651564e-07
9.354443995641707e-08
1.6081020357123967
0.15006698129791207
0.0
1.5859891522398043e-10
3.570005235096125
3.101247957842014e-08
3.579340945774469
1.3095115284476994e-08
1.4309278165556214e-08
0.07463350915635555
6.857466126309385e-09
1.313692238236342e-09
0.07729274473343681
6.685114303314727e-08
1.6506559523559326e-07
0.13124468808789658
0.07087896282961884
0.0
8.444242532070163
0.057020392352430456
4.132423957627844
1.071911179139111e-08
3.9734000537920635e-09
3.0572296135404903e-07
0.0013016019356257486
1.1312079180026617e-08
5.64220572761965e-08
9.326935941735521e-09
9.729451592750566e-08
1.9235695208922218e-08
0.00020893187400361485
1.2308638150391648e-08
0.0
0.0004317830834692323
0.45027956053255996
1.5492974964501766e-08
4.2711224731738255e-09
0.16249302821945244
0.06323135921008109
2.943789830156248e-09
6.786502213394924e-08
3.3423116077539955e-08
0.5548840185277191
0.004876090693895785
1.3054680664670518e-07
2.683662820517673e-10
8.978204519524335
0.0
5.728220136507209
1.8610231001971003e-08
2.809831816137693e-09
0.12050260847240789
1.3244550232608622e-08
0.001293610278555144
2.110692983344986e-09
1.001476512619908e-08
2.6566108377161015
0.0004633127112945122
0.00013601538750278777
2.3192163891639583e-10
4.628909068925757e-08
0.00017199662450475737
0.0
0.0005596488715711979
2.0396491437706056e-09
0.007567820339171503
1.1790412459355418e-08
2.1069283282824096e-09
1.941559804462001e-09
0.1963575594389782
0.19417174902306022
2.4478356726401855e-05
2.0002297964065628e-05
2.753588165115056e-10
2.7417392063197875e-08
2.4507881658929953e-05
0.00010956956348264675
0.0
