0.0
1.866056819469407e-07
3.4199883406769455e-08
0.6458250991298076
5.759193491632865e-08
4.953713258360506e-08
4.418881221737037e-08
4.4121909685385845e-08
5.100173824552956e-08
0.8731890535269967
9.42831612922778e-08
5.5569335096938895e-08
5.3073665160044664e-08
4.911094045330404e-08
5.941227412503766
0.0
5.65844000194497
10.865558826771949
4.296566965301606
9.575576143207714
21.97709804846882
27.560450424505625
7.422287793405031
4.348701746140342e-08
186.78648009443606
6.1588889153057425
106.2293904498431
6.834234193422878
5.0674058395649096e-08
2.832289268441937
0.0
1.943206269603116
0.03256158804442219
8.111023055303509
2.960993326808168
6.83170495178155
7.673199401340609
46.65846324686662
11.475555089384791
24.7487733849555
245.86809585702014
4.632142745161286
3.083194036607626e-08
0.7138916387637252
2.9488980929868985e-08
0.0
6.0606254411225065
5.254007694405419e-07
0.8667742771708792
6.528202431481666
0.9073682901990019
1.0854675380422391e-08
60.35387973746444
0.29456997196547113
7.501529113393547
3.357190265172403e-07
6.636409548390415e-08
0.0007711700055318777
4.9744237062534654e-08
0.7297129002350692
0.0
0.00023736806257777424
1.308272898509791e-06
0.054742496205671
1.6711478989165492e-06
1.1171095783895662e-08
0.05622420627069334
8.57862112071892e-07
0.04214065014512704
4.6983387393960453e-07
5.3266311630469425e-08
2.4094053133566438
0.28387517892616765
0.093773537377738
0.000517993876979028
0.0
1.3210963540185261e-06
0.04236423642604897
2.446037435473213e-06
8.741226823849554e-09
5.8261015784585375
2.312579350576243e-06
0.03617913932234185
2.6168608843313253e-07
3.3119818721436433e-08
1.1237749564445585
3.3638105692924455e-07
1.6855808566428062e-07
1.3000749877821728e-07
1.2865528592647718e-06
0.0
3.6695510695624255e-08
3.5149602362221145e-08
8.477541888268997e-09
4.2261277842723425e-08
3.973195938612795e-08
35.45719670157692
5.976337612585894e-07
6.437164773852134e-08
0.03122687816455761
0.03131981503971354
7.633205715957955e-06
4.375523579355099e-07
0.00010112392794244188
3.0946739998188183e-06
0.0
5.2278433814257824e-08
9.715180751605702e-09
6.142154957873965e-08
4.6519162411976814e-08
1.5462407815548633
6.510597188678823e-07
7.577745357514121e-08
0.5943210604058101
1.2995355299849288e-07
0.007836100084046853
0.1401256020217046
0.00012621222821320615
0.12286636971957171
2.143465101608394e-07
0.0
8.79520588073727e-09
11.867947822568865
0.00015412201214388128
3.2952937007408373e-07
3.360174332695704e-07
6.409457640664581e-07
0.5398222824112903
4.361740269373545e-08
0.0006056140281128255
9.186742473900911e-07
1.5755794685088892e-06
8.998530183744543e-07
0.0759957878255411
1.6679681312756653e-06
0.0
58.91210131788145
8.562561280484878e-07
0.053551162584216126
4.1088563118985913e-07
0.004554574969860662
1.1756087009574816e-06
4.456863134601331e-08
0.0004369496763357735
1.415578078219093e-07
1.046423236914953e-06
1.332019751297533e-07
1.7836576058557206e-05
0.0010078059233620841
8.683499765095307e-09
0.0
0.0014544072064016516
0.08759552087614388
5.289910633116408e-07
7.6853733881518e-08
0.020400635430496996
2.610161795592587e-07
2.3781463265777085e-06
0.009722515723399926
2.9474120872545726e-06
0.10377731345033767
0.01197794634814454
0.0005715311328117881
6.7440841564466125e-09
52.73777765175991
0.0
0.7169560535287096
6.234759597411926e-07
3.3127265302789296e-08
0.0005237552358949121
3.876772130404749e-08
1.666959810825286e-08
2.2219383644657337e-07
7.964155526703169e-05
4.2306714101180205
0.0002673048696945505
0.00016813054819736611
7.676651580720569e-09
2.4964380491636418e-08
0.00027135986105042355
0.0
0.0002382902595274192
3.221160029685233e-08
0.00032454155398154333
2.7640206110239526e-08
0.00037933232050022057
1.445378323367001e-06
7.99523388215816e-06
0.32830492757310925
9.698247942425323e-06
3.5530693622452033e-06
8.379283508347286e-09
0.005481926338330397
2.2043557839475634e-05
0.0005729099088361558
0.0
