0.0
0.0005531244970588059
0.002206660476471731
1.0599264130018116
5.8417476660620146e-09
1.3966922478410697
0.8458123898442281
2.748049104701109
0.8459903839195138
1.954766422256976
8.285443799880874e-08
7.77472976591511e-06
2.5521547012241305e-09
5.221445538939681e-06
3.3194776319628883
0.0
3.447942113575065
6.257916539247134
3.2985535238065795
0.9533856294790222
0.9313553234499334
1.5194927349164284
0.9090723513194913
3.7301551906449095
325.85325898719753
1.8257055938346936
52.010719679532144
0.6945529968325965
2.0831548632635424
1.3651673712290675
0.0
0.4224190225380255
2.082982854555098
11.017989230277834
8.190519316902092
4.29466298650748
6.492837870077753
17.27122977018501
54.207111815119944
10.854026108936143
261.110897067325
1.2656259418894338
0.002391235792525133
1.8482540411148116
2.3005009095612177e-07
0.0
5.7374424997406575
8.419551341463317e-05
4.7598862713184434e-05
0.0007980888673859347
0.3221565080306717
0.00020681148207287041
6.175031826647552
1.5429225394651809
4.220946900887444e-09
0.9229962957903359
0.00023737079531036668
0.0033462294740546294
2.784150191561243e-07
0.003324771751863796
0.0
0.0004018641018550754
0.0020418371799979787
1.4046064801784113e-09
9.702658409580548e-05
0.0007518221916394737
0.9697299833294855
5.294991426550942e-09
5.670363438141133e-09
4.766362954647068e-09
0.00011804918256474783
1.274034317896048
2.8977038878165153
3.495015566754074
0.0003092689884024025
0.0
0.00026920014711262605
4.7439188302635064e-08
0.00030339608439508174
0.0002102484758369048
10.23611316171075
0.35085683773177573
2.8577421867849307e-09
0.38484063979620853
5.261861915116785e-08
0.00543311755317763
0.2207265693216834
0.1493598675665809
0.00015206188630287418
0.0007849624713662726
0.0
0.0007313674556840611
0.00016589246883934154
0.0001092149562943663
3.2706716668950006e-09
2.318634271368879e-08
2.802000521496148e-09
0.00014569705712405497
2.142583070518934e-05
0.004630170858584446
3.3857057130905506e-08
0.001342817375362248
0.00011804632617311582
0.0006677851440073689
0.0011408848430888964
0.0
9.095166614439528e-05
6.431350285654656e-05
2.410506558926538e-09
3.6157813154379214e-08
9.062538292844973
0.0001658411578879081
0.001304637976354839
0.0015046418418394147
0.5050420508823377
2.159153464184184
0.00014587088588596564
0.0006176435616540404
9.174536617839449e-05
3.852746993041083e-09
0.0
0.00010947142146799395
0.0008378456249103982
0.0002860324599608888
22.445176236995867
3.743338264923753e-05
0.002840555641410186
6.634969452599376e-05
2.8042048841303094e-07
0.0005640637037732488
9.769255349435675e-05
0.0004029697691981731
9.143045679645947e-05
0.0013015807361859309
9.683591160671313e-05
0.0
24.024952377628484
5.254800736082157e-09
5.153866672398844e-09
5.303851624503108e-09
0.003784122638254203
5.494111260119427e-06
0.0020321132646013446
9.556738275769577e-05
7.759808433906053e-06
0.00014457190980722123
7.321725440941054e-06
8.817215623789442e-05
0.0007849289532949347
5.930895757595889e-06
0.0
0.0012433552109008073
0.5664086051190287
8.360453650724321e-05
0.002634270600205646
0.0013574139058987072
0.2878128693865618
0.0007950994335380923
8.724961175193633e-05
0.00047571866255457016
4.4574478506693284e-05
0.0001478846292828923
0.0008397110990659978
6.603482656729743e-05
1.4453642365029477e-09
0.0
8.76898981256083
0.00016627804207159765
0.00273722750886187
0.002074113034546953
8.02378258292151e-09
3.850350864857312e-09
3.967305225576133e-05
5.97959753742287e-05
0.5836789040726633
0.0007157949475223793
1.5863627430082607
3.11443702048684e-05
1.771701576617479e-09
0.0004428265247253262
0.0
0.00035692254724559104
0.004245216327569064
0.004016113051121215
1.3371813889629925e-09
2.807589556126228e-09
7.07524035518518e-06
1.1063781727370193e-05
2.710773537123919e-05
0.0006467110369314567
3.2483318797521124e-05
5.475177440694373e-06
2.01795013065295e-09
0.00015861458647865347
0.0016750916603559623
0.0
