0.0
0.00021869782203053079
0.0008722641215744836
2.051616453394668e-09
1.3047230838853142e-09
6.371292581099695e-06
3.4048412119418037e-06
4.1198988644147355e-06
3.6141948004521134e-06
2.9100471313852336e-06
16.35279578582431
3.0825173228278816e-06
2.8214513762406744e-08
1.984607658612362e-06
5.466325586669509
0.0
3.1255219777013643
6.918652620814915
2.3363259717577467
2.3930719635640227
1.9268689949362299
2.7329532278228683
1.9260637738728643
0.03465921983851127
283.2081752402639
0.7402132794350909
86.89283618999207
0.8233491057526077
2.6609588410822407
1.8061980335152588
0.0
0.9827581380425339
2.6608902999847452
13.09729901537607
11.230175498195456
6.569007825164567
11.222054279119307
21.21123352674802
55.210632251641805
19.623321896879347
226.27812588828164
1.2722324115021777
0.0008949925921079484
1.966724381639076
0.00015581907370689353
0.0
4.025716907548416
3.3180683497111296e-05
1.8888278123721884e-05
0.12276049396551965
0.008948077591428946
7.79711606959994e-05
17.803478313998355
3.4096884476464963e-10
0.3714119990302601
1.0524163248027709e-08
9.371763863978175e-05
0.000856866436664465
0.000107359926248253
0.0020220778561142482
0.0
0.000158343534296864
0.0003015958485646857
1.5178073224225892e-10
3.850212885354187e-05
3.119812491115399e-05
18.490601272841232
1.254800453025104e-10
5.97360864795655e-10
6.632217769904055e-10
4.676290755264896e-05
0.19623528882865066
0.0009941722215584185
3.0274998359170198
0.0003000670624567053
0.0
0.00026898526028882794
0.0002195951810619261
0.0002477320810782317
0.00010509137525588001
18.769780826092695
8.80175020710832e-05
4.161755981876378e-10
4.3502063948226046e-05
2.2075873849347645e-09
0.0029301040942022443
0.018772931020847483
1.8882300393405037e-10
5.7892015825425376e-05
0.0004561472399120611
0.0
0.00032517314237204883
5.563374678759763e-05
4.329682708738861e-05
2.1614212674141642e-10
4.6010662640704225e-05
3.8705927654744873e-10
5.1417800375372104e-05
6.846064656987143e-09
0.0017853156219513595
6.3457603446782904e-09
0.0005171860674074978
3.274708286820075e-05
0.00027263649143925684
0.0004951174684808919
0.0
3.1674882803961384e-05
2.5630331286058445e-05
3.2358961646119455e-10
7.101602954207508e-05
7.621811569598948
6.0827276108559606e-05
0.0005392639771533613
0.0002909430103276545
2.3462838413707865
1.0541397494209703
5.7291948207171205e-05
0.00017448656610109353
3.651787542659866e-05
3.6863632960461415e-10
0.0
4.345131636762169e-05
3.226594893646556e-08
0.00011323643777997706
26.870059559253818
0.6797960585101466
0.0010823940347901154
2.631826748914289e-05
0.00010800926209245504
0.00022219959341950504
3.876362796733999e-05
0.0001587795201904633
0.0010312181553611848
0.0004892687998787284
3.841872854156391e-05
0.0
3.7916884196241145e-10
7.799280296601519e-10
1.5027391945802524e-10
7.129885600325113e-10
0.0014974695965672602
2.1823580965740436e-06
0.0008031464413648835
3.780724437257014e-05
3.0858678789425437e-06
5.752896063247126e-05
2.9098487626509166e-06
3.252518165121791e-05
0.00031118644066750983
2.3542463324847305e-06
0.0
0.0004918711760163923
0.4763632179483295
3.1212617299285e-05
0.0010457295549579685
1.1480523610365279
0.000592862728569535
0.00031471446639672165
3.416195010799341e-05
0.00019076235544270663
1.7722695568625427e-05
5.339050492936708e-05
0.00033202108823706555
2.6232644049025485e-05
5.454333141714316
0.0
6.6055700296156985
6.107034245078535e-05
0.0016063560905001466
0.0008179103121163467
3.2303432056931347e-09
2.970828789282904e-10
1.5312780293372272e-05
2.3715784343330443e-05
5.075491364020208e-05
0.0002857829005624473
2.6725302536594384
1.2368753136746731e-05
3.2738505807512834e-10
0.0002766190031725294
0.0
0.00014655035039547813
0.0016381861898157979
0.0015909857351417138
5.382896663920282e-10
1.313259798555047e-10
2.72711926530414e-06
4.386987859245341e-06
1.0734530138816758e-05
0.00023972103565941783
1.2862703793138419e-05
2.173591856381394e-06
3.765458542507098e-10
0.0001355313412345559
0.0006618161573599915
0.0
