0.0
2.5774627850916862e-08
7.316984173650144e-09
1.3189330983757309e-08
9.555553560555058e-09
7.026877861869908e-09
6.37646197687056e-09
6.796816709681452e-09
7.114190435490417e-09
2.526138337309903
5.022250986698359e-09
7.264439799858801e-09
7.006496973984476e-09
6.228888014893751e-09
3.7132172664155605
0.0
2.0705378232728493
30.370068777299508
1.7359246228890344
8.719606015892147
5.032035668058122
33.239070104015916
5.896101842372362
1.856592767020781e-09
196.6291834381861
16.73086951044018
78.41538713208627
6.312195300056645
3.05609897537376e-08
3.8886916683372004
0.0
3.3899540663656302
0.15884984391740437
4.350047552689403
8.247227801997894
13.578205330560714
6.357818880390285
67.77710570461556
51.44696376149639
13.864174107857304
170.99263869897453
4.023206108766274
1.7286592189722155e-08
0.6771076978562778
6.640466571904673e-09
0.0
6.771488809062131
2.2016390357967306e-07
1.689188059924053e-06
6.389843647888611
0.604708817512588
1.2810464079245569e-09
34.85962757909306
0.17942069773118666
58.244069640566586
4.934907401376899e-08
3.066841837865324e-08
0.001380293460188773
2.5824613425118365e-08
0.8061794492065992
0.0
2.917387446240535e-07
3.1701424937133807e-06
0.10044792510588071
0.05857675225493462
1.4311338182985704e-09
0.1019293985457331
0.0545714148667924
0.0948990628565345
5.4021325774943315e-08
2.5005037041290778e-08
1.4168600955678166
0.6024888962249665
0.3354956936191485
3.062097118010759e-06
0.0
4.8018586102671814e-06
0.022251914994068485
2.813500648872504e-06
9.538319760952628e-10
0.022352930520559873
0.00836589247372515
10.765833188624093
3.862330612771118e-08
5.426938676383744e-09
0.24103874736317413
2.1071625352228346e-08
1.610980864307281e-08
9.228077874093247e-09
1.0754504384365966e-07
0.0
3.4827165204990297e-09
4.091555125734828e-09
1.0162935927250718e-09
6.741045853081186e-09
7.198824002307433e-09
40.94154165500723
7.741736523527731e-08
9.439734597911341e-09
1.4525582363134205e-07
7.89238402813503e-08
3.7269730826156486e-08
1.1168995373718425e-08
0.0001003207818402049
3.2684144463026216e-07
0.0
5.8168524681718645e-09
1.1731999049472887e-09
7.892045042118541e-09
8.502178638908825e-09
9.431355528731054
8.639944451233746e-08
2.0682000212172588e-08
0.9072796761621386
0.06642316982560573
0.06589606054562037
1.9649487662795765e-06
3.181754409706731e-07
1.6492806262593476
0.15044238986098335
0.0
1.0662747687527967e-09
7.036698277303534e-08
7.08948214766772e-08
7.085781540966434e-08
2.7573387098941047e-08
1.9862357330750323e-08
0.051921986446544985
2.5812753859296388e-08
5.704910524248825e-09
0.11196233161215388
2.9155406141091517e-07
3.1434378635439227e-06
0.10454249448632769
0.05060764234859721
0.0
28.813441165005496
0.04970526860632275
0.09453633994949967
5.413458472941137e-08
1.1045668643338248e-08
5.557103438285523e-06
2.003440594980665e-08
4.857519753848364e-09
2.753797600591337e-06
3.7467378119596455e-08
3.654860128684018e-06
4.770707660430534e-08
0.00030192342155509286
8.296361651286948e-10
0.0
0.0008258891700512732
0.5845607767507754
6.778143132144889e-08
1.18685465278711e-08
3.944100114583155e-06
3.897538073019552e-08
2.4713706226281918e-08
1.3199433515781316e-06
1.1953273077241336e-07
0.5667634348852408
0.0031531884413493827
4.629810932700398e-05
7.973633920993054e-10
34.989676638565086
0.0
7.958993273934031
8.100971022518263e-08
3.94721188449583e-09
0.2319073860547771
1.7300495646675666e-08
9.877942233878425e-09
5.312054999339598e-09
2.486297364262119e-08
2.9727192983302384
0.00025744954906624536
0.00020383876755227596
6.799704567235097e-10
11.347303817661107
0.0002575033410913612
0.0
0.00023258897090675735
3.556593416113133e-09
0.011071333142511991
1.679798952252677e-08
5.4704944789996254e-09
4.682208960904512e-09
2.0939174705773334e-08
0.22874592501302998
3.639174138369922e-05
2.9778340940592742e-05
6.787160179828934e-10
5.988526476819251e-08
3.6445404181958994e-05
0.000839236174346938
0.0
