0.0
0.0005462829743802704
0.0021808227059644395
5.3841348404194286e-08
1.7850427651017557e-08
1.591899504503246e-05
8.501572321431573e-06
1.0287147577065917e-05
9.024385248132183e-06
0.8402548351220593
0.3679637019595253
7.703316125599169e-06
2.359868596356219e-09
4.886614870678151e-06
1.5636858168298078
0.0
1.2590543791675521
1.936153278105056
0.7820243524313174
0.0342776805329887
0.33518548425228367
1.8458957088498011
0.3347957906762735
2.9276735035756656
273.8308094759227
8.391546214036357
102.59932683375324
0.8853907889254542
0.0002040648884977526
0.9018015483704511
0.0
0.9018012047226778
0.30392450049791564
9.439609805531177
9.412393434515348
2.8003181657635907
9.412786355678609
21.43635766383502
111.01636835346781
9.691080705934338
210.16573390026602
1.351259920053277
0.8889948187399067
2.165914578695275
0.0002832511187522287
0.0
5.421606010131486
8.282938187695878e-05
4.714034929481205e-05
0.7925725839156812
4.981420063544403e-05
0.00019464506645485281
20.151928509599294
2.779151447814616e-09
2.1890819579248116e-09
3.196514577288367e-09
0.00023396314138259553
0.0032432833830560474
0.0002813948095027752
1.0267546797844336
0.0
0.00039583600877518343
9.080359149456172e-05
7.878657978751215e-10
9.610354803506785e-05
7.786858055110916e-05
0.042717209105864705
1.780011001314835e-08
3.5980011938250187e-09
3.040008885714813e-09
0.00011670154608255375
0.0004048678635909912
0.002487162909278818
3.210305691906889
0.0009309571540167788
0.0
0.000671618433470736
0.0005494844695117746
0.0006175862168051753
0.00026243734859497094
5.016648256758765
0.00021972810047213846
2.129925582466603e-09
0.00010857848329740453
2.1876975643156233e-08
0.0073254894247053864
3.493700292491213e-08
0.10209233679186214
0.00014470810308764992
0.0011388542391781223
0.0
0.0008123494608336215
0.00013898524157953806
0.00010810435198167857
4.650175210852598e-09
0.00011484185410602246
2.3775645881016538e-09
0.00012841784010992325
3.7183456929892064e-06
0.004461479046395566
2.194209950704351e-08
0.001293389062255215
8.372422171304853e-05
0.0006786840490777297
0.0012366723951446374
0.0
7.914809288788938e-05
6.40045652686902e-05
1.4618684317636017e-09
0.00017727584027157762
8.723921264439308
0.0001518488742896636
0.0013481447077605855
0.000727425063008223
0.6751224242453576
1.740007919542712
0.00014308388965043244
0.0004359062013370158
9.117626655951843e-05
3.5242442589001006e-09
0.0
0.00010849199130848293
8.715182227355763e-08
0.0002829426354845119
23.794989500739547
0.9430283249423214
0.002701224681173029
6.567831815489127e-05
0.00028229335868804896
0.0005549134560599864
9.675286084686176e-05
0.0003969659280071609
9.05091536754487e-05
0.0012209492638171342
9.58952534500709e-05
0.0
4.71268331481842e-09
1.1744427488539666
3.4918468958321785e-09
3.1992648859549847e-09
0.00374473935932149
5.44909290302507e-06
0.0020082257030450057
9.453690437997354e-05
7.705772670187518e-06
0.0001436379644784362
7.26607628840114e-06
8.119869417095918e-05
0.0007770701150531047
5.884674745212965e-06
0.0
0.0012286764437938952
0.5452450550129305
7.793216368140302e-05
0.014156718043433028
0.0013416606687323925
0.0014823596066333069
0.0007870215681125895
8.535387781024622e-05
0.00047576536916605386
4.425333051580347e-05
0.0001332994921942155
0.0008294818365216497
6.552442385098467e-05
5.461776320026153e-09
0.0
8.664576556665555
0.00015245793049016264
0.004016218874483612
0.002045234354693788
1.0961470842370374e-08
1.027043741939485e-09
3.827641450215086e-05
5.9197938917928665e-05
0.00012675125653108585
0.0007138777969223907
2.111373799808743
3.0888006204701256e-05
1.4086861373827486e-09
0.0006910978523905115
0.0
0.00036598426222392543
0.004096170104055797
0.003978654707658229
1.8046385671941915e-09
1.2062920368607168e-09
6.818228161069304e-06
1.0957881493701578e-05
2.683501532524845e-05
0.0005981260912072227
3.21692663463748e-05
5.4307979416894905e-06
1.5586989309170987e-09
0.0003383605912301169
0.0016531294925894514
0.0
