0.0
0.0008693378130524794
4.827825870777741e-09
1.4350111970807244e-07
6.379628631189019e-09
1.1522966207013471e-07
3.2016366554321844e-08
4.203086363932214e-06
3.113042393388977e-08
2.085480773612311
5.814328541496295e-09
8.458661843866097e-08
3.035165471134483e-09
6.740478671559203e-07
1.9525309944411005
0.0
1.7981231648532359
8.505932222170173
2.060562393409826
1.31384023235919
2.7817844746217433
3.5190952804720794
5.680233824954126
4.894151916095224
311.77477220154634
1.8533975484310965
43.77750301255032
1.5549182759242577
9.88569067401268e-09
0.7533753576772703
0.0
0.753375189118859
2.2109727931104666e-07
5.630410439977075
4.780636747445677
6.814315717458367
2.1668829195174104
22.65812673275903
75.58026324206922
12.38982480317101
258.30534404118197
3.054676238193651e-07
0.7278851620994207
1.610178420501241
3.1826128333477134e-08
0.0
4.040510239356036
1.581330024327032
0.37127282283852514
0.35615301786819265
0.4097954478379408
3.3552243945545316e-09
15.231636343330987
2.4448613810731565
5.651915628059536
1.788471079781044e-07
4.9163080657616396e-08
0.0010209080275879916
5.5890889573247006e-08
0.07405183580465274
0.0
0.0001188057489815706
1.0058081430878712e-06
3.742868000643375e-07
6.825108040426642e-07
6.868088809129371e-09
20.325654772619515
2.796484708330991e-09
0.07448586265332122
4.033977892165467e-08
3.5790186433422965e-08
4.751581773069065e-07
0.0009113982254282029
2.4031510995927805
3.9352230927762103e-07
0.0
4.0327885734091136e-07
7.074381562832278e-07
3.926988080031377e-07
4.235596898419148e-09
2.4815434066277895
1.1293819231126565
5.262155696680714
7.979879375812742e-06
1.4081345511619798e-08
0.0013212073330765976
2.2475844437521474e-08
0.22758193134916727
5.848543971698628e-08
9.205877677959603e-05
0.0
0.00021563524516228703
4.5399706493589073e-07
3.946076427930991e-09
3.3781701756635385e-06
3.804152532189164e-05
0.21935999231462025
6.970149426151852e-05
1.1943386016443717e-08
0.0015505525411103414
1.1449207621419335e-08
0.0008424967462680872
5.5262714816442e-08
0.00028165318162511976
0.00043206588084430985
0.0
0.1193656203154894
3.765730973136859e-09
1.6158523043312363e-09
0.00012013741871196398
9.128226962884074
0.00010565384600016029
1.6026163229519016e-07
0.00032735345434792404
1.74989937017738
0.34027362117191495
6.784722904200777e-07
0.00018822675733223994
7.585669029197372e-07
8.263303266735954e-08
0.0
3.7265739432878064e-09
0.05907321361062164
0.0002801308760484889
27.79229615191593
1.2527496996527717e-07
3.765482671688769e-07
0.03183197397163665
6.609070711731752e-08
3.291661361416272e-08
0.07975923163183347
0.00012097409635271499
6.917495223311327e-07
0.0010215193358991703
6.761816661223679e-07
0.0
0.11104727877618703
3.1897653430684937e-09
0.1110186826451661
4.105865486505676e-08
0.0023126698756397324
6.547079758833346e-08
2.6735746301259047e-08
0.001226284301101263
4.585900685958845e-08
6.810849923035792e-05
4.7393311087667165e-08
4.2510098783575623e-05
0.00041028246251969104
3.94903998442886e-09
0.0
0.0007517145856687738
0.5713118902621327
4.070203490221737e-05
0.0011840105856935766
0.0007644368337633224
0.0009048904070052003
0.0005469759715946372
0.010144828430668534
0.10302582730974916
4.041763536365162e-07
9.355574331987968e-05
0.0004646792430015951
3.934236568577281e-09
7.392843376426777e-10
0.0
9.025621298218098
0.00010606537675753349
0.06038110451119854
0.0012012528053131316
1.4170928755800619e-08
3.5874132997307684e-09
7.099889936325704e-08
0.014558168147727842
0.6614772183007499
0.00048025569758952864
1.9708723194463391
5.448404005813099e-09
1.5031812857395326e-09
0.00045758214409365037
0.0
0.00037109786926181317
0.05762846893802407
0.0023685262691993283
8.855904949369952e-10
4.332019036674981e-09
3.2102670988738847e-08
0.06523225996711182
1.670481796203096e-05
0.0002332664948683679
2.1899645109232277e-05
5.5912618083096754e-09
1.6868126648586845e-09
0.00022171857124890257
0.0005146006904947104
0.0
