1.0709066174822546
12.18586459477117
12.238160534639153
12.115298259716072
12.115298259716063
0.4748339361772938
0.0
25.899159943204257
44.06824951062239
44.27891362455198
45.62366700525771
44.65933771808921
26.380589060226093
0.0
44.75297532415029
79.3312694014646
79.20793746133535
99.99999999999996
100.00000000000001
47.434841727054625
0.11504598702101615
56.79133737159787
100.0
99.99999999999999
100.00000000000001
99.9744556253975
44.04840236933338
0.0
35.86660359185544
58.978797352533206
68.20230229525025
82.23157578280284
82.3121893216666
57.70477697831884
1.214144731578186
0.03952353840162487
1.4000859456570662
1.400085945657066
1.0976012554718615
2.9149640774752568
4.013595701585194
0.6689326083273497
0.0
0.0
0.0
0.0
0.0
0.0
0.0
0.0
12.18586459477117
12.238160534639153
12.115298259716068
12.115298259716052
23.98995117336636
0.0
44.0682495106224
44.27891362455198
45.623667005257715
44.659337718089226
63.90129019973309
0.0
79.3312694014645
79.20793746133535
68.4565485903722
68.4565485903722
100.00000000000001
0.0
73.63366584643069
77.0220896782813
86.75025992138937
94.15385246566655
90.58757126018432
0.0
47.046715314011536
56.27022025672855
12.711555984679165
12.79216952354288
99.99999999999999
0.027177209915692682
1.3605624072554412
1.3605624072554414
13.926522712013908
15.7438855340173
62.57057351945755
0.0
0.0
0.0
0.0
0.0
0.0
0.0
0.0
0.0
0.2351136892225661
1.058011745623468
0.0
0.0
0.4439948928801424
0.010025769088708811
0.10643978758789344
0.10643978758789344
0.5363189590362437
1.2659817315351531
1.2659817315351525
1.2975536958866014
0.05373870959361572
0.0
0.0
0.1983129823087945
0.0
0.0
1.0867086040868623
0.01333381653966062
0.6173739802575939
1.0659356183441262
0.205706726279183
1.1500111683985994
1.1500111683985994
0.4368191951292694
0.013442698177658374
0.0
0.0
0.0
0.324892496613865
0.3248924966138651
0.05268516164042611
0.17718277988647502
3.3057903171790373
4.884672656526283
3.8148984683806324
1.1004349670587577
0.400158121803733
0.10003951865392924
0.09708113654945455
3.3631091049971387
3.363109104997142
0.49312539868972594
0.1972501579625709
0.0
0.0
2.504122491391998
5.290858191940703
3.361993380492026
1.863712072049528
5.2131048283988966
3.6106525913174408
0.0
19.463712720553275
49.380023563046116
32.42391640246259
21.080352773862533
51.00438403002903
33.52070116142748
0.0
33.749729506014816
82.74040671183522
50.69049687746245
46.37810631015822
49.17042406067523
50.182976788609935
0.11504598702101614
68.51863291749787
93.8804887963818
82.57830374671244
66.51341721852047
72.87180853964519
56.77964084332193
0.0
33.20515070328319
74.4144246510429
43.4349299729521
64.15934460316636
59.926891538617795
58.26025314940337
1.214144731578186
12.136482994593685
11.971605576923285
11.85476635820646
0.48035639257015583
0.10148636112633982
0.0
0.6689326083273497
0.0
0.0
0.0
0.0
0.0
0.0
0.0
0.0021073895937646207
0.0036037388855908294
0.15389180245531237
0.0
0.0
0.24666377981413812
0.009539763039485104
0.2351136892225661
1.058011745623468
2.8929877951531804
0.9643292423550862
1.2051908794647046
0.09254031252649533
0.0
0.0
0.0
0.0
1.2051909142713255
0.16397937369589663
0.0
0.205706726279183
2.21564399657173
1.8192444852907708
2.4353230402280595
0.20992425712114215
0.0
0.0
7.051592769493007
2.4763091062834937
0.49506266642377433
0.0
0.028797885063270637
0.36490417369064215
0.31366700430428146
0.12178176625499235
0.04059333602018616
0.0
0.0
0.0
0.0
0.0
0.0
0.0
0.0
0.0
0.0
0.0
3.0799915278850483
2.0219797822615826
0.0
0.010025769088708811
0.2344940728762041
0.23449407287620422
0.10643978758789344
6.819080817658813
6.819080817658813
0.0
0.05373870959361572
1.9226513042232132
1.922651304223212
0.0
2.979464734277076
2.979464734277076
0.0
0.01333381653966062
0.02666763307932124
0.08178250258238133
0.7131919732693301
6.251648535232413
6.251648535232414
0.0
0.013442698177658374
0.4570725638928607
1.470751200630071
1.119048960018064
0.16952438035725015
0.05268516164042611
0.05268516164042611
0.17718277988647502
3.732102092921067
3.732102092921066
1.2223374922961745
1.0956449649014763
0.39777232286517394
0.10003951865392922
0.09708113654945455
0.4931253986897261
0.49312539868972594
0.49312539868972594
0.19725012878649484
0.0
0.0
