1.071245040542579
12.18792823717582
12.26991433277503
12.132306204630842
12.132306204630849
0.443536337833569
0.0
25.898326681094364
44.060801203735835
44.108210558836724
46.08898640133706
44.85297539158035
27.883759367601165
0.0
41.72519284434421
95.3212005248031
94.57260695476123
99.99999999999999
100.0
44.64463565579558
0.3956161315921154
45.37847438664342
99.99999999999999
100.0
100.0
98.21677231961296
72.39109041912151
3.875651404284623
55.12608709778672
91.26720201073508
91.62483617627612
97.50138957804755
100.0
73.27352042061389
2.6170497098232506
0.0
1.7908540387620981
1.790854038762098
1.4832045609684439
3.603657078450562
4.618511201931331
0.7697518571209133
0.0
0.0
0.0
0.0
0.0
0.0
0.0
0.0
12.187928237175822
12.269914332775029
12.132306204630837
12.13230620463084
23.99096559194804
0.0
44.06080120373583
44.1082105588367
46.08898640133705
44.85297539158034
63.826191580127464
0.0
54.234270849401
53.48567727935915
71.42213778203143
74.31823411280291
97.62114741053075
4.593232189497088
65.8785917375966
66.75007902630709
61.05838869939191
100.0
96.59313419158255
0.0
33.38776588670014
33.745400052241294
10.110565219509922
50.16057829094739
71.25561457221481
0.19671900660115674
4.547574535829674
4.547574535829674
4.23992505803602
6.360377575518139
84.68712510873326
0.0
0.0
0.0
0.0
0.0
0.0
0.0
0.0004570636086443842
0.0002285318043221921
0.0007133428860068873
0.009219632833749809
0.0
0.0
2.4811163801335585
0.0040918353533025914
0.0
0.1842158248767833
1.273721270418539
6.850082373675038
6.850082373675038
1.723181157858514
0.0519850383458205
0.0
0.0
0.0
0.0
0.0
1.5262878991839264
1.4098982581868444
6.662349645386307
3.835464115067498
0.18729271518685836
0.08765273887231526
0.08765273887231526
0.03732727036858868
0.2937294618548767
3.861974154488984
3.562500518539064
1.5033432825260737
1.3194460463644133
0.951651619138342
0.3172171927721068
0.16401243471089746
0.0
4.070953042751668
4.070953042751667
0.8780489297479007
0.31929046559414387
0.07982260119090315
0.12175421630693158
3.8406300520019503
3.840630052001951
0.5595136878881608
0.22380547506002876
0.0
0.0
2.5039196083822786
5.2953746929951775
3.4253545211036434
1.8674888666463196
5.292898035404932
3.640841288007974
0.0
19.463788463835236
50.2886293042056
32.0230145067073
21.708033011852464
51.405291783188694
34.776406770540774
0.0
52.70085959462378
69.28317383003167
72.92746239122744
48.204692743340544
44.644635655795575
44.644635655795575
0.39561613159211534
59.715753000383096
99.70808719509611
90.08186757934556
87.58786837084197
83.73262993658686
73.23903813128074
3.942672532149312
57.0514096304401
60.337898379902654
59.24304113996521
91.22843171952672
90.69044411813917
72.68607327361534
2.550028581958562
0.9708661520457013
0.0
0.194210872965159
0.5743251025879758
0.19671900660115674
0.0
0.7697518571209134
0.0
0.0
0.0
0.0
0.0
0.0
0.0
0.0004848110816846951
0.010965778386608525
0.026960627996893128
0.009596933492495244
0.0031988490496162075
1.4971871426076742
0.03157953775936793
0.1842158248767833
1.273721270418539
3.708032988189581
1.2360109812392606
1.497187113791639
0.1629453679834744
0.0
0.0
0.0
0.0
0.5618248007778366
0.0
21.867980624144497
0.4107107135394537
4.9344769927010415
1.6694496866264597
0.2234179983525954
0.0
0.0
0.0
4.120325512997973
1.5451215224706152
0.5150401467939468
0.0
0.2994736359499213
0.4289475819128145
0.9226320908278947
0.5989472718998425
0.5989472718998425
0.0
0.0
0.0
0.0
0.0
0.0
0.0
0.0
0.0002285318043221921
0.0002285318043221921
0.0002285318043221921
2.094073905475339
2.0940739054753372
0.0
0.0040918353533025914
0.14614662660624667
0.14614662660624667
0.0
3.919118092083165
3.9191180920831656
1.273721270418539
0.0519850383458205
1.8599089034973713
1.859908903497372
0.0
0.0
0.0
0.0
1.4098982581868444
0.0
0.0
0.0
3.206534777758651
1.3081243120508295
0.0
0.2937294618548767
6.124827289151144
6.12482728915115
1.802816918475995
1.5570625551295652
0.5190190223171105
0.0
0.16401243471089746
5.576422840530653
5.576422840530654
0.0
0.8780481533283064
0.3192900989697345
0.07982260119090315
0.12175421630693156
0.5595136878881607
0.5595136878881609
0.5595136878881609
0.2238054532465355
0.0
0.0
