0.0
0.0011884939710862037
1.0262074862942158e-08
1.0217281939715925
1.1593145526830905e-08
2.687589644610689e-05
1.4733243542473038e-05
1.9843340289334054e-05
1.651014249850007e-05
1.8966977629228783
1.240121208957515
2.0576587081644045e-05
2.9273109296224054e-09
4.225946511371113e-05
4.188385171027234
0.0
5.709279501202408
5.464716380867124
4.297407079122588
1.4055449430651024
3.518231351339153
3.8158887689785006
1.0520896104248039
1.5611779854492867
272.58653892243206
3.3546804064382303
88.41579079019489
2.1193589420206855
0.23785643232992518
2.7156828613688906
0.0
1.0374486007473043
0.7228785942938011
10.588004141343557
4.75581678826471
4.364325661638697
7.2648835840807875
20.728242867091932
94.79880507534985
9.765966095463213
226.5183377656816
1.367174116212362
0.5968158271324501
1.466099415270649
1.2105193076038509e-08
0.0
3.582684833877769
0.0001182216747015599
6.662712580111506e-05
0.0007828215944002311
7.297251033821356e-05
0.00020135380605052982
23.79672993911253
1.466824250486678
1.6748567487379895e-09
6.494338516553824e-08
0.00021868240026045877
0.003299954822424631
1.3765301761355976e-08
0.0035036832891136484
0.0
0.00039801979685340927
0.00011508674229370426
4.3486837742594875e-09
0.00012483980573679766
0.00010320554676638728
3.4496998299054527
4.2955172252202935e-09
4.423616435721698e-09
4.0290650296705485e-09
0.00010663926723279212
0.00014214740029905098
0.0015296962557151716
2.7602525783429215
0.0002668510716697048
0.0
0.00022297525620648963
0.001095950174722326
0.00024858473983496645
0.00019328604894307063
7.967290105082354
0.00018534929114264443
0.4623991417347406
0.00016169600916973522
2.373718078521655e-08
0.0020596368651603927
1.3462048128581979e-08
0.1655938634790715
0.00013896950488895605
0.0007734252500678953
0.0
0.00045268762615093515
0.00016492296133162476
0.00010937748290364358
2.340059086607393e-09
0.0001041901234817205
0.06445270189729002
0.00013633228659691338
1.6185431894964064e-08
0.0045385635221602385
6.234596101251851e-09
0.0013183958752059784
7.909106310977616e-05
0.0007569658043715074
0.0011499766920097451
0.0
9.115677834370625e-05
6.460563203523358e-05
2.4262237365379067e-09
0.00018317236373706526
10.191987490948087
0.00028960662796939066
6.367997183279349e-05
0.0006891462436499552
1.8191205293085866
0.11704713677337485
0.00017513508509739342
0.00035398270827203057
0.00012105076058698048
3.5373633657054948e-09
0.0
0.00010962602612437484
0.024788525818605484
0.000238892394174356
20.83135593525644
3.668912629891769e-05
0.002886538457978653
8.040643233490921e-05
1.431806623263223e-08
0.0005535734973510628
0.00013072119965396202
0.000398754243839656
0.00011464713859944887
0.0012746707819595343
0.00012432344192401184
0.0
10.030864331782976
4.631618059207208e-09
4.325949269550359e-09
4.304651046366925e-09
0.003833454819628555
6.4513124985542134e-06
0.001951216406771915
9.593576028413943e-05
9.767507091873285e-06
0.0001473061418075704
8.758499875554234e-06
0.00019736580926331293
0.0007502029757940824
5.946028621510678e-06
0.0
0.0012572037335186774
0.6369991849224201
0.0001857629225408786
0.002674341990303452
0.2328777526405311
0.0013897941434077923
0.0007924636826022317
9.709518968449445e-05
0.0005196183049765221
5.35980201788365e-05
0.00028309780507549797
0.0008572506523284343
6.632457598350247e-05
4.079395690358836e-09
0.0
9.960420844541108
0.00029010314966903004
0.0025263852100749543
0.0020880996847912666
1.3325531396108353e-08
3.963741186827073e-09
3.741626579143026e-05
6.068354933348411e-05
0.5263639128914092
0.0007424946653568963
1.3121988606611503
3.132421836324353e-05
2.1057170474864934e-09
0.0007046099539309565
0.0
0.00047547250497358216
0.0022001784689168243
0.006072897416333408
2.7299979366025424e-10
2.4878360273767884e-09
6.643337232052607e-06
1.1227540212953505e-05
2.7501978153896297e-05
0.0006140885351736717
3.288269920533791e-05
5.506709987565378e-06
2.3940532210486126e-09
0.0003471194207541341
0.0016950449684767681
0.0
