1.0712351340990507
12.187869210596357
12.269027801720522
12.121095834548733
12.121095834548735
0.4793618365954936
0.0
25.899569918181996
44.07192445887578
44.245230204185866
46.181170235307036
44.881704698904954
26.492282898231178
0.0
43.38060066591237
92.02353593405635
99.99999999999999
99.99999999999997
98.63520355052948
38.32097144059618
0.0
51.145840018159205
100.00000000000003
98.80340747910195
100.00000000000003
99.99999999999999
56.90239159027444
2.3630399567431666
54.34423656374893
100.00000000000004
92.45189692199214
96.21988636167086
95.6762761752762
72.69813567014748
4.105707546779285
0.0
1.9297713570320094
1.993071405552819
1.583706826755786
3.6358960881749027
4.62629421928478
0.7710488010854115
0.0
0.0
0.0
0.0
0.0
0.0
0.0
0.0
12.187869210596359
12.26902780172052
12.121095834548731
12.121095834548726
23.990983975438645
0.0
44.07192445887576
44.245230204185866
46.181170235307036
44.881704698904954
63.90762721944914
0.0
69.77332605677462
59.34269833401112
83.01874230121248
91.08589345658643
94.63232467599957
0.0
56.46585020067172
67.93048235521555
58.98313977268814
73.9184528475727
99.99999999999997
0.0
30.70586910305351
38.316030429112786
24.069974720573214
22.949973049443035
100.0
0.22578235977745809
1.957938812717686
2.021238861238495
1.6118742824414622
3.664063543860579
33.73038194946485
0.0
0.0
0.0
0.0
0.0
0.0
0.0
0.0003918739828045358
0.0001959369914022679
0.0001959369914022679
0.0073561261559468025
0.0
0.0
5.6409156308507935
0.06354329319196135
0.06354329319196134
0.13666803544425776
0.9773174034978698
1.2100894776603222
1.210089477660322
4.7157325039815845
0.05420931987573597
0.0
0.0
0.4572302418996428
2.689119549008094
2.6895231348856523
4.583151435784282
0.0
0.0
1.3831025292324404
0.013791731151921303
0.08551022501800876
0.08551022501800876
0.08551022501800876
0.13346437496135252
2.023904348901424
1.8088205788937117
0.5421595480174771
0.5111133445327678
0.5111133445327678
0.10231041055154713
0.5017938177754535
11.276348743501412
11.27634874350141
3.8645819763907956
1.6102425119857604
0.5367472506428728
0.10734931474595509
0.12887848266133323
3.8268766380506087
3.826876638050605
0.5549896338693927
0.22199583111550633
0.0
0.0
2.50392525576673
5.295244791778772
3.4235823332753057
1.8695781598171513
5.223445282564535
3.5958052265841083
0.0
19.463675385456202
50.33126861647423
32.441287735414406
21.898396581816314
51.329222446544364
33.41534448835918
0.0
53.37336900515273
68.58755449563479
58.594786248856444
49.64592762302624
42.52834495662218
45.3041106443167
0.0
62.82645683572619
83.44218900014675
72.52969304604333
70.00341097819553
62.9627377183583
56.90239159027445
2.3630399567431666
56.66678437287304
58.52894202801684
59.27150264760393
97.93014405244605
84.13458906668501
72.69813567014747
4.105707546779285
3.610423657841492
0.14170884596330127
0.14473060351328262
0.6907147698992516
0.16879915335744367
0.0
0.7710488010854115
0.0
0.0
0.0
0.0
0.0
0.0
0.0
0.0018925691833522407
0.009842660912249349
0.02892329423050223
0.011449080524137466
0.0038154297155466826
3.1338420269729723
0.008552202212580335
0.03084944690221155
0.42945773050090097
3.8983966120078692
1.2994655043526682
3.1338419529915935
0.08659871221604952
0.0
0.0
0.0
0.0
2.2433718103526736
0.47180947610204477
11.527980903874472
0.0
0.0002017555440667633
0.0002017555440667633
0.5777378457013846
0.0
0.0
0.10231041055154713
4.587412125674867
2.326588082882144
0.8259609087661548
0.0
0.2150837700077121
0.25829119230573316
0.5759065095109017
0.4301675400154242
0.4301675400154242
0.0
0.0
0.0
0.0
0.0
0.0
0.0
0.0
0.0001959369914022679
0.0001959369914022679
0.0001959369914022679
2.073140004507076
2.073140004507077
0.0
0.06354329319196135
0.21271579949447508
0.21271579949447522
0.23277207416245224
3.2020722098487955
3.2020722098487955
0.0
0.05420931987573597
1.9272980855247466
1.9272980855247468
0.0
0.5123314750322718
0.5123314750322718
0.5123314750322718
0.0
0.0
0.0
0.027583480371673182
5.9329713776591895
3.6104236578414923
0.0
0.13346437496135255
2.5143816520879128
2.5143816520879136
0.6549329074736421
0.7423084568352285
0.3035930891353005
0.10231041055154713
0.5017938177754535
5.78463872910817
5.784638729108173
3.8645819763907965
1.7175917114047017
0.6440966007128582
0.1073493147459551
0.12887848266133323
0.5549896338693925
0.5549896338693926
0.5549896338693927
0.22199559934862312
0.0
0.0
