1.0712328912685678
12.187875431649191
12.269510004684573
12.128832425549966
12.128832425549959
0.44953193809887027
0.0
25.899086510280373
44.06759991081971
44.19195983847996
46.09269263631368
44.84641555815895
26.47488133973638
0.0
41.787622653207926
97.81002464015233
96.22691090039731
100.00000000000007
100.0
40.897078263381616
0.0
50.76095986496883
100.00000000000001
99.99999999999999
100.0
100.0
62.47916404413517
3.605870234786697
53.41783887748976
90.28018782603966
91.54157492600199
95.16474916989011
100.0
75.65526590623143
4.471029060615317
0.11588292901065156
1.909575902726496
1.9095759027264967
1.541451467407244
3.626964669243263
4.626295513374276
0.7710491665925298
0.0
0.0
0.0
0.0
0.0
0.0
0.0
0.0
12.187875431649191
12.269510004684571
12.128832425549962
12.128832425549962
23.990843055776764
0.0
44.06759991081968
44.19195983847996
46.09269263631368
44.84641555815895
63.90661107740618
0.0
54.76514882903881
53.18203508928379
77.33138564269693
74.94058413095523
99.9078427173721
0.0
59.49073589648108
58.18181507549018
68.17406186369806
70.50422223408228
100.00000000000001
0.0
37.05244333455158
38.31383043451393
26.132702842867324
34.693750951941595
100.0
0.11172353651174444
1.909575902726496
1.9095759027264967
1.541451467407244
3.626964669243263
28.67940674457086
0.0
0.0
0.0
0.0
0.0
0.0
0.0
0.00046003586105355145
0.00023001793052677573
0.00023001793052677573
0.008462742557740098
0.0
0.0
5.699208962081368
0.01437147475490638
0.014371474754906383
0.12559554687584146
0.9633048024994059
6.000491006793333
6.000491006793334
4.385629942947118
0.053863006514548645
0.0
0.0
0.07138278005336844
1.3562738325800403
1.3567174313435055
3.430110776778586
0.0
6.016492126609051
13.820479091314184
0.07090157428921211
0.10369979086887082
0.10369979086887082
0.07090157428921212
0.24851835236462483
5.6591140601496335
5.404461826053193
1.2755758984377599
0.9772622725016832
0.5664328675719605
0.11328649146435844
0.4044123875025182
7.232888068902931
7.294293581117524
3.379398523243258
1.4445353746084013
0.525285357016231
0.13132127252033407
0.12887846221334048
3.8268765475633737
3.8268765475633746
0.5549898162955397
0.22199591717478465
0.0
0.0
2.503922005863471
5.295318958731913
3.4246009724948916
1.868346055024991
5.2811464725587935
3.6370770629934355
0.0
19.463719345562247
50.31491629673519
32.27889721893439
21.738830991137213
51.27717562944346
33.431729840877374
0.0
52.726221712493086
69.01711191932917
67.39357419979416
49.663439224947425
43.02707232003299
42.27050509233683
0.0
62.64697063169489
85.24313123885412
97.21027477362422
78.60203064568005
68.33418396913966
62.47916404413517
3.605870234786697
57.95473988922573
59.95948152783692
63.74536923062647
89.45066944221728
85.6443741019266
75.65526590623142
4.471029060615317
2.206422458659764
0.0
0.23864182902567166
0.6807889861132311
0.22760646552239602
0.0
0.7710491665925298
0.0
0.0
0.0
0.0
0.0
0.0
0.0
0.0027760893571637177
0.010578949847115403
0.027729234677052295
0.01029067809458127
0.0034299763438975727
3.16622987925559
0.0027760893571637177
0.11122407212093509
0.8145009282195764
3.738830560730282
1.2462766097936684
3.1662274363936684
0.08755161668480366
0.0
0.0
0.0
0.0
1.2236883310153626
0.14207860794092342
0.0
0.17436242765158272
2.0190961334564883
0.7030314324248467
0.1743624276515827
0.0
0.0
0.0
3.8944051599297316
1.3724513915767829
0.4574834052527146
0.0
0.2546522340964418
0.3978376399981366
0.6364794690238081
0.5093044681928836
0.5093044681928836
0.0
0.0
0.0
0.0
0.0
0.0
0.0
0.0
0.00023001793052677573
0.00023001793052677573
0.00023001793052677573
2.0813117418655573
2.0813117418655565
0.0
0.01437147475490638
0.15919345840349425
0.1591934584034943
0.014371474754906383
3.8142709996189685
3.8142709996189685
0.8145009282195765
0.053863006514548645
1.9270967373898402
1.927096737389839
0.1427655791778299
1.8896635213184663
1.8896635213184663
0.0
0.0
0.0
0.0
0.0
3.2584636561418496
2.206422458659764
0.0
0.24851835236462486
3.169127804911465
3.169127804911467
1.5302281325342015
0.34755103531041065
0.19137412736725665
0.11328649146435843
0.4044123875025182
6.5171312740194685
6.517131274019478
3.317993011028666
1.4445353023629735
0.5252854165113395
0.13132127252033404
0.12887846221334046
0.5549898162955397
0.5549898162955398
0.5549898162955397
0.2219957680247052
0.0
0.0
