0.0
11.46650563166235
11.46650563166235
11.466534382767355
11.46653438276735
23.999743239261235
0.0
46.26124558721513
46.26124558721516
41.55296388498388
46.32363390776802
63.85028211212728
0.0
94.39940298270164
100.00000000000003
99.94138428909292
99.91977972363759
100.00000000000004
0.0
76.57134270594834
93.66869876545425
100.0
99.99999999999999
100.0
0.0
67.47709246322722
60.345665455926195
62.07599429759783
73.62754685835492
99.99999999999999
0.0
0.30576747294277423
0.4427211692929212
0.30201076502778884
3.127776598190569
23.37266702216761
0.0
0.0
0.0
0.0
0.0
0.0
0.0
0.0
0.0
0.0
0.0
0.0
0.0
0.0
0.0
0.46840982517880736
0.0
0.0
0.19184912605547622
0.0
0.0
0.0
0.0
0.0
1.6736667633505289
0.44932546186089367
0.0
0.21770060974821034
5.607180443950634
2.0866523365130374
0.695550774362798
0.0
0.0
0.26267868376488257
1.0507147157596253
0.3502382301502436
0.0
0.0
0.0
0.071144735341279
0.14673601136139444
0.0
0.0
0.0
0.0
0.0
0.0
0.0
0.0
0.0
0.2666589962962698
12.799824726132663
12.799824726132664
12.799863060939334
12.799863060939328
0.2666542044454371
0.0
24.06685310670867
41.982768207982524
41.98276820798254
45.78226756353332
42.02665943618924
23.89567627027563
0.13461971925682972
45.792332555225215
73.37904838039312
63.9151395234804
51.25117075292408
69.29257750323458
37.1653926117599
0.0
52.09713216601185
81.5739056693967
67.91853967131034
65.17237770976556
64.76843673608403
40.20738758683955
0.0
53.141483630405254
59.52110390439145
68.63825532405373
72.24785836409939
59.81262518835541
58.97561210157604
1.200346084599721
0.0
4.1238580740119595
4.13364048089411
4.123589737732318
4.325430154386804
3.1743423530495667
0.5643275264003074
0.0
0.0
0.0
0.0
0.0
0.0
0.0
0.0
0.0
0.0
0.0
0.0
0.0
0.0
0.0
0.0
0.0
0.5353255144900654
0.0
0.0
0.19184913377315094
0.0
0.0
0.0
0.0
0.0
0.0
1.8990554762239606
0.0
2.062256406708552
2.0622564067085474
0.24880069685509754
0.5055122935515736
0.5055122935515752
0.4665013066033083
0.0
0.0
0.0
0.053937931111647124
0.1977726637608872
0.19777266376088753
0.05393793111164718
0.0
0.23351144913654429
4.304453094726674
4.0709416455901355
0.8806916869874825
0.3218933057518084
0.08498832108794484
0.07184242411087279
2.9415460060764675
2.2899776148079987
0.0
0.0
0.0
0.0
3.7332259481477754
3.7332259481477754
3.7332259481477754
3.7331588622361203
3.733158862236118
3.733158862236118
0.0
36.10027966006303
36.10027966006301
36.11710712497011
35.84351440541343
35.843514405413444
35.843514405413444
0.117792254349726
46.896042494606924
72.14505043602183
54.974807536435655
47.389565786562216
43.077088169346744
50.26629575999575
0.0
65.8197126796016
75.03550537818235
68.73553276666722
65.1191102809535
60.54661033450955
59.93651667902278
0.0
58.42227385516766
58.248239402138495
59.03627543413236
56.99401784553496
56.761905635118445
52.25522898014758
1.0503028240247558
0.22538872029582274
0.0
0.14673601136139527
0.07114473534127906
0.07114473534127906
0.0
0.49378658560026895
0.0
0.0
0.0
0.0
0.0
0.0
0.0
0.0
0.0
0.0
0.0
0.016827464907103715
0.0
0.0
0.0
0.0
0.0
0.0
3.2573666243591366
3.2573666243591375
2.000239713366291
0.0
0.0
0.0
0.10494587678763487
1.490231692542105
1.4902316925421013
0.0
0.0
0.0
0.0
0.0
6.675970200938954
3.155442084141518
0.0
0.0
0.0
0.0
0.0
1.0308818476128363
0.36436070527563896
0.0
0.0
3.6171580619173245
3.6171580619173422
0.0
0.8753799349846688
0.3165815576345612
0.07436478095195173
0.06286212109701361
0.0
0.0
0.0
0.0
0.0
0.0
