0.0
11.466528577154158
11.466528577154172
11.466557203242893
11.466557203242889
23.99978986249098
0.0
46.27047706059063
46.270477060590565
45.77615560106542
45.89416647119142
63.57374137306319
2.196077601413295
86.47543679083547
99.99999999999986
100.00000000000001
100.00000000000001
100.00000000000001
0.0
98.66470796858235
99.99999999999991
100.00000000000001
99.99999999999999
99.99999999999996
7.114072079486559
62.81271181402033
63.11875179154605
69.86630127205184
92.31913335321418
100.00000000000003
0.4895763482627591
0.3460529752598455
0.34605297525984635
0.021007109733343805
0.021007109733343805
30.88076283280291
0.0
0.0
0.0
0.0
0.0
0.0
0.0
0.0
0.0
0.0
0.0
0.0
0.0
0.0
0.0
0.9334358843199295
0.0
0.0
0.12266742464809169
0.0
0.0
0.0
2.817618185495438
0.0
3.4559208474787257
0.12866039603839363
0.0
0.6307517219308594
6.453417839689291
1.8438336667104414
2.255348742776371
0.0
0.0
0.0
0.0
0.0
0.0
0.0
0.0
0.0
0.0
0.0
0.0
0.0
0.0
0.0
0.0
0.0
0.0
0.0
0.26666003842854946
12.799849758543552
12.799849758543568
12.799887926661864
12.799887926661862
0.2666552674137626
0.0
24.071677914466783
41.99114729767091
41.99114729767091
41.53790617619454
41.64116568755479
23.961590785682592
0.11801087012577641
40.978551537819946
64.42980481156202
54.272086494658495
53.32818616893289
76.72047222041056
43.962849870730146
0.6190941521166802
56.93927227145556
73.63517295631269
82.4213763252063
75.55460162707537
62.6849209842326
48.781786630390826
0.9704880014388212
49.36082976781748
72.63201081075694
72.49755038977982
63.28038638101214
57.04375452936982
56.79373758963425
0.5744352192171811
1.6341170222414645
4.078349021254745
4.078349021254745
4.053630951593327
4.053630951593327
0.021007109733343805
0.0
0.0
0.0
0.0
0.0
0.0
0.0
0.0
0.0
0.0
0.0
0.0
0.0
0.0
0.0
0.0
0.0
0.0
1.066783867794205
2.664647113702619
2.778644213699439
3.636600658798632
0.0
0.0
0.0
0.0
0.0
0.07663871194834104
4.28800860553025
0.0
4.345453658543416
4.874550081386016
0.6867843533253054
1.3175360752561645
1.3175360752561645
1.0484428562215005
0.0
1.7418526529269815
0.00870593869743167
0.00870593869743167
0.32957427652981885
0.32957427652981847
0.0
0.0
0.720845834196022
4.070941647930693
4.070941647930693
0.8806916887258924
0.32189331224910134
0.08498832446050186
0.5974828464006887
1.1202803370012928
1.1202803370012928
0.0
0.0
0.0
0.0
3.7332405379996914
3.7332405379996914
3.7332405379996914
3.7331737437926753
3.7331737437926775
3.7331737437926775
0.0
36.107516871700206
36.10751687170019
36.10751687170019
35.610480606295155
35.610480606295155
35.610480606295155
0.10325951136005435
52.3975365633659
67.69598695007373
51.243215583209846
45.852320315332506
40.08419963568666
41.73437545480341
0.5417073831020951
60.99649277151763
75.28842522014361
64.13099766290016
60.70962922908039
58.19440287108571
56.42107020826901
0.8491770012589686
51.38578911695676
59.35152670030022
57.48891516303755
59.498034236622594
59.346784014773796
52.73267508882664
0.5026308168150334
0.8135012547066424
0.0
0.0
0.018381221016675813
0.01838122101667583
0.01838122101667583
0.0
0.0
0.0
0.0
0.0
0.0
0.0
0.0
0.0
0.0
0.0
0.0
0.0
0.0
0.0
0.0
0.0
0.0
0.0
4.497432759018783
4.497432759018778
0.0
0.0
0.0
0.0
0.0
3.803091538291651
3.803091538291635
0.0
0.0
0.0
0.0
0.0
2.8657756633784435
2.21316085045519
0.0
0.0
0.12188314176404323
0.12188314176404334
0.12188314176404334
1.7594341789807841
0.13058908046147502
0.0
0.0
3.387415275209703
3.387415275209688
0.0
0.8753799383100557
0.3165815627709906
0.07436478390293913
0.5227974906006033
0.0
0.0
0.0
0.0
0.0
0.0
