0.0
11.466381239474948
11.46638123947495
11.466449488381127
11.466449488381127
23.99958792566835
0.0
47.85587762954487
46.147623771750055
46.05390699857691
46.12418122152754
63.98711134941484
7.792885565175501
95.1414479149421
100.00000000000009
100.00000000000006
100.00000000000006
100.00000000000006
4.605308364789363
95.44792166037772
99.9999999999999
99.99999999999993
99.99999999999996
99.99999999999997
3.7828524337627
64.20680926536694
67.97255758607184
64.95775604622612
78.23624342678478
100.00000000000001
0.20074775892083818
1.8201133755908603
2.094706017545574
1.8174526043376618
4.115136006725352
15.733366375536553
0.0
0.0
0.0
0.0
0.0
0.0
0.0
0.0
0.0
0.0
0.0
0.0
0.0
0.0
0.0
0.12527168952226875
0.0
0.0
3.766958415656621
0.0
0.0
0.10391437370989709
0.0
0.0
1.1592043951746773
0.4123614982538326
0.0
1.3139628979373301
4.983936807768874
2.3232375827412137
1.1592043836171193
0.0
0.005135836079934352
0.0
0.17408564816203467
0.06454856840946228
0.021516135345243867
0.0
0.035130581538716614
0.22670686475449697
0.5108700523896782
0.0
0.0
0.0
0.0
0.0
0.0
0.0
0.0
0.0
0.26665316455359106
12.799689228481549
12.799689228481553
12.799780227023122
12.79978022702312
0.26664178973589503
0.0
23.992214028629903
40.170430319276086
41.87868417707068
41.790778010491124
41.85226795557291
23.989337827685603
0.0
36.88107021504816
67.16951146081138
59.40519372088732
64.53646371746375
86.22967920534917
39.46723656678167
0.0
43.95524216074424
73.19926501252573
76.9384195649759
64.75529893042905
66.98471013897938
61.6444988657867
1.222599592875338
47.18986384845768
56.72318853825619
60.383652685549016
68.10491360541046
51.49356952740259
57.32105716843281
0.41589445983272455
0.0
1.6342544891049144
1.8745230508152833
1.6319263142583675
3.6423992913475938
4.823017583141976
0.8574253449477303
0.0
0.0
0.0
0.0
0.0
0.0
0.0
0.0
0.0
0.0
0.0
0.0
0.0
1.9021777196387306
0.0
0.0
0.0
0.1431676451683071
0.0
0.0
3.787634485995279
0.0
0.023260869602895324
0.02326086960289523
0.02326086960289523
2.3983736896811156
2.3983736896811125
2.3250282334649746
0.0
2.4224446371126165
2.805831902152913
0.5855354031845021
4.373351088493871
4.3733510884938624
1.8196894060863347
0.0
2.248791295769828
0.13242659450701494
0.13242659450701494
0.7922326763837985
0.6116509566015059
0.0
0.0
1.4302275981025991
4.0684988752325
4.068498875232505
0.8953632812651667
0.3272557628422572
0.08640414610490998
0.10915561658290236
3.4793355772369745
3.479335577236975
0.0
0.0
0.0
0.0
3.733144303750275
3.733144303750275
3.733144303750275
3.7329850563025313
3.7329850563025317
3.7329850563025317
0.0
35.988321042944925
35.98832104294487
36.04351682245007
35.846625281671315
35.99777352281796
35.99777352281791
0.0
51.93838608631978
69.70819433665277
63.57208506186696
41.591083517468974
38.5520065302084
45.14979070157909
0.0
69.65687623723286
72.96354650376595
72.09540165158319
70.32072522852373
70.40876248195848
60.24281310752402
1.0697746437659208
56.73373325095628
56.330932976755484
53.44606042370269
51.66265830494331
57.72707644175035
48.194106756901874
0.363907652353634
1.236911314979721
0.0
0.5747287700014811
0.2554350008275829
0.25543500082758286
0.0
0.750247176829264
0.10012989529734079
0.0
0.0
0.0
0.0
0.0
0.0
0.0
0.0
0.0
0.0
0.05519577950520427
0.0
0.0
0.0
0.0
0.0
0.0
3.778534055363649
3.7785340553636493
0.0
0.0
0.0
0.0
0.36787826667243423
1.4344857762769956
1.434485776276997
0.07108747594752239
0.0
0.0
0.0
0.0
6.480692221131795
5.212192876963345
0.2645476170444607
0.0
4.486016890571876
4.486016890571884
0.04815512527527815
4.079007624366663
1.4018185341627716
0.0
0.0
2.5017194623204744
2.5017194623204597
0.0
0.8899629631847468
0.3218554940667747
0.07560362784179624
0.09551116451003952
0.0
0.0
0.0
0.0
0.0
0.0
