1.0712420186011788
12.187910498854185
12.269652805967189
12.13236891791276
12.132368917912764
0.44708398165165064
0.0
25.898927598069996
44.06617776875782
44.174440936955534
46.14394217309616
44.86691085913846
26.49456823928469
0.0
42.001571265216704
99.56998243307429
98.56595318051211
99.99999999999999
100.00000000000001
45.47657404829925
0.4480677368665697
50.70775192390708
100.00000000000001
99.91259250116234
99.99999999999999
97.71963154275016
69.83687662640246
4.7644493645862696
54.00444095053796
90.49520262915041
91.19120722365476
99.99999999999997
99.99999999999999
62.883894496096204
3.571478803146727
0.0
0.4925392466129833
0.5184518916807158
0.20144047143791563
2.3131479838781597
4.626295967756319
0.771049289587828
0.0
0.0
0.0
0.0
0.0
0.0
0.0
0.0
12.187910498854183
12.269652805967192
12.132368917912764
12.132368917912776
23.990837110747805
0.0
44.06617776875779
44.17444093695554
46.143942173096164
44.86691085913846
63.906657483146134
0.0
58.18076385159665
57.17673459903445
75.95090192038793
81.68565693227576
98.78969428199643
0.4463917950563722
62.040393621124124
64.2238960309517
51.647271636875914
99.99999999999999
97.38324449812201
0.0
33.83225536921057
34.52825996371493
15.51811469909193
57.63353029778236
90.9074412764083
0.1164575920526484
3.2863354235069995
3.3122480685747333
2.995236648331932
5.106944160772177
84.63729855026597
0.0
0.0
0.0
0.0
0.0
0.0
0.0
0.0004041643230015601
0.00020208216150078006
0.0006632122929723151
0.008885437619666781
0.0
0.0
3.6145052801912723
0.0040533622525161465
0.0
0.12214703863159676
0.8795458413336164
5.312258374484503
5.312258374484504
2.4948712233104513
0.053864095428975405
0.0
0.0
0.0
0.0
0.0
2.219961175562782
0.052597510934874823
1.8071816899316793
2.33050150710159
1.154872213152595
2.06748070664052
2.06748070664052
1.1216520361704012
0.14569565737301468
0.0
0.0
0.39985857954905873
0.9003568789142721
0.9003568789142724
0.7997171590981175
0.029611624394718497
1.0068009296904117
5.0964776793717474
4.089676749681334
1.0040096879049702
0.37402887118792305
0.23615576218259804
0.1288784536607442
3.826876513199153
3.826876513199153
0.5549898775577519
0.22199594585963256
0.0
0.0
2.5039212727895306
5.295336143732483
3.424831898256757
1.8679769530837043
5.293096041641553
3.64063914268426
0.0
19.46373380336871
50.309611173348586
32.225564379697985
21.831093764639437
51.3078501245967
33.430954602375465
0.0
52.81313834144867
69.67231476233242
68.94335710148493
47.07731525454778
43.89566965674221
43.89566965674221
0.44806773686656975
62.15709618718441
89.9996379361263
86.08434151970482
87.87638251049088
83.06739937976718
71.84967254683156
5.233084315385769
56.633712866370736
61.08806290093945
59.41509329885946
82.28989627683897
63.05245312339494
60.871098575667084
3.102843852347227
1.3127958038107732
0.0
0.2218282778098852
0.5711635040634326
0.1682828821881131
0.0
0.7710492895878279
0.0024542076909877548
0.0
0.0
0.0
0.0
0.0
0.0
0.00046113013147153496
0.01092832417682359
0.027636655638881614
0.010025365175023228
0.0033414819959483276
2.0080584981797096
0.02093301715745421
0.12214703863159676
0.8445654492766508
4.253376345214656
1.6993138644164096
2.0080584843421336
0.08750820272524314
0.0
0.0
0.0
0.0
2.501803200857756
0.0
26.725797162024037
0.84111531855112
7.469611533368832
2.5151386748348923
0.3268022702871402
0.0
0.0518109149629449
0.45166949451200367
5.600207338467581
2.1000775562247296
0.7000257557162782
0.057806894817794614
0.3372106973846316
0.47030737147189816
0.4730028329884506
0.14776989358954157
0.029692012498242555
0.0
0.0
0.0
0.0
0.0
0.0
0.0
0.0
0.00020208216150078006
0.00020208216150078006
0.00020208216150078006
2.083775562934394
2.083775562934395
0.0
0.0040533622525161465
0.14614404806776163
0.14614404806776168
0.0
3.0466572468393434
3.0466572468393434
0.0
0.053864095428975405
1.9271355055540373
1.9271355055540376
0.0
0.0
0.0
0.0
0.052597510934874823
0.0
0.0
0.0
3.0109007748802465
1.4567027672967308
0.0
0.14569565737301468
4.953652638237076
4.9536526382370765
0.0
6.031841230622026
1.7212668963607278
0.0
0.029611624394718497
0.0
0.0
0.0
0.9449706579954126
0.3149899743888922
0.0
0.12887845366074424
0.5549898775577518
0.5549898775577519
0.5549898775577519
0.22199582164161483
0.0
0.0
