0.0
11.466377822829434
11.466377822829447
11.466429400025394
11.466429400025394
23.999539470565484
0.0
46.219142566634815
48.04948936996947
46.01355602222797
45.999998155923144
63.68034228023873
2.774996118380272
99.99999999999982
99.99999999999997
99.54439292392864
99.79941797513098
100.0
0.1982140084557335
81.49773259989473
82.20703040607133
84.27863554162667
99.99999999999993
99.99999999999999
1.011972974138608
68.42342520280752
68.66864123604955
59.67776484947649
66.25139979106532
100.0
0.0
0.33557276596931485
0.42916531099699945
0.3364771337937587
3.2883436386193874
26.94894042218841
0.0
0.0
0.0
0.0
0.0
0.0
0.0
0.0
0.0
0.0
0.0
0.0
0.0
0.0
0.0
0.5840421093437655
0.0
0.0
1.442148794212911
0.0
0.0
0.0
1.8609285354731067
0.0
1.2926123092592703
0.3400200853918903
0.0
0.2349985961114511
4.966822844413224
1.75265442566671
0.5842181183024936
0.0
0.22951366807144183
0.22951366807144183
0.22951366807144183
0.22951366807144183
0.22951366807144183
0.0
0.0
0.04861938337974485
0.10027736716347185
0.0
0.0
0.0
0.0
0.0
0.0
0.0
0.0
0.0
0.2666529099608258
12.79968561470698
12.799685614706995
12.799754384301592
12.799754384301592
0.2666443137615014
0.0
24.044848208144288
41.94455275881439
40.114205955479896
41.7546420039072
41.76819987021208
23.884487751323732
0.1190069378335956
40.72825661130699
65.66969339886778
65.95726995342304
73.29618417887758
80.83727291542655
38.655579728797804
0.0
46.091901569816514
78.31284897517352
78.69457695942661
70.19076777189366
70.37158905679868
40.27785552108264
0.0
51.763896965819576
60.25847957257914
60.663667394205255
68.18899830444575
60.286008465414774
59.5440056240667
1.50564497547073
0.0
4.207597543088777
4.21428272487647
4.207662140790527
4.418509748278072
3.2629918391285475
0.5800874287151095
0.0
0.0
0.0
0.0
0.0
0.0
0.0
0.0
0.0
0.0
0.0
0.0
0.0
0.0
0.0
0.0
0.0
0.6674766963928749
0.44338543190808216
0.4433854319080818
1.442148795273718
0.0
0.0
0.0
0.0
0.6199932527973631
0.6199932527973627
2.771719024129945
0.0
2.5058588176721623
4.936066332413668
0.2685698241273726
0.5035684202388238
0.5035684202388238
0.5153730884340934
0.0
0.0
0.0
0.0
0.13355119222559747
0.13355119222559758
0.030819201136044697
0.0
0.0
4.070941615845112
4.070941615845105
0.8806916332371795
0.3218932040790042
0.08498827108039163
0.07384873446267591
2.353929577123411
2.353929577123424
0.0
0.0
0.0
0.0
3.733140739451562
3.733140739451562
3.733140739451562
3.73302039266102
3.7330203926610204
3.7330203926610204
0.0
36.06727231221643
36.06727231221645
36.06727231221645
35.82673162698548
35.8267316269856
35.8267316269856
0.10413107060439615
49.08669512136793
69.15455747698392
53.97881748115674
42.963022036301325
38.481924801746764
43.92224696899371
0.0
69.68391651773258
74.21468103007386
69.97554839821517
64.84789378005118
60.241040827974714
59.79182052878402
0.0
58.53606149280934
58.377132071633646
58.377132071633646
57.91120130033677
56.58184645037535
52.10100492105836
1.3174393535368887
1.4791067284279587
0.0
0.10027736716347162
0.04861938337974491
0.04861938337974491
0.0
0.5075765001257209
0.011804668195269586
0.0
0.0
0.0
0.0
0.0
0.0
0.0
0.0
0.0
0.0
0.0
0.0
2.0999079920184673
0.0
0.0
0.0
0.0
3.3006920672481757
3.300692067248174
0.524976997966295
0.0
0.0
0.0
0.12122639237778345
0.6650070592516482
0.6650070592516464
0.0
0.0
0.0
0.0
0.0
6.8255130385724705
2.218660092641938
0.0
0.0
0.0
0.0
0.030819201136044697
1.882864400301833
0.6250454170621854
0.0
0.0
3.697997731734883
3.6979977317348816
0.0
0.8753799271640595
0.31658150912571564
0.07436473719534267
0.06461764265484142
0.0
0.0
0.0
0.0
0.0
0.0
