0.0
2.2399042874947528e-09
1.960561746751111e-09
2.5288912773162963e-09
2.2398800172035853e-09
2.1710359441311047e-09
1.9792551643655698e-09
2.3408585057168905e-09
2.133184778490248e-09
6.719046613002675e-10
2.5734171147166233e-09
2.221614354709811e-09
2.0215994678675173e-09
1.8135766851634479e-09
0.6213401172760955
0.0
0.7359282264950848
17.78919556729361
0.4592830607939882
1.0318505448441062
1.0493599185416371
20.097885564328642
1.6415133441848557
3.5349183363041565e-10
244.2003280715842
0.48763507084138275
99.21312953330471
2.1043552563944017e-08
0.2879995075887467
6.783297750094346
0.0
6.783297751186303
0.43848778844391345
1.0294281954574334
1.5581049609272322
17.649628237352484
2.1324775019844955
120.32498220783768
87.42550803164985
0.6555639967252268
60.841662006263036
1.9348337406961625e-08
0.6441624767147689
1.5077557750802257
1.1481528630855246e-09
0.0
6.3598207063078425
0.05478629928210928
0.9802716391320473
13.385367301459771
1.6272820429591635
1.988314608867399e-10
44.65395943293483
0.4798219266999324
111.16520724129808
1.862855787536757e-08
7.366614907047612e-09
2.0332736981410596e-07
7.29901989698079e-09
3.3973685739609225
0.0
6.898378676344238e-08
1.1042713291493415e-06
0.12784677659494534
0.07916555298718148
0.607687052528988
0.12958977428018764
0.06299732840029185
0.12250862741861089
1.559282067687782e-08
5.459430095344145e-09
0.721713399841028
0.10248911565020895
4.416435440038074
1.4268373307142192e-06
0.0
1.5989216318131146e-06
0.024060836852773056
1.4143403983111482e-06
1.1183002549740192e-10
0.024292165469834568
0.0055312359660457805
9.138142973618695
1.3914831031254654e-08
1.319483755859882e-09
5.691266344711467e-09
5.473895465572707e-09
0.294701935107931
2.9468735628981016e-09
1.5294307843299113e-08
0.0
4.521699867759625e-09
4.301538310799874e-09
1.0214524164774522e-10
9.606546839093139e-09
2.063789231664516e-08
36.361332401760535
0.7496352532743921
3.1484679341955557e-09
0.0013163403970425428
2.4901283446757625e-08
5.024961141254001e-08
8.665060563700699e-09
2.619656810012873e-07
2.4482821135708476e-07
0.0
9.445989049561708e-09
1.4414074862058763e-10
9.874130773299432e-09
1.849949294569425e-08
3.9558399120329666
2.7129068933789396e-08
1.9700941532707944e-08
0.10868418552873779
0.3889526005733539
0.23578601067763916
9.70365996917095e-07
7.281879734839183e-08
2.2098906751829483
0.9966022271143788
0.0
1.0351564735937296e-10
0.34324956658423167
0.00023505349577334614
0.2619907150891387
1.467905145164659e-08
0.054581744223077794
0.06314923349496676
4.093396290881362e-08
9.771186970431586e-10
0.0665960249372423
6.979951182996252e-08
1.096851096116078e-06
0.7522768951387628
0.061758892042799496
0.0
0.1218450253839568
0.05304768334495268
2.1099856920555284
1.580117162579296e-08
9.360917859481428e-09
1.9498487646197454e-06
1.1731282692423705e-07
5.1022340257408437e-08
5.156406539206433e-07
1.7282574149609603e-08
9.743040138643872e-07
1.6502573444696213e-08
0.00033869855333727933
2.492721526037836e-10
0.0
0.0007378406485581947
0.24298386340437175
2.1670934825922287e-08
7.185827795012855e-09
0.010738345109661287
0.005314908788846158
0.353868035019104
5.441258115787675e-07
0.1929127176197591
0.5991867083023265
0.004507317425744797
1.2699538199582862e-07
1.3633794405383474e-10
3.5299259044539766
0.0
2.3180315260160147
2.573713692581935e-08
3.2182809526817093e-09
0.1439547226646987
2.8035784230644144e-08
8.744941836009661e-07
4.79791969973447e-09
8.821875462070853e-09
3.1015477491592516
0.0002297967255467699
0.03139404886843913
1.741669361849708e-10
0.44243879565416244
0.0002633771420982078
0.0
0.0002473833056251765
3.331101975821345e-09
0.008538819772754214
4.768776622704068e-08
3.9835113030300174e-08
5.269704917635569e-09
4.6271586300181183e-08
0.20158441753438722
3.284899064783319e-05
0.001936881413430623
2.1409477006608396e-10
0.07938462096776377
0.0002670586073416116
0.0005787222416996756
0.0
