0.0
11.466506029057673
11.466506029057678
11.466534731206506
11.466534731206508
23.999743921139167
0.0
46.16330674972838
46.1633067497283
46.042334513778435
46.14764146447111
63.90539103607202
0.0
91.78399546596287
100.00000000000034
99.9688402695745
99.96608617390422
99.99999999999999
0.0
83.01531840770829
100.00000000000006
99.99999999999997
100.00000000000001
100.0
0.8335311656292038
63.444395593626794
64.10869891136471
59.56905620210533
68.24511962025393
100.00000000000003
0.0
1.2655234951754735
1.4648243939463403
1.2922666079154985
3.8722492301526508
29.73118274711713
0.0
0.0
0.0
0.0
0.0
0.0
0.0
0.0
0.0
0.0
0.0
0.0
0.0
0.0
0.0
0.125778983412171
0.0
0.0
1.6572420531765342
0.0
0.0
0.015635599903290928
8.263311096978875
0.0
1.3255710380591361
0.9645190255275443
0.03351476207374228
0.03351476207374228
3.1745102527403253
1.196983506965252
0.8142453665284131
0.0
0.0
0.3184602084585508
0.5971128908597826
0.5971128908597826
0.5971128908597826
0.0
0.0
0.10353286545401809
0.2135365360020907
0.0
0.0
0.0
0.0
0.0
0.0
0.0
0.0
0.0
0.2666590183663722
12.799825155075776
12.799825155075778
12.79986342460755
12.799863424607551
0.2666542346749002
0.0
24.015666226799276
41.89387254518725
41.89387254518721
41.78465290194873
41.87679648380482
23.961763238281755
0.02846901589839412
48.7284380303127
75.5229838515842
48.2623119822781
58.43190416620592
64.39610469613623
32.818107363120745
0.0
54.52822731073227
72.95930594265903
79.32310505784255
72.25832522775003
68.21768174953776
47.97010569796916
0.7039329261918461
51.87081967875482
60.92479399037972
67.0239032137953
66.95172839945171
62.591385692547625
60.06154288973131
1.6781573908390968
0.0
2.960980924058842
4.074483679239624
4.062158123094565
4.937915672924473
3.6692768493215966
0.652315878467977
0.0
0.0
0.0
0.0
0.0
0.0
0.0
0.0
0.0
0.0
0.0
0.0
0.0
0.0
0.0
0.0
0.0
0.14374740961390964
0.0
0.0
1.8965305198629527
0.08937269886331287
0.15640222301079734
0.12288746093705505
0.14530029723004295
3.0035657037170975
2.3170255181454773
1.6992516752800526
0.0
0.49557537731510576
0.49557537731510737
0.27865268240123187
2.168967827612543
2.1689678276125397
0.7335777602743121
0.0
0.0
0.0
0.0
0.2982175065455189
0.29821750654551915
0.06881931046156335
0.0
1.309976872040754
5.38091850087258
4.070941628831849
0.8806916590598217
0.3218932496352826
0.08498829362445182
0.08304388477669193
2.6470244689084335
2.6470244689084352
0.0
0.0
0.0
0.0
3.7332262571292123
3.7332262571292123
3.7332262571292123
3.733159285448602
3.7331592854486035
3.7331592854486035
0.0
36.02349934019888
36.02349934019885
36.02705796718615
35.94264485742258
35.94264485742263
35.94264485742263
0.02491038891109485
51.32709512234777
71.89368978027986
59.65929615868684
35.25058950584812
33.66128258941059
49.09358716420036
0.0
66.56222408771146
69.70321957837876
64.26870903804384
61.58482080739301
58.28633662617553
54.822977940536184
0.6159413104178654
57.44982294219514
57.12976127694134
57.12976127694134
59.26953024031691
57.18557119489605
52.553850028514894
1.4683877169842097
0.4117151297696208
0.0
0.21353653600209163
0.10353286545401809
0.10353286545401809
0.0
0.5707763936594797
0.08039540959634722
0.0
0.0
0.0
0.0
0.0
0.0
0.0
0.0
0.0
0.0
0.0035586269872992645
0.0
1.0414779567772343
0.0
0.0
0.0
0.0
1.0576435281043017
1.0576435281043017
1.5622169347663883
0.07820111150539875
0.011171587357914093
0.011171587357914093
0.23529995452848818
3.8097782187854854
3.8097782187854836
0.05629727568498902
0.0
0.0
0.0
0.0
11.833877875922997
2.1845051809056066
0.0
0.0
1.2876442922755358
1.2876442922755338
0.06881931046156335
1.6190924575630705
0.5225701623762571
0.0
0.0
3.4316862110510216
3.431686211051013
0.0
0.8753799279540839
0.3165815289388951
0.07436475692139534
0.07266339917960546
0.0
0.0
0.0
0.0
0.0
0.0
