0.0
0.00030142000979710486
0.0012023315362187186
0.0012797184355141887
9.788539437061648e-09
8.779428754376185e-06
4.690887041018899e-06
5.676128562080666e-06
4.979307353523894e-06
4.009378813019749e-06
2.037700010248162e-09
4.245734573823487e-06
4.529476214461528e-10
2.6979234344675433e-06
1.8261452189614644
0.0
1.8261253474942847
3.4691562152445887
0.9131728232711633
0.6534954178577033
1.0498356671473414
1.8716147701071004
1.0498696300511565
2.484727121067326
333.577385080711
2.7123522006129156e-05
46.95780825271578
1.0863260562545312
0.00011269202193987586
0.6901292546025305
0.0
0.6901291269024864
0.4378301720664923
8.800504437091831
9.234598974290764
3.7340246395653653
5.90582504814812
20.455716400520192
54.32382142483694
19.838944720966524
264.1309561664365
1.8139322857808597
0.8663632980132265
1.7304659968291287
0.0002145929649669063
0.0
5.506954400002451
4.572011875232726e-05
2.602414792579808e-05
0.02989528318939891
4.325675268294443
0.00010745249538622508
10.65970480518189
9.51099990468261e-10
2.6976786919080644
1.239079455111472e-09
0.00012905235563040438
0.002095283490388822
0.00014755952137572722
0.18800444820136009
0.0
0.00021795085669155945
5.007438534315647e-05
3.700441445227608e-10
5.30464487220941e-05
4.298366362212488e-05
2.7772717020946157e-09
3.074225044181553e-10
2.2160193774925952e-08
6.4271139058063465e-09
6.441525344451543e-05
0.00022345901455166387
0.0013707687759722353
3.9367943637016456
0.0005303372602666772
0.0
0.0003705750104364694
0.00030276545455103226
0.00034128473661164914
0.00014482566724154648
5.138729359306278
0.00012125659847496341
1.2660992980975642e-09
5.9996900416680445e-05
6.970806102736085e-09
0.004438573050964048
1.1467110341474394e-08
6.873504060204362e-10
7.963621053253607e-05
0.0006722893899257128
0.0
0.0004835661910693131
7.65472013729137e-05
5.963820703211304e-05
8.113057646093191e-10
6.344756591713377e-05
1.093959277217318e-09
7.09070140336246e-05
1.197280348244159e-08
0.002168113448042524
8.703961150059843e-09
0.0007130387802926834
4.504702686381379e-05
0.00033379866697016313
0.0006206112146610193
0.0
0.10846528863112963
3.5297919911236044e-05
6.347724109494227e-10
9.793673420251282e-05
10.992748134298092
8.389137814272637e-05
0.000743448374102034
0.00040107540410525477
1.2475292207330622
1.7176491442028796
7.889084286600176e-05
0.0002403164922157776
5.031347843853463e-05
1.2756454285947169e-09
0.0
5.985025933952692e-05
4.2144411961127106e-08
0.00015602674451851403
19.167554281194302
0.7053044732616096
0.0011266636099008533
3.6260903145551525e-05
0.00014882095063288732
0.00030613496975341755
5.340555151779316e-05
0.00021853347663706156
0.001419380842412549
0.000674561281817917
5.2931801567359544e-05
0.0
1.2978714962342859
1.828412039808777e-08
3.178094284251413e-10
6.491822121503591e-09
0.0020470664874265207
3.0078892642764983e-06
0.0011072760343050448
5.211907265015172e-05
4.251950675558408e-06
7.93013666506938e-05
4.011564628282162e-06
4.407844234577697e-05
0.0004563221732789075
3.2424879240411714e-06
0.0
0.0006774854205288956
0.670162859677186
4.305869646290106e-05
0.09927665332992379
0.000742089679790498
0.0008171000133410922
0.00043386196203957556
4.70307786245431e-05
0.00025856970052575974
2.4417913818848804e-05
7.205373541393069e-05
0.000404551241749657
3.61257242513417e-05
3.5025100791000784e-09
0.0
10.958306241226383
8.422992367682178e-05
0.0022188457728556897
0.0011275859818907184
4.183799103393568e-09
3.5494949352634633e-10
2.106936390342465e-05
3.266707175028637e-05
6.993857291968406e-05
0.00038732584736802736
1.4495205148004031
1.7032706974227176e-05
5.672544861813598e-10
0.00038094778582493385
0.0
0.0002018714033795743
0.002260011681397584
0.0021935520151314916
6.972829094376035e-10
3.6019859514835945e-10
3.7508699751414846e-06
6.0442174725104216e-06
1.479890950204587e-05
0.0003267525928314022
1.7733306027080655e-05
2.993418641241174e-06
6.411249459422038e-10
0.00018711617713601465
0.0009121306552089372
0.0
