1.0712382836592784
12.187887098748783
12.269282683193119
12.13063978184461
12.13063978184462
0.4445782948901336
0.0
25.899672494107712
44.072830409168844
44.2563713648993
46.123106337705075
44.86628929174565
27.838818779783416
0.0
42.998078167661824
96.55791383486928
99.38016547267499
100.0
100.00000000000001
43.94131570776033
0.08039175709479915
49.240022905971614
92.59494524114682
100.00000000000004
100.00000000000001
97.66706170561464
69.76040720022762
6.360890772408299
54.91428086852593
91.79455424168565
92.53600409957302
99.99999999999997
100.0
70.34744323477251
3.5144005755046477
0.0
0.6689388148921551
0.6689388148921551
0.2404725553770483
2.3062530993749073
4.612506198749816
0.768751027010694
0.0
0.0
0.0
0.0
0.0
0.0
0.0
0.0
12.187887098748785
12.269282683193117
12.130639781844604
12.130639781844613
23.991737949525128
0.0
44.07283040916887
44.25637136489931
46.12310633770508
44.866289291745666
63.82953234288397
0.0
62.28056682222877
56.901017474690015
71.5151712072111
73.61582692090549
99.1859101867825
3.06074210304986
76.67506552151515
69.71203985485042
57.27502184973668
100.00000000000001
95.40514916413719
0.0
34.17484255000881
34.91629240789617
9.884545819110997
65.87177586818778
87.11756851011842
0.1819585271167232
3.4430738896755355
3.4430738896755333
3.0146076301604263
5.080388174158286
86.23328021434054
0.0
0.0
0.0
0.0
0.0
0.0
0.0
0.0005051060778071203
0.00025255303890356015
0.00025255303890356015
0.008253096200274906
0.0
0.0
4.603135873488736
0.001831314772853389
0.005980013896625382
0.06859268959330997
0.46170130320898045
2.709453774594775
2.709453774594775
1.91593235093567
0.05206305180158753
0.0
0.0
0.0
0.0
0.0
2.5886900812643305
1.3595160199386367
5.490410628135927
2.765978010202496
0.383659682137471
1.1207066568966735
1.1207066568966735
0.7552252885402921
0.12336806052903838
0.0
0.020475838080848786
0.11876011789206664
0.4634286881695341
0.4634286881695341
0.23752023578413325
0.15421220405244213
0.0
4.089155063583286
4.089155063583287
0.9914613318872587
0.3708932949164395
0.24243731028603127
0.11625889333426852
3.8512389555105178
3.851238955510515
0.5630031095420858
0.22520124318888746
0.0
0.0
2.503923644125632
5.295285047437241
3.424094664249565
1.8687758836475807
5.286552830490707
3.6397169109332514
0.0
19.46366613418011
50.335447659190564
32.476005216831496
21.770451061521555
51.42034920597922
34.720546770336064
0.0
53.217969258531845
68.23970191003271
59.82257702253088
47.08665301746809
43.85598098021766
43.85598098021766
0.08039175709479915
61.64293052225777
91.62124154236388
84.75844670319118
86.43377041069728
79.48742360249513
70.32025445983264
6.920738032013338
56.55027239792391
59.823030815078084
60.297076668475945
84.1089959694583
81.08919990053194
70.24903583919352
2.9545533158996067
1.5226571742955963
0.0
0.17866326505379942
0.662903619942186
0.18195852711672322
0.0
0.768751027010694
0.0
0.0
0.0
0.0
0.0
0.0
0.0
0.001125948742806082
0.010638755102574006
0.02854612186657023
0.010744473455202163
0.0035814489894610813
2.557297708597135
0.010891028730342282
0.06261267569668459
0.45572128931235506
3.99831163501148
1.484677615387549
2.5572977066342792
0.15981340853729448
0.0
0.0
0.0
0.0
1.066032907841491
0.0
22.486213830835
0.6885960988242343
5.498127816583388
1.8884000400322012
0.3049364166867634
0.0
0.020475838080848786
0.11876011789206664
5.4515000515824426
2.044312468446019
0.6814374482136669
0.05301223056417298
0.3092384895623189
0.4164364528497303
0.4070798834842264
0.13207456857365227
0.010855913430636625
0.0
0.0
0.0
0.0
0.0
0.0
0.0
0.0
0.00025255303890356015
0.00025255303890356015
0.00025255303890356015
2.071166508584321
2.071166508584324
0.0
0.001831314772853389
0.15061608936070894
0.15061608936070897
0.005980013896625382
3.4294938639992187
3.4294938639992187
0.0
0.05206305180158753
1.8626999992560782
1.8626999992560778
0.0
0.0
0.0
0.0
1.3595160199386367
0.0
0.0
0.0
5.019658254324858
1.5347512500302463
0.0
0.12336806052903838
4.2798487691323395
4.279848769132341
0.0
5.74917249001973
1.7197314570366857
0.0
0.15421220405244213
5.243214995710444
5.243214995710441
0.0
0.9308519874894314
0.31028397093149873
0.0
0.11625889333426852
0.5630031095420855
0.5630031095420857
0.5630031095420857
0.2252012265870715
0.0
0.0
