0.0
11.466448870120718
11.46644887012071
11.466494016269651
11.466494016269648
23.99966856454526
0.0
46.282442650957876
46.28244265095794
45.74499226388487
45.87329943560509
63.53655080997559
0.0
98.55213322589864
100.00000000000007
100.00000000000001
100.00000000000001
100.00000000000001
0.0
99.99999999999976
99.99999999999967
99.99999999999967
99.99999999999967
99.99999999999967
10.234404230115297
70.07671466989565
68.7671876845859
76.24480186915025
99.9999999999999
99.99999999999999
0.07161849702226959
1.8502131437201734
1.8502131437201654
3.241504876290539
11.496049517142488
40.48992616188425
0.0
0.0
0.0
0.0
0.0
0.0
0.0
0.0
0.0
0.0
0.0
0.0
0.0
0.0
0.0
1.0148770833923737
0.0
3.17660798625806
0.0
0.0
0.0
0.0
0.0
0.0
3.014401727597774
0.3742576190123371
0.0
0.0
5.524957294953382
1.7592118700427997
2.3754032147089856
0.0
1.0661772777496672
1.0661772777496672
0.14889104997136138
0.14889104997136138
0.14889104997136138
0.0
0.0
0.0
0.0
0.0
0.0
0.0
0.0
0.0
0.0
0.0
0.0
0.0
0.2666562105066827
12.799763039558897
12.799763039558888
12.79982323442414
12.799823234424139
0.26664868614852655
0.0
24.07793172173465
42.00200805219645
42.002008052196615
41.509222209886495
41.62149098514169
23.958239610771244
0.12830717172026337
52.800425342683674
55.6310526067934
56.037170075993416
54.481092220519514
58.18483450874515
40.02063395923151
0.5184163636820287
52.22164435111003
72.81984645304652
69.89637393636922
62.01772200097413
53.43982267513756
48.94744916983083
0.8027354827436624
44.15029425569951
66.24003854032058
65.38080646540271
62.522678993120635
52.95068483282052
56.261489165302244
0.8212321909922181
0.0
2.55778149580803
2.5770673201238408
3.2534379227580543
13.112208110649092
0.014675563261865102
0.039134788574482826
0.0
0.0
0.0
0.0
0.0
0.0
0.0
0.0
0.0
0.0
0.0
0.0
0.0
0.0
0.0
0.0
0.0
1.1598595238769978
1.0364652165983235
1.0364652165983235
7.511386144198102
0.0
0.0
0.0
0.0
0.0
0.0
3.6379986930152315
0.0
3.804976626927303
5.031464198369018
0.30920134366341856
0.20520801295474272
0.20520801295474272
0.9303852664284957
0.0
1.7937015469289723
0.0
0.0
0.8265721504055368
0.8265721504055378
0.0
0.0
0.374558925300051
4.070941631628698
4.070941631628691
0.8806916573132934
0.3218932552136184
0.08498829651890048
0.052127555102662634
0.09773916581749226
0.09773916581749226
0.0
0.0
0.0
0.0
3.7331869470935573
3.7331869470935573
3.7331869470935573
3.733081606079372
3.733081606079371
3.733081606079371
0.0
36.11689758260205
36.11689758260199
36.11689758260199
35.57649549569363
35.57649549569364
35.57649549569364
0.11226877525523046
39.46668439272121
65.5625109688824
45.79374023270375
45.27119927510249
40.308872838609844
45.28640496139634
0.4536143182217751
65.95388320412604
72.71747815996282
66.42809834578956
62.09730237285755
58.57887861744488
56.314500833678146
0.7023935474007046
60.8175072905111
63.61461421994165
63.61461421994165
57.91676523075237
57.93119704634227
51.53369954453323
0.7185781671181907
3.8122104668862637
3.1886135025631104
3.1886135025631104
0.20545788566611148
0.20545788566611148
0.20545788566611148
0.03424294000267247
0.0
0.0
0.0
0.0
0.0
0.0
0.0
0.0
0.0
0.0
0.0
0.0
0.0
0.0
0.0
0.0
0.0
0.0
5.4598191941186585
5.459819194118661
0.0
0.0
0.0
0.0
0.0
1.8986435582304435
1.8986435582304442
0.0
0.0
0.0
0.0
0.0
6.012811607845896
2.494387857292613
0.0
0.0
0.0
0.0
0.0
1.1333994590655299
0.0
0.0
0.0
3.967564728223732
3.96756472822374
0.0
0.8753799360558044
0.31658153708256176
0.07436475945403792
0.045611610714829776
0.0
0.0
0.0
0.0
0.0
0.0
