1.0712525611266348
12.187974158244545
12.270622237917134
12.130937321320573
12.130937321320587
0.44811200075798363
0.0
25.897684529519797
44.055164860327395
44.03893039148988
46.08788536081055
44.845036649392725
26.56830122736971
0.0
38.92993328658273
91.49382201633216
90.91307139294445
99.99999999999999
99.3988524197927
51.297554699801545
2.6728551198710386
50.652512822799245
99.94377830097373
100.0
100.0
98.71179163209113
71.69105684977393
5.771996724221213
51.64478389575327
89.43208313382905
90.36526864170004
99.99999999999999
100.0
73.96323894670107
5.281689657836848
0.0
1.9823012723649176
1.9823012723649178
1.5094126047793524
3.6162856473683034
4.626296251647363
0.7710493683494497
0.0
0.0
0.0
0.0
0.0
0.0
0.0
0.0
12.187974158244543
12.270622237917136
12.130937321320577
12.1309373213206
23.99202615764227
0.0
44.05516486032746
44.03893039148988
46.08788536081056
44.845036649392725
63.901174776120286
3.338511476324539
51.934096743794875
51.35334612040722
66.35767738508387
70.21579412452913
99.83906081890729
5.370146667874743
63.55551213232005
62.19186727475025
49.49688057375622
96.8990721451922
94.56432091482155
1.0789269318821353
38.81055969341085
39.74374520128184
23.77211141028856
20.06185249842638
100.0
0.21601813638040226
1.9823012723649178
1.9823012723649183
1.5094126047793526
3.6162856473683034
34.89780967097771
0.0
0.0
0.0
0.0
0.0
0.0
0.0
0.00046874609578760005
0.00023437304789380002
0.0007293872978589627
0.009411578442902207
0.0
0.0
2.0583262378437484
0.00308642375266754
0.00617284750533508
0.2347712398438782
1.623275628702675
9.673415053224133
9.673415053224131
3.153386365370996
0.053736010723566374
0.0
0.0
0.0
0.0
0.0
3.023113122606528
0.0
4.518507310845173
7.584518150842813
0.025103068727401985
0.05020613745480397
0.05020613745480397
0.05020613745480397
0.15907863227450814
1.107283834308107
0.9015457209101962
0.3049956570786129
0.49317362912281987
0.49317362912282026
0.16439121269013518
1.0046346301407263
12.368568484659846
15.355524577951245
3.9915907234321413
1.2679771783304008
1.0046346301407263
1.0046346301407263
0.12887842954446163
3.8268765138304373
3.826876513830438
0.5549899655566901
0.22199598460620854
0.0
0.0
2.5039150848237615
5.295475363376867
3.4267670794536405
1.8675220324828767
5.293102500455544
3.639444684922946
0.0
19.463845648222517
50.26650447094482
31.811002170233436
21.728546124499047
51.28310215192542
33.5226315811215
0.0
51.56528539283521
71.38577389888472
82.91669050480516
56.16616450694895
45.829896757548234
45.300345570281635
2.6728551198710386
61.855609129592715
81.56558371439525
74.67837570783414
82.71583571200344
80.09719365801006
71.69105684977391
5.771996724221214
56.905603229215984
63.33103858884725
58.57706953671776
82.35591334611524
78.4988523651644
73.96323894670107
5.281689657836847
1.1854030714651345
0.0
0.18474927466964913
0.6285682723053461
0.2160181363804024
0.0
0.7710493683494497
0.0
0.0
0.0
0.0
0.0
0.0
0.0
0.0004950142499651626
0.011150925469883798
0.02424577284575819
0.006547479676778647
0.0
0.5568940482553352
0.04024637684473392
0.2347712398438782
1.623275628702675
3.72854611746697
1.242848700893557
1.6603414471681721
0.09264862014873296
0.0
0.0
0.0
0.0
1.8377100508293407
0.0
15.330054199829648
0.025103068727401985
1.8020267622305413
0.7018319831822265
0.34890991965145324
0.0
0.0
0.0
7.955546096299588
2.8749802081190516
0.9583267176664139
0.0
0.299567692045681
0.4227338829379481
0.5136535789598284
0.20573811339791206
0.20573811339791206
0.0
0.0
0.0
0.0
0.0
0.0
0.0
0.0
0.00023437304789380002
0.00023437304789380002
0.00023437304789380002
2.1050231553387833
2.1050231553387837
0.0
0.00308642375266754
0.14574455670147476
0.14574455670147474
0.0
3.8792756183286965
3.879275618328697
1.6232756287026748
0.053736010723566374
1.9225548646484247
1.9225548646484252
0.0
1.530110736668321
1.530110736668321
0.0
0.0
0.0
0.0
0.0
1.1854030714651345
1.1854030714651345
0.0
0.15907863227450816
4.301389524908253
4.301389524908252
0.0
3.944732315770648
1.9740354063225234
0.0
1.0046346301407263
2.745959327988812
2.7459593279888135
1.0046346301407263
1.4171847840964327
1.0046346301407263
1.0046346301407263
0.1288784295444617
0.5549899655566902
0.5549899655566901
0.5549899655566901
0.2219959725246449
0.0
0.0
