0.0
0.00025111280759813426
0.001002367097413069
0.001066673240647968
8.87207736603355e-10
7.316765743692963e-06
3.90813957892678e-06
4.729481913032537e-06
4.148512699838386e-06
3.3404082740233446e-06
1.0131840989025368e-09
3.5328354934255703e-06
4.89821813919669e-10
2.245880341107815e-06
1.3442495853300946
0.0
1.3442353939247103
2.834227923691933
1.0133266381781383
0.07153803265058366
0.26999776731734304
1.4856407566893046
0.27006580427665045
2.1289452800986863e-05
275.67648328478157
9.647682031198212
98.51033382952508
0.7577914311570167
9.382791201508816e-05
0.7520222910183753
0.0
0.7520221551749812
1.5203466433945626e-05
8.515297173417789
9.022955714091825
3.483586112905752
9.023151769656216
25.143435122294918
104.19335153549217
9.95937970503601
216.95479535286205
1.1585155200632644
0.9177364677318677
1.8334408701453355
0.00013025698301794123
0.0
4.8318617468276255
0.06519289996218011
0.19673944296730328
0.4889592977298576
0.19657402718570358
8.949292340697063e-05
23.253198061857333
3.064070820440783e-08
0.7232378325374599
0.3701391442080726
0.00010753772718567552
0.0014904473556381242
0.00012918799188283466
2.0677102791048645
0.0
0.000181969382931933
4.1707427642074746e-05
2.6260429995929897e-10
4.4184260205068046e-05
3.580144970410652e-05
1.0787022247644231
6.193797645741427e-09
1.0445263685878202e-09
7.96906438594223e-10
5.366744392202018e-05
0.00018628654361908136
0.001142253635897926
2.9094759747207997
0.00043071677314446364
0.0
0.0003088806140311899
0.0002525089076722178
0.00028424542698514356
0.00012066547232206007
3.249873520564193
0.00010102518778520452
6.243311520086003e-10
4.992000082957305e-05
6.3475943503207316e-09
0.003366583169378467
9.795558554834902e-09
0.11602418324853181
6.64451568184019e-05
0.000523434015978827
0.0
0.0003735598549903592
6.393703276824167e-05
4.970054208668564e-05
1.4314639829807897e-09
5.280420640257849e-05
7.132262357368232e-10
5.903507972457504e-05
1.1396227264858535e-08
0.0018037226416021228
6.776119354020385e-09
0.0005943963044363845
3.759320565867396e-05
0.00028397546759691226
0.0005170520042334481
0.0
0.10352086523454518
2.9423985285391574e-05
5.54031631923725e-10
8.150794077365985e-05
8.320022548927525
6.981073083511133e-05
0.0006196006563110772
0.00033432703279184664
0.5580821436469185
1.2175511176659564
6.575533360384065e-05
0.00020037862820810923
4.191253212436389e-05
8.545913572257497e-10
0.0
4.987841657186199e-05
3.341097908837224e-08
0.0001299924389448672
24.643522243767457
0.8986156917061948
0.0012414088851372064
3.0201370420785663e-05
0.00012987596593044788
0.0002551076941430612
4.448205085762128e-05
0.00018247903304154572
4.161146831825449e-05
0.0005610551881871473
4.4087584425856735e-05
0.0
2.9164443874792376e-09
0.15648932840163046
9.863784747751024e-10
8.815489171286041e-10
0.0017059436126177518
2.5051571065953687e-06
0.0009228766976998137
4.344569127439719e-05
3.5422449453374846e-06
6.60367070775852e-05
3.3401673849000857e-06
3.732832053094935e-05
0.0003810606657320046
2.7046375769276004e-06
0.0
0.0005644957158555037
0.5173950933481616
3.5821094673871066e-05
0.049038934360749624
0.0006162759730491607
0.0006813683204332207
0.00036168652072706266
3.921673838838013e-05
0.00021933130629793465
2.0343605661951373e-05
6.128474848901682e-05
0.0003368678457655347
3.011990352995728e-05
6.046267501864954e-10
0.0
8.320616847267045
7.009074338707878e-05
0.0018458206632325507
0.0009399273546141174
3.336221292890091e-09
3.071115254085851e-10
1.757815918327283e-05
2.7216827379971544e-05
5.827407937967359e-05
0.00032822024281195863
2.1110940866206613
1.4198317446979526e-05
5.698940448141194e-10
0.0003176943089461181
0.0
0.0001682694411121014
0.0018824792315055526
0.001828344297520396
5.558922452432687e-10
3.6150380227960654e-10
3.1306305656880465e-06
5.037659606511107e-06
1.2333329320637168e-05
0.00027512181996304177
1.4782364336359935e-05
2.4959172468000974e-06
6.329938307610732e-10
0.00015557845872045102
0.0007600128744392549
0.0
