1.0712499914108
12.187960296079957
12.270461260235766
12.131029533394244
12.131029533394264
0.44844817453647595
0.0
25.900636792125265
44.056084685143446
44.08360610338015
46.26768472283552
44.916330641301904
26.530547909935187
0.0
41.30938938727027
97.4591666906718
96.32334964361476
100.0
100.00000000000001
55.119599124475414
0.5098821555918143
50.580066870234425
95.99804924003965
100.0
100.0
98.32805896644055
70.52862790333631
3.8756952540457643
52.750972076877076
89.07909987741401
89.3505146183216
99.99999999999999
97.6146495017079
61.20981020624748
3.217155688853151
0.0
0.6549382686646955
0.6549382686646955
0.20418071857800557
2.313147877397006
4.626295754794013
0.7710492255331541
0.0
0.0
0.0
0.0
0.0
0.0
0.0
0.0
12.187960296079954
12.270461260235766
12.131029533394248
12.13102953339427
23.992027074489958
0.0
44.05608468514345
44.083606103380156
46.26768472283552
44.916330641301904
63.90742814197199
0.0
56.82702203647995
55.691204989422936
87.57584983758888
83.75607612730072
97.0324008249601
1.3570181580046792
66.169607935128
57.65669886450512
59.8913318665942
86.15360715095225
96.49084043194546
0.8153630784289634
33.25552736298222
33.52694210388966
15.694231890818376
48.08613930102419
66.01881674046551
0.1581969052908558
3.5373819692320154
3.5373819692320128
3.086624419145323
5.195591577964321
78.295837412588
0.0
0.0
0.0
0.0
0.0
0.0
0.0
0.00041020895953545957
0.00020510447976772978
0.0006788636090620766
0.009178876221414263
0.0
0.0
4.08894137725348
0.003035076409885
0.006070152819769999
0.16886028388634508
1.178773269595176
7.083866736345338
7.083866736345339
2.124007291006083
0.0538821424529423
0.0
0.0
0.05687617585970487
1.0806481721281227
1.081070728643768
2.5761109952063315
0.06269990358479052
0.10708666394759583
0.05354333197379792
0.6090829921284268
2.403052161886211
2.3495088299124127
1.4841911556576863
0.15061354755200101
0.49634712022979877
0.49634712022979877
0.004977622422145799
0.3466292935676485
0.3466292935676485
0.12365294003662963
0.03216242126172651
1.0935262060970379
5.144400408887302
4.050874202790266
1.2215563834566847
0.45479058887653434
0.17864884464134134
0.12887847824053827
3.8268765047134887
3.8268765047134887
0.5549897951615059
0.22199590362850066
0.0
0.0
2.503916012467719
5.295448815457945
3.4264454775249975
1.8678579043690844
5.293238618285137
3.6393667685721356
0.0
19.463578165119603
50.28103618427906
31.95193955987577
22.05406202432551
51.38084654995267
33.418066743322726
0.0
52.53193946327902
72.20638728869554
99.74127516695752
63.424298042616776
60.10087146298771
55.61594624470522
0.5098821555918143
62.198687052092346
87.0272340097769
100.00000000000007
93.44170323580757
85.82255120167109
70.52862790333633
3.875695254045765
56.7203793883553
61.93117988018833
64.17350287065803
72.90168206976074
66.00189460291446
61.20981020624748
3.2171556888531505
1.3805441864730108
0.0
0.13445526545280026
0.5665580737259117
0.1581969052908558
0.0
0.771049225533154
0.4946939751733837
0.0
0.0
0.0
0.0
0.0
0.0
0.00047375912929434685
0.01112227086194997
0.02460918448170628
0.006744345011334989
0.0
0.05079366410300509
0.02894241973395425
0.16886028388634508
1.1675538347186034
4.054061864709895
1.3513538650346542
2.2716340649358884
0.08678564255122094
0.0
0.0
0.0
0.0
4.564814379107549
0.0
0.0
0.3165145215085119
0.4947485902421514
0.49474859024215134
0.47974758222765695
0.0
0.05354333197379793
0.05354333197379793
5.742570551950455
2.180404527595021
0.7446491928179586
0.05988565381605602
0.34934616550272246
0.43339825628834894
0.2577186530604479
0.042590145556260284
0.00675769746847886
0.0
0.0
0.0
0.0
0.0
0.0
0.0
0.0
0.00020510447976772978
0.00020510447976772978
0.00020510447976772978
2.097855646401104
2.097855646401105
0.0
0.003035076409885
0.14574622359379616
0.14574622359379613
0.0
2.643212266648301
2.643212266648301
1.1675538347186034
0.0538821424529423
1.9277793816152673
1.9277793816152684
0.11375228412295937
0.0
0.0
0.0
0.06269990358479051
2.0658967543192523
2.0690652852093154
0.4812188121175207
1.3813891882283622
1.3813891882283622
0.0
0.15061354755200101
5.120864090222763
5.120864090222762
0.03101913223451313
6.59069084904163
1.517271152133349
0.0
0.03216242126172651
0.0
0.0
0.0
0.8846992579484255
0.25767182311854336
0.10698394846577852
0.12887847824053827
0.5549897951615059
0.554989795161506
0.554989795161506
0.2219956770657972
0.0
0.0
