1.071242965827234
12.187915970298215
12.26973219750038
12.132338147951247
12.132338147951241
0.4468697844018066
0.0
25.898745311060782
44.0645448924526
44.15432361705773
46.062300816449344
44.83465781345356
26.532640759045435
0.0
41.58068626110385
97.13214189762215
96.43646185597163
100.00000000000003
100.0
50.10361482165412
1.2393294733546594
49.0645856636252
99.99999999999999
99.99999999999999
99.99999999999999
98.11602404476969
69.55929924364699
3.8022327429574307
54.88696248459752
91.10347375710802
92.15636750737492
99.99999999999999
99.99999999999999
77.92302577645567
4.701030864616133
0.0
1.9920401588291559
1.9920401588291554
1.5628575545415808
3.6341005071024606
4.626296098717694
0.7710493256302522
0.0
0.0
0.0
0.0
0.0
0.0
0.0
0.0
12.187915970298215
12.269732197500383
12.132338147951247
12.132338147951234
23.990829362354276
0.0
44.06454489245262
44.15432361705773
46.062300816449344
44.83465781345356
63.902624581934944
0.0
56.20326627924769
55.507586237597145
72.74177556692887
78.02492819046459
97.65319524167535
1.7583311790958072
64.4331863469864
63.64685010404865
51.817728612929436
100.0
99.92551139877133
0.0
36.24674534792005
37.29963909818687
9.179761358793549
53.453740585535385
85.11921913900517
0.23917492443561816
1.992040158829156
1.992040158829155
1.5628575545415804
3.6341005071024606
70.67169237047746
0.0
0.0
0.0
0.0
0.0
0.0
0.0
0.0004121721639500639
0.00020608608197503195
0.000673647483527097
0.008988374286161003
0.0
0.0
2.441218708456541
0.004068965535169699
0.0
0.15168264851834287
1.0487795580369221
4.961130552999385
4.9611305529993865
1.9042053519384305
0.053769857978027594
0.0
0.0
0.0
0.0
0.0
2.0630686813651855
0.10583479455864357
3.7267895328850233
4.140069534552332
0.712772494609564
0.2849616432219923
0.24703259212106593
0.24703259212106593
0.1367020760171716
0.0
0.0
0.1100111553021252
0.3758725697395379
0.37587256973953787
0.0550055776510626
0.22892921078261666
1.5509962007128235
4.69867930442154
4.698679304421536
1.0724459028492686
0.39882327414338387
0.2480544192670427
0.12887843467093177
3.826876519995698
3.8268765199957
0.5549899351412233
0.22199597339420135
0.0
0.0
2.503920765875421
5.295348101544207
3.424990963964076
1.8678289286434795
5.293038320708857
3.6406860969593975
0.0
19.463750395510885
50.30323725271605
32.16403891568708
21.682928962639913
51.265401641695966
33.49838924412907
0.0
52.6421537311016
68.90352043633652
66.85112026757452
55.88254537109634
50.10361482165411
50.10361482165411
1.2393294733546592
61.21529594646737
93.30961397467884
85.17060506360893
90.416284169474
82.65455668355911
70.1720580781711
4.007702198544162
57.30940751699931
60.468451358243136
58.25154858353559
89.30000983893572
89.18959355128295
77.31026694193154
4.495561409029403
1.1542012361110154
0.0682576014102111
0.280901668923059
0.7229850498810682
0.23917492443561797
0.0
0.7710493256302523
0.0
0.0
0.0
0.0
0.0
0.0
0.0
0.00046756140155206505
0.010940396167187623
0.027431152509350253
0.009894583416704785
0.0032979048876130212
1.3913601465654688
0.025999289862562697
0.15168264851834287
1.0487795580369221
3.682928887542904
1.2276429176574122
1.3913600004435984
0.09128927098107535
0.0
0.0
0.0
0.0
0.9733139445114757
0.0
24.370296764983863
0.4807853896874288
4.192994238842515
1.424900024265182
0.18129289674517357
0.0
0.0
0.0
2.4369163982116633
1.1125672897238652
0.694715945378549
0.033320199691605504
0.1943801301408645
0.32196689401968787
0.5325156424354041
0.1982620380911473
0.005977227047414876
0.0
0.0
0.0
0.0
0.0
0.0
0.0
0.0
0.00020608608197503195
0.00020608608197503195
0.00020608608197503195
2.0869046345910474
2.0869046345910496
0.0
0.004068965535169699
0.1461424220342471
0.1461424220342471
0.0
4.0310062247579115
4.0310062247579115
1.0487795580369224
0.053769857978027594
1.923766130849696
1.9237661308496958
0.0
0.0
0.0
0.0
0.10583479455864357
0.0
0.0
0.0
2.3762660770579385
1.5061536298744602
0.0
0.1367020760171716
4.6478706121730555
4.647870612173054
0.0
0.0550055776510626
0.0550055776510626
0.0550055776510626
0.2289292107826166
6.232671460909627
6.232671460909625
0.0
1.0104322485556505
0.33680967313390053
0.0
0.1288784346709318
0.5549899351412233
0.5549899351412234
0.5549899351412234
0.2219959284004546
0.0
0.0
