1.071242544029702
12.187915739680392
12.269771455070162
12.13112203440299
12.131122034403003
0.4777305781446871
0.0
25.899284946284855
44.06937375167551
44.04321589581352
46.65228067924284
45.06961584775793
26.58737997750781
0.0
41.29642070349434
95.32600842316525
99.99999999999999
100.0
100.00000000000001
43.54646968501095
0.0
49.70769618745385
97.97290214514612
99.99999999999999
100.0
100.00000000000001
72.37911531486955
2.729914445488835
51.353954077222056
89.20764759789263
89.22631532638952
100.00000000000001
95.80685785298844
64.73519734611614
5.127279037736418
0.0
0.5859628318970342
0.5859628318970345
0.19933352802016718
2.3131478574213102
4.62629571484262
0.7710492201992025
0.0
0.0
0.0
0.0
0.0
0.0
0.0
0.0
12.18791573968039
12.269771455070162
12.13112203440299
12.131122034403004
23.99303760653322
0.0
44.06937375167549
44.04321589581352
46.65228067924284
45.06961584775793
63.912959501466176
0.0
68.05907949681401
60.90318920256504
87.80282225583102
98.14255674988769
98.19934101207375
0.37626164893341596
63.81411846866528
60.78546490157713
61.86918372928616
85.63776494940224
90.65723570190514
2.4573769442766866
34.42982638929466
34.44849411779168
30.430945409809695
27.624398891502203
99.99999999999999
0.15216725993377428
3.2149600644562835
3.214960064456285
2.8283307605794175
4.94214508998056
49.87105929663079
0.0
0.0
0.0
0.0
0.0
0.0
0.0
0.00038849054164074307
0.00019424527082037153
0.00063473929001404
0.008513166874606303
0.0
0.0
4.46741770370136
0.002742065645287538
0.005484131290575076
0.0
0.04657898527960826
0.326057289192424
0.32605728919242394
1.889741139541517
0.05401128468538548
0.0
0.0
0.2559597660680306
1.8557113806810785
1.855711380681079
2.9770653452432683
0.0
0.0
15.28157618402496
0.37644909564700735
3.538621885364047
3.538621885364047
2.4082276904188866
0.19184811973547228
2.4261563273873876
2.0326779812540536
0.7182135832098262
0.9514520581997605
0.9514520581997605
0.4664769499798686
0.7151512155316367
11.64978154249228
14.910200011905726
3.975569684945085
1.2276481659084275
0.7151512155316366
0.7151512155316366
0.12887846317205848
3.826876526210133
3.8268765262101305
0.5549898287200583
0.2219959139923352
0.0
0.0
2.503920495520359
5.295351299512487
3.425069232838318
1.8688484922570696
5.2918499312428775
3.6113249539689587
0.0
19.46370130849811
50.321902230876674
32.34577780716753
22.74799447711076
51.60263934011788
33.32557961504538
0.0
52.52667091211815
81.13661389252167
69.99291318304398
49.48698681611271
48.58659499458368
48.523981657468276
0.0
61.84660750449092
89.38511755859155
99.99999999999999
90.89032434852776
82.07595267742579
72.37911531486955
2.7299144454888347
55.4607733417428
60.737128339624306
72.60972865953363
75.67464108488224
68.20712679937571
64.73519734611614
5.127279037736419
1.9755096720684269
0.0
0.1628567067004785
0.5508342994866111
0.15216725993377433
0.0
0.7710492201992024
1.2286884721383429
0.0
0.0
0.0
0.0
0.0
0.0
0.0004404940191936685
0.012016279070022737
0.0266800495915247
0.007332556068627065
0.0
2.481898735352454
0.0
0.027156296168542513
0.3683407273544361
4.747994490552591
1.582664804822304
2.4818986740615916
0.08159951770694741
0.0
0.04994825055990474
0.13649772001660013
0.04549816910044943
1.0015555743086013
0.0
0.0
0.0
0.0
0.0
0.6106157466853176
0.0
0.021952245293752542
0.286961222989071
5.864626476751277
2.0084886151957093
0.15445289123417938
0.0
0.5617430591729559
0.6703140067458675
0.6868582457004765
0.4154305914270868
0.4154305914270868
0.0
0.0
0.0
0.0
0.0
0.0
0.0
0.0
0.00019424527082037153
0.00019424527082037153
0.00019424527082037153
2.077847500991981
2.077847500991984
0.0
0.002742065645287538
0.14661268314897566
0.14661268314897563
0.0
0.0
0.0
0.0
0.05401128468538548
1.9324006080090923
1.9324006080090936
0.0
0.0
0.0
0.0
0.0
0.0
0.0
0.7528981958706354
4.438947363296014
2.1464058581434076
0.0
0.19184811973547228
4.295468205024727
4.295468205024727
0.0
7.23527246684028
1.876639831263827
0.0
0.7151512155316367
0.7151512155316367
0.7151512155316367
0.7151512155316367
1.113818250819003
0.7151512155316367
0.7151512155316367
0.12887846317205848
0.5549898287200583
0.5549898287200583
0.5549898287200583
0.22199576880263466
0.0
0.0
