0.0
11.466424167760422
11.466424167760428
11.466467107695747
11.466467107695753
23.999612382749795
0.0
41.881878981158394
46.15009294162776
46.0872152182312
46.15782021880291
63.98094636741537
0.0
97.67437471576109
100.00000000000011
100.00000000000004
100.00000000000004
100.00000000000004
0.0
86.7234163754444
100.00000000000023
99.99999999999999
100.0
100.0
0.13931935957710448
59.62789699537817
71.47107825182115
61.92127095568519
73.5676910784944
99.99999999999999
0.0
0.3007232197422737
0.4693092825975568
0.292468991059436
3.1369514557445877
36.58717316722333
0.0
0.0
0.0
0.0
0.0
0.0
0.0
0.0
0.0
0.0
0.0
0.0
0.0
0.0
0.0
0.061644213724827236
0.0
0.0
4.209273968099964
0.0
0.0
0.0
0.0
0.0
0.6897475173382916
0.723533304290546
0.0
0.4736078677251986
6.5512643568188915
2.456724097376206
0.8189080226239654
0.0
0.0
0.13628955888270086
0.5451582355014165
0.18171939948512333
0.0
0.0
0.0
0.0672104150401471
0.1792277762818866
0.0
0.0
0.0
0.0
0.0
0.0
0.0
0.0
0.0
0.26665515240173365
12.799736017552789
12.799736017552792
12.799793270799885
12.799793270799892
0.26664799574584636
0.0
24.008762515744113
46.150092941627804
41.881878981158295
41.82538899867415
41.8871683741744
23.985210923549754
0.017219198381164397
49.30174964492414
69.0056825255357
47.08683605527777
57.97301517676277
70.37671801605373
33.24186551080772
0.0
53.889192773991866
75.44505934830055
80.17985744745823
73.40478188044202
74.50084361938292
53.83910814950711
0.4979138989180019
54.42081882335651
69.01877257973221
62.37467602519754
65.26256264197211
52.40999183139881
51.239749160025184
1.0292420594345575
0.0
3.9892779834439
4.001319845076422
3.9886883956808434
4.191865714586923
3.2282877080790335
0.5739178091321412
0.0
0.0
0.0
0.0
0.0
0.0
0.0
0.0
0.0
0.0
0.0
0.0
0.0
0.0
0.0
0.0
0.0
0.07045052997123111
0.0
0.0
2.9936777652394215
0.0
0.0
0.0
0.0
0.0
0.0
2.0174580236387203
0.0
1.0972367576896305
1.158503946850242
0.541266134543084
1.5083649900515297
1.5083649900515264
1.0688785449942797
0.0
0.0
0.0
0.06592232111400542
0.24171562746107828
0.24171562746107791
0.06592232111400544
0.0
0.06047728830130516
4.1314189214554995
4.070941633154202
0.8806916648180043
0.3218932621711114
0.08498830066427998
0.07306331943553859
3.163112237026712
2.3288939250591723
0.0
0.0
0.0
0.0
3.7331721336242714
3.7331721336242714
3.7331721336242714
3.73307194044185
3.73307194044185
3.73307194044185
0.0
36.01314377361614
36.01314377361617
36.01314377361617
35.977816385324644
35.97781638532462
35.97781638532462
0.015066798583518847
46.88251770609476
70.27315949785121
57.713742141140195
39.15626751412334
37.67054079827871
49.247074179375495
0.0
66.77179159338979
76.06092819233167
71.46897004985534
68.1427664156056
64.04423884910588
61.530409313722416
0.4356746615532517
58.07913794624538
57.859554488479745
58.26842316509786
64.61573142205206
64.24379905098186
59.3939316377106
0.9005868020052379
1.327710503414714
0.0
0.20163118142168043
0.08961382017994136
0.08961382017994145
0.0
0.5021780829906235
0.05400454272599614
0.0
0.0
0.0
0.0
0.0
0.0
0.0
0.0
0.0
0.0
0.0
0.0
0.0
0.0
0.0
0.0
0.0
0.39790713684489853
0.39790713684489865
1.6990489686790857
0.0
0.0
0.0
0.034104250353954244
0.5434173718100476
0.5434173718100459
0.0
0.0
0.0
0.0
0.0
9.335750646969704
3.6512038843904633
0.0
0.0
0.4476585759177507
0.4476585759177491
0.0
1.1258153233712234
0.351029527718975
0.0
0.0
3.704193885818875
3.704193885818877
0.0
0.8753799313022731
0.3165815366310204
0.07436476308124498
0.06393040450609629
0.0
0.0
0.0
0.0
0.0
0.0
