0.0
11.466490383334909
11.466490383334914
11.4665269242902
11.466526924290205
23.999731736864163
0.0
46.30162825134631
46.30162825134636
45.695025300412006
45.8398414733258
63.47691985420842
6.601039992380939
91.99091879125062
100.0
99.99999999999996
99.9988098766114
99.99999999999999
14.760042985506837
97.3136597162881
100.00000000000001
99.99999999999999
99.99999999999999
99.99999999999999
0.9202662999183981
72.31186373722895
71.90833612330182
71.33806201968956
100.00000000000004
99.99999999999994
0.0
3.4898847737821397
6.178077395380293
8.739248582485965
8.977252018397003
34.97471006051611
0.0
0.0
0.0
0.0
0.0
0.0
0.0
0.0
0.0
0.0
0.0
0.0
0.0
0.0
0.0
1.1454589952447167
0.0
1.8865364242753913
16.13827943227839
0.0
0.0
0.0
0.21631635911744368
0.21631635911744354
3.7837258019889997
0.29562181429380696
0.0
0.09813135979379796
6.7616534839153335
1.882040815800265
1.580786283433763
0.0
0.06186040531638581
0.06186040531638581
0.06186040531638581
0.06186040531638581
0.06186040531638581
0.0
0.0
0.046085260372577715
0.18434069526992256
0.0
0.0
0.0
0.0
0.0
0.0
0.0
0.0
0.0
0.2666582039128048
12.799808205053836
12.79980820505384
12.799856926327553
12.799856926327559
0.26665211375359
0.0
24.087959026679364
42.01942215909535
42.01942215909554
41.46323064346477
41.58994479476435
23.952866413881427
0.1448161729136432
48.130339347463135
54.021558434296054
60.308174451780204
50.300998637534335
61.94333887389607
40.47221719580144
0.6669855419900218
56.53089868553365
74.52632802752213
72.14434146291991
66.00678300090256
54.09435212239329
48.56139682014029
0.8111909406702767
45.178281842666436
62.85927584786901
64.21165887149134
61.24297537215604
53.89265936827794
54.10516641590563
0.49009083390537034
5.398056894254614
6.016338000454245
4.3638339658039005
6.981700763385719
9.669914793368504
0.024466039069324652
0.04731115473812275
0.0
0.0
0.0
0.0
0.0
0.0
0.0
0.0
0.0
0.0
0.0
0.0
0.0
0.0
0.0
0.0
0.0
1.309095994565391
4.292379330445508
4.872852076381039
8.483068089897293
0.0
0.0
0.0
0.0037363103337166212
0.0
0.0
4.7890863746926495
0.0
3.558739910648833
3.8750463109103643
0.3314035325375159
0.25272099515318075
0.2734463583809856
1.0542201552159676
0.0
2.51693815383582
2.51693815383582
0.033510390515802124
0.18390105865856585
0.1839010586585661
0.0
0.0
1.3243015644283511
4.070941641507874
4.070941641507892
0.8806916805294852
0.32189329298882424
0.08498831479734027
1.523205650732455
2.85601059512335
2.85601059512335
0.0
0.0
0.0
0.0
3.7332148547792685
3.7332148547792685
3.7332148547792685
3.7331295925502603
3.7331295925502603
3.7331295925502603
0.0
36.13193854001905
36.13193854001906
36.13193854001906
35.52200413450251
35.522004134502524
35.522004134502524
0.1267141512994378
45.42091776000299
61.27725212195205
48.1754215491583
47.30375496816205
41.60785387651974
45.91776354165556
0.5836123492412693
60.91330384328879
76.22232088725467
64.79485172866615
62.406299878704004
59.29565851765552
56.82304078744584
0.7097920730864922
58.44886639492045
59.21998546032713
55.84060875901749
57.04581734850588
59.19238860637281
51.82735212647851
0.4288294796671991
6.358807093565822
5.509768077313563
5.536312329151951
0.34252454697054513
0.34252454697054535
0.34252454697054535
0.04139726039585741
0.020725363227804793
0.0
0.0
0.0
0.0
0.0
0.0
0.0
0.0
0.0
0.0
0.0
0.0
0.0
0.0
0.0
0.0
0.0
6.809217047821924
6.809217047821933
1.973275372372619
0.0
0.0
0.0
0.0
3.4864825870568525
3.4864825870568388
0.0
0.0
0.0
0.0
0.0
1.627025294698274
1.4592097834208775
0.0
0.0
0.21781753835271409
0.2178175383527138
0.2178175383527138
0.8719252635485174
0.29015508518926714
0.0
0.0
3.8254747710648656
3.825474771064874
0.0
0.8753799332115587
0.3165815510267233
0.07436477544767274
1.332804944390898
0.0
0.0
0.0
0.0
0.0
0.0
