1.0712362759454306
12.187875344607573
12.26910917076786
12.124871329351395
12.1248713293514
0.4853321738255568
0.0
25.899287441642254
44.06939369785346
44.04323708522723
46.65227439206861
45.069613476205824
26.587379295606027
0.0
41.068241184708356
98.87421925991048
98.87421925991049
100.00000000000001
100.00000000000001
46.70042329517098
0.0
52.41429930237404
99.88062259139971
100.00000000000003
100.0
100.0
56.06413814754109
1.9071697943858328
54.6411419536157
92.06952769209418
92.07360877061637
95.99474649265535
97.11399232822858
61.14921606578137
2.6286960435144726
0.03610356932051766
0.6626864394512506
0.7286144407659405
0.2873974867058387
2.3131478090401876
4.626295618080375
0.7710491906927379
0.0
0.0
0.0
0.0
0.0
0.0
0.0
0.0
12.187875344607573
12.269109170767862
12.124871329351395
12.124871329351398
23.992062893189342
0.0
44.06939369785346
44.04323708522724
46.65227439206861
45.069613476205824
63.9129595130654
4.580734834136703
66.68326811362539
69.98816477224659
87.27512231166666
95.87365852094989
100.0
0.0
65.93763175196867
65.94720189129522
66.50991071017212
92.72039482408152
98.3145822801707
0.0
34.69922576762669
34.68352501226573
22.947024784273662
22.801304307718468
100.0
0.13967941673920564
3.4041039088706047
3.4700319101852974
3.0288149561251934
5.054565278459541
55.11809043968754
0.0
0.0
0.0
0.0
0.0
0.0
0.0
0.0
0.0
0.0
0.007410662583922099
0.0
0.0
2.510270585111548
0.038859757164256235
0.038859757164256235
0.038859757164256235
0.3005092421927305
0.3393689993569867
0.3393689993569867
3.686837898262828
0.05401124848050145
0.0
0.0
0.12202090743352798
0.8541516393910203
0.8541516393910206
3.4729538046595194
0.0
0.0
18.867170337914295
0.050800798817786
0.33320340078804483
0.3397998219309247
0.1370585420399561
0.06738643501472483
0.25870784029783056
0.21108954011175718
0.16309166677002895
0.44333025290119704
0.44333025290119715
0.1855702886369876
0.4543052847633452
12.845418333141213
13.095857298915316
3.412002224480093
1.4178278124647588
0.5155735596727741
0.12889332411440618
0.12887845172911042
3.8268765456735214
3.8268765456735236
0.5549898482744862
0.2219959322487417
0.0
0.0
2.5039247454571454
5.295258743875305
3.423746986868403
1.8689626198077622
5.2581870195324045
3.602750261683348
0.0
19.463701097629674
50.32164412109269
32.346183676445904
22.74798273589585
51.60263552563389
33.32558027892101
0.0
52.43397296029109
78.1768788287754
68.75257278229529
61.208079856612954
49.31032973766752
47.37982732781201
0.0
62.7649875783812
80.44213189760775
76.9769344784493
80.65018381577053
69.41748173344374
56.62474083410299
1.9071697943858328
59.03936591369405
61.44317184264076
60.45110812862
100.0
74.2583639165371
57.798718022550496
2.6286960435144744
1.6382437948778446
0.10586867801943997
0.2172426187803005
5.492018717397488
2.020301580398387
0.0
0.771049190692738
0.019781833883179546
0.0
0.0
0.0
0.0
0.0
0.0
0.0016666778533355215
0.010935702753058692
0.029072762953075707
0.010881957807292283
0.0036260208345524634
1.3945947777695957
0.007528274983321821
0.026229281020046097
0.3678563150158272
4.747982641883064
1.5826607948381446
1.834709812994725
0.08159995540814412
0.0
0.0
1.9414257157620316
0.647141753246119
1.8347100316313534
0.012949365852207906
0.0
0.0
0.018218480978004464
0.03140389371830425
0.03140101695167797
0.0
0.0062536101663974684
0.4384225496426674
0.700203885682316
0.2625761135730101
0.08752514389411008
0.0
0.14195242139787284
0.17907725674695546
0.3963198755272558
0.20237068646241368
0.06745689609170581
0.0
0.0
0.0
0.0
0.0
0.0
0.0
0.0
0.0
0.0
0.0
2.077146871795067
2.0771468717950685
0.0
0.038859757164256235
0.18305001762079656
0.18305001762079642
0.03885975716425623
0.0
0.0
0.0
0.05401124848050145
1.9324006173851298
1.9324006173851294
0.0
1.8521278941920003
1.8521278941920003
0.0
0.0
0.019519740844768447
0.01951974084476845
0.10160160756204879
1.6382437948778446
1.6382437948778446
0.0
0.06738643501472484
2.1623700301754454
2.1623700301754454
0.0
3.2150823678345644
0.019781833883179546
0.0
0.4543052847633452
3.1615632587059785
3.1615632587059785
3.161563258705979
1.4178277148703518
0.5155735705910858
0.12889332411440615
0.12887845172911042
0.5549898482744862
0.5549898482744862
0.5549898482744862
0.2219958218499898
0.0
0.0
