1.0709065631195789
12.185863406957852
12.238127536973638
12.117189473174895
12.11718947317488
0.47558118452234904
0.0
25.899214141197906
44.06873262331923
44.28758038266269
45.60159254700969
44.65054330038933
26.376123680691066
0.0
44.753199419995326
79.43218839344158
79.30898202451046
99.99999999999994
100.0
49.224862308937766
0.0
51.20541854291386
77.86421725310991
77.4793761632066
97.81970189000398
98.56569191112173
41.20841931716691
0.0
55.581337396535965
63.63073480095849
65.04325598409996
67.34267653861684
65.19807056800026
73.90084579913353
0.0
0.0813990489904426
2.1279277836123973
2.3816944969829996
2.4863881690565366
3.9392513670819214
1.4811488357988338
0.24685813804758377
0.0
0.0
0.0
0.0
0.0
0.0
0.0
0.0
12.18586340695785
12.238127536973638
12.117189473174893
12.117189473174873
23.990314374624365
0.0
44.06873262331923
44.287580382662696
45.601592547009695
44.65054330038934
63.90093712649384
0.0
79.43218839344154
79.30898202451046
68.08746557095643
68.08746557095643
100.00000000000001
0.0
77.86421725310997
77.4793761632066
56.796223848799286
57.54221386991703
99.99999999999986
0.0
63.63073480095851
65.04325598409993
67.34267653861683
65.19807056800026
100.0
0.24502005684919875
2.1279277836123973
2.3816944969829996
2.486388169056539
3.9392513670819236
12.069007135888203
0.0
0.0
0.0
0.0
0.0
0.0
0.0
0.0
0.0
0.23308370880915508
1.0488767057469717
0.0
0.0
0.24641272888282328
0.00938535065014353
0.09444820424949375
0.09444820424949375
0.6249463930919955
1.224631344251581
1.2246313442515815
0.7696821559001593
0.0537304566683362
0.0
0.0
0.5041186946768804
2.5565446497283437
2.556544649728343
0.9357535775917893
0.0
0.6949970411041028
0.662332680885853
0.662332680885853
0.0
0.0
0.0
0.021810269064468136
0.0
0.0
0.02848210262928721
0.31059081693568563
0.3105908169356856
0.11121591211214185
0.08959239401532078
0.0
4.096913502133642
4.096913502133645
0.9071058672560571
0.3359717461494526
0.07769853624682733
0.09080395001624332
2.940349588723164
1.1344172710910647
0.1469847095490457
0.05879388631847437
0.0
0.0
2.504122720055756
5.290857996364513
3.3619354496686054
1.8636415501544208
5.22207031746817
3.61025399031888
0.0
19.463707804200737
49.39012531582205
32.44119121799571
21.048802657653184
50.991711637010276
33.524813447501565
0.0
33.74970914114342
82.55272650187895
50.502823454926485
47.74224548559546
49.08645704041739
51.18635734333026
0.0
38.98132558229861
99.99999999999996
83.40202562247075
86.20855511160309
99.9999999999999
57.79235183135185
0.0
32.43621465935703
84.48775266274865
53.76456999819421
36.3026492453162
86.43160752672529
59.31117662398904
0.0
0.042143610440431516
0.0
0.012087722825924355
0.0052855958158198185
0.0052855958158198185
0.0
0.24685813804758375
0.0
0.0
0.0
0.0
0.0
0.0
0.0
0.0020337018626235895
0.003971104447752219
0.15420058677930146
0.0
0.0
0.24641272783526738
0.009201519124073706
0.23308370880915508
1.0488767057469717
2.9136034222332334
1.0115049311603799
0.7696821758250775
0.09202700813096311
0.0
0.0
0.0
0.0
0.769682178913237
0.14769806892909992
0.0
0.0
1.2790219021533924
1.2790219021533924
1.36079454658506
0.18494127596222118
0.0
0.0
6.936897075340218
2.6476851346176917
1.0121925601727542
0.30567759498714675
0.0
0.011626333391198814
0.018428460401303345
0.0063407375753789935
0.0021103420512810205
0.0
0.0
0.0
0.0
0.0
0.0
0.0
0.0
0.0
0.0
0.0
3.0703018711755323
2.0214251654285613
0.0
0.00938535065014353
0.22466496573611563
0.22466496573611566
0.09444820424949375
6.899637515162039
6.899637515162039
0.0
0.0537304566683362
1.922356314053483
1.9223563140534825
0.16814456104670067
4.027247067540886
4.027247067540886
0.0813990489904426
0.0
0.0
0.0
0.0
2.8362074054518516
2.836207405451852
0.0
0.021810269064468136
0.7415492623772761
0.7415492623772761
0.0
5.498199013398545
1.8327330034479365
0.0
0.08959239401532078
3.046141440617153
3.046141440617151
0.0
0.9084209097439079
0.33698260439375627
0.07769853624682733
0.0908039500162433
0.14698470954904574
0.14698470954904574
0.14698470954904574
0.0587938687994551
0.0
0.0
