0.0
0.00030487283739497734
0.001215938021114797
6.568875677877273e-08
5.793806874993459e-09
8.828460487046715e-06
4.711396835847181e-06
5.5748122121997865e-06
4.997111826363025e-06
0.3201525110269871
7.671377021369509e-09
4.263846727366631e-06
1.4333475348056892e-09
2.8771456059707392e-06
7.393655569759694
0.0
5.3972216296249504
5.211012793673545
2.896156471153645
1.30258320446699
1.2062766456778118
1.2154347456937393
1.2065150312059338
4.468361418604792
321.1684854143359
3.919778458302563
42.18168832904463
1.1254326638002188
0.00011212065192349382
1.249007923730377
0.0
1.2490075864138024
0.053627119841687776
9.095704503857077
6.725755260670511
3.9191864438599
6.725519159117097
24.661042752686164
44.32350396902366
11.107497205327228
270.6031709710104
1.9498045359964475
0.6430638481720585
1.4398161406378036
0.00015771124021788163
0.0
3.734350454139823
4.6145132892099065e-05
2.616485895423558e-05
0.0004127418895337948
2.763814075717549e-05
0.00011344048455475987
35.878965645313585
2.9961389735860125e-09
6.418467564877215e-10
1.9625249038931668e-09
0.00013042137374731338
0.0014474240649649107
0.00015618353004565174
0.0017405302321212039
0.0
0.00022052342420146272
5.0408636124068665e-05
1.1898515658598317e-09
5.339519707065182e-05
0.00041426797001138795
6.940565347551724
1.177085692073009e-09
1.2430458504667173e-09
1.053427553052809e-09
6.509554867720851e-05
1.4247966692192853
1.1370277587473439
2.3077235804646827
0.00017052402172156375
0.0
0.00014844555616590194
3.451216674844881e-08
0.0001673408553653993
0.00011599901105919436
9.488485874655629
0.3025969101450899
1.3408660839544044e-09
0.09667095097280833
4.8372167807071274e-09
0.002177920059170233
0.06039822436358209
0.001163113085385112
8.404609792207135e-05
0.0005058158373276781
0.0
0.0003626849512137404
9.14892212212236e-05
6.028925132002993e-05
2.5021772372226454e-09
7.872831573111554e-09
2.245546935936052e-09
8.008100290226389e-05
5.040904016421219e-09
0.0025706411862777565
1.5440344212177143e-08
0.0007399921577996709
4.687930113499229e-05
0.0003762261758622352
0.0006284270845324278
0.0
5.0200455739488696e-05
3.550822335045693e-05
1.123308384379632e-08
1.1857180748040127e-08
10.045605718740703
9.111657805655163e-05
0.00042084945733439154
0.0007346918643072014
1.3304950126798458
0.5333335002685748
8.058684157998902e-05
0.0002940954850158755
5.068700645182565e-05
1.1017300828401844e-09
0.0
6.0428247043467414e-05
0.2782826138054691
0.00015770098102426682
21.553320629464707
2.0440754211690766e-05
0.001506730266987007
3.65389596538747e-05
0.00015745508088922075
0.0003095351678429218
5.374278155590907e-05
0.0002211286342948672
5.030831908005323e-05
0.0006811840419451061
5.328266405420589e-05
0.0
9.356771733315917e-10
1.3038487593144816e-09
1.2187737041656219e-09
1.0687668074772768e-09
0.0020842321489349977
3.031913775878872e-06
0.0011198732284031683
5.2665520043385347e-05
4.283167375372791e-06
7.965494402423492e-05
4.041076346596477e-06
5.1045988818322684e-05
0.0004322342235605792
3.2723718925198723e-06
0.0
0.0006853961140792117
0.6278503478970414
4.590794137882038e-05
0.001449173297256984
0.0007824664173013594
0.0008264677346316241
0.0004380935049366729
4.817459006805705e-05
0.00020263169729941126
2.4608965654372747e-05
8.685870645753182e-05
0.00046557486488349323
3.6443028183738834e-05
1.3452858555510168
0.0
9.37589867525695
9.134546682323682e-05
0.0014938891998456491
0.0011428886372867571
7.775846047832657e-09
1.102526924020012e-09
2.1900826428377037e-05
0.13655513292663576
0.33360965008874904
0.00041529099154507577
1.3928547453180886
1.7186594082523675e-05
4.1272536386995875e-10
0.0002441201528403778
0.0
0.0001971120749519617
0.4809365329412761
0.002205871911826746
1.291356558477761e-09
1.0033581603455053e-09
3.905064698929454e-06
6.098327384186559e-06
1.4939966512795359e-05
0.0002570432032369702
1.7899037874923842e-05
3.0204711097188703e-06
4.725690444718917e-10
8.74642142764092e-05
0.0006885542426450799
0.0
