0.0
0.0002798122373477889
0.001154663144505643
0.7766526821373775
3.0594060859422887e-09
1.2330186993862244e-05
7.61559523709667e-06
8.693465785419244e-06
8.539065478732116e-06
1.55602630713811
2.625945359462786
6.545569756679357e-06
6.565529909097935e-10
2.881252923312064e-06
2.6086806326814655
0.0
3.189692254665238
4.567807726697076
2.988286037078769
2.535989583159422
3.270672765765493
3.9549467662530287
3.273116287126972
3.6526504618670765
271.0171808590037
2.0427463937531085
92.31293418758361
1.135345592785926
0.0002259900628272025
0.9066402419899403
0.0
0.535458793356175
1.6446189210173562e-05
6.387113858803062
3.5809073896074994
4.725434707805429
3.578205400068995
14.90225509176461
121.29449196587952
8.79911099249796
220.68847310448098
1.3792901557163482
0.6683503067450629
1.3342077837967867
6.9364716695737285e-09
0.0
3.382287663362279
5.1048302636846406e-05
3.449872160552338e-05
0.00038998228896033324
3.766699737356318e-05
0.00010425941170923897
14.492373072166682
1.6065962907469196
5.768223068828696e-10
2.227347446655545e-09
0.00011566447549259766
0.0016004861250557497
8.193268097964848e-09
0.0018212445225003712
0.0
0.00020846283594184382
5.958063883405958e-05
1.1210481575934008e-09
6.459633890594525e-05
5.341164204067516e-05
4.724005083838415
1.0934920992008674e-09
9.231040231211671e-10
8.255449343315097e-10
5.592052257501013e-05
0.8716308216348454
0.0007917182954843201
3.355565998931047
0.00013822652544649884
0.0
0.00011546571999933737
0.0005683631322701282
0.0001287201056139165
0.00010004734525112074
6.047768434128384
9.044172306195278e-05
0.46933856926096457
7.006556904303672e-05
4.676843601350138e-09
0.13078784342301258
8.421405592666822e-09
0.12592509575415284
7.495547568777398e-05
0.00021761035021097374
0.0
0.00023146313192069507
8.537180642633572e-05
5.675629222039e-05
5.970939313741697e-10
5.4515661990223424e-05
0.065357548588436
6.498442857510183e-05
3.681602120214664e-09
0.0023635937105135007
3.817196215074235e-09
0.0006826753995201025
4.238829497629475e-05
0.0003619817839505357
0.000595201732153923
0.0
4.724920133408231e-05
3.353133967641173e-05
4.23920513238451e-10
9.597859875872154e-05
10.723981160866437
0.00015848551460611885
3.3223593041571366e-05
0.0003932394507793575
0.6466424405210466
0.11779939579203494
9.165477862748688e-05
0.0001303006010259771
6.033954229307689e-05
9.429039101343759e-10
0.0
5.688988091723014e-05
0.02508073338350611
0.00012077363346342905
19.755925259905002
9.824491077412022e-06
0.0011387710455183118
0.05901951526123998
9.279530046664703e-09
0.0002924450332271193
0.11032582993916015
0.00020888832188600327
5.934635967747349e-05
0.0006583875888163988
6.43212139432767e-05
0.0
6.52563069399102e-10
1.176103342277583e-09
9.686529729604353e-10
8.37699689285491e-10
0.0019672794600474374
3.3351737920802022e-06
0.0010064214732208331
4.9660378449048476e-05
5.0561302228456975e-06
7.681503251513684e-05
4.532861166246652e-06
0.00010485187192086097
0.0004133831031983417
3.08522534038957e-06
0.0
0.0006503217124919019
0.6702488154966735
0.00010122246624682556
0.00106932145525932
0.0006754343232358598
0.000713640199911375
0.0004101703183904239
0.015436065882086254
0.07844746359936314
2.7743498973722755e-05
0.00015181041798184618
0.00039281818577964825
3.443038975336049e-05
6.474857179807001e-10
0.0
10.645803651240632
0.00015870134427628364
0.0012976401455297216
0.0010795068443322485
2.0377988955638996e-09
1.0815511816012708e-09
0.0655454851829928
3.147674568393784e-05
0.48018584782097706
0.0003902543366165519
1.1779931203166512
1.626191926813119e-05
3.31670699914245e-10
0.0003690409777447523
0.0
0.000252527915312096
0.001139046740055235
0.0031419487237980626
2.0980275832600454e-10
7.209643825814746e-10
3.553620464230174e-06
5.825556747614837e-06
1.4242524814664261e-05
0.00031931556359861
1.70650607700829e-05
2.8575545368169974e-06
3.7950826720143717e-10
0.00018133667099940712
0.0008774896002677861
0.0
