0.0
0.0003748165484380651
0.0014954042562719534
0.001590158052789126
1.5123871121975364e-08
1.091300950979809e-05
5.8269364067823495e-06
7.0521647012134165e-06
6.185048750947568e-06
4.979800871734771e-06
3.1382395290164433e-09
5.274472498049871e-06
6.993412573774228e-10
3.351600564911922e-06
1.8262368334358425
0.0
1.826212243855242
3.46006098608495
0.9132431051089662
0.6526712869460973
1.044428329937724
1.8579074612413031
1.0441335581099787
2.472889385897436
333.5712348753471
3.367910562481016e-05
47.00462212440336
1.0839170098217221
0.00014005852734534925
0.6893306811632958
0.0
0.6893304886394239
0.4355053867072843
8.794310813770137
9.222146349493263
3.725976893863488
5.908643215197603
20.458490226444155
54.37490997232902
19.827191741230852
264.125989294423
1.8161078077200794
0.8655784216087057
1.7283442606109816
0.0002665134369932183
0.0
5.500428630655427
5.6812729781566406e-05
3.2322916633262125e-05
0.028614888342468177
4.32025273766589
0.00013352792047458616
10.682471678377132
1.4694402688597307e-09
2.7063997427681272
1.9090678686468654e-09
0.00016027205660708476
0.002603723519917278
0.00018319412528707766
0.18849707327398488
0.0
0.0002707150530471814
6.219798573766107e-05
5.70981959107934e-10
6.588495608313972e-05
5.3385191447615666e-05
4.290786460460067e-09
4.745164638638325e-10
3.371090077903269e-08
9.99737948832836e-09
7.999073175787155e-05
0.0002774519926722586
0.0017052559983813684
3.9365514154560106
0.0006558155632209478
0.0
0.00046017727889853695
0.00037701522829348565
0.00042288634839782353
0.0001799678547119521
5.1686260232031795
0.00015059432998547432
1.9630019404794156e-09
7.451203400634321e-05
1.0777030718934078e-08
0.005521287389334139
1.771550465129532e-08
1.0653489609174812e-09
9.890286669475592e-05
0.0008353007097554729
0.0
0.0006005812614068818
9.498233521589098e-05
7.407095545592528e-05
1.257201835407033e-09
7.879548213942305e-05
1.6897574931384382e-09
8.80699813329951e-05
1.795772029008783e-08
0.002697370412042179
1.344963289870329e-08
0.0008872295116625222
5.5945559294521755e-05
0.00041443002147999923
0.0007714650814664793
0.0
0.10794238019698182
4.383970619138025e-05
9.91094356122521e-10
0.0001216352966444847
11.054086989851305
0.00010419945965978537
0.0009247792166712802
0.0004989281948786881
1.245564156326908
1.7164238840208994
9.797745591266582e-05
0.0002984887427059855
6.249409327447383e-05
2.014035644310286e-09
0.0
7.43339501261071e-05
6.514812377334027e-08
0.00019389806680450493
18.923425713952817
0.7156565554906197
0.001401712074899653
4.503299582393503e-05
0.00018481634767320403
0.0003804121328391832
6.632798970435217e-05
0.000271429553061707
0.0017630798568052828
0.0008394415405598599
6.574179464165004e-05
0.0
1.2964107574597261
2.217779488005748e-08
4.905432925832189e-10
1.010228198211386e-08
0.0025469721713502237
3.736306604276072e-06
0.0013775524941458395
6.48370812450557e-05
5.281778518781623e-06
9.84954838600169e-05
4.983831686787737e-06
5.474874701563129e-05
0.0005664226012905347
4.027698284408201e-06
0.0
0.0008421764104467884
0.6726307117774966
5.348281596200372e-05
0.09856740167423482
0.0009235059539673865
0.0010162964143632842
0.0005398123397859055
5.84128330782912e-05
0.00032063085019087183
3.0329717431519826e-05
8.949852471219226e-05
0.0005030023663039966
4.486828685758989e-05
5.256017408672142e-09
0.0
11.019883952875933
0.00010462116614502154
0.0027602962789356348
0.0014027701204164644
6.4671029642618145e-09
5.488661589164808e-10
2.61641655065128e-05
4.055853161073476e-05
8.690101647485294e-05
0.0004813195670624182
1.4790803788055222
2.1152545144106285e-05
8.857620969196872e-10
0.00047334457578799096
0.0
0.0002508481516638433
0.00281145490250989
0.002729346969088802
1.0776797977280892e-09
5.571639855674992e-10
4.658816060145612e-06
7.5087684443982456e-06
1.8409927156116783e-05
0.00040505185604570407
2.2061925838165767e-05
3.7179792359866146e-06
1.001392385774609e-09
0.00023237992214137336
0.0011338380660646241
0.0
