0.0
11.466501080241597
11.46650108024159
11.466535373445462
11.46653537344546
23.99974795636067
0.0
46.25104323185658
46.2510432318566
45.82676907092415
45.9280573330015
63.634143875137276
0.0
99.99999999999996
99.99999999999986
100.00000000000006
99.77373131861532
100.00000000000001
0.0
76.74848731550178
76.15680272726429
85.63186978246988
100.00000000000006
100.00000000000001
0.0
59.959581083694935
59.97136912521303
60.360041848901716
70.00438102643443
100.00000000000001
0.0
3.4646294285820125
3.4646294285820125
3.4646294285820125
3.4646294285820125
30.41980867502579
0.0
0.0
0.0
0.0
0.0
0.0
0.0
0.0
0.0
0.0
0.0
0.0
0.0
0.0
0.0
0.8011644138407307
0.0
0.0
0.912999506058166
0.0
0.0
0.0
0.0
0.0
0.9129995064705254
0.6697686618800056
0.0
0.5821735355830091
8.100799563258748
2.59540179541917
0.865133926020097
0.0
0.09826477001494195
0.09826477001494195
0.09826477001494195
0.09826477001494195
0.09826477001494195
0.0
0.0
0.0
0.0
0.0
0.0
0.0
0.0
0.0
0.0
0.0
0.0
0.0
0.2666587093444581
12.799819852453876
12.799819852453865
12.799865576725693
12.799865576725692
0.26665299381047974
0.0
24.061520870483154
41.97350788227968
41.97350788227974
41.58449281258167
41.67312004189935
23.96703349976336
0.10128826207722486
44.63006280137343
65.22292847841474
65.22292847841481
68.88472160097683
77.87262692818537
33.727443490362
0.2740228828690283
58.021655741096474
87.35688260151315
87.03556768159703
70.92372702866857
71.94256922605558
40.754729521841874
0.0
52.33809503251959
65.10910952253758
65.12258156998729
70.64252810891689
58.20256551524034
59.667408201689106
1.5467791634434394
0.0
3.4646294285820125
3.4646294285820125
3.8996180485179366
3.8996180485179366
0.0
0.0
0.0
0.0
0.0
0.0
0.0
0.0
0.0
0.0
0.0
0.0
0.0
0.0
0.0
0.0
0.0
0.0
0.0
0.915616472960835
0.0
0.0
0.9129995092477402
0.0
0.0
0.0
0.0
0.0
0.0
1.0615914754558224
0.0
1.4450425686239685
14.384982626107714
0.6653411835234387
1.2475147191064484
1.2475147191064484
1.2475147191064484
0.0
0.0
0.0
0.0
0.0
0.0
0.0
0.0
0.4065515837567129
4.477493225468458
4.070941641711764
0.8806916748297419
0.3218932888087515
0.08498831307775832
0.8062178281388633
1.5116584277603646
1.5116584277603646
0.0
0.0
0.0
0.0
3.7332219308224155
3.7332219308224155
3.7332219308224155
3.7331419133467154
3.7331419133467167
3.7331419133467167
0.0
36.092281305724704
36.09228130572479
36.09228130572479
35.66567701255286
35.66567701255286
35.66567701255286
0.08862722931757175
53.39197970165099
62.23148193715659
52.4264006357533
43.21703390995106
39.056826583346634
49.7731254233984
0.23977002251039978
61.42375768952341
77.25105199403544
66.60086474820261
63.51602184030935
60.18726396608767
61.132094217803406
0.0
58.35561649480236
58.101017286435905
62.64337496686035
60.16459287570762
57.36896946008347
52.20898217647797
1.3534317680130095
0.2591264687432264
0.11053449990563066
0.434988619935924
0.0
0.0
0.0
0.0
0.0
0.0
0.0
0.0
0.0
0.0
0.0
0.0
0.0
0.0
0.0
0.0
0.0
0.0
0.0
0.0
0.0
0.0
4.310091255664603
4.310091255664604
0.710617903183653
0.0
0.0
0.0
0.0
2.5821951145071957
2.5821951145071926
0.0
0.0
0.0
0.0
0.0
4.564559830215641
2.080287563726341
0.0
0.0
0.0
0.0
0.0
2.6886524844969286
0.4630301649482598
0.0
0.0
3.6408150701075854
3.640815070107604
0.0
0.8753799392052779
0.31658155348893585
0.07436477394303853
0.7054405996215053
0.0
0.0
0.0
0.0
0.0
0.0
