0.0
0.0002972266737908372
0.0011857138104605948
4.685003397177218e-09
3.6423835198538123e-09
8.599471672317354e-06
4.591052529216124e-06
5.432374317794088e-06
4.869823478805257e-06
4.022353770639755e-06
1.7765667028788186e-08
4.154384003580816e-06
2.026479435087081e-09
2.810943590493305e-06
1.4317381337906259
0.0
1.4317210758618653
6.083980865024975
1.3948547868682337
0.01886620470842336
0.3786781533557974
1.3877806403544133
0.37867290406529114
4.315670159671701
328.3750590268862
9.341787305108252
38.77192339715174
2.871929577247536
0.00010933332419076503
1.247332082147956
0.0
1.2473319816493116
1.7966889633424166e-05
8.912620143709262
8.272568937870588
4.35177925086256
8.27257644882879
23.54260669818175
43.157595403647775
8.824851643488564
273.8336910314935
2.8616579778412778e-06
0.4305926664324265
1.00259262560494
0.00015444655245940941
0.0
3.791939675502638
4.498910767421554e-05
2.5527254322242026e-05
0.0004022399235926085
2.696092363899886e-05
0.00011067743714611286
31.377206671732306
3.0936422845613215e-09
1.454098448623937e-09
1.6723964431000773e-09
0.0001275787288486121
0.001411359349890924
0.0001534045562400698
0.12577194544574288
0.0
0.00021568153280495192
4.9181866730367086e-05
7.086407939635505e-09
5.209213820882009e-05
4.3232159820323414e-05
3.908274001686441
7.154884955499374e-09
7.110045643560649e-09
1.0998299642231958e-09
6.364496565525476e-05
0.7800891329786779
0.0008113804981464377
1.9007370075181758
0.0001662939440473935
0.0
0.00014473450992674876
1.0544018773719335e-08
0.00016316442101695485
0.0001131522672498693
4.789202292934887
0.7825374126852457
9.205914221026394e-10
0.31881343009124696
1.7924492412777707e-08
0.003228293879912093
1.2722646056229778e-08
0.0011378569058016247
8.225364233742538e-05
0.0006942809228522531
0.0
0.0004921716363524411
9.034657834028069e-05
5.876654225414226e-05
2.079003654852423e-09
3.534196301077737e-09
1.9157456642720266e-09
7.825968795804007e-05
1.6799818332221588e-08
0.002169212342246177
5.322366933823731e-09
0.0007211116881165047
4.583185384680215e-05
0.00033020070760618264
0.0006134526323220415
0.0
0.05026891518509405
3.461080372687266e-05
4.379045250649323e-10
4.604577506644297e-09
10.380079330471112
8.903217746717592e-05
0.019710323465663503
0.0003947658428847356
0.38326470397225265
1.308691256970102
7.870822317492592e-05
0.00023353596716702634
4.9431653012493154e-05
1.1625734566144301e-09
0.0
5.890537204109504e-05
1.249994570133241
0.000153829963891957
20.496804128860028
0.5419638277104297
0.0014677152068673946
3.566733263305796e-05
0.00015390421840312182
0.0003020596855724724
5.243426403286306e-05
0.00021631910457969197
4.9089271832131305e-05
0.0006639009136518773
5.198779575957513e-05
0.0
2.3888579944809676e-09
1.1147923955022832e-08
1.3137274689421682e-09
1.1609512427523996e-09
0.0020145830176569366
2.9601210163938083e-06
0.0010916071449178976
5.134150693157013e-05
4.179179447106274e-06
7.778427618795895e-05
3.942154724675315e-06
4.8836515877124064e-05
0.0004498535098711078
3.1927613354413497e-06
0.0
0.0006680780581450339
0.6356447695138019
4.486710622995296e-05
0.039157866738824494
0.0007633693272443876
0.0008060096643412165
0.0004270461508933403
4.707761552562362e-05
0.00019768965521944803
2.4009021918219294e-05
8.264717420526891e-05
0.0004013723005080122
3.5547538121821595e-05
8.972054469836225e-10
0.0
10.339216033933265
8.925851349643945e-05
0.002273844092406203
0.0011142070948980155
2.3319684148934726e-09
2.862044563099466e-10
2.1429885964246077e-05
3.218648714858604e-05
6.893390215985162e-05
0.00039633002486970034
1.4995182577024702
1.676609523234795e-05
4.4688734413986783e-10
0.0002380825845154726
0.0
0.00019211981068519934
0.13598389685493423
0.002162803731314481
3.886148467541262e-10
5.119005574458245e-10
3.824949893515447e-06
5.951687242425602e-06
1.456462315074171e-05
0.00023163855589756376
1.744943954090878e-05
2.9464974049911564e-06
4.931273974443924e-10
8.532254296229075e-05
0.00067200069254958
0.0
