0.0
0.00036490469680219867
0.0014558912791288502
0.001548206724261749
1.4312476988585277e-08
1.0624415287897663e-05
5.673051001930562e-06
6.865900998817816e-06
6.021709831059903e-06
4.848360670806132e-06
2.9674136574385057e-09
5.135020877092394e-06
6.62546035479006e-10
3.2631305205264745e-06
1.826346548388204
0.0
1.8263225943668662
3.471304746304361
0.9132946624088119
0.6533863266936238
1.0459107732602397
1.8590733300030877
1.0456257922479808
2.487451295842366
333.5257769421269
3.2790364732798464e-05
47.02284832316326
1.0845289846583692
0.0001363589160858235
0.6901816584034651
0.0
0.6901814728433987
0.43807988560006716
8.801332150283196
9.239314942357826
3.748217988280865
5.90979496923792
20.459525642252377
54.37113137752439
19.825926302188147
264.0657558199395
1.8163210113735755
0.8666697583037714
1.7306012931447028
0.0002594882044202623
0.0
5.5075796961052745
5.531141013315102e-05
3.146969932042058e-05
0.030068823725647068
4.3259113607061375
0.00013000140933144865
10.668058305052195
1.3909024717749967e-09
2.696848699979061
1.8076855007061453e-09
0.00015604417017959848
0.002534967624593745
0.00017835782293204345
0.18868790529023474
0.0
0.00026356537916149956
6.055561797398337e-05
5.412038862192874e-10
6.414572891736152e-05
5.1976188564640944e-05
4.061698553378314e-09
4.498016243506717e-10
3.245044776169763e-08
9.378672514764746e-09
7.788125603641732e-05
0.0002701395217542102
0.001660140374759356
3.9366967485988758
0.0006387738041853811
0.0
0.00044803916125830473
0.0003670341571008093
0.000411763750895482
0.00017521501318152973
5.153827967062147
0.00014661978676022176
1.851838210791445e-09
7.254590026998984e-05
1.0203048991015443e-08
0.005375347231419923
1.677662511110097e-08
1.0047836937129503e-09
9.629183694861372e-05
0.000813234670945981
0.0
0.0005847295599648708
9.248070583233169e-05
7.21156462318906e-05
1.1857990781880609e-09
7.671644388599808e-05
1.6015098740534963e-09
8.5745616033966e-05
1.7566737727179933e-08
0.002626067125651511
1.2733973329868666e-08
0.000863771151399122
5.4468785732268983e-05
0.0004035007018159382
0.0007510855135163337
0.0
0.10863892498447712
4.268247345751375e-05
9.280920531557357e-10
0.000118425226110501
11.029405729718183
0.00010144881977705189
0.000900335492127571
0.0004857390534544841
1.247836120092938
1.7179769914540015
9.539121206484857e-05
0.0002906084855428037
6.0843919529550105e-05
1.8934262219320225e-09
0.0
7.237169833839231e-05
6.168187054455263e-08
0.000188773308397254
18.928174437738512
0.7161104307021038
0.0013646539119559359
4.384475629174102e-05
0.0001799434040866297
0.00037036560899298917
6.457720631141756e-05
0.00026426081362536033
0.0017164127202987799
0.0008172433891331254
6.400632263474995e-05
0.0
1.2984334219746336
2.7043360710159174e-08
4.650051179041307e-10
9.47176238838963e-09
0.002479634709110786
3.6376520544680986e-06
0.0013411330322373885
6.312306815715096e-05
5.142288494435327e-06
9.589612151164912e-05
4.852098155753233e-06
5.3303208568759175e-05
0.0005514954008993779
3.9212906070737465e-06
0.0
0.0008199264663226308
0.67249537537935
5.207079247450955e-05
0.09899561298739598
0.00089906593180655
0.000989447797361018
0.0005255408629490841
5.687049206867468e-05
0.00031221839115100065
2.9529029001832838e-05
8.713548316379685e-05
0.0004897083080987457
4.368360594938238e-05
4.947172070743251e-09
0.0
10.995450622273726
0.0001018592804499651
0.002687333325968692
0.001365689084078782
6.123311705080356e-09
5.190210705173581e-10
2.5473214884203962e-05
3.948813815688341e-05
8.460626118149423e-05
0.0004686096696823777
1.4798651502765239
2.0594169771595843e-05
8.316830613134293e-10
0.0004608512888886646
0.0
0.0002442225376821683
0.0027371410528126746
0.0026571765194296276
1.0204152228570486e-09
5.268538490567391e-10
4.535704382785274e-06
7.3104288237968915e-06
1.792327861466839e-05
0.0003943907480806557
2.1478650723258474e-05
3.6198034386959333e-06
9.400052912866317e-10
0.0002262483137852488
0.0011038859148732256
0.0
