0.0
11.475379248164806
11.475379248164808
11.457421975078887
11.457421975078816
23.98661973953147
0.0
44.630214869131635
44.83855291363461
46.06980482650702
46.13293847085587
63.99408177834761
0.0
93.86914225279438
99.0104334128506
99.01043341285059
100.00000000000006
100.0
0.0
90.25052233402504
99.99999999999997
100.00000000000007
100.0
100.00000000000001
2.0977327070832463
58.51326581315049
64.17223140537989
66.9263219709491
68.76767531332798
100.00000000000006
0.06527506007486455
1.035713244309524
1.2824981952863805
1.0340811492254944
3.8936699074697447
31.7025425440978
0.0
0.0
0.0
0.0
0.0
0.0
0.0
0.0012346992177042749
0.0001763856025291821
0.0001763856025291821
0.0
0.0
0.30603781629484894
0.0014110848202334573
0.0
0.11443830637578026
0.0
0.0
2.6808274876632194
0.0
0.0
0.0
3.6768047294878814
0.0
1.0890933976202972
0.685737990492816
0.0
0.8855140175535382
6.45488628682107
2.339501141074915
0.9068223741344941
0.0
0.0
0.0
0.0
0.0
0.0
0.0
0.0
0.09838607162388897
0.26236285861190034
0.0
0.0
0.0
0.0
0.0
0.0
0.0
0.0
0.0
0.26714857387139135
12.809406484906757
12.809406484906761
12.792863861083534
12.792863861083454
0.26613549506620304
0.0
29.98602640239095
44.028298476104325
44.2105942650443
41.805899549972196
41.861141488777456
23.999998181285807
0.0
49.10232490004768
74.96168551962313
47.87201551721935
53.67665456986801
73.52876780703262
32.45080226595157
0.0
52.95632208095937
71.49440865207323
73.82833051033795
69.11203175538098
65.82957944471791
55.69500218113218
0.6904797894980006
50.51130061140748
63.83749540845295
72.409424945749
62.73340208436756
59.276260062394265
57.30904756277134
0.7670222411491017
0.0
2.97287999774919
6.940679312585342
6.922935237866705
7.448098438247037
3.649164406099794
0.648740329595455
0.0
0.0
0.0
0.0
0.0
0.0
0.0
0.0
0.0
0.0
0.0
0.0
0.0
0.30603776549467304
0.0
0.0
0.0
0.13078663585803457
0.0
0.0
2.65350756662937
0.0
0.0
0.0
0.0
3.016608137783757
0.6017438068441971
1.564029949440344
0.0
2.2518110199542645
1.0349704734023357
0.80323295585329
4.0472089190208935
4.0472089190209
1.7125967201423002
0.0
0.0
0.07994956573440351
0.07994956573440361
0.3597737376731579
0.3597737376731579
0.07994956573440361
0.0
6.285229691664858
3.8508818423159727
3.8508818423159767
0.984973675207107
0.3600083506399372
0.09505167981286938
0.08258867870117088
3.1813383921571914
2.6325153225619196
0.0
0.0
0.0
0.0
3.74008003419948
3.74008003419948
3.74008003419948
3.6915017384336566
3.730981271670256
3.730981271670223
0.0
28.14101584978637
42.33811906848039
34.926080516857354
35.87568784268563
35.99403148682008
37.239280223865315
0.0
46.46035002629806
64.59610143622314
62.79048626832446
42.38754389971227
38.78645030494422
49.758258682172105
0.0
66.30639686885915
73.3504297954507
67.55852240519249
62.77672047886236
58.117155105492685
54.96820687027521
0.6041698158107505
56.51874062897642
56.06834438597067
56.477821118176074
58.556778544750784
58.13216592922256
52.13240638917477
0.671144461005464
0.4627347776189259
0.0
0.2951581277117521
0.13118134072374132
0.13118134072374146
0.0
0.5676477883960231
0.05225793722941669
0.0
0.0
0.0
0.0
0.0
0.0
0.0
0.0
0.0
0.04107749255975851
0.8622337973253846
0.8622337973253846
0.0
0.0
0.0
0.0
0.0
3.1916292549112786
3.1916292549112852
1.335588554105586
0.0
0.0
0.0
0.18327490715485817
2.1229903158785897
2.122990315878591
0.0
0.0
0.0
0.0
0.0
7.819845545264969
4.086729544043592
0.0
0.0
0.7927408611802712
0.7927408611802684
0.0
2.204571717734296
0.7316111212118338
0.0
0.0
4.01597411466637
4.0159741146663555
0.7020962183244334
0.9790326603313942
0.3540675491869324
0.08317021983626069
0.07226509386352445
0.0
0.0
0.0
0.0
0.0
0.0
