1.0712417526183429
12.187908128399812
12.269603907086562
12.132518158173648
12.132518158173658
0.4439448570085078
0.0
25.899048227332592
44.067249961879206
44.18763746280467
46.07474931091348
44.84648394230829
27.738358187002415
0.0
42.18941228101081
99.17229633684866
98.17462375085478
99.99999999999999
100.00000000000001
48.82089931462752
0.8829778285637617
47.77143479216604
97.0818156374418
100.0
99.99999999999999
98.74777596030157
69.63425598322252
3.119744390750915
54.354597775314645
91.41923772728431
91.52827886891095
100.00000000000003
99.45111168697147
76.37943305690636
4.565653420861801
0.0
1.9141632769415728
1.9141632769415726
1.5408007567785864
3.6267483464207118
4.626296234479449
0.7710493638072708
0.0
0.0
0.0
0.0
0.0
0.0
0.0
0.0
12.187908128399814
12.269603907086562
12.132518158173648
12.13251815817366
23.991339921810614
0.0
44.0672499618792
44.18763746280467
46.07474931091348
44.84648394230828
63.83415773398705
0.0
57.577626652968625
56.57995406697473
72.38292745714948
79.35544409997992
98.64321526592657
2.2915111265497914
65.19946408387223
63.204043661389136
53.434557189053166
94.38830108177902
98.45934057476984
0.0
37.1814439870491
37.2904851286758
12.0492496431881
54.736893553207196
85.67971928975757
0.2264752646569806
1.9141632769415733
1.9141632769415726
1.5408007567785866
3.6267483464207118
76.69336770805491
0.0
0.0
0.0
0.0
0.0
0.0
0.0
0.0004439725372619616
0.0002219862686309808
0.0006861241640606028
0.008824306972121013
0.0
0.0
3.5802127638903314
0.004164603157301271
0.0
0.12624995846131118
0.8729288070129564
3.5876985083255466
3.5876985083255466
2.516843798420447
0.05217106136352925
0.0
0.0
0.0
0.0
0.0
1.8291322676774397
1.2718356897934329
7.310216570196875
4.764677272463461
0.8415434418713108
0.20510272724308176
0.20510272724308176
0.20510272724308176
0.17860977445173593
1.632120554251478
1.1434503485058642
1.1434503485058642
0.42136588329272806
0.42136588329272806
0.05901023834932103
0.279069171891572
2.8410498103893884
4.297415191979751
3.6199969441904485
1.247449279492496
0.4536178890697595
0.11340445843948563
0.12887842983038886
3.8268765149681028
3.8268765149681028
0.5549899632093951
0.22199598436874693
0.0
0.0
2.5039215927712357
5.295330693790056
3.42473523947994
1.8680737266158622
5.293112340799168
3.6407655308600217
0.0
19.463722884147273
50.313801512025
32.26592971599771
21.684796083981404
51.38383838754068
34.64320677364095
0.0
52.88944874132432
68.43941062490381
63.90033157383374
51.1188621025929
48.82089931462752
48.82089931462752
0.8829778285637617
60.706672547919055
96.31041516293391
89.56409327717468
91.6279748726219
81.66707624982298
70.88377208328517
3.1973840537746328
56.78113170610828
60.56108724573052
58.82197473155995
89.15002545346087
89.15002545346088
75.12991695684372
4.4880137578380825
1.1156859553449694
0.031026354984703585
0.25519108725309253
0.6808762773780326
0.22647526465698076
0.0
0.7710493638072707
0.0
0.0
0.0
0.0
0.0
0.0
0.0
0.00046413789542962193
0.010915642405552478
0.02777720456885243
0.010116987468530143
0.003372288564244004
1.9953451705468492
0.02164237919817056
0.12624995846131118
0.8729288070129564
4.557724870812519
2.1011941516224613
1.9953451636042785
0.15547710569906364
0.0
0.0
0.0
0.0
1.0151617218652695
0.0
31.051132192903424
1.0115210473063847
6.27927041471614
2.1084980508169577
0.7134463089657147
0.0
0.0
0.0
4.584180991324735
0.6874213945465593
0.22914033499794917
0.0
0.4886702057456123
0.638113397364431
0.8933044846175241
0.5196965607303159
0.4886702057456123
0.0
0.0
0.0
0.0
0.0
0.0
0.0
0.0
0.0002219862686309808
0.0002219862686309808
0.0002219862686309808
2.0817153252630893
2.081715325263092
0.0
0.004164603157301271
0.1461696574521834
0.14616965745218344
0.0
3.1221138719991437
3.1221138719991437
0.0
0.05217106136352925
1.8665643596372339
1.8665643596372345
0.0
0.0
0.0
0.0
1.2718356897934329
0.0
0.0
0.0
2.8650790261866583
1.7521266699731983
0.0
0.17860977445173593
4.4406119666378165
4.440611966637814
0.0
0.9315286018741378
0.16532008056188224
0.0
0.2790691718915721
6.647301755013839
6.647301755013838
2.1636315626000813
1.2474492645878208
0.453617894063182
0.11340445843948563
0.12887842983038886
0.5549899632093952
0.5549899632093952
0.5549899632093952
0.22199596945155564
0.0
0.0
