0.0
11.466518055053097
11.466518055053099
11.466544516798747
11.466544516798749
23.999762858076593
0.0
46.19256473117276
46.192564731172745
46.04141526663874
46.04141526663889
63.74875560448315
0.0
93.68093604799947
99.99999999999999
99.93563054156348
99.9179118984868
100.00000000000004
0.0
81.82831497863057
99.99999999999999
99.99999999999991
100.00000000000004
100.00000000000007
0.0
58.24784095378726
58.03799333179826
66.56863242719787
77.3773838720525
100.0
0.0
0.46645283322431064
0.5399120939271316
0.4763098911661995
3.3705106257508346
31.147931139937292
0.0
0.0
0.0
0.0
0.0
0.0
0.0
0.0
0.0
0.0
0.0
0.0
0.0
0.0
0.0
0.4031451615032111
0.0
0.0
2.3858503759017635
0.0
0.0
0.0
0.0
0.0
0.3934642956511616
0.5337847210133413
0.0
0.6829691924247512
6.331728696828068
2.3375424523862867
0.7791808118546414
0.0
0.0
0.0
0.0
0.0
0.0
0.0
0.0
0.03816060183620062
0.07870619533025901
0.0
0.0
0.0
0.0
0.0
0.0
0.0
0.0
0.0
0.26665959332061095
12.799838241979984
12.79983824197999
12.799873524307518
12.799873524307522
0.26665518302966945
0.0
24.03095724132589
41.920428967358816
41.92042896735901
41.781028978718844
41.78102897871898
23.916649926559554
0.08038145859012998
44.705030611686205
72.9521137599148
54.947031078209115
57.43842427027712
74.1026027313784
35.58721052017655
0.0
53.34334465179767
75.53778761794464
71.7991922261486
68.36292134761341
69.19800156419805
52.893059518673695
0.5023767128055163
52.85740542251278
67.82125677452574
68.67301522996954
63.887177941843255
51.71767066795987
49.797766526719364
0.6282208189329039
0.0
4.1221653662963895
4.127412456346599
4.122869441863673
4.329598065762578
3.1796357092365772
0.5652685674284759
0.0
0.0
0.0
0.0
0.0
0.0
0.0
0.0
0.0
0.0
0.0
0.0
0.0
0.0
0.0
0.0
0.0
0.4607373274322413
0.0
0.0
2.3858510751118303
0.0
0.041342520663561734
0.04134252066356169
0.04134252066356169
0.07751722624417817
0.0
12.032594946487137
0.0
1.7098550985051753
1.8608134532931038
0.7485563981595769
2.0820602511843602
2.082060251184359
1.3053695797646012
0.0
0.0
0.0
0.0
0.10991832094808221
0.10991832094808211
0.025365608195385175
0.0
0.02732534637144746
4.098266991145964
4.070941644774516
0.8806916843371859
0.3218933015565189
0.08498831974042609
0.07196222274090781
2.293796253596583
2.2937962535965872
0.0
0.0
0.0
0.0
3.733234306488552
3.733234306488552
3.733234306488552
3.733172562415372
3.7331725624153713
3.7331725624153713
0.0
36.04643586198882
36.04643586198885
36.05327483324998
35.87497488983928
35.874974889839336
35.874974889839336
0.07033377626636374
45.67888613992319
76.78078487283888
58.561725980648525
40.74255940676272
38.24337799155874
46.7839339313905
0.0
66.4869039039486
76.33029238247569
72.39683245124853
67.5086182450108
63.55016544089727
60.44921087848422
0.4395796237048268
57.75797226641352
57.495756189757444
57.495756189757444
60.36366698806067
59.00291116052435
56.911733173393564
0.5496932165662909
0.008151754720024385
0.0
0.07870619533025915
0.038160601836200625
0.038160601836200625
0.0
0.4946099964999164
0.02480234396819213
0.0
0.0
0.0
0.0
0.0
0.0
0.0
0.0
0.0
0.0
0.006838971261130488
0.0
0.0
0.0
0.0
0.0
0.0
2.314684831939768
2.3146848319397684
2.2864026870090686
0.0
0.03617470558061648
0.03617470558061648
0.03617470558061648
0.5704642920864221
0.5704642920864238
0.0
0.0
0.0
0.0
0.0
8.602418698832716
3.2107090317449396
0.0
0.0
1.0561043748094632
1.0561043748094658
0.025365608195385175
1.0913031954401322
0.34723281555468993
0.0
0.0
1.3644089321827628
1.364408932182768
0.0
0.8753799360322758
0.3165815566405709
0.07436477977287283
0.06296694489829434
0.0
0.0
0.0
0.0
0.0
0.0
