0.0
0.0005258362854705626
3.090057500019607e-06
0.5977696382112125
1.7690289829703014e-09
1.157908315964253e-05
7.226873012263292e-06
8.114183993637658e-06
8.109359743554476e-06
1.375766440879117
2.791567252791171
5.699059515659344e-06
5.268814950027006e-10
5.240849296593775e-06
3.8320292774392053
0.0
3.362521903746228
7.173343101003733
4.4934421089921885
1.6076879703036624
5.1370447856839885
5.71203132034773
1.0371487074855597
3.899490576674743
273.68423275317394
2.32671867031071
84.81381422769712
0.8202035809628385
0.00020735245369508522
1.429146482120943
0.0
2.1773347209973277
1.561914267165884e-05
11.042903928093098
4.0118707833812115
4.886065100964267
7.750814086568564
22.51981797500107
84.32381120015309
16.749264650139448
222.9959591912467
1.1887998649040123
0.6596577085787816
1.7897504632166938
0.00013560244981879101
0.0
4.418498311599738
4.582670362158188e-05
3.253791029329944e-05
0.0003490850163615154
0.195923972719582
9.847419251663059e-05
27.948501078640717
0.13315905240921194
3.598144222549332e-10
5.789007730821326e-09
0.0001115440621437545
0.0008741848297443934
0.00013549750966147765
0.0016474307915172231
0.0
0.00019715305808509057
5.625182488055141e-05
1.0639660234046577e-09
6.0976268784673155e-05
5.048790402271937e-05
14.10299444621439
1.0637543123510513e-09
1.0890211538282117e-09
9.513525768537387e-10
5.363657713205544e-05
0.25589093896646725
0.0007518385943779177
2.8107970033731338
0.00013110306759483002
0.0
0.00010950858403114504
0.0005397925378097625
0.00012212895358562295
9.496107854433687e-05
6.805218679861318
8.471064111038125e-05
0.7911685801744259
5.5232078133483755e-05
3.196751045260179e-09
0.08373518361608143
3.6399151099601423e-07
0.0900948954482437
7.31002876311045e-05
0.00020597984650635813
0.0
0.00021898589304635151
8.088147558494462e-05
5.353390323370845e-05
4.680957938446161e-10
5.170896724735194e-05
0.11063465249732111
6.009300171815137e-05
4.688532120704894e-09
0.002217788409359978
2.920534992278777e-07
0.0006479557241907184
4.1092615484617705e-05
0.0003764120456830265
0.0005641270254921832
0.0
4.469388959272426e-05
3.162166807582381e-05
9.77633952768388e-10
9.108125599645639e-05
8.19943913637205
0.0001524689963450864
3.178513477554456e-05
0.0003734407905057656
1.8038987695737476
0.1986527152872866
8.756380615029058e-05
0.0001234722731808213
5.673204129250184e-05
6.526218003391269e-10
0.0
5.366170972912474e-05
3.075270309085124
0.0001139833042288507
27.9699284077177
4.5600345376319355e-06
0.0013628274911209838
3.9240543572064554e-05
0.00013779599142716066
0.0002770522896397924
6.38494413459836e-05
0.0001975714786159127
5.601980306655597e-05
0.0005943897957746175
6.0703913256203074e-05
0.0
0.2188454804923834
1.184099469439576e-09
1.0464966848691546e-09
1.0520883067955428e-09
0.0018838361135802477
3.1573951677503903e-06
0.0009545666013541154
4.7131546997582036e-05
4.7924580055285895e-06
7.291172204055505e-05
4.296680855318699e-06
9.994089079296662e-05
0.0003663355550540602
2.908325301108914e-06
0.0
0.0006167718181714332
0.5124649391088885
9.729980688942349e-05
0.001313722831838028
0.0006400951349662758
0.0006762486235678237
0.0003892907850905993
4.874987492890126e-05
0.1625854710037654
2.62988712577936e-05
0.0001448542903712348
0.00042087939279825115
3.245495543854478e-05
3.409141269604014e-10
0.0
8.037110222449796
0.0001526653826448641
0.0012310288785080876
0.0010246213368982106
1.9434328946754683e-07
8.922790970373874e-10
1.928236777840064e-05
2.975144688916411e-05
0.591437849486429
0.00036895033562505796
2.103094200591559
1.5332683363048435e-05
8.397085915413837e-10
0.0003504933857640633
0.0
0.00024106621697573966
0.0010812859956855355
0.0029830108148009623
2.865366797438784e-08
6.899129742645503e-10
3.4340724034670195e-06
5.508390408597692e-06
1.3516020092318787e-05
0.0003022799576213068
1.6191495479816e-05
2.693873313892787e-06
9.570642575452362e-10
0.00017212261998377946
0.0008317385387120004
0.0
