1.0709022358708435
12.18584776392137
12.238072074589002
12.118520976510654
12.118520976510641
0.4761265595081895
0.0
25.8991720862683
44.06836240093435
44.28094635726862
45.61834352435435
44.65721420237561
26.379519001771772
0.0
44.74316632586787
79.25765514225105
79.12882438963202
100.00000000000001
100.0
47.715756389170025
0.0
53.692494418355096
99.18342503257469
99.18342503257475
99.99999999999999
98.25057331989842
59.07827397102053
3.781852576669114
51.35246460700658
91.93395079738214
93.9459189527032
100.00000000000004
94.3281647524082
61.601779483407554
3.3379668896126287
0.0
1.6577777024070655
1.657777702407066
1.657777702407066
3.6009009948627617
4.626295895057535
0.771049267268565
0.0
0.0
0.0
0.0
0.0
0.0
0.0
0.0
12.185847763921364
12.238072074589
12.118520976510652
12.118520976510636
23.990571294264235
0.0
44.0683624009343
44.28094635726861
45.618343524354344
44.657214202375606
63.901229579805836
0.0
79.25765514225108
79.128824389632
64.95027441775116
64.95027441775116
100.00000000000001
0.0
59.37385748567128
60.10438951188786
58.21443427758003
98.2715486711342
96.37873346735014
0.9339036604237445
36.54133282949382
38.553300984814825
29.970137676083024
39.36560268293734
99.99999999999999
0.19503195569875567
5.571288334381417
5.571288334381416
5.571288334381416
7.514411626837112
30.639536431954088
0.0
0.0
0.0
0.0
0.0
0.0
0.0
0.0
0.0
0.234624685134336
1.0558117029111904
0.0
0.0
0.40485837556025345
0.008919293510485461
0.08589768874136629
0.08589768874136627
0.674937488133076
1.4473681652696948
1.4473681652696953
0.7390259635034732
0.05373728210201873
0.0
0.0
0.21577308223030778
1.1684528770706848
1.9379825537707747
3.7054029050444726
0.0
11.979346410510237
0.5277294168470998
0.6866434946209576
1.0044716881458602
1.0044716881458602
0.8017753314460285
0.07881906369385977
4.250541727026814
13.4475993285804
0.38376558911840664
1.1140917018434962
1.1140917018434964
0.7675311782368133
0.4421494246842053
9.208308500210657
9.209984391554926
3.5450728517667804
1.5285241636496218
0.5558267993844136
0.1389566562872545
0.12887845391890973
3.8268765251999683
3.826876525199968
0.5549898826951422
0.22199595278939566
0.0
0.0
2.5041228301645955
5.2908005419158295
3.36174513056395
1.8635665323543886
5.228439722015805
3.6099773608635664
0.0
19.463711583011175
49.3826708168167
32.428190778304874
21.07275271037579
51.00128819819513
33.52171066210385
0.0
33.750621211290856
82.88723739507041
50.837030328323806
49.72542002720234
52.871269926199474
51.88090009596649
0.0
63.06717585889676
79.0763514476395
83.60251593722978
72.25459645480535
67.65820127572638
59.078273971020515
3.781852576669114
55.88320795893204
63.90476932834437
59.37402588233261
73.75272152842408
68.77103205924156
61.60177948340756
3.3379668896126287
2.72308028104422
0.0
0.11113359311843418
0.0
0.0
0.0
0.771049267268565
0.46695183021187253
0.0
0.0
0.0
0.0
0.0
0.0
0.001961965966607572
0.00414750353171185
0.15426358086340364
0.0
0.0
0.25766112453671475
0.008947918282715938
0.234624685134336
1.0558117029111904
2.993841383253272
1.0715828224325472
0.629753617938488
0.09259680761811374
0.0
0.0
0.0
0.20317961843108645
0.9823227437288243
0.35188149990212086
0.4681054515050587
2.5195292477652123
8.733953783879498
2.4465609557753836
0.42694920725788216
0.0
0.0005622707422089095
0.38376558911840664
8.361870376630446
2.9806298437225696
0.9935431246383253
0.003351782688534198
0.0717019443313875
0.648254507008434
0.7577122087826015
0.3025315791805985
0.11113359311843421
0.0
0.0
0.0
0.0
0.0
0.0
0.0
0.0
0.0
0.0
0.0
3.077421921900195
2.0216102189890046
0.0
0.008919293510485461
0.21765496585496158
0.21765496585496175
0.08589768874136629
6.742614053415419
6.742614053415419
0.0
0.05373728210201873
1.9226006759581533
1.9226006759581535
0.0
3.992219119353053
3.992219119353053
0.0
0.0
0.0
0.0
0.3178281935249022
2.72308028104422
2.72308028104422
0.0
0.07881906369385977
2.6798473923727872
2.6798473923727872
0.0
14.1162487121271
4.490888140853942
0.0
0.44214942468420526
5.824770868280542
5.824770868280538
3.5433969604225135
1.531875820212076
0.5591785978975345
0.1389566562872545
0.12887845391890976
0.5549898826951422
0.5549898826951423
0.5549898826951422
0.22199584061271754
0.0
0.0
