0.0
11.46653661206544
11.46653661206543
11.466563575040011
11.466563575040011
23.999802096191164
0.0
46.22039445478262
46.22039445478263
45.90659090600055
45.981506175194944
63.72940386476291
0.0
100.00000000000043
100.00000000000001
99.99999999999991
99.82548908134324
100.0
0.0
87.17223236551406
86.751570705328
84.95919658487199
99.99999999999993
100.00000000000001
0.6846290540826424
61.90507231821693
61.356497750634325
60.699953862296454
71.41205945859244
100.00000000000009
0.0
0.3073708583427611
0.35431510171280933
0.3090282971400786
3.1353195268368985
30.37010235546068
0.0
0.0
0.0
0.0
0.0
0.0
0.0
0.0
0.0
0.0
0.0
0.0
0.0
0.0
0.0
0.5925608043146243
0.0
0.0
0.6667729205245874
0.0
0.0
0.0
0.0
0.0
0.6667729220808735
0.6709650851871857
0.0
0.23364719747431878
6.552414043566163
2.3766942601111865
0.7922314174850247
0.0
0.05169451934603924
0.05169451934603924
0.05169451934603924
0.05169451934603924
0.05169451934603924
0.0
0.0
0.024386615583292505
0.05029725304881802
0.0
0.0
0.0
0.0
0.0
0.0
0.0
0.0
0.0
0.2666604239798983
12.799858500669192
12.799858500669181
12.799894451301954
12.799894451301954
0.2666559301508017
0.0
24.045502342832904
41.94568904436192
41.94568904436186
41.657963981683025
41.72351484222812
23.975617152660064
0.07491526919433435
43.800914809275675
64.11326962676533
64.11326962676578
68.81712877843485
75.14109424211064
34.504566163374044
0.3733049004818834
54.80918913534418
76.54469773149235
77.33408744850267
72.02425039135852
75.93785369347233
43.70421527491062
0.6127083488632535
53.04037517786096
66.47459707826586
65.99459433163099
67.31905135796089
55.677818887779786
58.54601195759994
1.172980415004574
0.047923655304073345
4.362518139325225
4.365871299565941
4.362636527810748
4.564514472789088
3.078466578285911
0.5472829451870975
0.0
0.0
0.0
0.0
0.0
0.0
0.0
0.0
0.0
0.0
0.0
0.0
0.0
0.0
0.0
0.0
0.0
0.6772123477881422
0.0
0.0
1.0231242481956029
0.0
0.0
0.0
0.0
0.0
0.0
1.0109372085631008
0.0
1.7761884625553113
13.81918047936195
0.26702536854207864
0.5006725660163973
0.5006725660163973
0.5006725660163973
0.0
0.0
0.0
0.0
0.05963402695559242
0.05963402695559248
0.0
0.0
0.0
4.070941650004213
4.070941650004213
0.8806916942202093
0.3218933204309168
0.0849883283723683
0.0696725435835617
2.2208126139689948
2.220812613969003
0.0
0.0
0.0
0.0
3.733245935718575
3.733245935718575
3.733245935718575
3.733183022111224
3.7331830221112248
3.7331830221112248
0.0
36.068253514249335
36.068253514249335
36.068253514249335
35.752726534381054
35.75272653438105
35.75272653438105
0.06555086054504257
50.40576679289014
68.61543722394006
55.46026189961782
42.233579952949924
38.823814991310634
49.55925644072724
0.326641787921648
66.25489011415777
72.74756191513833
67.7675789736746
66.73411157259841
62.524044082705046
65.2571577587103
0.5361198052553469
59.224025866474534
58.8914312957609
58.8914312957609
56.874226425434976
55.945099567185636
51.227760462899944
1.0263578631290022
0.34416428852964054
0.0
0.050297253048817804
0.024386615583292474
0.024386615583292474
0.0
0.47887257703871033
0.0
0.0
0.0
0.0
0.0
0.0
0.0
0.0
0.0
0.0
0.0
0.0
0.0
0.8739600693660234
0.0
0.0
0.0
0.0
3.1878489586709438
3.1878489586709438
0.0
0.0
0.0
0.0
0.13992985488635404
1.819088234012838
1.8190882340128394
0.0
0.0
0.0
0.0
0.0
4.174207961546039
1.6648554643002376
0.0
0.0
0.0
0.0
0.0054206462982782
1.3492917323337479
0.4398622814614121
0.0
0.0
4.115599770106964
4.115599770106967
0.0
0.8753799369737331
0.3165815652658685
0.07436478732582225
0.06096347563561651
0.0
0.0
0.0
0.0
0.0
0.0
