1.0712366018966042
12.187877191901876
12.26913540198847
12.12016043193645
12.120160431936437
0.49491201406648555
0.0
25.899646598075503
44.07260189982342
44.25356167639071
46.13172443829502
44.86198220420576
26.48238383669713
0.0
40.86141101376196
99.3668154405327
100.0
99.21974742803883
100.00000000000001
42.44322514882813
0.0
51.997086122291144
97.20127800653705
100.0
100.0
99.99999999999999
57.84725665022541
2.475531364295391
48.60825436279916
83.54546818655743
83.11259015941994
100.00000000000007
92.42672947435406
64.78399147916981
3.1196236377779303
0.0
1.982663459404708
2.0563825482801223
1.6217837443526093
3.6537422506950366
4.626295564577807
0.7710491760990106
0.0
0.0
0.0
0.0
0.0
0.0
0.0
0.0
12.187877191901878
12.26913540198847
12.120160431936446
12.120160431936437
23.990088050539175
0.0
44.07260189982339
44.25356167639071
46.13172443829501
44.86198220420576
63.90707364087373
4.596292862131588
65.0321459874829
62.040798657574136
82.10941867828066
83.92572889791147
99.22402378515636
0.0
65.33935574474957
60.40784520485445
66.0489603452964
88.84545140320009
98.70399974797724
4.233614436617564
36.77224275967715
36.33936473253969
24.09693276057934
27.64273799518423
99.99999999999999
0.2332539747406624
1.9826634594047077
2.0563825482801223
1.6217837443526093
3.653742250695037
46.06927768676712
0.0
0.0
0.0
0.0
0.0
0.0
0.0
0.0
0.0
0.0
0.007133313507910273
0.0
0.0
4.244692959438221
0.07030065128668919
0.07030065128668918
0.15375537844264753
1.0885079023744264
1.764750633401396
1.7647506334013958
3.6732347986312277
0.05424188170099582
0.0
0.0
0.0
0.0
0.0
3.730357282503966
0.0
0.0
3.6887437550178275
0.3599178660295746
3.5679644022082266
3.5679644022082266
1.8502372085630574
0.10114703026202017
0.9952561167637337
0.8290520872731972
0.3389650776882397
0.42757059912062184
0.4275705991206218
0.11221633836917326
0.38906957527552527
10.610995885921056
10.778561130479273
3.397708471324012
1.4295366242109209
0.5198313810450268
0.12995781161037415
0.1288784422145277
3.8268765613052254
3.826876561305227
0.5549898648011191
0.22199594253850968
0.0
0.0
2.503924578681456
5.295262813746694
3.423799572376438
1.8697675477981759
5.182023968319568
3.577696400936302
0.0
19.463668466961614
50.33384912978046
32.46670526256608
21.809226694268737
51.30053793646955
33.42468985375773
0.0
52.34994819073438
69.35356249852673
57.865025330093026
49.71242132130704
43.262832625597035
43.428879714685316
0.0
62.94180817086933
83.9490062992331
93.5721144615738
84.02261381316168
74.3152131722227
58.46003059231691
2.475531364295391
54.48972211232817
66.00740156632621
76.30522316572163
74.77830290512817
69.50552833100642
64.78399147916983
3.1196236377779307
1.597568745682916
0.0
0.0866310702139475
0.7589621299875281
0.19658361030242294
0.0
0.7710491760990106
0.6169623019293843
0.0
0.0
0.0
0.0
0.0
0.0
0.0020817306398963347
0.008963304413537345
0.02836851731497841
0.011643397016313782
0.003880832944969331
2.3581627578188753
0.009409840960690214
0.03147244512235485
0.44530315528821246
3.809226693197302
1.269742214911123
2.3581627255191915
0.08711818793779552
0.0
0.0
0.0
0.0
2.6365052906956468
0.09183108346573825
12.758852668135923
0.0
0.6166374533168366
0.6166374533168366
0.8657560501811342
0.0
0.0
0.0
0.05610816918458663
0.05610816918458664
0.0
0.0
0.27896252664491306
0.3569850231646593
0.39447066082701077
0.2817121636726334
0.16620402949053553
0.0
0.0
0.0
0.0
0.0
0.0
0.0
0.0
0.0
0.0
0.0
2.0715998041261185
2.07159980412612
0.0
0.07030065128668919
0.2362751666738367
0.23627516667383663
0.6762427310269694
3.537229506579717
3.537229506579717
0.0
0.05424188170099582
1.9267440759150458
1.926744075915046
0.0
0.8289222564175416
0.8289222564175416
0.0
0.0
0.0
0.0
1.0797535945054029
1.597568745682916
1.597568745682916
0.0
0.10114703026202017
2.5615722289306815
2.5615722289306815
0.0
4.301472145915579
0.6169623019293842
0.0
0.3890695752755253
3.2301432267657946
3.2301432267657972
3.2301432267657977
1.429536556020518
0.5198313832536307
0.12995781161037417
0.12887844221452774
0.5549898648011194
0.5549898648011191
0.5549898648011191
0.22199586722832693
0.0
0.0
