0.0
6.847328226135448e-08
6.958527681670213e-09
1.2973349814932325
1.516117718064092e-08
1.2136123749303723e-08
1.1301738090711065e-08
1.1471362040733265e-08
1.2475220656516727e-08
2.292040982717935
5.50732188878179
1.2422528953689882e-08
1.2873674906495966e-08
1.130296150933178e-08
8.488221861109015
0.0
8.257028407411473
16.530295006032965
6.0776239468293936
1.8116049752133423
12.177557303964562
17.91480875317345
2.1971437574058625
1.0831817679576946e-08
239.10961718304372
6.338143822051573
85.36312020545233
9.27402144978158
4.8817766656269036e-08
3.023654135127555
0.0
2.1426633239998707
0.8829348766762719
12.914885622620915
4.933966043625395
13.829028527280874
6.762429441206038
48.03860269747226
11.4859623884649
11.438999005649332
245.79880933374318
1.098445554097736e-07
1.5014403306678692
1.006897757427097
6.04334807783484e-09
0.0
9.410517264355526
3.4172582279116214e-07
0.7949443843816755
6.563362615293761
4.590792025571618
2.700171931384161e-09
43.54473105071678
0.2718697045897379
7.5221910033278085
0.37645274527708406
9.205782799453938e-09
0.0010412736899226551
8.92430202984892e-09
1.1197618439525843
0.0
0.0001951880055074643
3.280132698286223e-07
1.2155088948490034
8.492314964920924e-07
3.048723552024025e-09
3.1626880422797936
2.3392336372234725e-07
0.04207470614587053
1.464721689206163e-07
6.6394192041580256e-09
0.9522608862394876
1.268430549191645e-08
0.08578603488776523
0.0003290850691566803
0.0
3.3127503102182186e-07
0.038570006156225765
1.2575886907053465e-06
2.010854691711488e-09
26.77971553908246
6.648030186545951e-07
0.03367980634417406
7.456509882940137e-08
7.220719319385092e-09
0.9274251730158132
1.0055233229621987e-08
4.682610467511466e-08
3.159911271153139e-08
0.00039482164718881324
0.0
1.2627148603028509e-08
8.150752379633766e-09
2.0161767078663393e-09
1.2419256938903766e-08
1.1673559428944336e-08
35.37381525948476
1.6305644027622404e-07
8.246837900873925e-09
7.796824452029403e-07
1.4160409048819912e-08
1.1644698364438852e-06
7.468125080962804e-08
1.600965936080434e-06
7.304003978829092e-07
0.0
0.05418787824605921
2.895651667902994e-09
1.750088835006475e-08
1.4395191898349266e-08
4.449289616844069
2.0565508549440767e-07
8.69734567273355e-09
1.1249607238487405
1.688050308099115
0.007405022192046718
0.16765483069414103
0.00023131210714779336
0.14038511471908938
5.114087166875175e-06
0.0
2.0471987881468945e-09
12.991171390526564
4.0863132347583596e-07
4.634685943624207e-07
8.163412894922744e-08
1.187020714517394e-08
1.846633577138991
9.143641567136967e-09
9.245614404155775e-09
3.8059581551066777e-07
4.856861608648769e-07
2.294786164533715e-07
0.07523820160716206
8.450131788808638e-07
0.0
4.911960872276537
2.34201495997578e-07
0.05369101272479788
1.2018083089248699e-07
6.778111227755182e-09
0.006961781322339808
7.182593799628363e-05
2.428228257724474e-07
3.194420222384356e-08
1.9789221064287922e-07
2.913312104029165e-08
1.2845103860584574e-07
0.0002524083051074479
3.662345522952491e-09
0.0
0.0007459168918057404
0.27012228185367004
1.6197083064101988e-07
7.2343077604733516e-09
0.08583296397453732
1.1854348679215454e-08
1.0026012668448155e-06
0.008288581854633813
8.682252420332406e-07
0.10262778109424311
0.009445891780111515
0.00014850715863426643
2.3430079762309998e-09
38.87445280888882
0.0
1.5068306863551348
1.8555024806851143e-07
0.24156252671083714
0.1255046082056193
0.0805905901762802
0.00044769028740480605
2.3842319829027067e-07
0.2202986174420203
2.8428717507766876
0.00018753483854770856
0.6894208182915578
5.679682481566291e-09
0.00031691315541344247
0.00018775239733183889
0.0
0.0007050300748676164
0.03605337851352529
0.17847122698247778
0.04030641816336593
8.120701270774424e-05
3.031109965046836e-07
0.04823804230160725
0.10851044674978437
2.9481357638825487e-05
0.05419694692531823
7.83155671115309e-09
5.003048992919137e-08
2.9515761735202524e-05
0.0005942401196204663
0.0
