0.0
0.00016548300152448856
1.8032312651537547e-08
3.7048600736036175e-07
1.5107171204674367e-08
1.747389027935572e-07
3.704523336885193e-08
4.067390176220114e-06
3.574150853339699e-08
3.6886690400342046e-07
2.4433318253164926e-08
1.0783590693366463e-07
6.053983467590005e-09
5.274447835601183e-07
4.448092860762132
0.0
4.4480926243253025
6.864452697974587
5.121128946313174
2.439461254901002
1.3225021136230537
2.1088828570982665
1.7301382605077489
4.002427160424681
306.54559868663625
5.792160909857075
44.818970381651404
0.04290010820677493
1.573331344367301e-08
2.356221905276594
0.0
2.356222148816306
2.5965477345371587e-07
7.843498323299895
5.396304893972791
4.53209017621864
3.5361080011985666
53.387405545842526
45.89873552565727
12.235598753588752
227.45513087735134
2.293971169595195e-07
0.6644170363448362
1.658697676981191
5.342841831405774e-08
0.0
4.2359743597793
1.8799952549039745
1.668719006690869
0.4920386808500984
3.121279743756636
4.014000737779451e-09
34.73276667536195
5.617762933323472e-08
34.49657684395395
0.15022226649439446
6.511959003351533e-08
0.001370993548048527
7.403861679730305e-08
0.21981506963002367
0.0
0.0002004819015554088
9.699573166864313e-07
3.2007562119130397e-06
7.233103019441168e-07
8.621287951297797e-09
2.671011091851324
5.993285074191749e-09
0.23775042887908918
1.1181926553317631e-07
4.3327288895545026e-08
1.7051117604053858
0.0015210142522511883
7.574342375814181
3.4901614036658417e-07
0.0
3.65490175656405e-07
3.4681031010637367e-06
3.4853150857315493e-07
4.73790110423823e-09
8.8425909140222
4.289209489073444e-06
1.4269389155086303
0.7297084740321449
2.5399392749354094e-08
0.17022834918651258
2.3593306554657937e-07
0.2208572568424102
5.386050131669395e-08
0.00013127433650846364
0.0
0.00011322584082045165
3.438307689625585e-07
5.030938913687772e-09
1.3517359479359787
0.00021703536980443135
0.20348926315846183
0.00016721415209581427
5.592823213224283e-08
0.002469451660121775
4.531022073061662e-07
0.0014128786944787883
1.9520413335259166e-07
0.0005530637764190948
0.0008406246272551013
0.0
0.10482285304146385
6.768093410895874e-09
1.1700462671669586e-08
0.00017894497879410265
8.940268579671393
0.00016652573501450466
0.09340396655365305
1.2531968094721953e-06
4.643961640449669e-08
0.34005322797084936
6.822354392573912e-07
0.00031939499998371766
8.093227818022022e-07
1.358827337536696e-06
0.0
4.702733280309188e-09
0.048895053459609816
0.00028457081461477195
25.756273289394315
0.04115532153452216
3.8579731162660497e-07
0.03757226000690863
7.893594121000613e-08
2.7161733225114305e-08
0.0717271268036192
0.00020433672520931434
7.111705945712834e-07
0.0017097599430519602
7.09415097535462e-07
0.0
16.22482432204974
5.9233794548734095e-09
0.34674839562016546
1.1153009065188119e-07
0.003920642504165038
7.234020953847707e-08
9.991064428435578e-06
0.0020466139896462617
3.882650440682183e-08
8.402930893753696e-05
4.0759462005190786e-08
5.688234714227218e-05
0.0006435543587448487
1.2018822756342762e-08
0.0
0.0012563678513078237
0.5614527468024451
5.4019867782606e-05
0.31121312708797605
0.17980720875130068
0.007510699088273425
0.0009217806743242866
0.009935908165141677
0.045608853065564656
4.405161321585008e-07
0.00014659800781012595
0.0005600528737148653
7.079912925315641e-09
3.6270565111554345e-09
0.0
8.708780158037616
0.0001670680218810003
0.0024275593941970874
0.002001612441528639
3.9418347363470616e-08
1.849763814244506e-08
3.222760901961354e-08
8.162782360382988e-05
0.00012932857150517425
0.0008087493306987415
2.146823343444348
2.0430813246781702e-08
1.0878020486021564e-08
0.0007370334280031921
0.0
0.0006459022113673746
0.00011586409590622365
0.008040944493143092
1.1151707196984289e-09
2.8762028700696576e-08
1.1184904859935171e-08
1.5922115508544676e-05
2.786024493100911e-05
0.0007169325791771307
3.6518755603066036e-05
3.0274281780276544e-08
1.2654462554231014e-08
0.00035717920075275036
0.0016846894467116196
0.0
