1.0709043058027687
12.185856197104039
12.238128574149593
12.116823529346627
12.116823529346643
0.4754233033095828
0.0
25.89909918643307
44.06770923875398
44.26922363756425
45.58937192575148
44.64565848798757
26.373693655167653
0.0
44.76125965168886
79.51328678812112
79.3945994717695
99.99999999999997
100.00000000000003
50.84710388174289
0.0
51.224814391950076
78.05567293653313
77.68170558759387
98.52796180496904
98.52796180496904
45.315305955396255
0.3280901783397462
55.586592213063966
63.63202610019097
65.06242773759995
70.23946090244024
68.10202237994329
63.85201179505231
0.0
0.0036975830010498086
2.0596057309772084
2.1495053487799347
2.008724166186088
3.7133680822744397
3.596027490788191
0.59923134694333
0.0
0.0
0.0
0.0
0.0
0.0
0.0
0.0
12.185856197104036
12.238128574149593
12.116823529346629
12.116823529346636
23.99024935491636
0.0
44.067709238754006
44.26922363756425
45.589371925751486
44.64565848798758
63.90090092407294
0.0
79.51328678812114
79.39459947176951
67.78327023501465
68.64326042190194
100.0
0.0
78.05567293653318
77.68170558759387
53.21265584957278
53.21265584957278
100.00000000000001
0.0
63.63202610019096
65.06242773759995
70.23946090244024
68.10202237994326
99.99999999999983
0.23882524870654728
2.059605730977209
2.1495053487799347
2.008084883795228
3.71272879988358
15.575376566350199
0.0
0.0
0.0
0.0
0.0
0.0
0.0
0.0
0.0
0.23183530943703667
1.043259341996768
0.0
0.0
0.2373743710763105
0.009490646303329192
0.09653704948676042
0.09653704948676042
0.6020806764624377
1.1286624400136995
1.128662440013699
0.7479339867399633
0.05372961412236893
0.0
0.0
0.0
2.326737323917593
2.3267373239175932
0.8599460475437104
0.008982058735334203
0.05102556194519615
0.6968283282196797
0.6547848250098174
0.0
0.0
0.0
0.060896615626306556
0.5484780338224754
0.4371448135493182
0.18282697068623951
0.43283237324514984
0.32149915297199283
0.11735964185398179
0.08330386788779624
0.0
4.033064129781743
4.033064129781743
0.9275880871963509
0.34917751838579547
0.08587349421959288
0.1001596153603676
2.9741084510129867
2.974108451012987
0.43131785207294926
0.17252714742478037
0.0
0.0
2.504122565024051
5.290825967488576
3.3618836014358635
1.8635993585180102
5.220456091474681
3.610345059148378
0.0
19.463718221197976
49.39109591707612
32.4020036873531
21.030232109039243
50.98443781265268
33.527207330627924
0.0
33.74897632734075
82.3834328278181
50.333774054707916
48.57048368934831
49.12000901022635
51.06169322128717
0.0
38.979562276892125
94.53757172473715
76.54435732489458
80.7959297340608
93.43559762397324
57.954973845308594
0.32809017833974613
32.43570610501246
90.58910193685091
59.86608878400792
36.76329731811259
86.37937153006008
62.631173756641
0.0
0.0421841095255266
0.0012785647817185471
0.14276906286761123
0.279782629359222
0.09368229186570304
0.0006392823908592735
0.5992313469433299
0.0
0.0
0.0
0.0
0.0
0.0
0.0
0.0020328987825921317
0.0038517104468573575
0.15407261229316802
0.0
0.0
0.2373743301767592
0.009248720659880999
0.23183530943703667
1.1417509611625027
2.89639971365102
1.0089728984139423
0.7479345854588596
0.09290371851328497
0.0
0.0
0.0
0.0
0.7479346724307289
0.12142522626280627
0.0
0.0
0.0
0.0
0.10546026921753174
0.0
0.0
0.0
6.839803123291929
2.5649260981362767
0.8549753225941759
0.5462634008139784
0.11133322027315695
0.22528568496020848
0.36677618304610093
0.2894553851760806
0.22266644054631393
0.0
0.0
0.0
0.0
0.0
0.0
0.0
0.0
0.0
0.0
0.0
3.066967204469108
2.0237078624723415
0.0
0.009490646303329192
0.22637567452456875
0.2263756745245689
0.09653704948676042
6.976826249450832
6.976826249450832
0.0
0.05372961412236893
1.9223260893519163
1.9223260893519163
0.676892016550094
3.7290858582645843
3.729085858264585
0.0
0.008982058735334203
0.008982058735334203
0.008982058735334203
0.008982058735334203
4.710821548525812
4.7108215485258125
0.0
0.060896615626306556
1.5330522197232987
1.5330522197232992
0.0
5.4953878228675075
1.8317959142909785
0.0
0.08330386788779624
2.832333503321891
2.83233350332189
0.0
0.9172632967159096
0.3503581745188208
0.08587349421959288
0.1001596153603676
0.43131785207294937
0.4313178520729492
0.4313178520729492
0.17252702538199377
0.0
0.0
