0.0
1.8285218191977554e-08
3.0161944103172983e-09
1.3804800178161305
4.43212554509807e-09
4.350333318985288e-09
4.00411652435182e-09
4.775193933402897e-09
4.344066976641381e-09
2.1162010275059955
8.891999694210662e-09
4.432120440215799e-09
4.4549378902159845e-09
4.075630531841667e-09
3.4575541271638572
0.0
4.394779266409178
17.79851212995554
3.15537253759109
9.82394340136631
10.173568080415004
16.65047993873014
11.212464085809144
1.1898321632042734e-09
221.9900178129742
17.034597967245208
66.25349781120438
3.4854467540877234
1.7045576596823544e-08
3.8502614455048834
0.0
3.244873525220717
0.15443557322745016
5.778224386214824
4.655070466694641
13.50478952224759
0.5886280855950274
67.47381813452577
41.45795871586719
10.237551176200409
195.12609174646929
2.6607512289486728
0.016283007261374487
5.033053101882035
3.1044196629443486e-09
0.0
9.380421450928099
1.2519589397197408e-07
8.549525639072917e-07
6.460106510909538
1.7001962712083107
7.402041040159846e-10
18.937825624015783
0.1745905902452487
58.279396469934056
3.474733119391547e-08
1.3247107381187336e-08
0.0003778521612001493
1.3208215161384654e-08
0.10450857760975674
0.0
1.659912106745411e-07
1.5941436796627417e-06
0.10410499804277273
0.06115938639974918
1.1390781753047573e-09
14.607081418669443
0.055726579676428925
0.09847359613129071
3.082409724969603e-08
9.601282180688871e-09
1.289990256660174
0.7508624428579594
4.141856025814966
1.5240868544536178e-06
0.0
2.3938364207492534e-06
0.0225372650319879
1.4099699689094897e-06
5.311104086768329e-10
0.022569343811972967
0.008188050315113982
10.05644295283932
2.6116218964437322e-08
1.71593183423536e-09
1.6669770049933628
0.541766176959064
1.361766657444169e-08
3.221063029616398e-09
3.026299050237903e-08
0.0
2.9219583156151032e-09
2.661244683005269e-09
4.732025077574209e-10
5.267683329548819e-09
6.901924768264639e-09
37.8850283134672
4.812772093720307e-08
3.259907244117851e-09
0.0005529898764900327
4.5985201436875387e-08
1.9786868994870542e-08
1.3759525424000108e-08
5.096950321437181e-05
1.9794128859430923e-07
0.0
4.595744301318875e-09
5.449205959822822e-10
6.085023740411984e-09
7.663721080926562e-09
5.622313910268945
5.306214400419217e-08
0.2525627201197296
1.1013458398561173
0.13038973351013236
0.2482283541328203
9.665031267314291e-07
1.5926613512077486e-07
1.6289572051969228
0.1504194638745028
0.0
4.91212556195497e-10
1.3878894964532864
4.5089691075438256e-08
4.294629911276252e-08
1.715825113669538e-08
0.012940335840519016
0.05251376674962824
1.3691356944723931e-08
2.4714670074894316e-09
0.0541454303179352
1.6604083599195635e-07
1.5832565867809936e-06
0.10578658697873813
0.05115110834781436
0.0
6.51434225466561
0.04953862175345482
0.09560912739746286
0.20857799727013374
9.501370203082273e-09
2.8040676109198837e-06
0.0016381442758456027
3.9271685223057523e-07
8.087612447697189e-07
2.1340322778545603e-08
1.3683696774767238e-06
2.8363817927221655e-08
0.0002633617955054079
5.602101088787004e-10
0.0
0.0005532291448943405
0.3465724787043067
4.23789686201575e-08
9.758238641777833e-09
0.6329185731716975
0.17677404288636683
3.9075679207875913e-07
6.387972643807923e-07
7.231367484149956e-08
0.5609414809713115
0.0033127019699254086
2.5526701477048674e-07
4.973437461845219e-10
20.9642767261536
0.0
3.5953322778508263
4.976000953194956e-08
3.954897820989672e-09
0.22217462217120953
7.080250176751216e-09
1.6613420676649517e-08
2.9777072521675486e-09
1.4670399550864237e-08
2.9481524160681296
0.00021662007874341272
0.00017126747161042108
4.6109515024565175e-10
1.974266585037514
0.00021665353101246477
0.0
0.00020959726311468055
3.85680685433229e-09
0.010811119836692567
8.523206807777342e-09
3.5620252308335218e-09
2.5932575720465337e-09
1.4075019329507221e-08
0.22597841967839907
3.080490439799386e-05
2.5149586694887055e-05
4.608069347194754e-10
3.71898348061171e-08
3.083905103338021e-05
0.0006854631223317436
0.0
