0.0
2.9180697105724274e-07
2.834278031985448e-07
1.2258657988352315e-07
1.7850837365017445e-07
6.0628389560553e-08
5.8096487036495724e-08
6.830093996767277e-08
6.199082226080382e-08
4.5967861808998485e-08
4.6008626376856974e-08
7.018642548341525e-08
9.064109097173997e-08
7.845012259970834e-08
4.477859679097482
0.0
2.7760282197534885
11.500014655184184
2.8407205145350907
1.4008715996006048e-06
0.7896180096413334
8.82015973915675
0.7931651802692119
2.4613051514779882
156.08928418969793
0.2486164370931366
205.37558731259352
9.227169756375336
0.12743943830171267
2.839006215364946
0.0
1.8859940016694638
0.1597835100747839
13.696299023420801
8.921759826496801
20.151645786875406
7.132180270718258
45.78681306885454
11.670573248396773
39.857657504821056
201.10980257303305
10.305488118471885
4.459195256575038e-08
0.5327508396693569
4.768591364677012e-08
0.0
7.201767246592707
6.939939702405635e-07
0.7623772431965168
6.566277179296378
0.7657286153286171
1.3350878368028423e-08
57.511616371134906
0.24583079391896773
7.640435832742459
3.5444883401805716e-07
2.4982227536384675e-07
0.0009360341769625339
2.959600527656289e-07
0.5128745722872211
0.0
0.0002634906764409787
1.5831103641413406e-06
0.054529658054966665
2.2456662051468866e-06
0.10560356574407831
0.056310599457394035
1.0824811744465527e-06
0.04222383651223232
4.6552907345167517e-07
1.9672941622785918e-07
3.454898621736753
9.063113716864345e-08
0.09212684051669423
0.0005309636057359816
0.0
1.8319138243438367e-06
0.04143681541927645
3.4639142870799856e-06
1.067693344448115e-08
4.494808321497561
1.5428436104324792
0.03604422357849002
8.656224247539244e-07
9.290203808544784e-08
0.3970981391637778
0.0024847230043928154
2.6538584136330855e-07
3.5928124124756235e-07
0.0003455461383740324
0.0
0.00028236883955676863
0.010003792222305533
1.1513607133146089e-08
5.090268463088979e-08
5.1245756870170085e-08
35.456203237335174
5.922700287961645e-07
1.0840587528906878e-07
0.002555265838550664
3.453246157152099e-08
2.8772059166096164e-06
5.403260124365685e-07
0.000307169887795603
0.0005337237455263143
0.0
0.0280783554860526
1.494264009453414e-08
6.346186371396076e-08
6.183013538340849e-08
1.5984299668236532
6.849047949745204e-07
8.781583474524656e-08
0.15885914842990564
1.3027561473752907
0.007715580611214054
0.007504042462999425
0.0006770589334900503
0.007502094755689215
8.489364596207072e-08
0.0
1.1784670518877527e-08
17.86345487095595
0.00017947963395762963
1.7327745206770329e-07
4.43120040156201e-07
0.0017785235232902815
0.8539153166237209
2.0125228826886628e-07
0.0004327692537713964
1.8112076626821552e-06
1.944184913483039e-06
1.131415495835394e-06
0.07554976339348196
2.307968415860248e-06
0.0
31.250662822972497
1.1472057032816874e-06
0.05387426911223653
4.164631226057879e-07
0.004869246274488698
1.934486263961903e-06
4.099655159183486e-08
0.0004285143988471612
1.627538547382479e-07
1.1549417826347128e-06
1.5492080110918052e-07
2.433560989400021e-05
0.0010819493157908915
1.592583401313462e-08
0.0
0.0015562622614916327
0.09262582708433965
5.348449531955945e-07
1.2922540865942988e-07
0.011167447842804734
4.611240762073813e-08
2.3755441357178694e-06
0.01138095292166605
4.019802044986881e-06
0.10687925556729358
0.011873587912814957
0.00021696327225230352
9.554743583847023e-09
98.14869578548277
0.0
0.7530490950643491
6.715437401992484e-07
0.7823757713589419
0.306519176443552
2.2018960352733225e-07
0.011840863598089422
2.387725131375959e-07
9.372069184850537e-05
4.698819292100108
0.00028457706499243526
3.4647919529960634
0.01228833284436708
3.6080072581143514e-08
0.0002898011853840773
0.0
0.0002599747807074986
0.12581586116835758
0.10771916118026899
2.9473628245638677e-07
0.016609872938442537
7.433838426165245e-07
2.0564624176106046e-05
0.23861444775662352
1.2470716154411146e-05
0.25317049813487863
0.016763834373400486
0.005443022490930844
2.838095396728645e-05
0.0004332888646940879
0.0
