0.0
11.466516809083908
11.46651680908392
11.466547875255998
11.466547875255998
23.99977195755815
0.0
46.24095218987027
46.24095218987023
45.8530502583505
45.94565525900656
63.66550804832209
0.0
97.50693723097895
99.99999999999999
100.00000000000004
99.81457445979774
100.00000000000001
0.0
86.04011447967065
85.27848685066974
83.80239677166806
99.99999999999997
99.99999999999999
0.5562396208562439
65.94106043119747
66.52285942847661
69.80428738512984
71.89489190849693
100.00000000000006
0.0
0.2722555423996623
0.31753420541195276
0.24802193768226977
3.0802467305603485
28.516118973911695
0.0
0.0
0.0
0.0
0.0
0.0
0.0
0.0
0.0
0.0
0.0
0.0
0.0
0.0
0.0
0.7324820728691769
0.0
0.0
0.6571382372017321
0.0
0.0
0.0
0.0
0.0
0.6571382363933849
0.6873214040552085
0.0
0.3226968412206781
7.19741398757402
2.4270451997523828
0.8090150628154725
0.0
0.0
0.0
0.0
0.0
0.0
0.0
0.0
0.023521436018721153
0.048512726808205335
0.0
0.0
0.0
0.0
0.0
0.0
0.0
0.0
0.0
0.26665947275753776
12.799836955801561
12.799836955801581
12.799878377364351
12.79987837736435
0.26665429506219207
0.0
24.05624680275753
41.964348591308784
41.96434859130879
41.608683055129035
41.68971243070309
23.96985964138756
0.09260500065608569
47.31627666543789
67.30991167169945
64.81684890267834
68.04056686618037
70.62784336021575
34.257148724742905
0.2752091160345515
49.38090755550783
74.00876031548187
74.86909892149772
68.48608618299001
75.86911492823818
40.417195460927985
0.0
51.53182813995005
60.63913087042666
61.436248099823324
61.05536219688914
58.55809196848173
59.119386549542234
1.364105279600732
4.253604273112909
4.35434577591942
4.4331612326564525
4.428196070675765
4.630497841595627
3.0830394170253923
0.5480958937364693
0.0
0.0
0.0
0.0
0.0
0.0
0.0
0.0
0.0
0.0
0.0
0.0
0.0
0.0
0.0
0.0
0.0
0.8371223689933452
0.0
0.0
4.8280511893894
0.0
0.0
0.0
0.0
0.0
0.0
0.7662436572081255
0.0
1.483542884542528
14.948708288545076
0.3687963899664894
0.691493231187167
0.691493231187167
0.691493231187167
0.0
0.0
0.0
0.0
0.07947433376632225
0.07947433376632235
0.0
0.0
0.4230575970574876
4.49399924404246
4.07094164698496
0.8806916886546967
0.3218933099523343
0.08498832320934054
0.06977603418426162
2.224111471910368
2.2241114719103647
0.0
0.0
0.0
0.0
3.7332326186055287
3.7332326186055287
3.7332326186055287
3.7331601308706883
3.733160130870689
3.733160130870689
0.0
36.08437020413625
36.08437020413622
36.08437020413622
35.6943378977361
35.6943378977361
35.6943378977361
0.081029375574075
47.13853135566983
68.53704862146951
53.28141876380536
41.60471148863083
38.823328386310685
49.82047098720148
0.24080797653023256
65.21050924847707
75.79543888178934
66.96874224592354
64.44540815072354
60.40033280806398
60.62579315860365
0.0
59.922708717452345
61.377621200115186
61.3776212001152
57.10707864325179
56.189958402220654
51.729463230849454
1.1935921196506405
0.4231153268944576
0.0
0.0485127268082051
0.023521436018721118
0.023521436018721118
0.0
0.4795839070194106
0.0
0.0
0.0
0.0
0.0
0.0
0.0
0.0
0.0
0.0
0.0
0.0
0.0
0.0
0.0
0.0
0.0
0.0
3.9405951476557024
3.9405951476557033
0.0
0.0
0.0
0.0
0.10124185551658628
1.9235955380530416
1.923595538053033
0.0
0.0
0.0
0.0
0.0
5.141299083259551
1.9194163635256427
0.0
0.0
0.0
0.0
0.00722439909797777
1.1914038374981322
0.3207784953692402
0.0
0.0
3.872840368719746
3.87284036871976
0.0
0.8753799362271963
0.31658156030219353
0.07436478280817298
0.061054029911228845
0.0
0.0
0.0
0.0
0.0
0.0
