1.0712460282446707
12.187936571272903
12.270084480333981
12.131240435114606
12.131240435114604
0.4486920805296476
0.0
25.899069413459387
44.067447999251954
44.19008979817653
46.27296526783977
44.91832004902648
26.511122882138682
0.0
42.12394666975907
97.72469621615247
99.57428632338313
100.0
100.0
53.03063237894649
0.5934364847025166
51.58601992951983
97.70597711452669
100.0
100.0
97.92094645803812
68.48723222210052
4.0346219012201745
52.74114180902067
90.16688942291898
91.07033105511749
99.99999999999999
100.00000000000001
73.9117629229284
4.304677089088823
0.0
2.0097555671548686
2.009755567154869
1.56218099078424
3.633874577409525
4.626295475419634
0.7710491507486389
0.0
0.0
0.0
0.0
0.0
0.0
0.0
0.0
12.1879365712729
12.27008448033398
12.131240435114602
12.1312404351146
23.99203321909876
0.0
44.067447999251904
44.19008979817653
46.27296526783977
44.91832004902647
63.908656210310426
0.0
60.92252597255721
58.05121963931886
86.8138428375748
83.43980784483131
93.10291453737487
4.0531015792773335
66.59430803950079
62.49573573411621
53.00244852631729
92.18662076749278
97.54586017320305
0.0
37.641577574920696
38.54501920711925
19.761362668529785
31.194136735511456
99.99999999999999
0.2396404541925236
2.0097555671548686
2.009755567154869
1.56218099078424
3.633874577409525
51.35653691470532
0.0
0.0
0.0
0.0
0.0
0.0
0.0
0.00038493859292627457
0.00019246929646313729
0.000639232074792926
0.008648977536364434
0.0
0.0
1.8239913849693785
0.002932377205519327
0.005864754411038654
0.08785813254667904
0.6457538546263364
3.9127910235590924
3.9127910235590924
2.9021108928557515
0.05391079005745591
0.0
0.0
0.0070372865702974935
0.0
0.00040021007831384984
3.228086048569944
0.038804633543944075
0.0
10.615633358702684
0.0009248690183338505
0.0
0.0
0.0
0.1372657166647275
0.5300137098184178
0.5300137098184179
0.5300137098184178
0.3609628596109875
0.36096285961098745
0.004135617796952465
0.700717088580405
6.407495733083899
9.71220506598704
4.005426421483543
1.1643258422204563
0.700717088580405
0.700717088580405
0.12887846747216047
3.8268765471872364
3.8268765471872386
0.5549898037162251
0.22199590429662464
0.0
0.0
2.5039184989089645
5.295396304694594
3.4256942586462786
1.8686731960807506
5.2935477745179185
3.6391805810803275
0.0
19.46372089380591
50.31440185468494
32.27325671866381
22.063935272552364
51.38202455511722
33.397533435493514
0.0
52.862853356935
71.28143918408303
90.50682050829643
59.94206784084442
56.279591416189255
53.0306323789465
0.5934364847025166
62.23189215554489
81.95038022592807
71.6624507178176
77.45352824082474
75.4075500542396
68.48723222210053
4.0346219012201745
57.01714809414321
62.599835259795995
58.88790956519749
87.39269940356746
82.26756581457336
73.91176292292842
4.304677089088823
1.2783096456483884
0.0
0.18618405035659655
0.7225485223001133
0.23964045419252372
0.0
0.7710491507486389
0.0
0.0
0.0
0.0
0.0
0.0
0.0
0.0004467627783297886
0.011066147563925235
0.02554081587873644
0.007237990306442105
0.0
0.8866069769107616
0.015050797416411625
0.08785813254667904
0.6074865547879937
4.063934917986442
1.3546448222430083
1.7707312275392648
0.08563436628146967
0.0
0.0
0.0
0.0
1.949776402179281
0.0
0.0
0.0009248690183338505
1.0444903530478609
0.3856231052199087
0.03949633132425451
0.0
0.0
0.0
6.362597717199213
2.2786901932207355
0.7595631033522818
0.0
0.25622424589242004
0.4565938183435711
0.38655362280774785
0.0886584638934011
0.0886584638934011
0.0
0.0
0.0
0.0
0.0
0.0
0.0
0.0
0.00019246929646313729
0.00019246929646313729
0.00019246929646313729
2.081519999119303
2.081519999119305
0.0
0.002932377205519327
0.14575217805411897
0.14575217805411889
0.0
2.587122143586567
2.587122143586567
0.6074865547879937
0.05391079005745591
1.9288053783074932
1.9288053783074943
0.014074786942830663
0.336482271236913
0.3364822712369128
0.0
0.038804633543944075
1.3193567503042514
1.3193567503042511
0.0
1.3112911959443723
1.3112911959443725
0.0
0.13726571666472753
4.137020581987579
4.140020918859409
0.003000336871826997
2.3368969742154335
0.5486494859836419
0.0
0.700717088580405
4.121123305641942
4.121123305641942
0.700717088580405
1.213165580365245
0.700717088580405
0.700717088580405
0.12887846747216047
0.554989803716225
0.5549898037162251
0.5549898037162251
0.22199575429388865
0.0
0.0
