0.0
11.466443584127589
11.466443584127585
11.46648982997883
11.46648982997883
23.99966052940172
0.0
46.24476365591498
46.24476365591491
45.84312349072113
45.939008250081145
63.65366137573861
0.0
99.66786695282649
100.00000000000001
100.00000000000011
99.76274123998924
100.00000000000041
1.0599012310378035
81.89602465599324
80.86214063157357
85.07362354885963
100.00000000000001
99.99999999999997
1.6131526993412508
61.25913929969688
63.50996744784031
59.855093731374666
70.05649173648482
100.00000000000003
0.052298196364982195
0.3658785203792951
0.4225845114869688
0.36764646934422623
3.2201089285138664
26.49760728430896
0.0
0.0
0.0
0.0
0.0
0.0
0.0
0.0
0.0
0.0
0.0
0.0
0.0
0.0
0.0
0.7584243784670907
0.0
0.0
0.6068872690006556
0.0
0.0
0.0
0.14024615639991223
0.14024615639991223
0.6068872692105608
0.5718580931116575
0.0
0.3097773042796053
4.318454472362811
1.5999863274035657
0.5333287549947011
0.0
0.021317967078070335
0.021317967078070335
0.021317967078070335
0.021317967078070335
0.021317967078070335
0.0
0.0
0.029457745369368474
0.06075607716586904
0.0
0.0
0.0
0.0
0.0
0.0
0.0
0.0
0.0
0.266655957233233
12.799757287879265
12.79975728787926
12.799818949014252
12.79981894901425
0.26664824959135963
0.0
24.05823888739207
41.96780812938765
41.967808129387535
41.59954606567189
41.68344523011189
23.968792104454565
0.09588475936007498
44.99859565475031
66.126072359771
65.79393931259743
67.5785339998753
77.67632733929634
32.733996179488834
0.16880867445676662
46.49857092235177
78.32834838605895
78.75534515263183
71.78712230643727
75.43499867282787
40.849373121775685
0.0
50.796177048511026
65.81443446446089
63.52389578242361
66.39798082313031
55.36835515986406
58.79199503047403
1.2549747713675359
4.192475143884927
4.277205002957436
4.2812554308936965
4.277331285026358
4.481078603538477
3.1169661967256923
0.5541273177618482
0.0
0.0
0.0
0.0
0.0
0.0
0.0
0.0
0.0
0.0
0.0
0.0
0.0
0.0
0.0
0.0
0.0
0.8667707182481038
0.0
0.0
4.872929235169327
0.0
0.0
0.0
0.0
0.4234697265341317
0.42346972653413173
1.0922830118838227
0.0
1.7598520102993458
18.258615167233014
0.2710551412446545
0.58083244552426
0.58083244552426
0.58083244552426
0.0
0.4629568110711897
0.0
0.0
0.0719197671029788
0.0719197671029788
0.0
0.0
0.11461930871553595
4.185560939334798
4.070941630619264
0.8806916589727503
0.32189325385787876
0.08498829566543752
0.07054385796931291
2.248586340041708
2.2485863400417174
0.0
0.0
0.0
0.0
3.7331834012652623
3.7331834012652623
3.7331834012652623
3.7330754942790354
3.7330754942790345
3.7330754942790345
0.0
36.08735833108817
36.08735833108812
36.08735833108812
35.683512270981645
35.68351227098165
35.68351227098165
0.08389916444006561
52.22019570059458
66.48061803126328
54.34396032377809
45.32810393874962
41.769222540100365
50.91895251051766
0.14770759014967078
70.18261181222033
73.8300362306465
71.88305414878242
65.79577541528327
61.0822764651013
61.0927915766639
0.0
57.662273929611224
57.404051525540346
57.404051525540346
56.8305059520604
56.002278312835735
51.44299565166477
1.098102924946594
0.8230003504183341
0.0
0.06075607716586889
0.02945774536936844
0.02945774536936844
0.0
0.4848614030416172
0.0
0.0
0.0
0.0
0.0
0.0
0.0
0.0
0.0
0.0
0.0
0.0
0.0
0.6843024612347637
0.0
0.0
0.0
0.0
4.080158929940548
4.080158929940545
0.0
0.0
0.0
0.0
0.019101393975711405
0.24902195168679714
0.2490219516867971
0.0
0.0
0.0
0.0
0.0
4.705604407842643
1.2345005256275012
0.0
0.0
0.0
0.0
0.006535960079159367
1.2150479489446342
0.334069998713134
0.0
0.0
4.015351950819212
4.015351950819194
0.0
0.8753799320305095
0.31658153361691455
0.07436475870725782
0.061725875723148735
0.0
0.0
0.0
0.0
0.0
0.0
