0.0
11.46638812590541
11.466388125905402
11.466437858556754
11.466437858556747
23.99955588776923
0.0
46.26369255792522
46.26369255792536
45.77887237679859
46.325189623941256
63.84892129784618
0.0
93.32801313540182
96.96830947231038
98.07288893371957
99.99999999999991
100.0
0.0
74.72400974868586
95.12353980752808
100.00000000000003
100.0
100.00000000000001
0.0
59.76074823339827
59.92284115135318
72.36156536984731
68.66628365121481
99.99999999999999
0.0
0.6253327516116302
0.8464099434493575
0.6067131975488115
3.557089628225632
19.359360454472164
0.0
0.0
0.0
0.0
0.0
0.0
0.0
0.0
0.0
0.0
0.0
0.0
0.0
0.0
0.0
0.4744252580381731
0.0
0.0
0.20712383226624337
0.0
0.0
0.0
0.0
0.04872227339543416
1.8420183942287305
0.5534114973430738
0.0
0.41455608990894877
6.382181596951792
2.3779065390309677
0.7926355015710062
0.0
0.0
0.2334780396632203
1.0890281306643526
0.5902967002212386
0.43777132436853794
0.0
0.0
0.11484520612978613
0.23686823941385454
0.0
0.0
0.0
0.0
0.0
0.0
0.0
0.0
0.0
0.2666533997063325
12.799696829941803
12.799696829941794
12.799763140143595
12.799763140143586
0.26664511093110854
0.0
24.063915183353732
41.98472568714426
41.9847256871443
41.549886008459204
42.02791359970904
23.893962860167154
0.13447131626142375
39.9105306838121
68.32656224599644
64.1740936516098
53.4042082995114
68.37734211942177
36.74591264463474
0.38573521202609223
52.4010089562418
81.49711505527505
68.4224043412197
68.86457951478657
70.01136601914183
48.19644511797368
0.5827727113507025
52.85950803674572
69.1061246719402
69.53800589364515
61.22873862981376
62.92740704904823
56.71319748854929
0.7127927759794763
0.0
3.5902432484077558
3.6060344763961636
3.588913280260413
3.7996544538801857
3.3979860241227278
0.6040863960056727
0.0
0.0
0.0
0.0
0.0
0.0
0.0
0.0
0.0
0.0
0.0
0.0
0.0
0.0
0.0
0.0
0.0
0.5422002949007694
0.0
0.00843504665038272
0.2071238539789291
0.0
0.0
0.0
0.0
0.0
0.0199995358102714
2.029601238465303
0.0
2.5920513347004817
2.592051334700484
0.41157132965979165
1.1032678867392902
0.8989746020339756
0.6341571704678972
0.0
0.0
0.0
0.0
0.2829393161105978
0.28293931611059714
0.03015674831797065
0.0
0.0
4.070941619556956
4.070941619556947
0.8806916450365572
0.32189322045008667
0.0849882788069382
0.07690396281214983
3.388852746373814
2.451314677961707
0.0
0.0
0.0
0.0
3.7331475958886537
3.7331475958886537
3.7331475958886537
3.7330315530355196
3.7330315530355183
3.7330315530355183
0.0
36.0958727750306
36.09587277503059
36.09587277503059
35.840944290250675
35.840944290250704
35.840944290250704
0.11766240172874579
51.797730648780984
76.59143754489897
59.32008506848532
46.007411350742395
41.91547745949832
50.77006179417941
0.3375183105228307
66.0399460666477
74.4010871419739
68.2331605032264
62.78844732015102
58.44481419146581
55.08165156339848
0.5099261224318647
58.292676809533475
58.956989286257055
58.95698928625759
57.928774637004445
58.4850997098521
52.347095599246366
0.6236936789820414
0.18758284632858513
0.0
0.23686823941385549
0.11484520612978598
0.11484520612978598
0.0
0.5285755965049636
0.012323035604474473
0.0
0.0
0.0
0.0
0.0
0.0
0.0
0.0
0.0
0.0
0.0
0.0
0.0
0.0
0.0
0.0
0.0
4.133001916724671
4.1330019167246705
1.8295111533358228
0.0
0.0
0.0
0.1272580505936773
1.8070648213771754
1.8070648213771698
0.0
0.0
0.0
0.0
0.0
6.307928804717121
2.6261598486001927
0.0
0.0
1.0895234032781798
1.0895234032781822
0.039429072025473744
2.2980346892509074
0.7572071913775267
0.0
0.0
3.57398599498935
3.573985994989366
0.0
0.8753799230302581
0.31658151308053634
0.07436474395607093
0.06729096746063117
0.0
0.0
0.0
0.0
0.0
0.0
