0.0
4.870924571539515e-08
1.2156718986181267e-08
1.9750103361746496
2.1503579164943665e-08
2.110828983812452e-08
1.930641856874568e-08
1.959428776516669e-08
1.9176153550469505e-08
1.1568108071034545e-08
1.4060591211054731e-08
2.1371264311219735e-08
2.949319826165335e-08
0.9065154856669242
6.985143222520681
0.0
4.231890953280158
15.02620469597244
5.540404268685799
4.786560161485755
22.959139052840584
15.493787934862207
22.350448439996214
0.18509276786658163
151.9114134676817
25.487138825461166
101.22325678822091
9.116354900697143
2.1556538298146423e-08
3.2402951581561386
0.0
2.122949797185469
0.03330353940040656
15.436677870848403
3.936038517710972
11.076391214402065
7.964105047566836
48.24087650792134
11.529958025180438
24.404614396277267
226.22798545273858
3.576290090825145
1.5360160687404014e-08
1.1140601543878585
9.732149002748802e-09
0.0
5.549976566385112
6.126216415581651e-06
0.8052800008136194
6.457676632886895
0.8049961127938543
3.879933850878357e-09
58.98618046936846
0.25990484256474333
7.420656704428772
9.181120623522585e-08
1.8651301266851337e-08
0.0009615040014590957
1.3794602518393604e-08
0.5835476971740448
0.0
0.00018669361424360746
1.2169553727927985e-06
0.05516200116397428
1.3002672467546713e-06
3.760514799542347e-09
0.05693753841093051
3.1432335276932483e-07
0.2310371646211099
0.16035451771536063
1.3095737854224319e-08
9.38322461032801
0.8145938480445662
0.10162355061675665
0.00039682700859758
0.0
6.558498794226424e-07
0.04583344648836421
1.9259685736636517e-06
2.963805864389483e-09
27.148459259235484
8.060048598809111e-07
0.03867145736244148
9.225376147874221e-08
9.229700227085087e-09
1.1118328643661672
1.582302428601304e-07
6.056049455518621e-08
4.628738369342565e-08
3.6477095182637806e-07
0.0
1.1182322372882808e-08
0.012412735134277094
3.0155638792966837e-09
1.4347908840697213e-08
1.4290278064103247e-08
35.45283609988446
1.7156148731579083e-07
1.0432822477877716e-08
0.04473950332584939
0.002255203589888632
7.870665585110394e-07
9.041543788373863e-08
7.90865533811247e-06
1.6459845849013677e-05
0.0
0.035071024723105
3.333766393983469e-09
1.8345982705699437e-08
1.7462997077765173e-08
1.5945629063591071
1.9976633496125567e-07
1.355248791613011e-08
0.20325606590144896
2.6022850111359688
0.008778859736745795
0.005496843278984904
0.00035885341446490544
0.005496003924849874
1.3711749672741745e-08
0.0
3.096701498196268e-09
1.9221623802244392
4.7462143547811225e-05
2.3197771620724588
1.1107460222584144e-07
1.7590168862802148e-08
0.10863956118630376
1.4223766223201037e-08
1.3811259763004776e-08
1.595716520716265e-06
6.379460441790809e-06
4.417859198252537e-07
0.07682522900991368
1.2910561349392182e-06
0.0
48.58865188299523
3.1409769212200936e-07
0.05246947048738558
1.182653836083678e-07
0.0017383536097947121
9.629607382718676e-08
0.0019981779418080116
1.2262962763626085e-07
4.781887798921078e-08
8.281798201041559e-08
3.739951400556738e-08
9.349655136711769e-08
0.0006179947642627492
2.87109937268248e-09
0.0
0.0012744628949150846
0.09439631168044467
1.5728758812074549e-07
1.4874218109809836e-08
4.4564350989613384e-07
0.4337138724011352
2.429213836968839e-06
3.076679223434453e-07
1.8993937184635446e-06
0.09623177126226476
0.011310479539288095
9.131262515584764e-05
2.3137832243921017e-09
82.65603851420224
0.0
0.7316075678289773
1.8147595152848517e-07
0.40752377182108496
0.18090820414781844
1.7539884433837848e-08
0.0004150789427664475
0.13664218853541985
0.9091479459078202
2.2235315280857595
0.0002132874644235392
5.201625802737856
3.1109682563276437e-09
1.990646200585338e-06
0.00021743626209705537
0.0
0.00019862173830526313
0.08162715715081516
0.07197099211914643
2.1047881588697715e-08
0.0005313710432040914
0.06742199990123834
0.09130328143967477
0.19975126106327787
3.0106468011116003e-06
0.22976925212186922
3.5047448541732866e-09
2.5586683717883284e-06
7.329320627018942e-06
0.0002070707970380282
0.0
