0.0
11.46638349384007
11.466383493840077
11.466434052323226
11.466434052323226
23.9995484992738
0.0
46.22264004626245
48.05380072032949
46.009176784338344
46.009176784338294
63.66995103466867
0.0
99.99999999999994
99.9999999999999
99.94406097570379
100.00000000000004
100.0
0.0
79.47711990769366
80.79848921861286
89.58091067967081
99.99999999999994
100.0
0.3621681618442188
60.26310061469753
60.70128123342095
57.382098497380056
62.89918109391551
99.99999999999994
0.0
0.46726954862183523
0.6387927082424641
0.462273094079992
3.6257911180294253
19.014271188599608
0.0
0.0
0.0
0.0
0.0
0.0
0.0
0.0
0.0
0.0
0.0
0.0
0.0
0.0
0.0
0.604265579645667
0.0
0.0
1.1829618361297602
0.0
0.0
0.0
2.775740125992327
0.0
1.752720739826553
0.3480818521104459
0.0
0.4260909440149893
6.295220431987934
2.2834048784593084
0.7611349471029898
0.0
0.39223097884017283
0.39223097884017283
0.39223097884017283
0.39223097884017283
0.39223097884017283
0.0
0.0
0.08910284751183524
0.18377459279960165
0.0
0.0
0.0
0.0
0.0
0.0
0.0
0.0
0.0
0.26665317907597774
12.799691788301814
12.799691788301827
12.799759199612692
12.799759199612692
0.2666447526621195
0.0
24.044507100888143
41.94759173428519
40.116431060218105
41.75056019918722
41.75056019918718
23.88048820625882
0.12268923016430763
43.630852594409305
62.25615523715127
62.85894674667716
74.20296893574702
71.01476738175303
39.62763813592972
0.0
52.55309309766014
76.6692516318649
76.81044392361908
64.05561529581686
77.3305869387975
49.397637125227064
0.9137740118116106
52.42977146702529
68.1408023292932
68.68040782707929
67.00418174721125
63.100183630661334
58.670236384704154
1.2143885564412225
0.0
3.14286318507964
3.155114839338256
3.142506295469507
3.3684718686087542
3.5732584109679415
0.6352459313712732
0.0
0.0
0.0
0.0
0.0
0.0
0.0
0.0
0.0
0.0
0.0
0.0
0.0
5.871837893066791
0.0
0.0
0.0
0.6905892338807623
0.7261132419806988
0.7261132419806988
1.7527207387540988
0.0
0.0
0.0
0.0
0.09328768636335338
0.09328768636335345
2.3283763637165373
0.0
2.61399917802821
2.7732470675250753
0.44330851884018807
0.9341942863952167
0.9341942863952151
0.7101515733583157
0.0
3.7236444734036835
0.0
0.0
0.24104644583096016
0.24104644583096035
0.05562591016303287
0.0
0.0
4.070941616730441
4.070941616730455
0.8806916378334277
0.3218932094633397
0.08498827353096004
0.08087076468512149
2.57775656555372
2.5777565655537193
0.0
0.0
0.0
0.0
3.7331445070636886
3.7331445070636886
3.7331445070636886
3.7330265372696743
3.7330265372696743
3.7330265372696743
0.0
36.06676065133223
36.06676065133221
36.06676065133221
35.82073230938832
35.820732309388255
35.820732309388255
0.10735307639376918
50.28369243443203
71.35442365995037
57.893388761811956
44.71572257345079
41.28099011630885
46.850300325563246
0.0
71.98475708045851
78.1910449381537
72.1260990505732
64.9127121078626
60.01124359320519
56.45444242883092
0.7995522603351592
58.1140855312414
57.89914164451996
57.89914164451996
59.38033820111359
56.81670944203249
51.33645683661614
1.0625899868860695
0.5756556299473641
0.0
0.18377459279960154
0.0891028475118352
0.0891028475118352
0.0
0.5558401899498641
0.0
0.0
0.0
0.0
0.0
0.0
0.0
0.0
0.0
0.0
0.0
0.0
0.0
0.0
0.0
0.0
0.0
0.0
2.6844771105219696
2.6844771105219705
1.553078207027568
0.0
0.0
0.0
0.11393216541643438
1.524549567211503
1.524549567211503
0.0
0.0
0.0
0.0
0.0
8.43974650928781
3.7417615946578655
0.0
0.0
1.0703873351457622
1.070387335145759
0.05562591016303287
3.0507435206925284
1.0162061272928187
0.0
0.0
4.063004748091607
4.063004748091607
0.0
0.8753799244402304
0.31658150947363467
0.07436473933959005
0.0707619190994813
0.0
0.0
0.0
0.0
0.0
0.0
