1.071253888859064
12.187983962316844
12.270803902718631
12.130837498346574
12.130837498346574
0.4483764411872191
0.0
25.89493735230514
44.048830054309846
44.02152858236988
46.415833188506944
44.975350336367605
26.547745928911734
0.0
40.35277390018739
92.252074043926
95.92512367168626
100.0
100.00000000000003
44.59130511870424
0.34071820288691507
41.413235185324474
99.97724647682475
98.02607849028766
99.99999999999999
99.99999999999999
65.06296453337087
2.640294780683231
54.49541388027002
91.35501265604708
91.3917408907969
99.99999999999999
100.0
78.1958638091774
4.726846138273702
0.0
1.8215821867361701
1.8215821867361703
1.4531453596182655
3.5975295731237993
4.626295826188603
0.7710492486838567
0.0
0.0
0.0
0.0
0.0
0.0
0.0
0.0
12.187983962316842
12.270803902718631
12.13083749834658
12.130837498346587
23.992021940749872
0.0
44.0488300543098
44.02152858236988
46.415833188506944
44.975350336367605
63.90982661062786
2.3381363316490593
62.483037880876346
56.33927721598794
73.19905738669215
72.56284642890655
99.09384875529413
16.6287292555088
56.48774608040792
56.74431591392571
60.88365075500223
82.46537241905293
96.91858287028334
0.0
36.887470496401775
36.92419873115168
10.014823732794538
46.46544265790211
100.0
0.2143032311620494
1.8215821867361701
1.82158218673617
1.453145359618265
3.597529573123799
42.464537728419884
0.0
0.0
0.0
0.0
0.0
0.0
0.0
0.00044931735660034167
0.00022465867830017084
0.0007277108370605915
0.009664483407120833
0.0
0.0
4.230175808775055
0.0031318970252134045
0.00626379405042681
0.1912579808646784
1.3224149856185554
5.114479016088239
5.114479016088239
2.678093491263772
0.05393810012360785
0.0
0.0
0.0
2.4986728939117784
2.4986728939117775
2.98561797864458
0.0
1.6067422715292838
5.083287749194097
0.0
0.0
0.0
0.0
0.2365211807926301
3.8945662122641895
3.5321591952715625
0.6472999490642997
1.1510854828791852
0.7886784658865602
0.12486630237643355
0.18583182814746482
0.31096752902466346
4.0564960103533005
4.056496010353299
1.2863320865896866
0.48060506818538073
0.15548376451233173
0.1288784551498838
3.826876523310958
3.8268765233109545
0.5549898599714616
0.22199593536395915
0.0
0.0
2.503913908060623
5.29549911591363
3.4271292605418666
1.8671238031049564
5.29295646695922
3.6395340247765384
0.0
19.463886752511225
50.24844712257514
31.76048487911027
22.32144845476464
51.46584837981352
33.3779644390324
0.0
52.14331437219502
76.4135402252315
64.62299976982591
45.22751607175597
41.126626299034484
41.126626299034484
0.3407182028869151
58.12911008846917
90.26008384020763
86.41505278152769
73.56267069858187
70.6833806874983
65.06296453337086
2.640294780683231
57.79221283382571
61.338030385024226
58.76467339482548
88.56091237127178
88.47861377732646
78.1958638091774
4.7268461382737
1.291019871871216
0.0
0.11877924183819649
0.5062904051804207
0.1687631809139982
0.0
0.7710492486838567
0.0
0.0
0.0
0.0
0.0
0.0
0.0
0.0005030521587604206
0.011175705631547978
0.023779266217708834
0.006302280360921232
0.0
2.4707110248780157
0.03278457975212771
0.1912579808646784
1.3224149856185554
4.32144597814856
1.4404803442809864
2.470711008150657
0.08453709991906642
0.0
0.0
0.0
0.0
1.694598134308754
0.0
10.373686929753159
0.0
0.0
0.0
0.0
0.0
0.00951067653541508
0.01654618999686381
2.821992719276272
0.729934802538737
0.24330943222847073
0.0
0.54597547125911
0.6172431275137067
0.5524539150854181
0.7248140339852498
0.7248140339852498
0.0
0.0
0.0
0.0
0.0
0.0
0.0
0.0
0.00022465867830017084
0.00022465867830017084
0.00022465867830017084
2.1127575522274613
2.112757552227458
0.0
0.0031318970252134045
0.14574129296320845
0.14574129296320848
0.0
1.6513962195415022
1.6513962195415022
1.3224149856185552
0.05393810012360785
1.9297831996914077
1.9297831996914079
0.38441096915493245
0.0
0.0
0.0
0.0
0.0
0.0
0.0
1.291019871871216
1.291019871871216
0.0
0.23652118079263007
4.1471518262862785
4.147151826286278
1.0097069660569244
0.5059214322420389
0.21026235060651238
0.12486630237643355
0.1858318281474648
6.007311894106396
6.007311894106396
0.0
0.6136421551351832
0.24650524660221268
0.15548376451233173
0.1288784551498838
0.5549898599714616
0.5549898599714613
0.5549898599714613
0.22199581107032024
0.0
0.0
