0.0
11.466256528461221
11.46625652846121
11.466353118415155
11.466353118415151
23.999404469544466
0.0
46.15966392578653
46.159663925786575
45.992379797327
46.132527176461366
63.995656127303455
0.1100133759657684
94.64877162546796
100.00000000000004
99.99999999999991
99.99999999999991
99.99999999999991
0.0
84.4946016162351
99.99999999999999
100.00000000000009
100.00000000000001
99.99999999999999
1.5987136999408162
60.009302662747665
59.31005768487257
63.54732612796931
89.71244658174237
100.00000000000003
0.0
1.257889733590352
1.257889733590352
2.1907848817028337
1.3179802824081217
24.98839275274441
0.0
0.0
0.0
0.0
0.0
0.0
0.0
0.0
0.0
0.0
0.0
0.0
0.0
0.0
0.0
0.1704437325574578
0.0
0.0
0.0
0.0
0.0
0.052377673686047
5.037029971475546
0.0
3.1489498612810882
0.20854933643955115
0.0
0.28719417524591806
4.794390618869379
1.6502088978481473
1.3110843304545374
0.0
0.017183201028954827
0.12416794195282868
0.3952226144634534
0.12009763455264735
0.0
0.0
0.0
0.0
0.0
0.0
0.0
0.0
0.0
0.0
0.0
0.0
0.0
0.0
0.26664713095338693
12.799553597151812
12.799553597151798
12.799682383757057
12.799682383757052
0.26663103262773047
0.0
24.01376366541491
41.89056616415168
41.89056616415171
41.73219634325271
41.85320747123634
23.990078520394174
0.0
40.86694224479648
79.13667211181868
66.21190973557601
55.33799490711627
78.26786656765046
42.127791217420786
0.0
52.6160128626572
73.37602494135972
70.74274443631859
74.37174697493204
59.108688476212556
48.65517693644015
0.7087502173294293
51.337732321613146
59.367193333091976
61.47759897464394
68.38901208208569
60.450636363409494
60.45518447294335
0.15706951442512349
0.0
0.0
0.0
0.0
2.3935510789963907
1.5207464797016792
0.27035492351282797
0.0
0.0
0.0
0.0
0.0
0.0
0.0
0.0
0.0
0.0
0.0
0.0
0.0
0.578828509229871
0.0
0.0
0.0
0.2060979393408282
3.5857258519762354
3.585725851976241
2.8118561216255245
0.0
0.0
0.0
0.0
0.0
0.0
3.68467810793655
0.10909935102539133
3.1890901925105615
3.358979466499056
0.2949272458446923
0.5766963336135409
0.5766963336135392
0.6696513748740023
0.0
4.202786453732296
0.9413533498177838
0.07014797382494502
0.3222597299756544
0.1689769194157511
0.06796883320428679
0.0
0.0
4.070941643101165
4.07094164310117
0.8806916785888677
0.32189329469126904
0.0849883159109718
0.034417847586540394
1.6445844794508984
1.0970698991981485
0.0
0.0
0.0
0.0
3.7330598333474168
3.7330598333474168
3.7330598333474168
3.7328344567882277
3.7328344567882277
3.7328344567882277
0.0
36.02064549812226
36.020645498122335
36.11864348599529
35.75862175434063
35.98537393222499
35.985373932225315
0.0
52.27782215091459
75.27427989936213
67.00278541518054
46.487974173750125
40.51491440961866
43.85170408949802
0.0
66.68077813244135
75.00190162526795
68.92147548216057
61.06821384691351
57.93735833187219
55.605916498788716
0.6201564401632507
54.66042603369177
54.10104109185716
54.988483897911735
59.05659902860051
61.193136008075655
56.86201616701968
0.13743582512198305
1.443220334276709
0.9328951481124815
0.9328951481124815
0.0
0.0
0.0
0.23656055807372448
0.02453289808609882
0.0
0.0
0.0
0.0
0.0
0.0
0.0
0.0
0.0
0.0
0.09799798787295781
0.0
0.0857813693207905
0.0
0.0
0.0
0.36061257646953415
5.178356499171825
5.178356499171826
1.7004229638828963
0.0
0.0
0.0
0.13871699135811125
1.7546939542299638
1.7546939542299702
0.0
0.09546193214721742
0.28845216837088716
0.2884521683708866
0.2884521683708866
5.260674263350858
2.165553147143732
0.0
0.0
1.1850435707520635
1.1850435707520524
0.6327748040504513
1.3206907458566952
0.15946383755964233
0.0
0.0
1.389347015252984
1.3893470152529768
0.0
0.8753799385531312
0.31658155550783657
0.07436477642210033
0.030115616638222875
0.0
0.0
0.0
0.0
0.0
0.0
