1.0712420120419563
12.187910480739667
12.269654313136257
12.131229840744991
12.13122984074499
0.4736877749809396
0.0
25.89966290844795
44.07274591916079
44.04679950849362
46.61668611141756
45.05541873711437
26.5802249677482
0.0
41.63268108473935
99.98907487384167
100.0
100.0
99.99999999999999
44.965340973396785
0.0
51.23171235981459
96.51841162897975
100.00000000000001
100.0
100.0
73.45901193763696
3.069330830028173
49.248377208163674
98.17670052975579
87.17925813332864
99.99999999999997
94.35745952475162
61.81779348498767
3.409971564213731
0.0
0.16590824314438662
0.31094833857476367
0.1398502046019757
2.3131481267175737
4.6262962534351475
0.7710493684432752
0.0
0.0
0.0
0.0
0.0
0.0
0.0
0.0
12.187910480739669
12.26965431313626
12.131229840744988
12.131229840744984
23.992898429341636
0.0
44.07274591916078
44.04679950849362
46.616686111417565
45.05541873711437
63.91255586924524
0.0
66.33100908439357
63.82785440669334
89.1004643028179
98.22004467848596
98.37880933958706
0.0
66.6167709166525
62.012841812045
64.1172450565644
93.3239698037426
97.97241454094772
7.060326782688423
22.069428155381164
32.284629701401585
33.3028781453766
30.269629904907834
100.0
0.019514778261135273
3.1072889301446027
3.252329025574984
3.0812308916021944
5.254528813717791
52.95674088966834
0.0
0.0
0.0
0.0
0.0
0.0
0.0
0.00039132272230208863
0.00019566136115104431
0.0006289599287349844
0.008308146831410198
0.0
0.0
4.4860131922608755
0.0027291512860781668
0.0054583025721563335
0.0
0.23478174001847266
0.23478174001847266
0.23478174001847266
1.1573232644633116
0.05400177427664395
0.0
0.0
0.13137224014249896
0.9524491826069038
0.9524491826069035
3.043104294169858
0.0
0.0
20.43569916707763
0.4241755039572026
3.9872500694154858
3.9872500694154853
2.311246735592528
0.22523763159043184
3.032411906093496
2.2857501702491003
1.1519900753487282
1.1519900753487282
1.151990075348728
0.3839966762565315
0.6566929879114349
12.273932400406649
15.602328415445552
3.985089002950345
1.1939951867262466
0.6566929879114348
0.6566929879114348
0.12887842967729318
3.826876509526578
3.826876509526579
0.5549899576561051
0.22199598192045944
0.0
0.0
2.5039212611977355
5.295336893114594
3.424835554907316
1.8691795093909918
5.292223811514892
3.615213383544557
0.0
19.4636669942979
50.335059821170695
32.47277036024665
22.683801387321374
51.58193674665836
33.33233091671506
0.0
52.663276691896385
80.09785067539823
69.06725507402233
49.779983906790115
48.11908329038282
47.80637545612396
0.0
62.61274799459387
87.33956233789793
98.36847138512685
91.34115124854927
85.35840562747475
74.19210502696845
3.069330830028173
55.06003172229051
60.33565512720335
74.67286162910949
70.39343710092061
63.98152130213863
61.81779348498766
3.4099715642137305
1.920763564151729
0.0
0.20389015780181874
0.4195505872246676
0.1398501749830578
0.0
0.7710493684432752
0.9821633406450675
0.0
0.0
0.0
0.0
0.0
0.0
0.00043329856758394006
0.011858963215792972
0.026932089261553632
0.007536763534581586
0.0
2.49222955236651
0.0
0.03460489012740791
0.26938663014588055
4.683800657204821
1.5612666341142751
2.4922295436697786
0.08197869872605472
0.0
0.0
0.0
0.0
1.1223407198432045
0.01801373597360727
0.018013735973607267
0.3531121091084326
0.7447691976587376
0.3916570885503051
0.7822408259292359
0.0
0.0
0.0
5.844799861982295
1.9482666089301168
0.0
0.0
0.9482134342612946
1.107123799465074
1.0321079395709036
0.7466617358443971
0.7466617358443971
0.0
0.0
0.0
0.0
0.0
0.0
0.0
0.0
0.00019566136115104431
0.00019566136115104431
0.00019566136115104431
2.0713901400701946
2.071390140070194
0.0
0.0027291512860781668
0.14649304287821044
0.14649304287821047
0.0
0.23478174001847266
0.23478174001847266
0.23478174001847266
0.05400177427664395
1.932063379883578
1.9320633798835791
0.0
0.0
0.0
0.0
0.0
0.0
0.0
0.8483510086570757
3.2104905266240165
3.2104905266240165
0.0
0.22523763159043184
4.975226683147224
4.9752266831472225
0.0
10.330717143690736
0.9821633406450674
0.0
0.6566929879114349
0.6566929879114348
0.6566929879114348
0.6566929879114348
1.0597963847452292
0.6566929879114348
0.6566929879114348
0.12887842967729318
0.554989957656105
0.5549899576561051
0.554989957656105
0.2219959530175044
0.0
0.0
