0.0
0.0003743675354181625
0.0014936168011612037
0.0015882541367911948
1.5090165779395624e-08
1.0899906579082121e-05
5.819913046638792e-06
7.043669024950447e-06
6.177592183848549e-06
4.973799803465601e-06
3.133434420403758e-09
5.268085289394239e-06
6.976671367401926e-10
3.347567286284149e-06
1.8262688152179678
0.0
1.8262442543464497
3.4599018954437106
0.9132589466521648
0.6525495068578583
1.044223639650784
1.8577733490851354
1.0439282426491694
2.472716818741335
333.5766617996551
3.363838065354641e-05
47.002667498515855
1.0838663598440308
0.00013989011237787222
0.6893352176081702
0.0
0.6893350254424627
0.4354124809209213
8.794158602281552
9.221430238675746
3.725521420788868
5.9081659070553725
20.45839658848742
54.373608263320406
19.827887731933536
264.1285030389933
1.8160796420701983
0.8655618898506277
1.7283145565921543
0.00026619382354253356
0.0
5.500332742603656
5.674444506779884e-05
3.22839687246141e-05
0.02858889800362821
4.320179208591238
0.00013336768925838714
10.681746350260216
1.4660278262238612e-09
2.7065604230917493
1.904638353262896e-09
0.0001600796086448533
0.002600605707442058
0.00018297421353276076
0.18845877576601863
0.0
0.0002703898818191292
6.212301128088898e-05
5.695886630467016e-10
6.580553590709908e-05
5.3320849421299775e-05
4.2817598810777185e-09
4.733679473772782e-10
3.364997473817535e-08
9.978610220368745e-09
7.989463023338229e-05
0.0002771187806119409
0.0017032179926298435
3.93662957681244
0.0006550217604059951
0.0
0.0004596253960228203
0.00037656536727437317
0.0004223777831052453
0.0001797518769001325
5.166409639608672
0.00015041265859464233
1.9585535326710264e-09
7.442242996015334e-05
1.0751744673387104e-08
0.0055146912300902
1.7672119268440837e-08
1.0628688104772224e-09
9.8784019601104e-05
0.00083429752665877
0.0
0.0005998601783174357
9.486803912594165e-05
7.39818516152773e-05
1.2545013043883532e-09
7.870072358777001e-05
1.6857324202711086e-09
8.79640638211714e-05
1.791261451775405e-08
0.002694148495458597
1.3416812766307736e-08
0.0008861704337321656
5.58782934152734e-05
0.0004139315553894975
0.0007705403995458829
0.0
0.10794679078858702
4.378696736702874e-05
9.890524488277895e-10
0.00012148898925683847
11.053648465046894
0.00010407409310520533
0.0009236739229854721
0.00049833183876895
1.2454552503456335
1.7165082143026043
9.785944973652584e-05
0.00029812996364181007
6.241875031977895e-05
2.0093904157964956e-09
0.0
7.424453067686014e-05
6.498903648526095e-08
0.00019366513605666264
18.92502594754437
0.7157046319330566
0.0014000376495534221
4.497874273938094e-05
0.00018459435324714383
0.00037995561478703857
6.624802013418651e-05
0.0002711035027727267
0.0017609678491831604
0.0008384402270651979
6.56625368537205e-05
0.0
1.2962516924816114
2.2098081444370332e-08
4.893563947358639e-10
1.0083526331713114e-08
0.0025439307086732904
3.731803840235315e-06
0.0013759068097563016
6.475961782955006e-05
5.275413525847253e-06
9.837701909213117e-05
4.97782463729205e-06
5.468284066604206e-05
0.0005657415145307223
4.0228518693799526e-06
0.0
0.00084116687217283
0.6725988964786123
5.3418438978691135e-05
0.09852222494981008
0.0009224029914714719
0.0010150814774580093
0.0005391679271854416
5.834254649842298e-05
0.0003202447748320872
3.0293187123843387e-05
8.939083783897619e-05
0.0005023998588149149
4.481432250751934e-05
5.249270009468715e-09
0.0
11.019492914753977
0.00010449529987384189
0.0027569979738523856
0.0014010944099301335
6.451235140169549e-09
5.475750072369561e-10
2.6132684836863826e-05
4.050967561248157e-05
8.679667037832128e-05
0.00048074210619284286
1.479188971409354
2.1127089528438346e-05
8.839924111569618e-10
0.0004727769397697318
0.0
0.00025054700023652195
0.002808095946006745
0.00272608750181533
1.0750368044896194e-09
5.558543364308817e-10
4.653211910965992e-06
7.499745379191781e-06
1.838792800277467e-05
0.00040456359995319426
2.2035577113672126e-05
3.7135062185573214e-06
9.99393686038715e-10
0.00023210055053263392
0.0011324790180067025
0.0
