0.0
0.0010010741661471486
0.00185569188187146
1.1922727145810808
4.089167905586997e-09
0.7374436032535377
0.7990955509736437
1.6069797440264855
0.7995815604431963
2.2087635426749883
6.594961095427286e-08
6.555718434082623e-06
1.8047492637457385e-09
4.397979238036416e-06
2.694468719521313
0.0
3.8535548043155354
4.11949167090674
2.6945753287944405
3.354925047066709
5.543830331761967
5.470371214676231
2.6472337800379115
4.961196099412041
293.4235956486401
5.284747658020481
55.09096128143717
1.2540173043274376
1.4934919841733274
1.0107669462926758
0.0
0.9974496210837073
1.7040011761765887
3.381393247568176
1.1528013822148309
2.238534655230603
1.1524803496587173
20.59771752146505
77.44803595256276
8.042459219156605
265.0637430819587
1.4568147208892943
0.21266726500680266
1.914656861069976
1.1040671076715083e-08
0.0
4.6481948739378565
7.102288261963989e-05
4.009608175260348e-05
0.0006717729399284875
2.3586046836427492
0.00017398106140161502
23.638685088858917
4.028843362116545e-09
2.3016897605552598e-09
1.006987841905255
0.0001989049993396408
0.0026323661911290415
1.3327269507568718e-08
0.002798784486311097
0.0
0.0003376470120306375
0.0018444176284183843
1.7915827352668832e-09
8.175007034652228e-05
0.0006324476560467403
9.77493050442573
3.05506411784918e-09
4.6607891320497424e-09
2.6316878307191443e-09
9.922185735121649e-05
0.21968526479598827
0.0012704228040048816
3.2639561526950205
0.00026063565096208177
0.0
0.00022687421277983643
1.291131155260169e-07
0.0002556544611387536
0.00017711648287418693
10.446736885152
0.08388818269831907
9.227625874523507e-09
0.09193777562384922
1.649387979564843e-08
0.006490973807424633
1.1178474558085327e-08
0.2563051956017198
0.0001279753964589643
0.0006608050082918487
0.0
0.0006869294261928183
0.00013967108603242685
9.213969548256185e-05
2.0613458156647527e-09
6.145554129092437e-08
3.77635259767739e-08
0.00012268528935575554
2.5320506454432214e-08
0.003922373153423486
4.852246356133563e-09
0.0011291292151226673
7.145735940691229e-05
0.0005682453440025465
0.0009604014114028515
0.0
7.667728249043066e-05
5.4271379275779385e-05
1.174318036303007e-09
9.671282217098958e-08
10.735440277258519
0.00013968553225662502
0.0011471764620853045
0.0012651829481652357
1.3289340996330972
0.5162385107785226
0.00012285196097537522
0.0003644334982337244
7.736126196227478e-05
2.932729602252075e-09
0.0
9.23552292995405e-05
0.0007043474524327922
0.00032296808944902515
20.736768158049173
3.211194422397508e-05
0.0023905358923365042
5.5915133658461254e-05
1.4933094461711028e-08
0.0004747164972194759
8.230187807851141e-05
0.0003385218251519738
7.70244404034979e-05
0.0010950944607940347
8.15878798709219e-05
0.0
0.9317298712801023
2.794449225854871e-09
4.195452964172686e-09
2.9082414989344515e-09
0.003182424374921747
4.628814520954876e-06
0.0017092052485522598
8.038000556309001e-05
6.5365779918567075e-06
0.00012176969655126302
6.16775628284899e-06
7.42904273574852e-05
0.000660563315536016
5.003038247612946e-06
0.0
0.001046627324044624
0.6709649990106932
7.044505153702005e-05
0.0022156611704041203
0.009649465416230298
0.0012612823761996772
0.0006686454420285367
7.348116945587548e-05
0.07408153789061231
3.754968862177233e-05
0.00012449089221699188
0.0007069407772735684
5.5716392954166656e-05
1.1223920211555093e-09
0.0
10.652973679442463
0.00014005262276249846
0.002301730601649222
0.0017444604287932541
1.443092285512672e-09
2.7262860633410883e-09
3.340248957969779e-05
5.038840534343064e-05
0.7690482961235728
0.0006026837846638531
1.27456648279068
2.627356986461858e-05
9.927022284714928e-10
0.000372824697481511
0.0
0.00030053965820785666
0.0034331399289339775
0.0033860183585575163
2.405196830190433e-10
2.236088470695601e-09
5.9554691553862e-06
9.320954484308632e-06
2.280719857636091e-05
0.0005311715839685181
2.731879801961828e-05
4.618578724033017e-06
1.1288921068159456e-09
0.00034175895543424296
0.0014074080317918406
0.0
