0.0
6.532492141381261e-08
2.986333844300915e-09
3.6756453068383687e-09
3.725037792828957e-09
3.4403738520437132e-09
3.100307070529951e-09
3.4633239183544694e-09
3.4616467661865504e-09
1.1691673864047163e-09
3.1865344325779347e-09
3.9959443928925394e-09
4.11183296859328e-09
3.416926406358788e-09
6.507530225272812
0.0
3.58029131703947
7.419850390642211
3.9224095400758356
1.2159784780473024e-07
16.73714301080118
21.28383789250658
1.0300041348614528
4.781579168433327e-09
187.23371240223645
0.3242117665770907
148.12432480670074
9.541621682975407
2.3986505928669833e-09
2.39027986536368
0.0
1.95737745966193
0.032717430757770616
7.318927247030221
3.638579157160102
18.620754543720345
7.104092662809295
44.09408819378562
11.149191181763808
32.27775446834342
234.76255872397599
6.802442567016187
2.5103937678079223e-09
1.0945401702210766
2.816047086007111e-09
0.0
5.301334079025334
4.614641638659221e-08
0.9761598607717968
6.4546375225479355
0.9756374744627274
9.292693508744377e-10
60.978191145620954
0.3187590851382158
7.331799623651271
2.5877637973804496e-08
6.473231133787099e-09
0.0005337759510724385
5.92106063743756e-09
0.31770364240061016
0.0
0.00011019002198673635
1.144136570257231e-07
0.05505177319441457
1.3126441910909524e-07
1.5757879628416926e-09
0.05669078283884012
6.485818971186743e-08
0.3129951557412906
0.23346483733913292
4.774564723391275e-09
1.9880364734737026
0.10383550971472615
0.09703508202260039
0.00023186202885118175
0.0
1.0332316717541401e-07
0.043791685322800346
1.9049553512565445e-07
7.836667186880087e-10
10.507846792324186
1.6953923954272494e-07
0.037171213972465394
1.9033147341088408e-08
4.764105861790999e-09
1.9944399279840258e-08
0.0010614074137210662
1.5001447459299652e-08
1.243520161940385e-08
0.00041920623756894757
0.0
0.00020111142655132358
1.1356374553644017e-08
8.803399171265002e-10
2.6069569668402236e-09
2.9322498246725564e-09
35.45520831079802
4.2188482976063145e-08
5.3804130455902424e-09
2.3634897906234276e-07
3.252879721628345e-09
1.537866682576346e-07
2.2237755273311746e-08
4.809336758956588e-07
2.184524024331507e-07
0.0
0.38196765667751587
1.0061130557836773e-09
3.091808786536356e-09
3.4363844109168636e-09
3.052964358052156
4.964479590909397e-08
2.2119797211261856e-08
0.17862310381426189
0.7672345977307571
0.47217246186136597
0.007160342891895528
6.336840622879029e-05
0.007160216559191043
9.533514247885517e-09
0.0
8.849646689889594e-10
4.2471529083942947e-07
1.3497460462410383e-05
2.793260866296607
2.570298563716351e-08
7.479807967832222e-08
0.9322215709185135
7.415400284535363e-09
1.2923731774582918e-08
1.8587552192295913
1.416553258773487e-07
7.135737138426833e-08
0.0766529460023887
1.309354439715879e-07
0.0
19.166441034283153
6.477612676221937e-08
0.05265561455236369
3.2891420168066995e-08
0.0010054207460026257
4.704144051825926e-08
0.011112918775480284
0.0004610900434441001
1.1510923747989191e-08
3.6489850846868824e-08
1.0995316746437764e-08
2.036267708959184e-07
0.0002817375987549517
1.018394400748709e-09
0.0
0.000464879197274104
0.08434445346072302
3.91986608069861e-08
2.8231328162891165e-09
1.1968407662893018e-07
0.11855926813243725
1.9123105980856585e-07
6.986009044073536e-08
1.644686440105551e-07
0.20961178820092274
0.011080263852797003
8.794640707622958e-05
6.650561263975926e-10
78.91351294565447
0.0
1.079404909917462
4.6979607523336135e-08
0.3521398793585451
0.44099320898826544
0.19654644609791155
3.006070966811989e-09
1.4767909501923537e-08
1.267201618347277e-05
4.911712028805698
0.00012443537143587668
1.4254780463256769
0.31785618512240443
1.8624289586499313e-09
0.0001244167726302583
0.0
0.00011138389419084634
0.09358763284316401
0.08492434268108336
0.07882561604112458
0.00043934153522709197
4.295354175380682e-08
6.464990922388611e-07
0.2087882301939512
0.00012497571295385122
0.09891942942608996
0.08820006723314379
0.005915894121114557
1.1973070959435214e-06
0.0003223390588214785
0.0
