0.0
0.00024061776906621944
0.000960110005501629
2.2431334744016805e-08
2.289709604202004e-08
7.012358282919447e-06
3.7472430520663267e-06
4.534371012975061e-06
3.977732184392207e-06
0.730710639334507
4.040271847856515e-08
3.4266039432739435e-06
6.270592765410103e-10
2.153813460209926e-06
1.4291239423024131
0.0
1.4291102466217906
2.472612525803074
0.7146418479626151
4.827866172716153e-05
0.39760505189017564
1.4964589637960337
0.39752652914935804
2.7229747620344034
340.9528943109471
7.153186168285577
39.29617166684521
0.8669609062906088
8.99334943957231e-05
0.6570143618137947
0.0
0.6568145767421146
0.00039432850814892403
11.17572381600063
8.980777097191181
3.3808863073004334
8.867117465482725
19.086229732628933
51.29391672637962
9.76155978060767
274.8394540768595
1.5715786064398456
0.9112678301788367
1.8205892529987224
0.00012494347122151157
0.0
4.758997516952206
3.6494576819249307e-05
2.0781678434552755e-05
0.6470303727818547
2.1968658225662405e-05
8.577508376030449e-05
17.526221410210177
1.0024201317860193e-09
4.773433993178444e-10
1.2400112316044302e-09
0.00010315181730131327
0.0013551799890242518
0.00012404499280824262
1.2718617084666013
0.0
0.0001744637203695762
4.0005880589519354e-05
1.84147680474483e-10
4.236583565422961e-05
0.0742257011627291
5.166756360139366e-09
4.8166982831815785e-09
1.141312498778724e-09
8.326855167395006e-10
5.1473770240247905e-05
0.00017851050446058149
0.001094306550009053
3.107327752974607
0.000411662975353238
0.0
0.0002960314806994618
0.00024181155716680752
0.0002724263643957998
0.00011565579184663281
3.7003589710045963
9.68669636613871e-05
5.86849757873852e-10
4.7872125549346396e-05
5.0900632159509356e-09
0.003224603142722002
9.151984017292328e-09
0.15694548113040574
6.375796272724689e-05
0.0005018661799637237
0.0
0.00035800132142779545
6.129203113148965e-05
4.765973772129447e-05
8.554921556700299e-10
5.063459253911382e-05
6.491656315753177e-10
5.660527368053095e-05
1.187758300916321e-08
0.0017275617875945292
5.6229292324135495e-09
0.0005692404184307563
3.607113984409199e-05
0.00027223530347238303
0.0004955266487696455
0.0
0.06162288089473693
2.821688729320069e-05
3.299791355572446e-10
7.815424222116927e-05
10.517663785710528
6.693771571416408e-05
0.0005935045657149196
0.000320233040557169
0.5673209091625477
1.381872362014222
6.306755095252252e-05
0.00019210276523519147
4.018752641850402e-05
0.048873359354676224
0.0
4.783047464568255e-05
2.8824769482474795e-08
0.0001245992285985869
19.38184515307612
1.0178749538679124
0.001189051689142511
2.8962045425622334e-05
0.00012454495815631444
0.00024453886629592517
4.265325351723823e-05
0.00017496887835498812
3.990012841758197e-05
0.0005372733824006216
4.227412195633811e-05
0.0
1.7946547896777303e-09
1.1128705999382542
1.122755915861105e-09
8.823995676903614e-10
0.0016339998572778287
2.4020391348812204e-06
0.000883947710022577
4.1613227054384384e-05
3.395997673755583e-06
6.332278563819514e-05
3.2024391395730663e-06
3.5794720714868214e-05
0.0003649946389679261
2.592779858195702e-06
0.0
0.0005409930273171591
0.6525450629925746
3.435058670570315e-05
0.08822790599511743
0.000590401801439832
0.0006526252872285244
0.0003464002256347884
3.7614684273496626e-05
0.00021005794916457128
1.950640099388677e-05
5.876208473970066e-05
0.0003228376701168172
2.8884994472402718e-05
3.1592827087041332e-09
0.0
10.450755830967827
6.720525611468226e-05
0.0017679959941278352
0.0009002707551852573
2.7413992575636967e-09
2.8936572189672077e-10
1.6867537262909135e-05
2.610296051141279e-05
5.585789326666389e-05
0.00031458035293934253
1.9433020074098324
1.3617943192707454e-05
3.0439215349680025e-10
0.00030450846791241595
0.0
0.0001612835574628264
0.0018031135205534368
0.0017511959185569073
4.567439757058612e-10
3.448462175293471e-10
3.003879437312402e-06
4.82931440371678e-06
1.181450434111755e-05
0.0002638290643213219
1.4158112724464141e-05
2.393811117785283e-06
3.392678754745895e-10
0.00014916097134066634
0.0007283720995193293
0.0
