0.0
11.466462962983694
11.466462962983691
11.466505189876756
11.466505189876752
23.9996900140947
0.0
46.24338055307585
46.24338055307588
45.846725709893946
45.94142031322884
63.657960288830125
0.0
96.10827840429786
99.99999999999997
100.0
100.0
100.00000000000001
0.0
78.60133249719506
78.14723882841055
84.36125851214288
100.0
99.99999999999997
0.0
60.28159992175762
62.38792475168226
60.39617279432654
68.85009005150977
100.00000000000004
0.0
0.3821461812930498
0.44288911659284663
0.29160438831951685
3.192008431805616
22.94144122378229
0.0
0.0
0.0
0.0
0.0
0.0
0.0
0.0
0.0
0.0
0.0
0.0
0.0
0.0
0.0
0.7490104522591272
0.0
0.0
0.528637334878156
0.0
0.0
0.0
0.547940173340391
0.18264671594078793
0.5941900391403003
0.5583811292606936
0.0
0.33413740704358313
7.237176596312168
2.564224234838194
0.854741405771655
0.0
0.12722143604256533
0.12722143604256533
0.12722143604256533
0.12722143604256533
0.12722143604256533
0.0
0.0
0.0315547901064253
0.06508144072274587
0.0
0.0
0.0
0.0
0.0
0.0
0.0
0.0
0.0
0.2666568877814064
12.799778371659759
12.799778371659754
12.79983467418384
12.799834674183838
0.2666498499658956
0.0
24.05751600179628
41.96655273405357
41.96655273405366
41.602861690638605
41.68571946855664
23.96917949295535
0.094694603334901
47.30122739501553
67.33213976682991
63.44041817112804
65.6935250978382
72.54244213447411
36.891045977975075
0.3950311411414755
49.50103766194488
80.77153243313263
81.4302284901095
68.39810896641626
74.35124236709632
40.186240628506624
0.0
49.34774721568807
64.08271990787908
66.15586460555497
69.35444888420224
59.64028980328668
58.884498355893015
1.2858092145853286
3.8256207318542494
4.068216323259099
4.353143981630652
4.342337929611123
4.549509647002993
3.172657477270618
0.5640279912595045
0.0
0.0
0.0
0.0
0.0
0.0
0.0
0.0
0.0
0.0
0.0
0.0
0.0
0.0
0.0
0.0
0.0
0.8560119454390024
0.0
0.0
0.5286373416089961
0.0
0.0
0.0
0.0
0.0
0.0
1.745344651475485
0.0
2.1366255850831513
13.046749034575834
0.3818713223355235
0.7160087293791072
0.7160087293791072
0.7160087293791072
0.0
0.0
0.0
0.0
0.16025047182952967
0.16025047182953
0.0
0.0
0.0
4.070941636880754
4.070941636880756
0.880691670499726
0.32189327555262087
0.08498830628759653
0.0718042823928477
2.2887621476569566
2.2887621476569504
0.0
0.0
0.0
0.0
3.73319642893969
3.73319642893969
3.73319642893969
3.733097899522538
3.733097899522538
3.733097899522538
0.0
36.086274002694324
36.08627400269441
36.08627400269441
35.687440667553595
35.687440667553595
35.687440667553595
0.08285777791803837
47.42174095427868
68.08491809127814
53.0756592576916
42.55408478170092
39.713132269461894
48.64723061569243
0.345652248498791
65.30347395177365
75.95270899078704
67.17236868756214
64.62860417527385
60.35489710232941
59.965225808749416
0.0
58.619093305125475
65.33129131144844
60.335089907934325
57.672510776977184
56.309926722786024
51.52393606140639
1.1250830627621626
1.151154606910461
0.0
0.06508144072274609
0.0315547901064253
0.0315547901064253
0.0
0.49352449235206647
0.0
0.0
0.0
0.0
0.0
0.0
0.0
0.0
0.0
0.0
0.0
0.0
0.0
0.0
0.0
0.0
0.0
0.0
4.029514117423978
4.029514117423981
0.0
0.0
0.0
0.0
0.1017925511195495
1.9340590616810929
1.9340590616810929
0.0
0.0
0.0
0.0
0.0
3.96446758496443
3.96446758496443
0.0
0.0
0.0
0.0
0.014567847938630462
1.147643201668781
0.37446361471412604
0.0
0.0
3.979044593391154
3.97904459339116
0.0
0.8753799335268576
0.31658154385090137
0.07436476800164696
0.06282874709374173
0.0
0.0
0.0
0.0
0.0
0.0
