0.0
5.711453614450654e-08
3.8736063076080903e-08
2.587507537284223
3.400953386421746e-08
3.4834059255325226e-08
3.607173906687858e-08
3.3064720550480296e-08
3.544847467348934e-08
3.9347217127630545
10.410033685214342
4.0044422249444585e-08
3.54908146264961e-08
2.4607560814217015e-08
7.940412429420253
0.0
5.449529321252646
12.927399120823758
5.246300547954224
3.930452127636572
11.561755332628088
15.082696134409442
5.36964331538287
9.384265831913884e-09
178.91526223764583
6.891542722677738
136.3136623925063
7.250751461130827
1.2383400153309245
4.158242162864451
0.0
2.0666381609675457
1.2709108371080338
13.452768669624199
11.443148057373437
13.430072863320872
10.608752998410472
55.24299447121611
11.341038002307133
15.634914959564712
201.2905494640545
3.414039080802625
1.3316456340776603e-08
0.4906546220500794
1.2715643322941057e-08
0.0
2.600455343011241
8.852939178378304e-07
0.8610919456623446
6.513373382235004
0.8608283296782662
5.238970805458565e-09
81.64196765415478
0.2728395739448646
7.676114471374052
6.436324972590449e-08
2.2280804803762557e-08
0.0022451639866670993
2.7441181870111126e-08
0.4221858113959309
0.0
0.00029033830204192783
8.318259421721799e-07
0.05490400141398476
2.401392701003914e-06
5.1408427077492156e-09
5.1929049569634325
5.211133170778433e-07
0.04100931174141424
1.1238196004805151e-07
1.9547957434492446e-08
5.989369292169311
1.4464328588961894
0.09031464307379318
0.0010684080360148591
0.0
8.678194993410422e-07
0.04096045478172195
3.602695317449429e-06
3.838033906305548e-09
22.28518040816555
1.4727759521478167e-06
0.03420933968822352
1.521325106791586e-07
1.7661414820543912e-08
0.6349849033250997
2.147731598382323e-08
9.40962317612795e-08
7.558691389362543e-08
3.451560377931976e-05
0.0
2.5806387415572278e-08
1.904439933703208e-08
3.806372537308052e-09
0.786664128170939
2.3754861839758256e-08
34.71983222384444
1.984911062073816e-07
1.999315045398919e-08
0.01669268067929855
2.3207883456846338e-08
1.042743999863515e-06
1.3986461121623788e-07
1.95664085901925e-06
2.35068358420213e-06
0.0
0.3831204104522775
4.279657336905337e-09
0.8671116402133611
3.037425838635596e-08
1.4636511194961361
2.641029968692918e-07
1.990536873800295e-08
0.6478722880650273
1.149329940492599
0.007847467776883981
0.007382896028948632
0.00017843189582158293
0.007381768348341432
5.5322277117733897e-08
0.0
3.9509422678573445e-09
3.588358812679955
1.9762684554188015e-06
7.204720934676563e-08
1.691929005548036e-07
0.08682091354091447
0.7221024502534402
2.6887962879185183e-08
2.716816714961095e-08
0.43410651249358023
1.2975824211011382e-06
5.903290311616964e-07
0.0765565757463891
2.3854299137045904e-06
0.0
12.960254663135771
5.21081707086279e-07
0.05177173851443827
1.1140396370837202e-07
0.002684614482392866
7.347669744336637e-07
0.003044572806643651
9.883911357633149e-08
6.092704877387421e-08
3.295821513902365e-07
5.179105410008904e-08
1.1706770279589905e-07
0.000916824860979739
4.469341565834423e-09
0.0
0.001946222541526613
0.13669459306170625
1.9875910033539623e-07
1.310895640757969e-07
9.255923248140734e-07
0.11973747634849216
1.7499454023817848e-06
7.589455096082772e-07
2.4586319417326066e-06
0.22712491103160393
0.009563947825490707
0.0002326608732831108
3.6038742404566626e-09
57.27286198993097
0.0
1.0524562770262906
2.4337920687294086e-07
0.49023176973840654
0.2636604390242525
2.9194740272498944e-08
0.0006155954675846167
0.13268294616472634
0.8752409647812942
3.1854376641988953
0.00031941522650840364
1.772979485094187
4.676612312615221e-09
8.353197649473074e-07
0.00032025471866774474
0.0
0.0015085008379451073
0.0850665809275325
0.15750515264783777
2.9647925282200816e-08
0.00041839194601490904
0.061803647952580115
0.08365819319972516
0.19004794813581188
1.3666945187450644e-05
0.08522565408409115
5.35188959645398e-09
1.6809024585885586
1.3810642007602276e-05
9.411537891967004e-06
0.0
