1.0712363841104084
12.187875805452352
12.269113071888514
12.124395252700314
12.124395252700303
0.4852578853002374
0.0
25.89928778956692
44.069395692656094
44.043239206105106
46.652273873773424
45.06961329976253
26.587370725967528
0.0
41.187536937294
99.99999999999999
98.83454493239769
100.00000000000001
100.00000000000001
45.00577360113136
0.0
53.7273467595697
99.70641218654386
100.0
99.29968149140821
100.0
57.16176252127558
2.3347539144108094
48.01823843377992
84.57646579304559
84.00635565620156
99.99999999999997
92.90218863338168
66.09592817552792
3.2235096400933725
0.0
1.9197571484679
1.998595619960915
1.6008215863072628
3.6467549554558962
4.626295724994199
0.7710492239216703
0.0
0.0
0.0
0.0
0.0
0.0
0.0
0.0
12.187875805452354
12.269113071888514
12.12439525270031
12.12439525270029
23.991976500674184
0.0
44.069395692656116
44.0432392061051
46.65227387377342
45.06961329976253
63.91296002546845
4.913903933145604
68.35103647821543
75.16076980114896
92.50904702839911
100.00000000000003
99.1475388822898
0.0
68.9733216441752
70.03196686766712
62.51171826944641
81.28216940708927
99.99999999999999
4.615204628625877
36.73564232033629
36.165532183492274
22.996672082894598
26.80626045785376
100.00000000000003
0.22585320596998731
1.9197571484678995
1.9985956199609154
1.600821586307263
3.6467549554558962
46.75210557557727
0.0
0.0
0.0
0.0
0.0
0.0
0.0
0.0
0.0
0.0
0.007279580363036088
0.0
0.0
2.645749129775867
0.041884642333758396
0.041884642333758396
0.043937468399909044
0.36133163260045176
0.40321627493421003
0.4032162749342101
4.511833934848253
0.05402030145556051
0.0
0.0
0.0
0.0
0.0008841149423330461
3.9999999732613425
0.0
0.0
2.762523769042718
1.2582108599666033
3.335398097237552
3.335398097237552
1.6076569705408534
0.11055730883290622
1.4923927763168698
1.291478896687463
0.5126228635357137
0.6161313696380017
0.6161313696380017
0.07143438730812715
0.4201103064326418
10.666197641220249
10.666197641220247
3.4239724985702122
1.4770076908762226
0.5370935683493514
0.13427335590917866
0.12887844458523323
3.8268765454374223
3.8268765454374254
0.5549898776580451
0.2219959475198984
0.0
0.0
2.5039247229528456
5.295259834999958
3.423755213578035
1.8689965081761173
5.255592440169787
3.6024122687174103
0.0
19.463701071419894
50.321617348559734
32.34621891163296
22.74798171389825
51.60265141735009
33.32558934226381
0.0
52.48243687425611
77.95096586420533
68.30553549975383
62.854591981483544
48.42287133818231
47.403117300242386
0.0
63.451617654296044
77.68204284531282
68.31845092564602
75.69972460346244
63.57063996646006
57.161762521275584
2.3347539144108094
55.8929056421523
64.84855879334792
75.31640046542626
77.17865922628002
72.36890071505803
66.09592817552792
3.2235096400933725
1.987300843130113
0.0
0.08417231079560705
0.7446658138361997
0.21023686443798556
0.0
0.7710492239216702
0.5444404283192316
0.0
0.0
0.0
0.0
0.0
0.0
0.001685177487943914
0.010848988899278728
0.029020531111172206
0.010901926692827248
0.003631765483900439
1.4698606286182048
0.007610709049883504
0.02614559759588537
0.36781384753603047
4.747981709934173
1.5826605512536456
2.4947141495498673
0.08159944354097512
0.0
0.011053474122081151
1.6605230374508584
0.5532666100003198
2.1194833973501797
0.10775910399928214
10.947926403983564
1.0632165422216215
13.48795969757337
3.523191964986217
1.4469493562872837
0.0
0.0
0.0
0.0
0.0
0.0
0.0
0.31047164070109823
0.39108905756215145
0.422701446905803
0.31314368583411034
0.40182775925881153
0.0
0.0
0.0
0.0
0.0
0.0
0.0
0.0
0.0
0.0
0.0
2.0770638582658663
2.077063858265867
0.0
0.041884642333758396
0.18587618470316059
0.18587618470316045
0.04188464233375839
0.0
0.0
0.0
0.05402030145556051
1.9323828688335922
1.9323828688335913
0.0
2.7890533521092014
2.7890533521092014
0.0
0.0
0.0
0.0
0.3899886358935679
3.0505173853517347
3.0505173853517347
1.0632165422216218
0.11055730883290622
2.387129188718344
2.3871291887183452
0.7135367431651195
4.070764200306648
0.5444404283192315
0.0
0.42011030643264174
3.617551972332821
3.6175519723328207
3.4239724985702122
1.477007635309307
0.5370935793303322
0.13427335590917863
0.1288784445852332
0.554989877658045
0.5549898776580451
0.554989877658045
0.2219958669242131
0.0
0.0
