0.0
1.2259382617554755e-07
3.1338474855925825e-08
5.8422792552006534e-08
5.407198478384981e-08
5.301636024241757e-08
5.3315347069680126e-08
5.2978420238422345e-08
5.3831764045698095e-08
12.76427783389433
9.29323530722969
5.679811476343661e-08
5.894840607299039e-08
5.461060015503395e-08
8.555439776953417
0.0
4.76930836983299
8.7128202520893
5.6018179522170595
6.014395455457095
13.479068685969807
23.657848308918958
7.433793775915147
2.8056841928624676e-08
187.87069453860443
20.478961607925655
104.2539161358734
5.054942822489189
3.8020287168119795e-08
4.202801384864126
0.0
2.535081506461867
0.03284547721512981
7.9180185312927795
10.471057776189657
8.422349228031354
7.681642639520319
54.66722529029141
11.568794944533153
12.023966552853333
221.30715303179568
3.3431811666799014
3.0586667583725156e-08
0.9192992026844217
2.811469909483259e-08
0.0
2.48880829198672
1.948479187183904e-06
0.8247977083200887
6.483314993912753
0.824591991245616
1.08643087111444e-08
84.94027559319102
0.2658112650087957
7.520575214774882
3.838689359706662e-07
7.374610785889516e-08
0.0010096190771525285
4.4725582638502064e-08
0.2733427076719742
0.0
0.0002561925858623057
1.95272515739301e-06
0.054791731307155894
2.0014683746058548e-06
1.2244395188932681e-08
8.640776739378813
1.0697809197830077e-06
0.34909531896712237
5.327995745882325e-07
5.9231683111469945e-08
2.8538499462497415
0.025575397311590774
0.09817794743949107
0.0004961845584736238
0.0
1.618682878084562e-06
0.044061859257898454
2.9018508750474947e-06
8.055949219414734e-09
16.167406039885435
2.725787764226176e-06
0.03760483287090291
3.153738066884177e-07
4.7519699660462365e-08
0.4868831140290734
0.37266612069910765
1.8868067111498988e-07
1.572456306029729e-07
0.0006637522888496116
0.0
5.459612239626018e-08
0.0015840387559185687
7.696878549307363e-09
5.089670124622055e-08
5.130308316099856e-08
35.45511566989842
6.503011040126434e-07
6.945035913878828e-08
0.05203192316774497
3.5693346727001495e-08
2.4614641023015387e-06
3.564765608295053e-07
0.0001361066340349454
2.05384084348615e-05
0.0
0.0047374499276379
9.575038532114148e-09
6.197877557633238e-08
6.157874009996422e-08
1.6107309018948581
7.479529410290699e-07
8.856156016491193e-08
0.9507384757342344
1.9208813190235978
0.008222413425360425
0.0070309554833243955
0.00016567797955185337
0.007029018015126112
8.829823496990147e-08
0.0
7.950860063867053e-09
1.934164144953016
0.00019488277451778602
3.1493733791093326
0.4353536896238261
0.04822231642888579
1.2540646040588959
4.612450536957551e-08
2.7962187320569166e-07
1.9348628314192777
2.502878992124259e-06
1.1134090295597328e-06
0.07619391419394331
1.9961382102413796e-06
0.0
12.551082498898376
1.0715589195570893e-06
0.052957839640042054
5.020625080446115e-07
0.002404507572602693
2.5025145448604694e-06
0.026288430113535804
0.0004561419573668163
1.8530072098668381e-07
3.8474355226869527e-07
1.7640946401505732e-07
2.420392391058954e-05
0.0008102600815923455
1.2373157187940304e-08
0.0
0.0011661947630425779
0.09031035606932936
5.321848675509548e-07
9.76993310050247e-08
3.417142610005455e-06
0.41594893014593237
2.5185699641567432e-06
9.245396745948239e-07
2.5966330808730686e-06
0.09574543741121605
0.010930747191193437
4.308027922547326e-06
8.509220292884982e-09
47.33234104878861
0.0
0.7217729586397235
7.012133928327262e-07
3.033331801441223e-08
0.0005767723888458217
3.2469231156352735e-08
1.6049858442432575e-08
1.9940341419631396e-07
8.90899698819481e-05
3.5627312569382266
0.0002937247621109166
1.4990049603915538
8.679280078914841e-09
3.765289056480306e-08
0.00029877336000412146
0.0
0.0002558499358632577
2.925837665494739e-08
0.0003640933163336891
1.846576460563188e-08
0.00039164826275219904
5.4770175988959624e-08
1.027620626449771e-05
0.27206083223093025
1.2107915350758352e-05
0.09367992922309143
9.43693131954502e-09
0.0060030500567422995
2.617269025283277e-05
0.00043917893809228704
0.0
