0.0
0.0011262270663124734
0.0020834964680851767
7.716448985775138e-08
2.5489993599370697e-08
1.5168444983302856e-05
8.109298012503941e-06
9.610184989993246e-06
8.602373700297705e-06
7.164307589035538e-06
1.45787826982043e-07
7.324838027585999e-06
3.578598528374376e-09
5.206588371820433e-06
2.277852684492512
0.0
2.2778237744122696
4.056147477629804
1.8186313405370456
0.17595021658753024
0.6705060183705797
1.4046526887582045
0.6722883101526455
3.0608328923100734
336.24404207550043
7.462000787313126
44.555295285777724
2.3323177693293546
0.00019313803492656067
6.468991465661465
0.0
0.7767893629716677
3.1574457487511225e-05
9.13903930811316
7.693134058500356
4.242854855693822
7.691355749104724
15.920266903648521
46.57340165354394
8.55819678682139
281.5521776581222
5.334260321290668e-06
0.5910556975791164
1.177898589164084
0.0002704834126941467
0.0
3.104214321762202
7.917472924691346e-05
4.494713390087197e-05
0.0007067241028390099
4.749884677346955e-05
0.00019441991490238083
18.002004124690323
1.0552466795815714e-08
1.8929024743301354e-09
2.8316077407548796e-08
0.0002236222637377801
0.003430621807563923
0.0002680227878961597
0.09164377348982726
0.0
0.0003776373896783764
8.655229462072907e-05
1.634938940363115e-08
9.169408099350061e-05
0.003471885363599875
1.4244721059551449e-08
1.1169188483432027e-08
7.53986220724753e-09
6.656379163264921e-09
0.00011159296538305815
0.07611510782597847
0.0014270740694364667
1.742379463239328
0.0002920419081802132
0.0
0.00025415044549972215
0.042157681826387045
0.00028650598366886657
0.00019873816184211188
7.302677598547961
0.4882173598125028
2.6526332429289615e-09
0.19999198913147542
1.977802553919641e-08
0.003726416179530519
5.55935792299426e-08
0.08289236278116022
0.00014401919659109172
0.0008701968516501727
0.0
0.000452141687180119
0.00015735331295394005
0.00010332079555049257
5.536711340462645e-09
1.6704986906973226e-08
4.367391592881221e-09
0.00014739860026437342
4.876776141976286e-08
0.004305002624367052
2.5459410326203424e-08
0.0012648204816843815
8.037212933064572e-05
0.0006677586920491612
0.0011846115536166364
0.0
8.629016792425716e-05
6.085857724113573e-05
5.729959556313869e-08
2.3183559011559164e-08
7.792943277903188
0.00016744773912939054
0.0007192606637969033
0.0012586198882973915
0.48412854364868746
0.8197273928670469
0.0001382974325835783
0.0005038268871313746
8.702279939065661e-05
4.57337302676115e-09
0.0
0.00010357260606725985
0.8203223538022839
0.00027043647307066135
24.378986091794047
3.7854537971401544e-05
0.0019476565279216696
0.06395079502468848
0.0002700316411761196
0.0005306391484731663
0.12791142468618438
0.00037868415101515395
8.63799981883897e-05
0.001166519880399509
9.15007269194276e-05
0.0
8.92439238227296e-09
1.0591893665128094e-08
7.807968595468156e-09
7.367234148949974e-09
0.0036089313015812623
5.207226601259642e-06
0.0019184486680709615
9.005160876511469e-05
7.355623651457878e-06
0.00014168936086810947
6.938721596108549e-06
1.948653878463778e-07
0.0007529151591008217
5.615562586019844e-06
0.0
0.0011757810819573973
0.48705891452521355
8.569691482477075e-05
0.00255235833070725
0.001293005401714697
0.0014161739884046556
0.00074874477237243
8.270855435313829e-05
0.00046931295264991885
4.223862870671279e-05
2.27125463775329e-07
0.0007897397732361357
6.250581506094608e-05
0.501119333698952
0.0
7.273413520826924
0.00016813945989178103
0.0041704249199004595
0.0019617138733207693
1.197729891427304e-08
3.3024297551905663e-09
3.756151029199219e-05
5.654137821096421e-05
0.00012117767569932181
0.0004561213321081109
1.8117638796770263
2.94661283915474e-05
3.175951332452154e-09
0.00041859804200563465
0.0
0.0003263817982536746
0.0020514117804238874
0.005861145219801364
1.9922382127875757e-09
2.7988250771840455e-09
6.709485100098383e-06
1.0452607062946294e-05
2.5596515321384594e-05
0.00044083821850344064
3.06607662690129e-05
5.180240014491012e-06
3.6089332334157414e-09
0.00014999663485861986
0.0015851077543955808
0.0
