0.0
11.466444230505425
11.466444230505424
11.466490343983859
11.466490343983855
23.99966151614715
0.0
46.22349059118175
46.223490591181935
45.898526921206326
45.97610647895368
63.7197802545862
0.0
97.33016160890816
100.00000000000003
100.00000000000007
99.91777334747323
100.00000000000007
0.0
86.54449096416045
86.36237624160755
84.0007180858512
99.99999999999996
100.00000000000001
0.4525093516789383
63.60846368180189
63.80107045210641
60.892725102510084
71.62105806006086
99.99999999999997
0.0
0.2369278312990414
0.28230751672201804
0.23592613153725048
3.0590861048388613
24.472601676267168
0.0
0.0
0.0
0.0
0.0
0.0
0.0
0.0
0.0
0.0
0.0
0.0
0.0
0.0
0.0
0.6136350230197868
0.0
0.0
0.8161716792700956
0.0
0.0
0.0
0.3564543845959339
0.3564543845959339
0.8161716744693154
0.7263378617056558
0.0
0.26542031051696596
6.66528408114053
2.4304350756948296
0.8101450185348779
0.0
0.02124602089567345
0.05209426912279191
0.02124602089567345
0.02124602089567345
0.02124602089567345
0.0
0.0
0.023574139308294755
0.048620833166372016
0.0
0.0
0.0
0.0
0.0
0.0
0.0
0.0
0.0
0.26665598869492313
12.799757990640572
12.799757990640572
12.799819475278483
12.79981947527848
0.2666483031151845
0.0
24.047120630516247
41.948499306691374
41.948499306691446
41.65054157090057
41.71842368392951
23.974749908296943
0.07757955774734085
46.07124535867619
64.97992613575897
64.03537544783234
67.07843812928704
74.68319705049673
32.984465350254695
0.33182402302814834
52.46515200836789
75.11745639163648
76.33212203936786
71.27698311167427
73.0906901897981
40.93976686659489
0.0
51.88708240730727
63.29011874168523
63.52701503874702
67.28639034315142
55.71165275516799
59.002712676110264
1.3252139863851247
4.353081085635423
4.44008594659998
4.443327352701617
4.440014396616998
4.641668680424254
3.0734353486334904
0.5463885007329107
0.0
0.0
0.0
0.0
0.0
0.0
0.0
0.0
0.0
0.0
0.0
0.0
0.0
0.0
0.0
0.0
0.0
0.7012971691654706
1.7252877031649745
0.0
4.90502765616122
0.0
0.0
0.0
0.0
0.0
0.0
0.5378216353143781
0.0
1.4582110660996406
17.755073765692117
0.3033374977336754
0.568757808250641
0.568757808250641
0.568757808250641
0.0
0.2631506209621704
0.0
0.0
0.056368187902783175
0.056368187902783175
0.0
0.0
0.35495683576697434
4.425898468358471
4.070941632591496
0.8806916617239633
0.3218932592490746
0.08498829898439808
0.06955865871984541
2.2171830879962964
2.217183087996286
0.0
0.0
0.0
0.0
3.733183841728926
3.733183841728926
3.733183841728926
3.7330762436125817
3.733076243612583
3.733076243612583
0.0
36.070680945774384
36.07068094577436
36.07068094577436
35.743932356281064
35.74393235628105
35.74393235628105
0.06788211302892326
51.950177298789676
66.0078988203188
54.76093246792946
45.549392780117856
41.374289149710734
52.99569516734364
0.2903460201496298
66.07072320214544
74.09066292611341
68.41023010513982
65.66874191005469
61.10140190328239
61.40965024275691
0.0
59.02712600972165
58.96992430937184
58.96992430937184
56.95134846532858
56.10355576604725
51.62737359159648
1.159562238086984
0.0
0.0
0.04862083316637193
0.02357413930829473
0.02357413930829473
0.0
0.47808993814129674
0.0
0.0
0.0
0.0
0.0
0.0
0.0
0.0
0.0
0.0
0.0
0.0
0.0
0.0
0.0
0.0
0.0
0.0
3.3012232365857908
3.3012232365857916
0.0
0.0
0.0
0.0
0.10296937737404896
1.955774556342852
1.9557745563428552
0.0
0.0
0.0
0.0
0.0
3.8855657088519324
1.6138827703885905
0.0
0.0
0.0
0.0
0.005119817747922677
1.198394137462397
0.4127287935099489
0.0
0.0
3.9222385701937053
3.922238570193726
0.0
0.8753799332806224
0.31658153681160545
0.07436476161134832
0.06086382637986474
0.0
0.0
0.0
0.0
0.0
0.0
