1.0709039777365248
12.185856146037157
12.238161191731496
12.115054359899727
12.115054359899744
0.47472998401344113
0.0
25.898975574536674
44.066604976156576
44.24941008979559
45.629134614005196
44.661518436515884
26.38168824916491
0.0
44.75202456136743
79.33329501289543
79.20943027841996
99.99999999999996
99.99999999999999
45.881266447115614
0.0
54.48850648710841
100.0
99.99999999999999
99.99999999999997
99.42037241346794
56.34301654709541
2.433043656339871
53.760640469651364
92.78805170434858
92.78742030625634
100.00000000000007
95.55017348148449
60.16068185853424
2.7754942881783933
0.0
1.758656316674776
1.8653864868221317
1.5351937827474558
3.6248790585891397
4.626295905627414
0.771049277176854
0.0
0.0
0.0
0.0
0.0
0.0
0.0
0.0
12.185856146037159
12.238161191731496
12.115054359899723
12.115054359899737
23.989912027914233
0.0
44.06660497615661
44.249410089795596
45.6291346140052
44.661518436515884
63.90135209992599
0.0
79.33329501289546
79.20943027841994
67.9287717045926
67.9287717045926
100.0
0.0
61.8176817844511
61.73078000087106
54.22586016284815
99.99999999999997
86.31675326531006
0.0
38.0866280624783
38.08599666438609
24.54903923188916
31.253204771191633
100.00000000000006
0.2044247956535885
1.758656316674776
1.8653864868221317
1.5351937827474558
3.6248790585891393
59.93549075374548
0.0
0.0
0.0
0.0
0.0
0.0
0.0
0.0
0.0
0.23546637776335205
1.0595992142241442
0.0
0.0
0.42188612554540306
0.010086540334183164
0.10767693957969258
0.10767693957969258
0.6443974139923794
1.2583968049725494
1.2583968049725491
1.7643890086829943
0.05374013855851014
0.0
0.0
0.4347522603010689
0.9106166697513611
0.9106166697513614
1.5622269349780096
0.0
2.11243684661227
0.6304214262722619
0.6508494373173046
1.0203233703141743
1.0203233703141739
1.7046169784660754
0.05882806382978085
0.0
0.002875709718845843
0.4406888502224491
1.0704029903621695
1.0704029903621697
0.8813777004448983
0.42512400516178706
11.904442169466986
12.778550560695447
3.518546259111982
1.2852280157695763
0.42948118753668946
0.088790484930954
0.12887844457780911
3.8268765282933015
3.826876528293298
0.5549898938318966
0.22199595896293878
0.0
0.0
2.504122312061366
5.290822178990377
3.3619362961599153
1.8636463093818982
5.21210903058704
3.6107196813085904
0.0
19.463729451826712
49.37187651671471
32.36150680369201
21.086814592029093
51.00756426387776
33.519663917896125
0.0
33.74981590972533
82.80816630266816
50.758227669063494
48.0746471873806
50.87474460627368
49.32710151966355
0.0
63.391398332915244
76.43982705199959
79.46617564533142
81.82684236865877
76.50354954101276
56.474462336890966
2.458351127936897
57.139073465512155
62.1079411376449
59.98982377726769
98.17576964559467
76.46016613061317
60.12390050007844
2.7501868165813663
0.5436713467085276
0.0
0.09211927309604864
0.6603854081493528
0.21346034029471186
0.0
0.771049277176854
1.0473811760744707
0.0
0.0
0.0
0.0
0.0
0.0
0.0020979405860478174
0.00350016759872646
0.15378042834931693
0.0
0.0
0.24772914378059757
0.00956777225769239
0.23546637776335205
1.1756601241226141
2.9024010573866774
0.9671687671980862
0.9670492533247964
0.09248199601550738
0.0
0.0
0.0
0.0
1.0185557854206944
0.22963637199866974
0.0
0.0
1.2990969655431248
0.6122795840153787
0.0009397338390743034
0.003242601720338958
7.075006111113446
0.4406888502224491
6.335781311471885
2.3759178111695167
0.7919725183926403
0.0032158843496538736
0.05965203670635623
0.5375590488513994
0.6296783219474477
0.25237739577674784
0.09211927309604859
0.0
0.0
0.0
0.0
0.0
0.0
0.0
0.0
0.0
0.0
0.0
3.0846272351887642
2.025028020964619
0.0
0.010086540334183164
0.23550664690390682
0.23550664690390688
0.10767693957969258
6.788502229979532
6.788502229979532
0.0
0.05374013855851014
1.9227030306640212
1.9227030306640214
0.0
4.321071772474705
4.321071772474708
0.0
0.0
0.0
0.0
0.04085603180106697
0.5436713467085276
0.5436713467085276
0.0
0.05882806382978085
2.000153855720299
2.0001538557202996
0.0
5.2222162720832745
1.0473811760744707
0.0
0.42512400516178706
2.644437867883535
2.6444378678835343
2.6444378678835343
1.3691945567851227
0.5134478356294674
0.08557460058130015
0.12887844457780911
0.5549898938318966
0.5549898938318967
0.5549898938318966
0.22199586417945957
0.0
0.0
