1.0712434035749585
12.187918290047566
12.269761841566348
12.132368800526143
12.132368800526136
0.44694056694072504
0.0
25.898678019845338
44.06394172266875
44.14689184475543
46.07797313351991
44.840585934906
26.479140777762083
0.0
42.38065252040198
91.35093063950913
98.94796734693352
100.0
100.0
45.20505648355101
0.3848314834509266
50.26588447703372
96.65644032211802
100.00000000000003
100.00000000000001
97.93210659445734
65.71842718038297
5.262689469958151
54.307451254746795
91.2013562414666
91.57996030690887
100.00000000000001
99.00333670780745
76.78797637446377
6.217259380676557
0.11953685693503778
1.9817640441699502
1.9817640441699498
1.5576694694982938
3.632371233030868
4.626296200711149
0.7710493540799225
0.0
0.0
0.0
0.0
0.0
0.0
0.0
0.0
12.187918290047563
12.269761841566348
12.132368800526143
12.132368800526132
23.9909897295925
0.0
44.06394172266876
44.14689184475543
46.077973133519905
44.840585934906
63.90603266489825
0.0
67.0044457600667
57.14412865067885
78.90043770716558
81.07448087002732
99.51334577694902
0.0
67.02375655685861
63.020126883648274
57.34978741579769
99.10624285044076
98.97987532933321
0.0
36.892992310206296
37.271596375648485
16.15997241242636
61.786437956009706
86.83267140037492
0.11953654637734668
1.9817640441699502
1.98176404416995
1.557669469498294
3.6323712330308684
88.68158741858824
0.0
0.0
0.0
0.0
0.0
0.0
0.0
0.00043512572313694515
0.00021756286156847257
0.0006899040826721108
0.009027214664139822
0.0
0.0
4.073904716645603
0.0040966891246942295
0.0
0.15449725537289685
1.0682391368323696
5.2069507521138805
5.20695075211388
1.5758018185903886
0.053849450619005174
0.0
0.0
0.0
0.42622127664869275
0.42622127664869275
10.023257464654641
0.05084964672095923
1.7434003309181476
2.265316694692149
0.5299411133646023
0.5673935407508756
0.5673935407508751
0.3360184739935386
0.09244292004300454
0.0
0.0027926977415596186
0.019603711972290463
0.4559515176862423
0.4559515176862422
0.15198377789745462
0.18523575689984934
0.7486140002657007
4.171402138850838
4.171402138850841
0.9891401035713141
0.3681655343685674
0.23071387587966083
0.12887843149868147
3.8268765155195235
3.8268765155195243
0.5549899552595559
0.22199598226816802
0.0
0.0
2.503920582195197
5.295352940595348
3.425050244740997
1.867775229818887
5.29300943016041
3.6407545374937196
0.0
19.463756527546806
50.30088551546567
32.141312789972105
21.712161570633107
51.269281395568335
33.44140383728316
0.0
52.967140090379615
68.68336861376056
68.68913288715864
47.213457925879396
42.41193874439683
42.39207367669186
0.38483148345092655
62.038254399008224
89.43637248521176
79.17859013480883
77.78056931657957
74.28187143689793
67.28484457966103
5.8286725243419255
56.761819526396756
60.72949730695119
60.701360431224735
89.65846438488862
86.49950905862315
75.2215589751857
5.6512763262927805
1.230936277201497
0.0
0.21796782033999265
0.7159660402442927
0.2390734033123844
0.0
0.7710493540799224
0.08552054473532224
0.0
0.0
0.0
0.0
0.0
0.0
0.0004723412211036382
0.01094311507639584
0.02735995985325087
0.009850131860438677
0.00328322179711605
2.2632804007214595
0.0264840281256469
0.15449725537289685
1.0682391368323696
3.7121615492268845
1.2373871714910134
2.263280392149169
0.08809428133798466
0.0
0.0
0.0
0.0
0.91515032564965
0.0
29.920899857362826
0.033778465581373734
1.208440676950179
0.40333030021075783
0.025753715990773328
0.0
0.0
0.0
6.478517044699763
2.304475745623444
0.744427671760377
0.044698813755348475
0.2607451716090457
0.406057069558331
0.47863665622910834
0.14849831199065644
0.03314137405082602
0.0
0.0
0.0
0.0
0.0
0.0
0.0
0.0
0.00021756286156847257
0.00021756286156847257
0.00021756286156847257
2.0880579792318463
2.0880579792318468
0.0
0.0040966891246942295
0.14615002540837588
0.14615002540837588
0.0
3.923066229415559
3.923066229415559
1.0682391368323694
0.053849450619005174
1.9266134698563362
1.9266134698563369
0.0655724691884978
0.0
0.0
0.0
0.05084964672095923
0.0
0.0
0.0
3.473745435553681
1.4860166052036705
0.0
0.09244292004300454
3.14305925522566
3.1462119319177564
0.0535857349043257
1.2624416672758234
0.8427286756197223
0.0
0.18523575689984934
5.54941094296848
5.549410942968481
0.0
0.9314616020091777
0.3104870701534622
0.0
0.12887843149868147
0.5549899552595557
0.5549899552595559
0.5549899552595559
0.2219959557147151
0.0
0.0
