1.0712415203984362
12.18792211874058
12.270137625380478
12.128882403525425
12.133234675331465
0.452556916910646
0.0
25.90060878849765
44.0558316764236
44.08052769349157
46.318139043052135
44.93693306135293
26.62446885295403
0.0
40.93400422191569
94.41769109313601
96.27499494136148
100.0
100.0
63.31683862086225
1.3505257944887314
53.14588798657398
99.02199466156472
98.49308586015647
100.00000000000001
100.0
74.69403522895435
4.294616188869349
45.49484004935333
79.73120738770467
78.73078754018552
100.0
85.73808844936993
61.18850503695737
2.5888611967056905
0.08535653251383239
1.648622405035107
1.6720819780587806
1.4320372682133697
3.5904934148757213
4.62629559655223
0.7710491907572928
0.0
0.0
0.0
0.0
0.0
0.0
0.0
0.0
12.187922118740582
12.270137625380478
12.128882403525425
12.133234675331469
23.9919775965059
0.0
44.05583167642365
44.08052769349157
46.318139043052135
44.93693306135293
63.90322357541491
0.0
58.27364919005544
54.31343315188198
73.22861197137851
75.70993296133926
94.86861520526843
0.0
65.84357026627758
73.43951223251771
70.8596846205979
78.20103934526657
99.7672637653549
7.041259905765941
38.32480449114153
37.32438464362234
14.108470740099106
27.48514775529096
100.0
0.08535293904580313
1.6486224050351068
1.6720819780587806
1.4320372682133697
3.590493414875721
37.434463473899754
0.0
0.0
0.0
0.0
0.0
0.0
0.0
0.0004972939969486277
0.00024864699847431385
0.00024864699847431385
0.0089833951208805
0.0
0.0
3.785241917131273
0.00606151258039855
0.006061512580398551
0.1644800566339648
1.2481482029794442
7.643259337526902
7.643259337526901
3.363769231972234
0.053783919367716926
0.0
0.0
0.0
0.0
0.0
3.392989428031485
0.7827913721951062
2.5512343123269616
2.551234312326964
1.3509139148370044
5.2808402453782755
5.280840245378276
1.8344912921939682
0.5511991442933777
15.102257894266371
11.323418492141265
1.2489777127997777
1.5462081542423038
1.2973943041044274
0.0
0.3386046132148994
8.977898403380602
9.985511611946709
3.5422701431604087
1.3104983772470709
0.47635582895652284
0.11896529277001744
0.12887846729076272
3.826876531892018
3.826876531892019
0.5549898064055965
0.22199591201208452
0.0
0.0
2.503917975494807
5.295406518290817
3.4258391895016826
1.8670667884581291
5.287817899234757
3.635040317015635
0.0
19.463580557042132
50.2799529351412
31.9424225079969
22.143617764386736
51.417933687645075
33.48837141596293
0.0
52.289120144597355
73.22619218151107
97.99218807787177
84.77861570709877
76.76017119452538
64.4985419722548
1.3505257944887314
63.414108900148655
80.31182099705768
100.0000000000001
91.62384765954101
84.61850950845115
74.69403522895433
4.294616188869348
52.55194338882737
74.84900002369777
68.64287917999346
69.02527404550789
64.7214822361731
61.18850503695738
2.5888611967056905
0.9998385470237209
0.0
0.18718436259409363
0.4800894196908219
0.17070947155963556
0.0
0.7710491907572928
1.0483788610513125
0.0
0.0
0.0
0.0
0.0
0.0
0.0026595927901291337
0.011029975735059374
0.025780586214648935
0.008850446287440172
0.0029489551042655316
0.050823984247550774
0.0026595927901291337
0.15841854405356626
1.12408658794482
4.143617437923412
1.3812056103173505
2.1029120873583866
0.09072751933120402
0.0
0.0
0.0
0.0
2.5491594930742254
0.0
8.690876293124935
0.0
7.342483531437234
2.1589991251486094
2.0008396761136367
0.0
0.0
0.0
0.0
0.0
0.0
0.0
0.8432750592466868
0.9581811204731544
1.145365483067248
0.8432750592466868
1.6865501184933736
0.0
0.0
0.0
0.0
0.0
0.0
0.0
0.0
0.00024864699847431385
0.00024864699847431385
0.00024864699847431385
2.0984472429039487
2.098447242903948
0.0
0.00606151258039855
0.15150799135061227
0.15150799135061233
0.00606151258039855
2.3040511945104845
2.3040511945104845
1.12408658794482
0.053783919367716926
1.9242665899240103
1.9242665899240106
0.0
1.938696399071208
1.938696399071208
0.0
0.7827913721951062
3.8198659660953083
3.823187267494175
1.3553422077443211
1.7859509781663767
1.7859509781663767
0.7861124311426557
0.5511991442933776
4.820215655258562
4.820215655258561
2.0922527720464643
5.319021284183948
1.0483788610513125
0.0
0.3386046132148994
2.5346569345943086
2.5346569345943086
2.534656934594309
1.3106960720121072
0.47655365737238736
0.11896529277001745
0.12887846729076272
0.5549898064055969
0.5549898064055966
0.5549898064055965
0.22199573014112206
0.0
0.0
