0.0
0.0002994831879344808
0.0011946132678297625
0.0012714929982894124
9.666726888866718e-09
8.722917709572973e-06
4.6606880135730844e-06
5.639582769932662e-06
4.947251284947876e-06
3.9835737268077705e-06
2.0146522649660615e-09
4.218357981841639e-06
4.471807150348326e-10
2.6805673581080714e-06
1.826111652938934
0.0
1.82609190745156
3.4684635275094022
0.9131553959630836
0.6532644095910245
1.0494423808885214
1.871274135173446
1.0494765999226738
2.483947300893637
333.58793665639433
2.6948897288404175e-05
46.9540633848019
1.0861971604501364
0.00011196649291456717
0.6901107757271675
0.0
0.690110649427165
0.43762166970504457
8.800178241632985
9.233575395331512
3.7333447483128865
5.905213834662447
20.455068029975024
54.320453230086
19.841687565444634
264.1353446859963
1.8139029486008513
0.866333780586908
1.7304214687797999
0.00021321452846149194
0.0
5.506806772622706
4.542597417338317e-05
2.5856711622386714e-05
0.029849434028624687
4.3255670984787615
0.00010676184475963315
10.657852590568377
9.39182769174366e-10
2.69798336102011
1.2239224198704512e-09
0.0001282228905764052
0.002081824006091281
0.0001466112996880789
0.18791948082340448
0.0
0.00021654940824451842
4.975217737446043e-05
3.6532032782589727e-10
5.270518668308493e-05
4.270712528444502e-05
2.7431328395547056e-09
3.034856758469408e-10
2.1881603780029127e-08
6.3493884911049655e-09
6.400109543706111e-05
0.0002220211469543863
0.0013619789701300252
3.9369269263759596
0.0005269051648031766
0.0
0.0003681908869476009
0.0003008247845045029
0.0003390829816305095
0.00014389479193046656
5.133368665795285
0.00012047698430772217
1.2501658351165138e-09
5.961099396403355e-05
6.881805537141175e-09
0.004410087313702175
1.1320240554554666e-08
6.787493176905144e-10
7.912419227229515e-05
0.000667967038390127
0.0
0.0004804564764438055
7.60543705653956e-05
5.92545408849211e-05
8.013506155892309e-10
6.303934872869661e-05
1.07988832344025e-09
7.045081073390326e-05
1.1816807365589587e-08
0.002154200373279747
8.592793003466201e-09
0.0007084641976154818
4.475728725715679e-05
0.0003316505800073214
0.0006166238252008015
0.0
0.10846840477368086
3.507082540283225e-05
6.270156510944485e-10
9.730672397744187e-05
10.985424602961832
8.335163783663307e-05
0.000738677155439909
0.00039850103527537317
1.2473186257664812
1.717674475414985
7.838338662698757e-05
0.0002387706240106298
4.998971428817181e-05
1.2593922049542258e-09
0.0
5.946522925103052e-05
4.160441214368558e-08
0.0001550229679751564
19.1832309306103
0.7037506198835328
0.0011194333096167341
3.6027605293440796e-05
0.0001478642988265983
0.0003041672804002278
5.30619529258596e-05
0.0002171282613825081
0.00141026054395199
0.0006702339724012892
5.2591250624251846e-05
0.0
1.2975280796110604
1.79878186325545e-08
3.137392113110306e-10
6.413460806583722e-09
0.0020339321314501837
2.9885263453711533e-06
0.0011001701412197886
5.178456937885928e-05
4.2245911163130885e-06
7.87912053034603e-05
3.985742734293103e-06
4.3794749267456166e-05
0.00045338512368842457
3.2216208086580026e-06
0.0
0.000673132344655186
0.6696955635514753
4.278157470818128e-05
0.0992998964313419
0.0007373287537807925
0.0008118545174668462
0.000431078205047197
4.672832125398679e-05
0.0002569038050055174
2.426084287975557e-05
7.159013352254966e-05
0.0004019527797879564
3.5893335305864315e-05
3.476516126026023e-09
0.0
10.950981978318929
8.36880238702163e-05
0.0022046051280473706
0.001120349783122205
4.130194984713102e-09
3.504763863057128e-10
2.0933803207228095e-05
3.245682833205997e-05
6.948894545402512e-05
0.0003848361361060949
1.445140757544856
1.6923108528271e-05
5.601417499991653e-10
0.00037849924424008445
0.0
0.00020057377180556063
0.002245507508794908
0.0021794778642988556
6.883508278567963e-10
3.55644439634926e-10
3.7267352077608217e-06
6.005351285738237e-06
1.4703920927592907e-05
0.00032464749651838723
1.761951654193957e-05
2.9741574995482873e-06
6.330862263499679e-10
0.00018591250608140017
0.000906270272866556
0.0
