0.0
0.0003820745560147639
0.0015247499735448532
0.5522806648476959
3.8867652006665225e-08
1.114131842725336e-05
5.953571150697593e-06
7.203754381299007e-06
6.31958444947963e-06
0.4744738197144226
8.827570699133129e-08
5.391980636480895e-06
6.35928861696201e-09
3.423469021399707e-06
1.1517759356294024
0.0
0.8472357241776347
2.823344952084489
0.5760145698392566
7.669458697667287e-05
0.30467689728624026
1.820144263539765
0.32013609641538215
3.5432685269170143
279.3445916255964
8.539512235758714
102.64683195348776
0.9517561046556487
0.00014325172052406403
0.8443369710086642
0.0
0.8443366848556896
0.04722303928523561
9.600408171602792
8.476196465727556
3.5178864554302747
8.499957099136536
15.089709421460874
117.56958599794126
10.697632900931664
210.914206390681
1.4414902731738881
0.33473780336029846
0.9815547450274238
0.00019840970459080872
0.0
2.6589488147541056
5.796926786729811e-05
3.300094465893033e-05
0.0005167483110686017
3.487231416673238e-05
0.00013620768090692175
16.78323896173869
3.3660010506144063e-09
3.020810911130736e-09
3.013748405341045e-09
0.00016382209802920912
0.002267881527479372
0.0001970860009836362
0.545991963947893
0.0
0.0002771711688367486
6.361242565372512e-05
4.684988450920934e-10
6.727496861642208e-05
5.451149295629492e-05
3.5704864551071924e-09
4.1455284759115577e-10
2.4717235104448142e-09
1.9045033235546822e-09
8.173182832668217e-05
0.5225352923169438
0.001738040591746417
1.4630560678065094
0.0006542281129743182
0.0
0.000470049150997907
0.0003840124676190668
0.00043239529637381516
0.00018365373989338954
0.8404308592182865
0.00015388680258929043
1.606291320924159e-09
7.602519458234974e-05
1.726147629203013e-08
0.0051218773585201055
2.249289130721482e-07
0.009269202227840313
0.00010130206142519841
0.0008008950789537988
0.0
0.000574490024398857
9.73584710387995e-05
7.568037270757267e-05
3.366637576465058e-09
8.041175185364766e-05
1.7815482284284835e-09
8.990956158274482e-05
2.1271067589786537e-08
0.002743801450894243
1.310279517306721e-08
0.0009039338159937365
5.73054977968487e-05
0.00043156645147732886
0.0007868844382724092
0.0
0.05339978659977801
4.480900862329329e-05
1.140419006187661e-09
0.0001241177565277743
10.839056840627084
0.00010630821911261529
0.0009424720909950757
0.0005085502330403141
0.5134149559535133
1.5583532926873747
0.00010017381319835554
0.0003051065330799865
6.382096033069682e-05
1.90379797068e-09
0.0
7.595163774897305e-05
6.14990927989944e-08
0.00019791803596377037
19.597159539516863
0.7786631148051728
0.1900063967586576
0.20489164953158667
0.0001977238610352835
0.0003883444716491261
6.779049987746828e-05
0.0003455906269499891
6.335905991504183e-05
0.0008532198006517447
6.712986642631554e-05
0.0
5.315230617483679e-09
2.6220270886412193e-09
2.127217558786887e-09
2.0108404409314727e-09
0.002594682810130102
3.817922428228416e-06
0.0014036979392046118
6.608380191592232e-05
5.396474489538055e-06
0.00010065350650435158
5.0857656735633675e-06
5.673036844771691e-05
0.0005798606586783896
4.120410395080317e-06
0.0
0.0008590990688804932
0.6619141854231034
5.456114130845994e-05
0.0329696298051287
0.0009377818917207647
0.0010364144996344478
0.000550088136279526
5.974794631044078e-05
0.00033324919682629775
3.0980723987676814e-05
9.307857052235683e-05
0.0005126406427124713
4.5870635587760814e-05
3.098497988040986e-09
0.0
10.812763738256523
0.00010673358143102081
0.002808220245190955
0.0014296512608205762
6.3099418367943e-09
8.495314297284536e-10
2.680366870604624e-05
4.1448865450729704e-05
8.869900012622236e-05
0.0004984697967851432
1.642795937628382
2.1626211563462264e-05
9.608789794273463e-10
0.00048360904793140334
0.0
0.0002561034196119284
0.002863602838790025
0.0027808848031633687
1.0490511154071155e-09
1.0423132178794722e-09
4.773151539520129e-06
7.669112369031578e-06
1.8761890002429812e-05
0.00041845084375924184
2.248300735786182e-05
3.8030783577831173e-06
1.0825714410287665e-09
0.00023692713152798778
0.0011566343888576571
0.0
