0.0
5.4076569576180904e-09
7.830306281937232e-10
2.553112090007935
1.4693282186550172e-09
1.335206953999724e-09
9.149960124888135e-10
9.362273399391267e-10
1.3578107005391835e-09
0.8258992946672428
1.2798542100412145e-09
1.3604479483283174e-09
1.3896789942063163e-09
1.3174606001421439e-09
5.79918026644513
0.0
5.143250502577451
7.851000987599586
3.9775208155704016
1.0456161308073098
31.15616542223709
29.13040065435198
7.082476147109556
7.928177155131858e-10
213.02808306206572
11.083245634650563
88.89422191260412
6.251636415869863
1.7071569235053311e-09
2.783538164160711
0.0
1.9308358292802594
0.03255698970738086
10.400308216287304
3.625038617341803
7.36018918047242
5.485690314334044
46.276761765590265
11.112360352830803
17.333529673608634
253.49772320593246
4.915853097337196
1.2775370073535985
3.5035243259536415
6.53265330654892e-10
0.0
11.280446716737224
3.419986942383394e-08
1.001459214182358
6.445683615445294
1.0387371089581219
2.2706148522378812e-10
50.75042187734989
0.3400269334869396
7.322008427530596
7.786521875364563e-09
1.0860574136413031e-09
0.0007140728083324379
1.105297492467579e-09
0.055763916612265894
0.0
0.00021921928210380835
0.0007930996072675832
0.05452599264246209
3.599829792999893e-08
2.5831382678759726e-10
21.443860262330304
1.9201560452150086e-08
0.04198861718368881
1.386391627564366e-08
7.924629566607957e-10
0.8960066381675849
0.10939824584887435
2.774122496931512
3.395526727686217e-08
0.0
3.0529105956220654e-08
0.04219896840460149
5.2423024304449e-08
1.7361828858742398e-10
21.92013159666243
5.107490384033059e-08
0.036119634924901986
5.910069828522391e-09
5.462861474425693e-10
0.5029195145222666
0.3564195665119936
0.08126235850166189
2.9434273776804453e-09
3.394943087574281e-08
0.0
7.285104497817576e-10
8.548861445551073e-10
1.7924558232359556e-10
8.653824259815918e-10
7.77926525957792e-10
35.45419777161888
1.2933585226818802e-08
7.451643471687672e-10
0.026180439921660963
0.02591837676773913
5.3268141210335724e-08
6.499060990958526e-09
4.5619706427262053e-07
1.1107420035314446e-07
0.0
1.2052674650920115e-09
2.163030916107603e-10
9.742616253351136e-10
9.03348588476643e-10
1.5226742434249414
1.4541954318286789e-08
1.318983350153716e-09
0.2740080248112241
0.39864663118675264
0.04789799168632335
0.1292119062856607
0.00018925324347833608
0.11512692536378245
2.0484777646926995e-07
0.0
1.8338272434959273e-10
16.915702213044206
2.450452516034099e-06
0.006140357649960513
7.333201151179641e-09
0.23145984181417034
0.9747020957379172
1.2335361566287606e-09
0.00034057693922554514
1.157299252521369
4.34242680903113e-08
2.0947756242556294e-08
0.0757877585771385
3.6021965964598614e-08
0.0
0.07900523414708728
1.923643215156397e-08
0.053286474074600035
9.506374687449665e-09
1.8881490899539325e-09
0.004997646702575579
6.207875059594321e-06
3.268091131990923e-08
3.445502234824158e-09
2.5918292433273835e-08
2.483354523567913e-09
1.213503704068365e-08
0.00035364677456446394
2.566029939536916e-10
0.0
0.0007129583117814863
0.08702686524080527
1.1184373651766858e-08
1.6978434473660984e-09
0.007458989244349307
0.09748702323376332
1.0626397855207644e-07
0.007485957122109518
9.804735831958088e-08
0.10360512277483946
0.012160432654262573
0.00020151201824532118
1.8642418963322503e-10
54.61571709577778
0.0
0.6623890472646892
1.4251001266973969e-08
0.13280137311293128
0.09997059397614397
1.7004459781368407e-09
0.0002638293606709824
4.280608828492393e-08
0.13965440729021356
3.400449555170696
0.0001287122757623107
0.41948294094284755
2.1917028785976832e-10
6.656835564608561e-08
0.00012880745443168907
0.0
0.0001167001536629264
0.028183767466333078
0.03240046027926306
1.995321657230997e-09
0.0007276546170413556
6.009182352288621e-08
0.036840832781352834
0.18756648738982132
4.2838007885813155e-08
0.043360815700874564
2.538857831830563e-10
6.65536915735771e-08
1.4125720822637174e-07
6.710555232042735e-05
0.0
