0.0
11.466501085480965
11.466501085480964
11.466535378339625
11.46653537833963
23.99974796612371
0.0
46.25104668241708
40.21854914082309
45.82676008428041
41.67311436826278
63.63413315040708
0.0
100.00000000000001
100.00000000000018
99.99999999999993
99.77373956667779
99.99999999999999
0.0
76.74844793878643
76.15676663176981
84.80775786905873
99.99999999999999
99.99999999999999
0.0
59.95962160239979
59.971411463884436
60.35968080338572
70.00425232071805
100.00000000000004
0.0
3.464754216094671
3.464754216094671
3.464754216094671
3.464754216094671
30.418600095925626
0.0
0.0
0.0
0.0
0.0
0.0
0.0
0.0
0.0
0.0
0.0
0.0
0.0
0.0
0.0
0.8011878992182182
0.0
0.0
0.9130079383850511
0.0
0.0
0.0
0.0
0.0
0.9130079387975645
0.6697434496122087
0.0
0.6653091812214789
8.100726027336599
2.5953782353669568
0.8651260726699016
0.0
0.09824358711128954
0.09824358711128954
0.09824358711128954
0.09824358711128954
0.09824358711128954
0.0
0.0
0.0
0.0
0.0
0.0
0.0
0.0
0.0
0.0
0.0
0.0
0.0
0.2666587096250074
12.799819858121094
12.799819858121094
12.79986558193264
12.799865581932648
0.2666529941485633
0.0
24.061522673910808
41.97351101423444
48.00600855582864
41.58448454091993
45.92805131552937
23.96703253338491
0.10129123124890481
44.62952723106893
65.22337752078134
65.22337752078137
68.88403311317195
77.87328571665675
33.7278600731252
0.2740179711695605
58.0217048921652
87.35683422581047
87.03550759234669
71.74781750644564
71.94186677075028
40.75505972546625
0.0
52.33810210795193
65.10913905847762
65.12261318588843
70.64237600301709
58.20245630555373
59.667357961947125
1.5467624168627405
0.0
3.464754216094671
3.464754216094671
3.8997102749993067
3.8997102749993067
0.0
0.0
0.0
0.0
0.0
0.0
0.0
0.0
0.0
0.0
0.0
0.0
0.0
0.0
0.0
0.0
0.0
0.0
0.0
0.9156433133922494
0.0
0.0
0.9130079415744323
0.0
0.0
0.0
0.0
0.0
0.0
1.0615912927414106
0.0
1.4450166670822557
14.384696431327908
0.5821455335687941
1.2474547147902737
1.2474547147902737
1.2474547147902737
0.0
0.0
0.0
0.0
0.0
0.0
0.0
0.0
0.4065752085753383
4.477516850288184
4.070941641712855
0.8806916748319333
0.32189328881263873
0.08498831307965826
0.8061800865751326
1.5115876623283697
1.5115876623283697
0.0
0.0
0.0
0.0
3.733221934750105
3.733221934750105
3.733221934750105
3.733141918079888
3.7331419180798857
3.7331419180798857
0.0
36.09228401086614
36.09228401086617
36.09228401086617
35.66566721218984
35.66566721218984
35.66566721218984
0.08862982734279169
53.39207911354037
62.23114831303206
52.42610826906328
43.21692833788801
39.056792049292376
49.77268749306136
0.23976572477336544
61.423774519467244
77.25100512013853
66.60084350171296
63.5159808105472
60.18735368364207
61.13258952325118
0.0
58.355730086878715
58.10115209602392
62.64319922498627
60.16415804180086
57.36880986218968
52.208938216703736
1.353417114754898
0.2591074749176888
0.11052412112160015
0.4349560589046353
0.0
0.0
0.0
0.0
0.0
0.0
0.0
0.0
0.0
0.0
0.0
0.0
0.0
0.0
0.0
0.0
0.0
0.0
0.0
0.0
0.0
0.0
4.310217601939483
4.310217601939484
0.7105868294307358
0.0
0.0
0.0
0.0
2.5822052758721825
2.5822052758721896
0.0
0.0
0.0
0.0
0.0
4.564330975031467
2.080166953145242
0.0
0.0
0.0
0.0
0.0
2.688419865211468
0.4629845545533733
0.0
0.0
3.6408363409665747
3.6408363409665867
0.0
0.8753799392053392
0.3165815534906224
0.07436477394470098
0.7054075757532405
0.0
0.0
0.0
0.0
0.0
0.0
