0.0
0.00035585549356176847
0.8262753928847858
7.103720349874106e-09
2.5011614277842603e-09
1.0381190575420776e-05
5.544897096533993e-06
6.7103015998818e-06
5.8858759267667986e-06
4.737697994438046e-06
13.128205464090616
5.014833080571737e-06
1.6631278953915795e-09
3.1890953254865742e-06
4.056267556208225
0.0
5.87616245139798
3.6719455814623605
8.166338074199084
0.738258283942859
0.9309164075757834
1.1337296661907201
0.9308518737129854
0.20978396567362914
298.6852274061224
8.255359528586322
70.83749999474682
0.09649283191811868
2.0236737574712587
2.1787156302147923
0.0
2.0739962455788334
1.704364407766194
9.509227140459346
8.4035425453947
4.727573993851514
4.742796306836004
32.864925989449745
34.40815167055363
12.797305053293336
252.78405753658566
0.15021730773854305
0.0014507683765407377
1.9907960632232302
0.00018423303295293978
0.0
5.401991204010453
5.4011365451832114e-05
3.074035269567253e-05
0.1841788766785547
3.9815794395838253
0.0001268771270654459
41.278867422434146
5.408876225944533e-10
2.096573945783368
1.8658317235223052
0.0001522693410280553
0.0018270277401113131
0.00018241028506708147
0.0032873717296985207
0.0
0.00025757995748850495
0.0004908762554500649
4.2105562376444264e-10
6.267247058732648e-05
5.078202255701991e-05
9.064629747372983
3.6907841177781786e-10
2.181674835894091e-09
2.0772711458810754e-09
7.601316079018774e-05
3.2224044705269765
0.001619890861145889
3.869231113266004
0.00048824721925357783
0.0
0.0004375696589736769
0.0003577822704256136
0.00040244486386349404
0.0001710702421832065
5.564068529512639
0.00014325549855970525
1.3785016660618696e-09
7.088557271759923e-05
3.143375293899593e-08
0.004859075859195574
2.4376448068771707e-08
8.036049889235327e-10
9.40816695121315e-05
0.0005696277034013398
0.0
0.0005821984438240167
9.049430369560724e-05
7.04780457977053e-05
0.035638676857176935
7.495706483362928e-05
1.2939714349431445e-09
8.377800846940672e-05
1.2224324520384589e-08
0.002938775776463113
1.8219071714469795e-08
0.0008419037897527084
5.3225349027982696e-05
0.00039452008209387064
0.0008066352706586437
0.0
1.044168935671232
4.171929715973353e-05
2.0538866464311946e-09
0.00011569877130275234
2.5616364846471624
9.911840329954267e-05
0.0004926811326476766
0.00047364437529874695
0.07781377809368888
0.9492235749947264
9.321516594958583e-05
0.00021973995235918163
5.946216627657627e-05
1.5890648718338626e-09
0.0
7.07287260496744e-05
0.10016830502264364
0.00018447490151694644
37.40397820906253
1.352916732947279
0.0017590722252321743
4.2828514828368403e-05
0.0001839463249643942
0.00036156752544116164
6.309439211677539e-05
0.0002582758224936154
0.0016789318407879064
0.0007946709084441103
6.253630918137672e-05
0.0
5.0804198034808915e-09
1.2065046245235292e-09
4.123251729522145e-10
2.2092195288301963e-09
0.0024380533267543553
3.5531241418786986e-06
0.0013075420787299471
6.15432014217288e-05
5.023865321743179e-06
9.369522382061233e-05
4.738266899421046e-06
5.209022304865527e-05
0.0005066261559728068
3.8323135396439015e-06
0.0
0.0008008057982091465
0.22535959652398707
5.087325808430507e-05
0.02475882360171736
0.0008762318675296658
0.0009650528750133581
0.0005122974570252184
5.5569229693810876e-05
0.2830495176402693
2.8852759900514537e-05
8.513976498027872e-05
0.0005406464599486835
4.26949339533283e-05
6.030946502413029
0.0
3.1249867181905477
9.951764727080034e-05
0.001648783078875848
0.0013314558909910438
9.099366851174386e-09
0.19378525927124657
2.4893796480304115e-05
3.859905749310221e-05
8.261833418478069e-05
0.0004574432695947494
3.8744088661279132
0.4186408823291102
0.9355101817809802
0.00044994776191869504
0.0
0.00023845903614514162
0.0026687264830356533
0.0012764890813531625
1.513321195910553e-09
5.086653121472317e-10
4.434395294338056e-06
7.1405917233471645e-06
1.747514100474524e-05
0.00022583780137171204
2.0939232393418966e-05
3.5377338556756254e-06
0.5636512275995762
0.00022104466098359882
0.0008035806307694369
0.0
