0.0
4.762601506655853e-08
1.5892520576872557e-09
3.069401655043244e-09
2.751576101948907e-09
2.6827296640019366e-09
2.5627027136644388e-09
2.5686661154409747e-09
2.6943493179555025e-09
8.027821639476501e-10
16.87067325890897
3.0847232530190168e-09
2.707600486675898e-09
2.515982287629615e-09
3.96759087274522
0.0
3.8801608475799436
9.195630156639073
3.9784285872129606
0.12433298774394465
6.297407023609941
20.963040295929705
10.854846222111387
1.5257198450345215
135.12301407730973
0.37561890073179693
174.37342458123257
18.211024801107534
0.025315029935213052
3.440043473260065
0.0
2.6794420561080754
0.0317065581959415
11.417804249300676
8.113274814389737
23.8744574555043
1.6324975511023574
49.47326847216931
11.286565999358361
25.0294887108981
215.01626675606428
2.3753561930564366
9.873174982762423e-09
1.1451824184187651
1.529583908264254e-09
0.0
2.681179328756873
0.09673243996793351
0.8828995642928937
6.476577981252229
0.8825939774018259
6.471108538690148e-10
69.88273547822803
0.5498137153235834
7.695773685117644
0.2042972020180797
4.4739181905636784e-08
0.00039371034867740625
3.0094144896946473e-09
0.23174004677984517
0.0
0.00011719411058004079
1.0983284605380515e-07
0.0548967142972121
7.978815359423273e-08
1.35589496837533e-09
9.946751375519943
4.692378287478345e-08
0.04162007072844169
2.1016504450152758e-08
3.992860262407675e-08
5.900593444911625
6.553649276764976e-09
0.10288240164792312
0.0007239502248308819
0.0
7.148937528534226e-08
0.046392534709144846
1.151119652330573e-07
5.228858359176018e-10
6.520747091030749
1.1151668965739694e-07
0.039119518641647824
1.3326773080957407e-08
7.912805336298239e-09
0.05446187043872014
5.247241081130718e-09
9.666910550542594e-09
1.0396440195094939e-08
1.7517777056424557e-07
0.0
1.2516258925044616e-09
0.9120006633686755
5.897727988825176e-10
2.0915314122305082e-09
2.1961966960791715e-09
35.46061128999811
2.77887340496078e-08
7.501331782767544e-09
0.00039459794225714503
6.546450364800482e-09
1.08079453227006e-07
1.8829171231719965e-08
4.7096149988133854e-07
1.45113314331027e-07
0.0
2.5154967797502928e-09
7.576463560170847e-10
2.497276753634819e-09
2.5482884057031403e-09
1.5916211314554212
3.1121483941143294e-08
2.3536355039992903e-08
0.030408558519751293
1.9140369226878544
0.008549625211826513
0.006355375051539606
0.00021817370555420146
0.006355286347785452
3.0696013480906246e-09
0.0
5.615055890590139e-10
20.202856652530922
1.0170596908729478e-05
3.967551123082163e-09
1.7121415596021763e-08
0.12155730940805472
0.43852190453298556
2.8853641406589113e-09
0.0003767868916467788
1.537585932473985e-07
1.6463677558562754e-07
4.920855994568575e-08
0.07628532225088586
7.955952448063352e-08
0.0
35.030800908595054
4.686006150249919e-08
0.05297173075380113
2.0239719527731637e-08
0.0011264081705878702
7.353567806632934e-09
0.027739358081487947
0.0004880228609886804
7.429318182599836e-09
1.7818593773392017e-08
8.516671669135147e-09
1.2603907142693912e-07
0.0003163880850330207
1.0389668404871072e-09
0.0
0.0004883688429970557
0.08758344592664774
2.1308923637829207e-08
9.970110467038034e-09
0.0533399085108337
0.447790393990478
1.2060175964552705e-07
0.020895935621160232
0.27269268645784417
0.11566155221826523
0.010971539477009021
9.88453852855387e-05
5.714128023490254e-10
70.15606055806025
0.0
0.7021289808649169
2.923940836829656e-08
0.2045025149346771
1.4835449967259378e-07
8.861043031067434e-09
0.18796194020960044
1.1621506183950523e-08
0.21092915512572732
5.691009941180572
0.00013920541939907425
0.19517485276473753
0.3173082268487965
0.0005313331429392886
0.0001394636827085891
0.0
0.00012548759699832846
0.05151461672483631
3.998593175412361e-08
1.2442080173469552e-08
0.05090534491779781
5.188894996572197e-09
0.050846605126985044
0.2793618749494143
5.230818908222579e-07
0.049506127674529096
0.05662187600010434
0.0004588066280925523
8.012727334414775e-07
7.848498550360581e-05
0.0
