0.0
11.466455276547622
11.466455276547626
11.466499100349761
11.466499100349765
23.99967832471831
0.0
41.963589732409716
46.240116132257725
45.85522753983642
45.94711314854581
63.668106438689264
0.0
98.99745477197642
100.0
99.9999999999999
99.77693995857325
100.00000000000003
0.552280578732498
81.897568499842
80.99833746830086
84.71076568337239
100.00000000000003
100.0
0.5083592766617867
61.29393624439777
61.296817154907544
60.99984913856469
72.0335199556923
100.00000000000001
0.0
0.27468644874139864
0.3166383989514443
0.276167164419548
3.089124201464804
26.870062660290746
0.0
0.0
0.0
0.0
0.0
0.0
0.0
0.0
0.0
0.0
0.0
0.0
0.0
0.0
0.0
0.7267920723702233
0.0
0.0
0.5758494783021874
0.0
0.0
0.0
0.1436809635895363
0.1436809635895363
0.5758490484822958
0.6619141854231032
0.0
0.23387031651323725
4.06083046430233
1.5640427687653151
0.5213475745314813
0.0
0.031556368069841544
0.07280244042238301
0.031556368069841544
0.031556368069841544
0.031556368069841544
0.0
0.0
0.02179346267428912
0.044948219363432934
0.0
0.0
0.0
0.0
0.0
0.0
0.0
0.0
0.0
0.2666565194482424
12.799770008113574
12.79977000811358
12.799828439849763
12.799828439849769
0.2666492154812187
0.0
24.055809866948877
46.24011613225769
41.963589732409815
41.61068711059047
41.691087018211185
23.97009372806748
0.09188560870925222
43.8028664208402
65.34434099672637
64.3417957687027
67.40710868125248
77.72205695760078
34.14267468301926
0.3233887873239567
52.914756126401336
78.08397039290445
78.84488351396877
71.9575176122515
75.02096086811595
41.0505820222021
0.0
52.009371361936445
65.86348098531332
66.0242983411439
67.32529188711351
55.476826316673
58.85622516087561
1.2763848149759223
4.389417573072277
4.40903803369666
4.412034601568811
4.409143799102244
4.610069301748332
3.0588310577735314
0.5437921828116057
0.0
0.0
0.0
0.0
0.0
0.0
0.0
0.0
0.0
0.0
0.0
0.0
0.0
5.784245180738191
0.0
0.0
0.0
0.8306195112802552
0.0
0.0
4.8024251547529095
0.0
0.0
0.0
0.012264257833403435
0.523069445285093
0.5230694452850937
0.7223144937692517
0.0
1.6426939214611542
17.888997274491956
0.267280361729414
0.5011506782426512
0.5277207369374144
0.5277207369374141
0.0
0.004029270857382917
0.0
0.0
0.05329241082286997
0.05329241082286999
0.0
0.0
0.20004130914271429
4.270982944104191
4.070941634961479
0.880691666455746
0.32189326821767716
0.0849883029344355
0.0692281329048061
2.2066475183213448
2.206647518321348
0.0
0.0
0.0
0.0
3.733191272275394
3.733191272275394
3.733191272275394
3.733089016737061
3.7330890167370625
3.7330890167370625
0.0
36.08371480042333
36.08371480042334
36.08371480042334
35.69671231760645
35.696712317606455
35.696712317606455
0.08039990762059569
51.7483980922866
67.06993073405195
54.29415414996523
42.07752957776659
38.73162895754351
49.32225628746096
0.2829651889084621
69.6820301207486
74.17948859401214
72.25856877715734
65.83890894098406
61.17955850404876
61.498085247317476
0.0
59.028603849121225
58.9600134178823
58.9600134178823
56.84048646772956
56.023662540787264
51.49919701576616
1.116836713103932
0.4501663630651424
0.0
0.044948219363432976
0.02179346267428909
0.02179346267428909
0.0
0.475818159960155
0.026570058694762783
0.0
0.0
0.0
0.0
0.0
0.0
0.0
0.0
0.0
0.0
0.0
0.0
0.0
0.0
0.0
0.0
0.0
3.9099839864969574
3.9099839864969574
0.16108307719985668
0.0
0.0
0.0
0.00926920121463913
0.2546134357835525
0.2546134357835527
0.011446640644509874
0.0
0.0
0.0
0.0
5.781432686771611
2.2381965786633864
0.0
0.0
0.0
0.0
0.004841230279577011
1.1567474928779236
0.37198082172667885
0.0
0.0
3.98593236036648
3.985932360366486
0.0
0.8753799335186017
0.3165815407484156
0.07436476506763108
0.060574616291705345
0.0
0.0
0.0
0.0
0.0
0.0
