1.0962600933479887
12.340614510657337
12.452612411874888
12.323675085831763
12.32367508583175
0.4939356213056449
0.0
25.8984925541362
44.062282671301716
44.12645538004956
45.840876921474745
44.746433089086594
26.504539494778562
0.0
48.69816847082868
100.00000000000006
99.99999999999999
99.99999999999999
99.99999999999999
39.01715210166959
0.21274250535006342
55.834858162394774
97.62739987219996
100.00000000000001
99.99999999999999
100.0
53.61377121683122
0.4252437930363301
50.913853049275886
99.99999999999997
100.00000000000001
100.00000000000001
96.8584845536438
63.0545870168738
5.436176643393199
0.015884765666100538
0.5376678931745789
0.537667893174579
0.26486275640857243
2.269995520126315
4.53999104025263
0.7566651713387357
0.0
0.0
0.0
0.0
0.0
0.0
0.0
0.0
12.340614510657336
12.452612411874888
12.323675085831763
12.323675085831756
23.99104308820977
0.0
44.06228267130172
44.12645538004957
45.840876921474745
44.746433089086594
63.89917668252396
0.0
60.19958481854717
59.604850489103455
81.7339619737478
81.73396197374781
99.99999999999986
0.0
70.22656895229568
73.73702022498199
74.24943141366677
82.83070483380551
100.0
2.4198529284896124
16.83614465898937
16.172076982850477
29.631098987105506
27.78451396274776
99.99999999999999
0.05531244558419293
6.557051467196824
6.557051467196827
6.28424633043082
8.289379094148563
53.90117908233714
0.0
0.0
0.0
0.0
0.0
0.0
0.0
0.0
0.002319931637338477
0.2548909156288516
1.1470091615441536
0.0
0.0
1.0705217856547606
0.00511274274288245
0.017440740825612207
0.04975411756414275
0.49870925159754687
1.6880920058666915
1.6880920058666917
3.778348944011726
0.053842112112377924
0.0
0.0
0.2722171218909057
0.24168534115277696
0.24168534115277704
1.1953218073987681
0.12305388269281467
4.345523674424886
3.9456331909171505
0.24873049973703507
6.525130852091703
6.525130852091701
4.06224170757535
0.0
0.0
0.0
0.10036312409437669
0.3679982239020303
0.3679982239020303
0.10036312409437667
0.2157009896965407
6.70794221365505
8.156381465693729
3.6187884243220636
1.2832049958196277
0.4775230794436804
0.17879450593953103
0.12647415426626707
3.755484722317992
3.7554847223179904
0.5446364310449685
0.21785457202256361
0.0
0.0
2.4888888890701555
5.291528156062676
3.4414497933772106
1.8721212286657785
5.297447931592774
3.587054611971752
0.0
19.46377339749146
49.28007585411182
32.21148656886719
21.38846215412616
51.138423050764445
33.556328806288825
0.0
55.54110832916818
64.05152946187896
57.208589603539494
40.85505511858779
45.48125515632964
52.44615957821378
0.21274250535006342
64.15532284115588
73.11673430277922
65.59535372492248
62.415296502816275
64.60611852428151
55.80459323829642
0.42524379303633003
56.16322629167172
57.184166388871006
81.39842188650326
74.96241219268003
69.7477766511999
63.054587016873796
5.4361766433932
0.26562707022611765
0.0
0.2352999110645096
0.5297255078659127
0.0
0.0
0.7566651713387357
1.2099264642448062
0.0
0.0
0.0
0.0
0.0
0.0
0.0018817366318840533
0.011406555236363376
0.03563136298667207
0.014534901473057794
0.004844928528296065
0.5947343226121788
0.008504391197717325
0.2548909156288516
1.3285598483491412
3.283331482129853
1.0944438232975071
2.0990827527151805
0.09452184389710376
0.0
0.0
0.0
0.0
2.099082755520383
0.5868538244564759
0.0
0.0
1.426374919248431
1.4261576216652716
1.810416716382689
0.0
0.0
0.11928891434197972
2.099151028417844
0.8444749834763032
0.3157741958871703
0.05886045925866835
0.029430229629334167
0.18629672391475055
0.42159663497926
0.16177744400142416
0.03430562539468972
0.0
0.0
0.0
0.0
0.0
0.0
0.0
0.0
0.0
0.0
0.0
3.1731934980593555
2.026184336515203
0.0
0.00511274274288245
0.15882191348442537
0.23965629974213137
0.09595519544597933
5.439409698109924
5.439409698109924
0.0
0.053842112112377924
1.92057880106975
1.9205788010697504
0.0
1.6638348060712336
1.6638348060712338
0.0
0.12305388269281467
0.0
0.0
0.7360388084026341
2.708528902658374
2.708528902658373
0.0
0.0
2.83060492536392
2.830604925363919
0.0
4.91372113742357
1.2099264642448064
0.0
0.2157009896965407
2.8167132631745146
2.8167132631745146
2.1703491722833856
1.2085228372828345
0.4028409330849404
0.0
0.12647415426626707
0.5446364310449684
0.5446364310449685
0.5446364310449685
0.2178545631966423
0.0
0.0
