0.0
1.6386304495885974e-06
1.1045824174345061e-08
1.486671159794051e-08
1.757417030606935e-08
1.56676907060942e-08
1.4732837326340342e-08
1.509177586373639e-08
1.512975117613622e-08
5.718246893179439e-09
9.30538771651684
1.783018807583995e-08
1.557562757275241e-08
1.4946339153772365e-08
4.6784360102339315
0.0
2.8308627352122033
8.138250130285309
2.8957683235460845
0.2373817124323442
7.994002626465775
33.82390281279364
1.7082674683605221
0.2815830278966274
159.61867313296784
13.627711158572849
148.32347657738507
10.475065309723886
1.4917442103620517e-08
3.2826254495580223
0.0
2.668688867095506
0.03265950716228194
8.421596339629815
6.36476690276121
14.446982386712744
6.365526254306124
49.47438997885732
11.496639413276272
22.964505842961053
227.16920442388886
4.033171985969834
2.1523359891634846e-08
0.7701597339613144
1.2053945063518467e-08
0.0
4.907681756900606
7.981231624444293e-07
0.8206229764751208
6.544395424424252
0.820415800017658
3.99084055418479e-09
76.0871299884978
0.2646972897682115
7.5657817067787825
1.481620258083576e-07
3.8219707674605875e-08
0.0008957228848126502
2.088959771088701e-08
0.6272440261271096
0.0
0.0002089682577551535
6.138722991637162e-07
0.055042246623301275
1.6886772028467036e-06
1.3285219896019837e-08
0.05649472448075238
2.945201751728588e-07
0.30241881345832494
2.1742398582809202e-07
2.183641684784525e-08
0.8358794734578835
0.19850288629964202
0.09094614942158068
0.0008429330403920447
0.0
6.727568615355457e-07
0.04036921147190567
2.420599932856833e-06
3.329611551093049e-09
17.486448782476643
1.0334323829445087e-06
0.03432196878382364
1.0161720350617442e-07
2.375997380723144e-08
0.44441022507843864
2.2515471391597795e-08
5.6265822235350604e-08
6.145834953372192e-08
0.0004443342586830891
0.0
4.684549644904313e-08
6.036069596905993e-08
3.699240407634415e-09
1.3279325552474557e-08
1.2972050294992837e-08
35.37171882531301
2.1848280037705198e-07
2.5935965464826922e-08
0.0006988318172602035
2.3193416222755254e-08
4.6278175839563436e-07
1.1704679994608509e-07
1.1715901881207834e-06
0.0006669716068290415
0.0
1.6456139754058257e-07
6.228717519703555e-09
1.7130795842786388e-08
1.560388187319243e-08
1.6936100366529383
2.48414106941257e-07
0.09310206780965796
0.9049468323086449
1.7483009696532914
0.007747212998847573
0.0075122004716832134
0.00029928937548252875
0.007511247806903778
5.468207411682202e-08
0.0
3.4587254654109728e-09
24.513578983518826
7.071452705010255e-07
3.142056794388594e-08
1.0100300368183964e-07
0.09090514109480732
1.341585868028513
2.011878506678269e-08
6.220084841114226e-08
1.529426037231065
1.1443872571505422e-06
4.546742198343911e-07
0.0767193298100533
1.65750865532805e-06
0.0
7.108506747353709
3.027574894087597e-07
0.05203747320120704
1.8221468578281294e-07
0.002021322804440384
9.943769871060549e-08
0.013887212076387224
5.077556994379016e-07
8.007088546388949e-08
2.5854464447903916e-07
9.011735598996689e-08
2.3741078298666777e-07
0.0005429289991521224
7.589624170853548e-09
0.0
0.0010198613951239778
0.09257165226778254
1.9889163339590833e-07
3.6017382089877654e-08
0.20209014231131583
0.16239888718078088
1.1013980029459496e-06
4.020843341798348e-07
0.2894106593494342
0.09470334602532267
0.007761320359263257
0.0002477339120160834
3.930209915750111e-09
67.93295077570265
0.0
0.7336993912573161
2.435296973817789e-07
0.2250034412558911
0.15181013638881224
0.06582206739965017
0.00046685344524661273
0.008343803180938148
0.2737137382019
4.7454692616530725
0.0002398987928254817
1.2803655249725314
2.0211234625725337e-08
3.6535060657622503e-07
0.00024025642191255649
0.0
0.00020921570358692349
0.07070779641389353
0.19452364091992036
0.047714574173174006
0.000444833814118078
0.011326851240011041
0.07328037075123184
0.19363600472384432
6.853056283863157e-06
0.10684188595805255
2.970048710428857e-08
5.804720900614179e-08
6.872025657511073e-06
7.889882182286412e-05
0.0
