0.0
7.462493031701216e-09
6.345691979583398e-09
9.234701231150914e-09
7.462430511650666e-09
7.353476559344236e-09
6.654248514485043e-09
8.880962029088661e-09
7.1353804256863365e-09
2.494877547319489e-09
7.75853850817093e-09
7.402410587845198e-09
7.436280326823394e-09
6.642965432823209e-09
1.2464961753981374
0.0
0.7947921209321591
8.828589993730509
0.6187408424145846
1.437551874456319
1.0670917145989345
41.32881420563514
0.9046063717168851
1.2432736682420094e-09
257.5599427119572
0.48979227256124924
68.39433249157793
9.05889953233908e-08
0.5434832963835307
6.8009703601247224
0.0
6.800970354445347
0.6039141320817367
1.4526154812574577
1.5887987976243314
31.340221683412068
1.0499383312440795
120.33381851157925
92.36756724367993
0.6567975875157465
42.108312118027435
8.706869000187096e-08
0.07729867845966754
0.8285915158807867
3.857021269913146e-09
0.0
4.73659747473628
2.7961691308719163
0.9833955793807406
16.920235107441112
3.8873679984115563
6.652299048418585e-10
25.155756149893527
0.5169754437710005
127.74101564644982
6.37629963995744e-08
3.707691666517449e-08
0.0005760607710230327
2.3793971266643962e-08
0.4391090385868477
0.0
2.2856861390630753e-07
3.609498372437643e-06
0.1255555947602372
0.07785375893888488
0.5005531161516438
0.12728947763411624
0.0638404880218893
0.1202135273528536
4.661839146637567e-08
1.6560503533364225e-08
2.033772406182739
0.6826018798645845
3.731350775783984
4.753019091416047e-06
0.0
5.286392255310251e-06
7.192252320594653
4.6867205141042046e-06
3.728591232348263e-10
0.022884623102629835
0.06464964522351421
8.710123692623263
4.703503089406294e-08
4.350349097396014e-09
0.06425716383257173
0.06320030082923891
0.0641998763829209
6.563023775767315e-09
4.5111033784716085e-08
0.0
9.428226682455499e-09
9.797086141842744e-09
3.3939345196517493e-10
4.532180961762156e-08
3.743515049852964e-08
45.78489000869479
8.302401962974416e-08
7.350148519549528e-09
0.00020013849126639005
0.00020112416638209393
0.00020007602610521067
1.1208451663813949e-08
3.066388384751296e-07
5.360186971165822e-07
0.0
1.912665689679412e-08
4.752997061558603e-10
4.6605632272502744e-08
3.807571416694786e-08
4.963312268218986
8.759246976934841e-08
8.181489924497159e-08
0.47163115844634396
0.3787509057637548
0.1711322140151573
3.2332093502759253e-06
2.5182431398157033e-07
1.6312785587064331
0.15022718504217675
0.0
3.455778811376859e-10
0.5157590041102725
1.3908858999995027e-07
8.758807380592509e-08
3.783768906555264e-08
0.03683647465763776
0.06511066561042773
0.00011819912218569174
3.122790523711319e-09
0.06764855434942951
2.2855000571183133e-07
3.6057295855303287e-06
0.12020226036602594
0.0628118760945681
0.0
0.12247809106775365
0.05531915671320631
20.701945288779548
4.694829545983722e-08
1.7558898281670986e-08
5.199241297473308e-06
0.00017711108729611858
0.00017657569908900015
2.3175022546973823e-06
3.706453174780975e-08
3.274215470908868e-06
4.77012537190109e-08
4.346940459261763e-07
8.076130616162973e-10
0.0
0.0003104546074774785
0.44265290876319163
7.874828722254991e-08
1.651876815952553e-08
6.362598725458352e-05
0.00017862739553943044
0.5863013367931175
1.812140593388691e-06
0.08207962762408215
0.5616035220105993
0.0038923943980122278
4.1143021261667344e-07
4.6385676765137954e-10
2.8135875953574128
0.0
2.3667700574244166
8.339725468592483e-08
8.810011637154102e-09
0.1832205642514363
3.548272707527974e-08
6.325094021227053e-08
1.0454224713326643e-08
2.657849431636268e-08
2.2530888360426187
0.0002733907246092531
0.00021658864367848045
6.145980999954739e-10
0.8559431855522817
0.0002734805156718799
0.0
0.0002590808396437593
9.962081785886212e-09
0.009742849325186412
3.8099459798366656e-08
4.194080656846653e-08
1.1580640820253968e-08
6.126691924289007e-08
0.14811070974824347
3.881047082074089e-05
3.1775787778792666e-05
7.670183370023204e-10
0.030056594527252595
3.892183204211829e-05
0.0009186927506589275
0.0
