0.0
0.00024895961555808745
0.000993238597119491
5.550098968768221e-09
5.409918775272771e-09
7.20818266941829e-06
3.848263893481614e-06
4.5533290688054335e-06
4.081831497787375e-06
0.1628479429574137
0.5236508928000969
3.4823838891309905e-06
1.13127195531224e-09
2.3580767200532815e-06
2.441791353639496
0.0
2.386998232305591
4.5450823310972
2.531145607294386
0.382770187609227
1.2917074858696302
2.2295897395120097
1.2977561430455178
4.666203323501753
329.91202630799125
8.33970942835234
46.853467861154336
1.1453319396333657
9.161115667094705e-05
1.2989430648247855
0.0
1.2989428954323765
1.506183862324768e-05
10.334633436692105
9.24576681681168
6.043014138695785
9.256104529992436
16.84604186098374
45.543993103536785
12.636622179032702
266.2677200016834
2.021736270498011
0.680280986690196
1.3585538644648967
0.0001290864051495484
0.0
3.5810166913063837
3.769131992576978e-05
2.1383405065027197e-05
0.0003369792126789986
2.2585339314206498e-05
9.268926026533175e-05
19.106791941291075
1.4466725866872143e-09
4.887388144751778e-10
1.0925639813928737e-09
0.00010666240363373535
0.0010297102874079474
0.00012787495368567613
0.15489822718744828
0.0
0.00018040663677236236
0.0009867930271869295
9.25693735275739e-09
4.36421422767727e-05
3.6208074383737826e-05
0.16013087053193292
9.81744523217437e-09
9.896809946933937e-09
7.968349676808886e-10
5.3248553459427244e-05
0.6047594776517674
0.0006799155145469754
1.8206806917972544
0.00013930253655782877
0.0
0.00012126087079259682
1.64685083329333e-08
0.00013669661902428033
9.47683120015891e-05
8.636946042787606
0.185119126793267
4.776906000261209e-10
0.20305927830990644
3.024023689270157e-09
0.0027926263515335547
1.172515354202841e-08
0.11566743419690154
6.864056678732422e-05
0.0003535300265017112
0.0
0.0003687933357414862
7.514543560057267e-05
4.926308485130659e-05
7.256446094301429e-10
7.761176939127705e-09
4.622209448124298e-10
0.4258831392605347
1.2059676215248667e-08
0.002097947244790297
6.685302325370929e-09
0.0006041216517927822
3.8301802088072865e-05
0.0003053016238080603
0.0005138585478706903
0.0
4.11854522497538e-05
2.9014827944234392e-05
4.907551829953719e-10
1.1854833384181646e-08
5.225009346739965
7.474067469307382e-05
0.000645679631117693
0.0006772288845210499
0.6394457852964466
1.1392117574388647
6.584679939398476e-05
0.00019538552539230674
4.1409137720958846e-05
5.315548594793742e-10
0.0
4.937798937832976e-05
0.00037710109538386326
0.00012886093088521002
32.92923526483738
1.685472304495821e-05
0.0011949396981551046
2.987125216739937e-05
0.00012882662037515773
0.0002529648604655868
4.392127645625579e-05
0.00022953895225433652
4.111341858767081e-05
0.0005561402084646376
4.354198325782918e-05
0.0
4.175590496226181e-09
8.111023724050488e-10
8.111025926455761e-10
8.558221912302832e-10
0.0017028356739693707
2.4791040211196783e-06
0.0009144269787265679
4.3003724140161044e-05
3.5004459790368786e-06
6.521614605094144e-05
3.3022494034510023e-06
3.974574357940609e-05
0.0003537802924332416
2.674544399808671e-06
0.0
0.0005599962334772669
0.32656307506979587
3.76767728462026e-05
0.1944115276178108
0.0006106505572049685
0.0006751812037978423
0.0003576911892587375
3.9369743078647e-05
0.2263132922319146
2.0110876636830014e-05
6.666895399574469e-05
0.00037813335100560306
2.9786038585108435e-05
5.429735029381639e-10
0.0
4.876675390299265
7.493501280926966e-05
0.0012319767324852154
0.0009333891906207461
3.313951899484134e-09
8.514884902371796e-10
1.789632529151366e-05
2.6954754253062734e-05
0.825079041587691
0.000322419603958633
2.760619132981594
1.4047253780691455e-05
3.0876935609619575e-09
0.00019943985585133065
0.0
0.00016077079128818097
0.0019104781798495413
0.0018115258850914815
5.520878334782638e-10
2.5397331364766437e-10
3.1903342630483898e-06
4.983758817531738e-06
1.2200957787243432e-05
0.00028499287153670616
1.4617810651711749e-05
2.4683408187327417e-06
5.646680119512269e-09
7.148096390947097e-05
0.0007545784828538618
0.0
