0.0
0.00039903010206273547
0.0015907612445894687
1.4842398728613856e-08
5.409582932981462e-09
1.1579446323144417e-05
6.174616248850947e-06
7.305392083936151e-06
6.549000591833732e-06
0.2406450790410077
5.748302949244924e-09
5.5891980558926194e-06
1.7523559539874838e-09
3.766595336603071e-06
1.9248466481524331
0.0
1.5775200817448811
4.388126524063367
2.370639520643757
0.6036147063244323
1.585628554592472
2.291382770783907
1.5855474670942522
5.300315940692458
319.9479884850142
3.0738399101262264
45.98360598106985
3.6923744107429024
0.00014685095915211593
0.8520753170339866
0.0
0.8520740983953458
2.4107867794798827e-05
7.915489462144426
7.034923037040781
6.671136595689806
7.035007125175501
20.84103248716997
56.301052525994756
11.660704009866754
268.35412619015034
3.836124355818594e-06
0.801723920847993
1.6863720757962513
0.0002029963280813294
0.0
4.62028349926429
6.0546578671865924e-05
3.4271915303669186e-05
0.000540604990811001
3.621416603090067e-05
0.0001484630485081331
29.499807273316584
4.689723952370003e-09
1.0078006794604955e-09
3.0046823460208757e-09
0.00016887986014288843
0.002620283569591422
0.00020175908400698602
0.252817804105896
0.0
0.00028845111770317317
6.602840376187597e-05
3.4403005572401324e-09
6.995612751750231e-05
5.80209180618279e-05
0.9048314826730536
3.4803606939836676e-09
3.6044667457228586e-09
1.6389019334261741e-09
8.435483268236894e-05
1.6313456171115663
0.11267143539147856
2.380481322905794
0.00022331304744909356
0.0
0.00019439402054176086
1.1499050932086e-07
0.00021911525499759973
0.0001519243997605743
10.667525545441443
0.13632567928967176
3.1703118868576723e-09
0.04953610140163007
1.0313701100526761e-08
0.0030261013572126794
0.23573392191446108
0.0015218726443758431
0.00010928667386908604
0.0004110234670278385
0.0
0.00047431271304867366
0.00011926428994690866
7.898743317548865e-05
1.2512712354706972e-09
2.8017073712411518e-08
1.0884315995110577e-08
0.00010483683618980422
2.5338923727323043e-08
0.003483490692469229
6.145547822394432e-08
0.0009682427999294487
6.106742572241646e-05
0.0003042379834995615
0.0008257978163292575
0.0
6.552862522153484e-05
4.652290452203728e-05
3.1942456217736317e-09
4.402369900371971e-08
10.31802284215702
0.00011931487050747634
0.11728952154647043
0.0005295759142501486
0.666841306768855
0.23060650812396177
0.00010529904110467779
0.00031282971331133365
6.65642892239061e-05
1.5943418664413236e-09
0.0
7.916757748766245e-05
0.20589660854634537
0.00020647217939461144
21.783074335202546
0.6153076066722666
0.0019719818017933073
4.7751509767920636e-05
0.00020387984626390597
0.00040511413515342294
7.039652130875438e-05
0.00028921485703191737
6.589373736558859e-05
0.0008917514362696999
6.980525919424339e-05
0.0
4.664016531720453e-09
1.869517049202172e-09
2.1241853946006646e-09
1.7546840098677943e-09
0.002726614465470674
3.964053528620229e-06
0.001465153690162209
6.890690777944582e-05
5.610749233423082e-06
0.00010428798514494403
5.293408104217702e-06
6.686802774915585e-05
0.000565822674965553
4.2864364155712e-06
0.0
0.0008971379628294801
0.6448764140874825
6.0129490075752406e-05
0.23109951262428638
0.0010232068414246583
0.001081209573618035
0.0005731833050578901
6.291428833882935e-05
0.09909691225083392
3.223429664444436e-05
0.00011368404893863632
0.0006094100910132225
4.7733291821273775e-05
7.355326340244083e-10
0.0
9.972025563632464
0.00011961423038455343
0.001954660409366739
0.0014952368268414055
3.4737563114392494e-08
1.3569633917950517e-09
2.853822751610933e-05
4.3179060277920426e-05
0.7108305693822627
0.0005433246522410543
1.7185650153143532
2.2511471275691386e-05
2.7159993197128496e-09
0.00031953940370014545
0.0
0.00025804771992246346
0.08232718002075637
0.002886580517815578
5.638065001243588e-09
9.700325495270371e-10
5.088875718005032e-06
7.984701791938102e-06
1.9550656550200654e-05
0.00033633411706476975
2.3421292638653854e-05
3.956027585674138e-06
3.0803863691547328e-09
0.00011453177951498063
0.0009018298035860566
0.0
