1.0712472047936452
12.187945723543738
12.27026087011358
12.131142108624212
12.131142108624221
0.4483710833880462
0.0
25.89862256824669
44.06346222821213
44.141010297148696
46.06753255346345
44.83669643991844
26.525308020707417
0.0
41.0017207854054
97.16366376167124
95.65681041891219
100.00000000000001
99.75556530961015
48.286652034194155
0.7418537789029838
48.289025543961316
97.0451618566603
98.70337812394813
100.00000000000001
100.0
66.75028371472274
3.1493910520094417
53.84769435774862
90.92898941029846
91.12182622129353
100.0
100.0
60.15264053585382
2.854920516045393
0.0
0.37715256230348276
0.4334903492420491
0.17570162186349506
2.3131476866410856
4.62629537328217
0.771049128475068
0.0
0.0
0.0
0.0
0.0
0.0
0.0
0.0
12.187945723543738
12.270260870113582
12.131142108624214
12.131142108624214
23.9920299056656
0.0
44.0634622282121
44.141010297148696
46.06753255346346
44.83669643991845
63.9031617082206
0.0
56.868031641085395
55.36117829832636
70.64240487769871
72.49349432944963
98.53230601812022
0.6809618514932482
52.508045474415525
50.036716911822424
57.82956192989576
99.6575548096118
99.51677133165269
0.0
37.17856561755121
37.37140242854617
26.22809067996988
28.216202758945187
100.0
0.05150191242947804
0.37715256230348276
0.433490349242049
0.175701621863495
2.313147686641085
77.00783501077142
0.0
0.0
0.0
0.0
0.0
0.0
0.0
0.0003897723198413593
0.00019488615992067966
0.0006504906053652686
0.008893588456291422
0.0
0.0
5.424672027578325
0.002976388340674583
0.0059527766813491645
0.16087232473225016
1.1123249074780095
5.321073981606994
5.321073981606994
1.762814790535257
0.05378253001919738
0.0
0.0
0.0
5.600497977988165
5.600497977988164
1.9089515336404619
0.09768222515007197
3.2293698105523396
11.253719760488416
0.11486614552075644
1.6895935274890688
1.4862139050234562
0.49445420860931366
0.24593312072443616
5.402087671731623
5.093721987802037
0.648261566915473
1.296523133830946
1.296523133830946
0.43217422531296323
0.6113404857152441
9.952018485942846
13.328788354094984
3.988110353867373
1.176613515992493
0.611340485715244
0.611340485715244
0.12887849188028966
3.826876527798551
3.8268765277985515
0.554989727721037
0.22199586550823291
0.0
0.0
2.5039173536056127
5.295419018085439
3.42604584704281
1.868285382862809
5.293403745185181
3.6392689618530127
0.0
19.463761441053474
50.29885411540314
32.12316477655944
21.692508037385217
51.2676700115307
33.489403636970565
0.0
52.4069491003652
69.38436648618666
69.31116066358169
48.78861621109449
44.02610321320241
43.18376043588288
0.741853778902984
61.34999544941545
86.86196395357483
96.54454819081735
77.99493989180795
72.78386032336616
66.75028371472274
3.1493910520094417
57.11575878009762
61.420414542590144
62.284332514637676
92.98691049837161
70.76339807611225
60.15264053585382
2.854920516045393
1.148733096150164
0.0
0.21930894080500665
0.5230890810971797
0.17168911264668202
0.0
0.7710491284750681
0.0
0.0
0.0
0.0
0.0
0.0
0.0
0.000455604445444589
0.011089410030853135
0.02508992443883452
0.007001414823389164
0.0
3.013706694778932
0.027570695803512894
0.16087232473225013
1.1123249074780095
3.692507826821221
1.2308358309849041
3.0137066618029573
0.0907853340672504
0.0
0.0
0.0
0.0
8.616946630479289
0.0
22.370755993027696
0.0
0.2159923343658373
0.21622504219403413
0.21585050809149214
0.0
0.20337962246561253
0.9064449137989266
9.43802485736928
1.1098245362645391
0.4377342185309783
0.0
0.5375002766463105
0.6619759303318308
0.9530043360096316
0.6167313678591764
0.6167313678591764
0.0
0.0
0.0
0.0
0.0
0.0
0.0
0.0
0.00019488615992067966
0.00019488615992067966
0.00019488615992067966
2.089150102374562
2.089150102374563
0.0
0.002976388340674583
0.14574884335293126
0.1457488433529313
0.0
3.9974293072015645
3.997429307201565
1.1123249074780095
0.05378253001919738
1.9242149422348125
1.9242149422348134
0.744657672922006
0.7602184374902978
0.7602184374902978
0.7602184374902978
0.09768222515007197
0.2033796224656125
0.2658491623432512
0.6104475972551484
1.1487330961501638
1.1487330961501638
0.0
0.24593312072443613
2.959679278627057
2.959679278627057
0.9566272508450611
4.764080884923695
1.8928599388456204
0.0
0.6113404857152441
0.6113404857152439
0.6113404857152439
0.6113404857152439
1.069609671148688
0.6113404857152439
0.6113404857152439
0.12887849188028966
0.5549897277210373
0.5549897277210372
0.5549897277210372
0.22199560281635047
0.0
0.0
