1.0712428937566998
12.18791686816866
12.269770717257101
12.131123990847174
12.131123990847183
0.4755829401781805
0.0
25.899290395941676
44.06941895795518
44.043263910817856
46.65820496072959
45.07703361974301
27.474983595703087
0.0
41.28953847269885
97.24625847537926
100.0
100.00000000000001
100.0
51.06809423272066
0.641241416544096
49.76236339525567
99.99999999999993
100.00000000000001
100.00000000000004
99.99999999999999
61.217955186216855
1.2709022569069104
51.99324187058852
89.7652137573182
92.34592111193649
95.95789953589711
95.22626630062287
62.50399892160916
3.6387067059308533
0.0
0.6487257337940728
0.6487257337940728
0.23051603866480003
2.313147999887408
4.6262959997748165
0.771049296428928
0.0
0.0
0.0
0.0
0.0
0.0
0.0
0.0
12.187916868168658
12.269770717257101
12.131123990847174
12.131123990847183
23.993036031870727
0.0
44.069418957955165
44.043263910817856
46.65820496072959
45.077033619743005
63.86248301220472
0.0
70.17472518397405
65.41763978584926
82.77655616056009
78.26266331955964
97.97443655400221
2.863709297762323
59.14957277415253
57.34147440845477
59.77725652369668
92.75699336656537
99.71726548307564
1.6952528142158485
34.871341852160285
34.22291159852274
36.54211081423607
29.861484592105306
99.99999999999994
0.1747428106747959
3.5095085207024765
3.509508520702473
3.0912988255732
5.173930786795812
40.268777039515186
0.0
0.0
0.0
0.0
0.0
0.0
0.0
0.0003868026242880565
0.00019340131214402826
0.000634583505382104
0.008512508567350922
0.0
0.0
3.6060190121394613
0.002743325130434813
0.005486650260869627
0.0
0.0
0.0
0.0
3.254576722113579
0.05283255720787155
0.0
0.0
0.06452728407680096
1.2260189280742224
1.2260189280742224
3.1978489445731793
0.8998139216480354
3.5817139159715246
19.406632386984324
0.22670469374571953
2.350071623895147
2.350071623895147
1.147965974777706
0.10931373247993091
0.0
0.0020687427341335505
0.012106895913417636
0.3662726359531156
0.3662726359531157
0.13049557798376116
0.5996401027266941
12.118337707412648
15.516359741414547
3.9976621367285863
1.1545853677325884
0.5996401027266941
0.5996401027266941
0.12887845322417452
3.8268765100227253
3.8268765100227236
0.55498988306234
0.22199594318377497
0.0
0.0
2.503920509562163
5.295352269211967
3.4250677641727876
1.8688547105430464
5.291854839883824
3.6113761532490605
0.0
19.463700842372564
50.32207687464886
32.34746343367517
22.743514010613094
51.68800353358257
34.169585554889146
0.0
52.523875014038985
79.94147694159953
69.84790517436544
63.84054547865629
55.53364133252591
51.06809423272066
0.6412414165440964
61.68251924809557
87.0579154966366
100.00000000000003
92.93386250551244
77.36824142908038
63.03384332465462
1.2709022569069106
56.58652684796306
62.79530628330655
62.926383791862655
76.44489627291765
65.53997466574076
62.50399892160916
3.6387067059308533
1.3897505951014018
0.0
0.1562324413243719
0.63577478056717
0.174742810674796
0.0
0.771049296428928
0.33580943623527776
0.0
0.0
0.0
0.0
0.0
0.0
0.00044118219323807564
0.012015394510404747
0.026687599006131053
0.007336550322866265
0.0
2.0033439342510513
0.0
0.02725529638575082
0.3694466929033121
4.7435140161419795
1.5811713179650506
2.003343834041521
0.12892156755493595
0.0
0.7605099567876574
1.9012747062872621
0.633758073840085
1.8080983048664072
0.0
0.0
0.0
0.4060782692712141
0.4060782692712141
0.3856864111366859
0.0
0.08018671288475664
0.4330074334312617
8.688103847939422
3.2580388943605154
1.0860129331250987
0.0
0.2669528852719778
0.4257886438003072
0.3150681998527013
0.06509628678714671
0.06509628678714671
0.0
0.0
0.0
0.0
0.0
0.0
0.0
0.0
0.00019340131214402826
0.00019340131214402826
0.00019340131214402826
2.077762466939698
2.0777624669396957
0.0
0.002743325130434813
0.14661131549923587
0.14661131549923578
0.0
0.0
0.0
0.0
0.05283255720787155
1.8902291863027745
1.8902291863027756
0.12905457178165164
0.0
0.0
0.0
0.8998139216480354
0.22845036270925373
0.27095773187624406
0.7226214457225257
1.3897505951014018
1.3897505951014018
0.0
0.10931373247993091
3.7166674132636475
3.7166674132636466
0.02509551411388883
9.871820882975824
2.6537730051309376
0.0
0.5996401027266941
0.599640102726694
0.599640102726694
0.599640102726694
1.1335458732706496
0.599640102726694
0.599640102726694
0.12887845322417452
0.55498988306234
0.55498988306234
0.55498988306234
0.2219958342439532
0.0
0.0
