0.0
0.00039703333145737184
0.001584549666635432
1.114110646973907
1.758049401563194e-08
1.157990719550989e-05
6.186933625670192e-06
7.4866329102888905e-06
6.567299420356318e-06
0.8689228565218725
0.7260470513343166
5.609829368759748e-06
4.995352400830413e-09
3.5595641296702804e-06
1.2031920277645702
0.0
0.8674788074066084
2.037405170340752
0.6017278759201026
7.967057523133953e-05
0.3446014463152495
1.813666549300535
0.34460987959820977
3.577993053872752
280.8493080448164
7.7391514030049375
102.76865504385854
0.9801658930855284
0.00014847612891281164
1.0182424323421202
0.0
1.0182420492354605
0.39121593306608105
9.743434532023223
9.066895237334364
3.779410852361761
9.066889867297295
14.825829630499385
113.28973186787495
10.662026450324142
210.77213954813013
1.4876455919993437
0.3127854569854817
0.8793617971704604
0.0002060003125347352
0.0
2.7856181743781345
6.0245864281022594e-05
3.4291789323343836e-05
0.0005370722149951252
3.623708180295222e-05
0.00014154896196202275
17.824998741252216
2.4136855316091222e-09
2.1136999137786157e-09
2.226406697296273e-09
0.0001701343037217852
0.0026053463050246164
0.00020443439963868779
0.09014202031471538
0.0
0.0002877592452137824
0.0015748398682689875
5.375153967858974e-10
6.990931024460526e-05
5.664629365369253e-05
2.9494304075026145e-09
4.615965669906343e-10
2.622308488662297e-09
2.1180995549324613e-09
8.489778766247383e-05
0.45374355769252195
0.0018778121017734796
1.3807213817159976
0.0006803367044253882
0.0
0.0004885284340189396
0.000399007965357207
0.0004497507002421006
0.00019085212710675674
2.895689319750703
0.00015990095142170695
1.6476935557457773e-09
7.907627631045512e-05
2.0279676939412736e-08
0.005845903326390424
1.1810807818083189e-07
3.412531689522595e-08
0.00010516092027650737
0.0008858539481573206
0.0
0.0006394830801089732
0.00010110284044055083
7.86298853562516e-05
3.5104550368719124e-09
8.362898561347925e-05
1.8142575213404359e-09
9.351823549942009e-05
2.5128611059436935e-08
0.002857004700851354
1.5687986672713018e-08
0.0009394378204061191
5.9494552687430154e-05
0.0004399703788290929
0.0008178445362234803
0.0
0.08421346173236502
4.655067948182678e-05
1.046370508045931e-09
0.00012908741297685034
10.590403965909442
0.00011057016135546433
0.09106107430844426
0.0005285296173102466
0.6162027484707681
1.4395198581807949
0.00010405955017688434
0.000316986264028286
6.632122394998625e-05
2.150930213181431e-09
0.0
7.8911326049261e-05
7.543629084136302e-08
0.00020569414217781078
19.41545890128982
0.8015079218702806
0.19811135980459268
0.22204367295785796
0.00020540881354598906
0.0004035065157703098
7.04601000769269e-05
0.0002885685696159922
6.583884857617968e-05
0.0008867654633139099
6.975801469615752e-05
0.0
3.983879298750493e-09
4.232822886114348e-09
2.3527050513692154e-09
2.2119393827910243e-09
0.0026971662826424255
3.967904653810006e-06
0.0014588878217552028
6.867817787370007e-05
5.608431333555996e-06
0.00010453998326898386
5.285007810423884e-06
5.8099006776810044e-05
0.0006023183775425167
4.280207764421987e-06
0.0
0.000892792195539816
0.6505685780532406
5.67575091037054e-05
0.0014696765392122157
0.0009775822013764397
0.0010770481347565741
0.0005716817857368869
6.205824023503298e-05
0.0003414981419823406
3.218816282218638e-05
9.496783767955314e-05
0.0005329599334930868
4.7652003535185664e-05
3.297579527611826e-09
0.0
10.627766384635263
0.00011101561741701664
0.0029236748756762544
0.0014858368189927655
7.621133947818461e-09
8.460952042846177e-10
2.7827246306039393e-05
4.306627498323483e-05
9.217331273237908e-05
0.0005104578590181321
1.6255176510646479
2.2466233492025476e-05
9.172381164881872e-10
0.0005023525328830492
0.0
0.00026604302603935176
0.0029780370334310654
0.0028901351750993624
1.2681372243519003e-09
1.0322141496072712e-09
4.955790316317044e-06
7.968671293435289e-06
1.9499051291423576e-05
0.00043109923000423636
2.3366384514011912e-05
3.950673573366262e-06
1.0265888391817464e-09
0.00024667265305145387
0.001202009596028604
0.0
