1.0712353160922512
12.187868862544198
12.268999327088295
12.122562226665133
12.122562226665133
0.4738330447117971
0.0
25.899536400368085
44.07161398847648
44.045596566370165
46.60985887598414
45.054569754187185
26.907515991796874
0.0
36.01877942934742
94.394700446261
94.9900040155515
100.00000000000004
99.99999999999999
56.32926495266456
3.1043316003274684
47.982957126115416
99.99999999999997
100.0
100.0
100.00000000000001
69.04894827670502
3.383333045716304
54.92089668774566
90.77021003617178
95.88615994641759
100.0
99.90084174436076
61.704341665217754
3.2614313299393043
0.15910144121517641
0.5284903913721057
0.5284903913721056
0.22113719485570735
2.313148121471326
4.626296242942653
0.7710493659438198
0.0
0.0
0.0
0.0
0.0
0.0
0.0
0.0
12.1878688625442
12.268999327088299
12.122562226665137
12.122562226665138
23.99146108749676
0.0
44.07161398847648
44.04559656637016
46.60985887598414
45.05456975418719
63.89373783430206
6.208663200654937
64.47087394173244
62.01022206736023
77.15500893618841
84.60147119226113
99.33322540222701
1.336367752429841
53.968005940475244
52.50303531571302
59.22860884601271
70.84121771814897
98.14951138826638
0.0
33.217073539046744
38.33302344929261
23.166423760244847
59.72200016520283
100.0
0.01333058751622229
3.205927284622479
3.2059272846224784
2.89857408810608
4.990585014721697
55.08177603291117
0.0
0.0
0.0
0.0
0.0
0.0
0.0
0.0004775923113466772
0.0002387961556733386
0.0002387961556733386
0.007823224556090662
0.0
0.0
3.3319815602872223
0.054004574632681365
0.05400457463268135
0.09908038882232272
1.0264318325578328
5.863141536911051
5.863141536911053
2.7969182517767344
0.05376117334388939
0.0
0.0
0.17067468965691587
3.2428192073472832
3.242819207347284
4.0021258853684465
0.35971748746762344
12.891531012612058
8.291863002033672
0.18055911537005592
1.6284538040940673
1.6284538040940673
0.5962575915310695
0.29339815115072215
3.9925859961772128
3.52917825953768
1.3155065431289972
1.1077955695590982
0.8789284571968083
0.0
0.20596728059556663
4.358338594515507
4.358338594515509
2.7937216431864984
1.2051348164923856
0.43823080917280377
0.10955769373511189
0.1288784303072243
3.826876513327058
3.826876513327059
0.5549899621230368
0.22199598394443049
0.0
0.0
2.5039254556984805
5.2952447093742006
3.4235288901884453
1.8694311642476724
5.245563645756975
3.605690727476296
0.0
19.463678504777754
50.33015469944597
32.429639332659356
22.66586729235984
51.608713932438754
33.64735704812113
0.0
49.28528845363998
82.1006251831713
71.3035374123459
62.647303338039414
56.67314838248254
56.32926495266456
3.1043316003274684
60.78890863828541
90.08152213254752
99.99999999999997
84.4031317736536
79.32119449208113
69.1981197709392
3.383333045716304
57.676724171470134
57.66265329099792
73.36376438146907
100.00000000000001
61.196385871472465
60.62070255090065
3.1316421116031052
2.5371552583386867
0.0
0.20516776779822923
4.415274094849916
1.2826540321484192
1.0836391143170936
0.9008385842800196
0.0
0.0
0.0
0.0
0.0
0.0
0.0
0.0028454703873988076
0.010313088209351548
0.029198987243203363
0.011331470795293636
0.0037768882546926003
0.6211948333519142
0.0028454703873988076
0.03061978908349855
0.3294304527287645
4.665867210155065
1.5552890351018338
1.8653482736875433
0.09962075608619436
0.0
0.0
0.0
0.0
1.4649706179013267
0.0
13.600503810390387
0.0
0.08015949431068932
0.08015949431068932
0.05362955888620894
0.0
0.0
0.0
0.5343205844129492
0.0031117677281993434
0.0010329259330907835
0.0
0.46340773663953294
0.5591528266553218
0.7643205944535509
0.46340773663953294
0.9268154732790659
0.0
0.0
0.0
0.0
0.0
0.0
0.0
0.0
0.0002387961556733386
0.0002387961556733386
0.0002387961556733386
2.0740788293304147
2.0740788293304138
0.0
0.054004574632681365
0.19705702485362392
0.19705702485362409
0.05400457463268136
0.2988106636452659
0.2988106636452659
0.2988106636452659
0.05376117334388939
1.9159423417225958
1.9159423417225967
0.34134937479766253
0.5483914648850765
0.5483914648850765
0.0
0.35971748746762344
0.0
0.03385476831916428
0.575532111781648
3.2191445180218388
2.5371552583386867
0.0
0.29339815115072215
5.982951570935259
5.9829515709352545
1.77891427976853
0.6502979458622665
0.1144334870207299
0.0
0.2059672805955666
2.7937216431864997
2.7937216431864984
2.7937216431864984
1.2051348122288972
0.43823082045324885
0.10955769373511189
0.12887843030722426
0.5549899621230366
0.5549899621230368
0.5549899621230368
0.22199596524929455
0.0
0.0
