1.0712426883644397
12.187914248579053
12.26970501400245
12.132385515850295
12.132385515850286
0.44699758867467937
0.0
25.898808294922873
44.06510879875273
44.16127053082811
46.078565058993256
44.84078077561538
26.472041486239185
0.0
41.98769038862307
98.00872585900103
97.03117988257986
100.0
100.0
47.02204893141538
0.5183757417341932
50.20314556433341
99.67211426914166
100.00000000000003
100.0
98.91442467303477
69.81472103257137
3.6191296234907813
53.765590491188235
90.63849064860328
90.98359131825744
100.0
99.99999999999999
73.39507555645704
4.825120881934641
0.0
1.9398291872980389
1.9398291872980387
1.5364798766077674
3.6253079122819543
4.626296027000976
0.7710493055947345
0.0
0.0
0.0
0.0
0.0
0.0
0.0
0.0
12.187914248579053
12.26970501400245
12.132385515850295
12.132385515850283
23.99097590562182
0.0
44.065108798752725
44.16127053082811
46.07856505899326
44.84078077561538
63.90645090680698
0.0
56.634689491087514
55.65714351466635
73.41863439154974
86.71391300933512
99.66411859988276
7.551455593696218
64.67073271975372
63.977579911729386
50.17878439942234
100.0
98.53862644262836
0.0
36.97896778608492
37.324068455738974
13.633358407975146
48.96413064814894
69.1922420580222
0.22572858632440054
1.939829187298039
1.9398291872980389
1.5364798766077676
3.6253079122819543
80.64342426920167
0.0
0.0
0.0
0.0
0.0
0.0
0.0
0.00042325767348920973
0.00021162883674460487
0.0006791583353564094
0.00895471194564717
0.0
0.0
3.5191654961609973
0.004087347649778307
0.0
0.1434829919551077
0.9920847665451291
4.531052461337002
4.531052461337002
2.670494626348509
0.053859230180066255
0.0
0.0
0.023579041250970195
0.0
0.0
3.509676575061754
0.027973238197594674
0.9510939196853733
1.4635898980203197
0.5124959783349461
0.12461424326368536
0.12461424326368536
0.04147941867887703
0.20662442785485846
2.7908056104562795
2.3585888173158436
0.9460309430000136
0.5444154222036603
0.5444154222036607
0.1814717345968823
0.1749250571636005
0.6653170816476358
3.9322840748799224
3.932284074879922
0.991639490232968
0.3605960204720209
0.09014895333497774
0.12887844053355968
3.8268765223297856
3.826876522329786
0.5549899161736669
0.22199596652882908
0.0
0.0
2.503920941519329
5.295344218445229
3.4249365099996245
1.8678806448492025
5.293052003130235
3.6407154010804708
0.0
19.46374466430806
50.30544088813709
32.185287431322244
21.713352775804626
51.26895861131072
33.43440946267089
0.0
52.807499228360065
68.85530677144564
67.97059440541126
48.1853270465179
47.022048931415384
47.022048931415384
0.5183757417341932
61.88360955826084
81.14850886291849
69.67039620346047
79.68331671487603
78.56640417474355
71.41672977071471
3.995372630139771
57.56336845219492
61.72027562002226
59.82953774878182
88.35859065728246
84.90173692874295
71.79306681831373
4.448877875285651
1.1840998974404486
0.0
0.18248635118574552
0.6743684464167118
0.2257285863244004
0.0
0.7710493055947345
0.0
0.0
0.0
0.0
0.0
0.0
0.0
0.0004675294986118045
0.01093445100458039
0.027505503204594047
0.009942849042285736
0.003314012873134471
1.9550919485454308
0.02459461706310224
0.1434829919551077
0.9920847665451291
3.7133527066670693
1.2377841988846923
1.9550919074552915
0.0877019958170211
0.0
0.0
0.0
0.0
2.325576680368869
0.0
26.730331847100704
0.0
1.567738863311865
0.5225501322875504
0.35874632296326353
0.0
0.0
0.0
6.170014886263382
1.199201182336168
0.3997335216871909
0.0
0.4322167931404399
0.5538743997647886
0.7363607509505341
0.4322167931404399
0.4322167931404399
0.0
0.0
0.0
0.0
0.0
0.0
0.0
0.0
0.00021162883674460487
0.00021162883674460487
0.00021162883674460487
2.085821440923362
2.085821440923363
0.0
0.004087347649778307
0.14614993501044996
0.14614993501045
0.0
3.9160776590653823
3.9160776590653823
0.9920847665451291
0.053859230180066255
1.9269629038178486
1.9269629038178486
0.047153589653043816
1.1270119600022783
1.1270119600022785
0.0
0.027973238197594674
0.0
0.0
0.0
1.3156898036790563
1.3156898036790563
0.0
0.20662442785485843
4.23443536001079
4.234435360010789
0.0
2.261449317444547
1.048947695834322
0.0
0.1749250571636005
5.282133536196079
5.282133536196071
0.6653170816476363
0.9916392604601947
0.3605959688491226
0.09014895333497773
0.12887844053355968
0.5549899161736669
0.5549899161736669
0.5549899161736669
0.2219958960358196
0.0
0.0
