1.0712496559019837
12.187957707185369
12.270392263806738
12.131068963039823
12.131068963039828
0.4484324365090535
0.0
25.89828951427005
44.06047739190015
44.10423409149302
46.07813453298065
44.84063937052585
26.477268548747364
0.0
40.45726768416943
97.05601782836861
95.42065878511447
100.00000000000003
100.00000000000001
46.25450491874092
0.40874969449218723
48.3701838041325
96.72202025010678
100.0
99.99999999999999
99.320186486091
58.53366134076167
1.3947235318439333
45.60134219923804
85.38551417260341
87.01607995866364
100.0
100.0
62.9564847037651
4.226346069468275
0.0
0.7754604699030339
0.775460469903034
0.20715302277743303
2.3131480693960844
4.626296138792169
0.7710493365008346
0.0
0.0
0.0
0.0
0.0
0.0
0.0
0.0
12.187957707185369
12.27039226380674
12.131068963039825
12.131068963039835
23.99202968014475
0.0
44.060477391900115
44.10423409149302
46.07813453298065
44.84063937052586
63.90614305261825
0.0
57.35588129684661
55.72052225359247
73.18646909338531
70.46062550617256
98.6417425748712
8.429637001132352
68.86407289935579
65.46371149963312
55.76691337218358
99.41710551210925
98.14480773326471
9.469204226251188
36.89460762370898
38.52517340976924
21.42736190229374
30.920846064928355
99.99999999999999
0.1652232958459212
3.536680741688748
3.536680741688749
2.9683732945631482
5.074368341181802
39.93348034310527
0.0
0.0
0.0
0.0
0.0
0.0
0.0
0.00041376394919429596
0.00020688197459714798
0.0006786840326273186
0.009084636927106293
0.0
0.0
5.8872925659969475
0.003017741160800174
0.006035482321600348
0.1868242168999529
1.2917579651034445
6.985314909930075
6.985314909930074
3.327710679880603
0.05385202603149384
0.0
0.0
0.0
0.0
0.0
3.157569493615983
0.04900282085164995
1.676780170316844
2.4130924774633553
0.7459117170004561
2.184272350653294
2.1842723506532944
1.6796548618415674
0.08653424961006305
0.0
0.028365946815288697
0.056731893630577394
0.2526976894655816
0.2526976894655816
0.056731893630577394
1.3669072900243167
9.57631067779528
11.606394948968239
3.39699156119727
1.366907290024317
1.366907290024317
1.366907290024317
0.1288784368967674
3.8268765124854487
3.826876512485449
0.5549899310093849
0.2219959651895319
0.0
0.0
2.5039165396963723
5.295441268118178
3.426308462794487
1.868013147050649
5.293295351847934
3.6393334654096714
0.0
19.463791754346026
50.28720073085933
32.010688352732906
21.712485437322524
51.26919932268735
33.439557409770586
0.0
52.18576500125851
70.03589634909657
74.47076676699952
49.650200222726475
45.16727749105899
44.49742577249246
0.4087496944921872
61.493379089225954
86.06423279985812
73.92928527572846
81.06348154976894
71.44409596769601
59.66294103670818
1.3947235318439335
53.68531411710735
71.43902821276552
63.882520005575984
67.38244581341992
63.71167327892755
62.956484703765106
4.226346069468275
0.8469121653416728
0.0
0.16291561255828682
0.5795292332650689
0.16522329584592113
0.0
0.7710493365008346
1.1258005877619726
0.0
0.0
0.0
0.0
0.0
0.0
0.00047180205803017063
0.011113999011456528
0.0247927317701406
0.006839726132015256
0.0
3.270718094258146
0.0320244639867556
0.18682421689995288
1.2917579651034445
3.712485402184184
1.2374951131925118
3.2707180747723514
0.08799065150738913
0.0
0.0
0.0
0.0
2.5449410807553994
0.0
9.37040747994505
0.02943048217282268
0.5444218626979154
0.19104206940501245
0.21575473554924107
0.0
0.053932717347768666
0.29593682598373094
0.8028806891662755
0.3010802189089478
0.10036001525086632
0.008428842987046848
0.09844636480112655
0.19619579067768841
0.35911140323597546
0.09844636480112656
0.03281515649510385
0.0
0.0
0.0
0.0
0.0
0.0
0.0
0.0
0.00020688197459714798
0.00020688197459714798
0.00020688197459714798
2.0948704259318456
2.0948704259318456
0.0
0.003017741160800174
0.14574755417196222
0.1457475541719622
0.0
3.929674595354364
3.929674595354364
1.2917579651034443
0.05385202603149384
1.9267056990918858
1.9267056990918856
0.0
0.0
0.0
0.0
0.04900282085164995
0.0
0.018386895343210564
0.31269180820843584
1.1978069809702807
1.1978069809702807
0.350894815628608
0.08653424961006305
2.9421649118667705
2.942164911866769
0.0
10.595004814013155
1.1258005877619726
0.0
1.3669072900243167
1.3669072900243169
1.3669072900243169
1.3669072900243169
1.7812131085793923
1.3669072900243169
1.3669072900243169
0.1288784368967674
0.5549899310093845
0.5549899310093849
0.5549899310093849
0.22199591863716006
0.0
0.0
