0.0
11.466516557819817
11.46651655781982
11.466547644534879
11.466547644534876
23.999771513570085
0.0
41.973397683553266
46.250921823163964
45.827085296042355
45.92826908074661
63.63452126020894
0.0
99.99999999999989
99.99999999999976
99.99999999999991
99.77358095625365
99.99999999999996
0.0
76.75220381633932
76.16140461339164
85.66077048501064
99.99999999999996
100.0
0.0
59.95846739530479
59.971052692381235
60.35857939770446
70.00380175744957
100.00000000000001
0.0
3.4651489009437952
3.4651489009437952
3.4651489009437957
3.4651489009437957
30.47823720949229
0.0
0.0
0.0
0.0
0.0
0.0
0.0
0.0
0.0
0.0
0.0
0.0
0.0
0.0
0.0
0.800337997365865
0.0
0.0
0.9129431249569907
0.0
0.0
0.0
0.0
0.0
0.9129431253021494
0.6699926285567954
0.0
0.5813986941288537
8.091111644515827
2.5922979002643327
0.8640992953308546
0.0
0.09806272194299465
0.09806272194299465
0.09806272194299465
0.09806272194299465
0.09806272194299465
0.0
0.0
0.0
0.0
0.0
0.0
0.0
0.0
0.0
0.0
0.0
0.0
0.0
0.26665945265467794
12.799836691617303
12.799836691617305
12.799878140570716
12.799878140570712
0.26665427153550186
0.0
24.061457412556553
46.25092182316384
41.97339768355325
41.58478387869509
41.673319690311324
23.9670675108494
0.10118378470444707
44.63372368098265
65.21350669956102
65.21350669956108
68.90117448080963
77.86732824362744
33.72252448215667
0.27376942855318315
58.02652886215556
87.35824673423609
87.03610281050109
70.94893648594818
72.02017148515156
40.82567367567519
0.0
52.3395712862136
65.10957915809513
65.12396235475434
70.64361131234149
58.20337731214608
59.666898386112344
1.5466092251707435
0.0
3.4651489009437957
3.4651489009437957
3.899832810625708
3.899832810625708
0.0
0.0
0.0
0.0
0.0
0.0
0.0
0.0
0.0
0.0
0.0
0.0
0.0
0.0
0.0
0.0
0.0
0.0
0.0
0.9146719969895598
0.0
0.0
0.9129431275810843
0.0
0.0
0.0
0.0
0.0
0.0
1.060973138808131
0.0
1.4437059892420456
14.390347805120562
0.6644556504329759
1.245854344561829
1.245854344561829
1.245854344561829
0.0
0.0
0.0
0.0
0.0
0.0
0.0
0.0
0.4040127974307398
4.474954442213571
4.07094164478283
0.8806916811830098
0.32189329990507043
0.08498831848859313
0.8060901355343072
1.5114190041268247
1.5114190041268247
0.0
0.0
0.0
0.0
3.733232337165491
3.733232337165491
3.733232337165491
3.733159801497025
3.733159801497027
3.733159801497027
0.0
36.0921861188348
36.092186118834796
36.092186118834796
35.66602187179282
35.666021871792815
35.666021871792815
0.0885358116163912
53.38973698966319
62.24382344147401
52.436688517710024
43.21869171929785
39.05713577523643
49.7770180385711
0.23954824998403523
61.42542629324483
77.24664003622173
66.59899363391709
63.50818262715515
60.19389698085748
61.2385104623729
0.0
58.358306025075535
58.10394218425217
62.64227796634544
60.16345216845578
57.36844052843154
52.2085360878483
1.3532830720244005
0.2585470814933045
0.11051706810385836
0.43468390968191256
0.0
0.0
0.0
0.0
0.0
0.0
0.0
0.0
0.0
0.0
0.0
0.0
0.0
0.0
0.0
0.0
0.0
0.0
0.0
0.0
0.0
0.0
4.305645349744191
4.305645349744188
0.7117324932390656
0.0
0.0
0.0
0.0
2.5830899963221903
2.5830899963221836
0.0
0.0
0.0
0.0
0.0
4.543806344887983
2.072420187452246
0.0
0.0
0.0
0.0
0.0
2.687740382476399
0.46279157468923104
0.0
0.0
3.641030920409873
3.641030920409885
0.0
0.8753799392064665
0.3165815581790251
0.07436477867751899
0.7053288685925188
0.0
0.0
0.0
0.0
0.0
0.0
