0.0
11.466465770372729
11.466465770372723
11.46650737352845
11.466507373528444
23.999694205940994
0.0
46.25109454345519
46.251094543455196
45.82663535455692
45.92796778865831
63.633984298063275
0.0
100.00000000000011
100.00000000000007
100.00000000000007
99.8492598450115
100.0
0.0
76.74766533643658
76.15583354597531
85.63122989823214
100.00000000000003
99.99999999999999
0.0
59.96029185437043
59.97214741396498
60.35650054695557
70.00257186002972
100.0
0.0
3.4659486705896447
3.4659486705896447
3.4659486705896447
3.4659486705896447
30.43764123390565
0.0
0.0
0.0
0.0
0.0
0.0
0.0
0.0
0.0
0.0
0.0
0.0
0.0
0.0
0.0
0.8015138771413008
0.0
0.0
0.9131798007319057
0.0
0.0
0.0
0.0
0.0
0.9131798013474618
0.6723118207944181
0.0
0.5819000142203465
8.099900568628616
2.595113764982577
0.865037913132004
0.0
0.0972671138409535
0.0972671138409535
0.0972671138409535
0.0972671138409535
0.0972671138409535
0.0
0.0
0.0
0.0
0.0
0.0
0.0
0.0
0.0
0.0
0.0
0.0
0.0
0.2666570112819327
12.799781438960911
12.799781438960904
12.799836909835207
12.799836909835197
0.26665007742264557
0.0
24.0615477007768
41.97355445682185
41.97355445682185
41.58436973468604
41.67303561452475
23.96701910511939
0.101332434101171
44.628950883283395
65.23068740726785
65.23068740726787
68.88864383061579
77.56505968072118
33.53910398493301
0.2807582224256478
58.02308253657459
87.35721411154671
87.03586609822452
70.92640140289602
71.9557188575921
40.75839327337248
0.0
52.33833646455
65.11076321801936
65.12431242898515
70.6415589314534
58.202911034734306
59.667242717205674
1.546724001272027
0.0
3.4659486705896447
3.4659486705896447
3.900643786288887
3.900643786288887
0.0
0.0
0.0
0.0
0.0
0.0
0.0
0.0
0.0
0.0
0.0
0.0
0.0
0.0
0.0
0.0
0.0
0.0
0.0
0.9160158595900579
0.0
0.0
0.9131798054289452
0.0
0.0
0.0
0.0
0.0
0.0
1.0617723428293573
0.0
1.4805609845925287
14.425004258287473
0.6650285876803961
1.2469286019007426
1.2469286019007426
1.2469286019007426
0.0
0.0
0.0
0.0
0.0
0.0
0.0
0.0
0.4071614733559864
4.47810310687309
4.070941633517104
0.8806916578768552
0.32189325920173234
0.08498829863991249
0.8058100046442926
1.5108937587080495
1.5108937587080495
0.0
0.0
0.0
0.0
3.7331981579470574
3.7331981579470574
3.7331981579470574
3.733101083917039
3.7331010839170373
3.7331010839170373
0.0
36.09232155116518
36.09232155116516
36.09232155116516
35.66553118676953
35.665531186769535
35.665531186769535
0.08866587983852463
53.388424250074166
62.23130950070097
52.422050430134604
43.21551391018675
39.05791170620238
49.814901205670466
0.24566344462244183
61.4242462811326
77.25105094245848
66.60160764471797
63.516019352806445
60.188411107110994
61.137589814372554
0.0
58.356385892957505
58.10196001257995
62.64190834520004
60.1599502258783
57.36737364300058
52.20883737755496
1.3533835011130235
0.25900563322075326
0.11041309194067757
0.43469511569924224
0.0
0.0
0.0
0.0
0.0
0.0
0.0
0.0
0.0
0.0
0.0
0.0
0.0
0.0
0.0
0.0
0.0
0.0
0.0
0.0
0.0
0.0
4.311971190157585
4.3119711901575855
0.7109020705658109
0.0
0.0
0.0
0.0
2.58183981280634
2.581839812806346
0.0
0.0
0.0
0.0
0.0
4.565513808354597
2.08029557792106
0.0
0.0
0.0
0.0
0.0
2.6862291410793877
0.4625867705777354
0.0
0.0
3.6408851313880706
3.6408851313880817
0.0
0.8753799392029196
0.3165815409758268
0.07436476130992342
0.7050837540637565
0.0
0.0
0.0
0.0
0.0
0.0
