0.0
0.00031363981103771886
0.001251491172195513
3.399404517347535e-08
1.1212626912434961e-08
9.143718283536122e-06
4.886209687212905e-06
5.912454743136072e-06
5.186715272792757e-06
0.8238048358259602
4.771178254093946e-08
4.42414176394045e-06
1.3514055235847415e-09
2.808430674729492e-06
0.9952950537773775
0.0
0.4976614594621171
3.7352887830722423
0.4977517303454089
6.296955713758399e-05
0.45677574520982495
2.0254933226700134
0.4567837557164396
3.704324764472495
280.08328264267925
6.92524841132729
102.89818248266218
1.0735675589966927
0.00011725459280410512
1.0354827340676493
0.0
1.0354825171061386
0.009025797028553618
8.863170032999703
7.982506133092151
3.689024893238177
7.982500554986786
16.605873115392985
115.97388869600579
11.35252837637099
209.01215255300406
1.1938322426300414
0.5980919227133047
1.1936466196591082
0.00016271832791000574
0.0
2.6051695165436985
4.758778372808169e-05
2.709433455083309e-05
0.0004241802778286204
2.863077153921012e-05
0.00011182911171986969
18.473187003042533
1.3965432562268986e-09
1.4876259356389672e-09
1.6403805561516325e-09
0.00013437884611348108
0.0020577780936087936
0.00016120884176489464
0.14821265918878526
0.0
0.00022719738921364498
0.0012441943730376044
3.0976220724262093e-10
5.523571738730096e-05
4.47585277037122e-05
1.8023723841037523e-09
2.7607894277217627e-10
4.084817670520795e-09
1.6735568442829126e-09
6.708327127066099e-05
0.4907251006550096
0.15484063631407805
1.616910041287174
0.0005357274251056323
0.0
0.0003859547481429799
0.00031511321957316423
0.00035547636556806553
0.00015078503135922805
1.1794771648605593
0.00012630962847854987
1.1915031490783773e-09
6.241470669710123e-05
1.0040384378518838e-08
0.0034139693667119397
0.12073246651524586
9.06277669403476e-09
8.297877635625189e-05
0.0005320486587458325
0.0
0.00036141217367289933
7.981377350162547e-05
6.212183368914964e-05
1.816220186737887e-09
6.601315925581255e-05
1.2738925561701305e-09
7.380653524768758e-05
9.264782714655935e-07
0.002238177650619494
9.095986995534151e-09
0.0007420664812720272
4.734531667610056e-05
0.0003765968748100315
0.0006457693338822866
0.0
4.543830824083854e-05
3.677319850313696e-05
6.44657402649125e-10
0.00010188710875879146
10.4046271463709
8.727099486882015e-05
0.0007736786898122928
0.0004174500791706054
0.5627174113369386
1.4470048262597976
8.218432081747253e-05
0.0002504039034390147
5.239703003996869e-05
1.5544177705927385e-09
0.0
6.234338199353092e-05
4.4352156118993434e-08
0.0001624601484002481
19.970140872718403
0.8769933868347115
0.0015501386653297726
3.777817391488742e-05
0.0001623418242849758
0.0003187363344955358
0.41357047347863646
0.00022783039200518959
5.202077173657144e-05
0.0007003406442349666
5.5116343884444363e-05
0.0
2.6415248958737598e-09
3.441530950605811e-09
2.6197916068867863e-09
1.7465070544580859e-09
0.0021304581295051124
3.1337685353955194e-06
0.0011523219258361777
5.424459412194052e-05
4.4301389417400636e-06
8.255420672954088e-05
4.175642385660242e-06
4.666965726121999e-05
0.00047466741864478736
3.3792461336513503e-06
0.0
0.0007052921316293279
0.648858821985546
4.478378621765778e-05
0.11330993263469687
0.0007628455977365558
0.0008505683412408164
0.0004515361405456671
4.899810360914033e-05
0.00028583748928018846
2.5432269544173124e-05
7.661029271268489e-05
0.000420490974096681
3.763959911664469e-05
1.0984895673833043e-08
0.0
10.248502545630458
8.761971467096267e-05
0.002304674766568176
0.001173517206583242
4.413251937325012e-09
5.564634528045309e-10
2.196198962591765e-05
3.402875618700343e-05
7.282026141941515e-05
0.0004100558086758712
1.6921629275804653
1.7747295808051873e-05
4.954541379358359e-10
0.00039680503915283155
0.0
0.0002102626645509871
0.0023504125419856444
0.0022696838538325066
7.353501467348001e-10
7.028354603553914e-10
3.909714662763545e-06
6.295058971885499e-06
1.540195198330329e-05
0.0003642541705129651
1.845601781469953e-05
3.1199127740141077e-06
5.620875429739183e-10
0.0001944389802073274
0.0009492371566165573
0.0
