0.0
0.00031164050137543
0.00124310002100256
0.0013231790664576745
1.0484172042208309e-08
9.077254917054934e-06
4.849998421236383e-06
5.868688947741425e-06
5.148194779638658e-06
4.145357452301747e-06
2.1817918131304962e-09
4.389865135866737e-06
4.841506426820806e-10
2.789422771554705e-06
1.8287816739622271
0.0
1.8287611423034902
3.4595144352926246
0.914494454528864
0.6500721254869642
1.0483176854977259
1.8714334551757767
1.0483415048532305
2.470466872552744
333.52891980539806
2.8043672975240383e-05
46.92749527525845
1.0863430746981566
0.00011651420611006649
0.6896986983187917
0.0
0.6896985585386305
0.4359720535758109
8.820928163886679
9.216050107060674
3.726747239639717
5.903198545384969
20.455482666374863
54.320914464899076
19.834543342784194
264.15610505624977
1.8129278506747917
0.8636626033303467
1.7249879813386684
0.00022185968991620728
0.0
5.4895555326797005
4.7271206213730765e-05
2.6906658380647353e-05
0.029532867237482673
4.31196365691172
0.00011109544476454978
10.656332445507813
1.0213628167038005e-09
2.694769562442376
1.3296436934050878e-09
0.00013342295834508665
0.002166229229737142
0.0001525434540652555
0.18907946818955726
0.0
0.00022533668611525562
5.177273299234416e-05
3.954994886843574e-10
5.484526684142877e-05
4.444132678410347e-05
2.9616135872812614e-09
3.2853883152028284e-10
1.9060468752521938e-08
6.466781926936346e-09
6.65976907047279e-05
0.00023105380351037867
0.001417075900418183
3.9581680995119335
0.0005486111620425249
0.0
0.0003831715269682932
0.00031300298808556286
0.00035294263769241924
0.00014973528353154358
5.137494865759095
0.00012536833804623962
1.3573910111041155e-09
6.203137984938123e-05
7.52687615079787e-09
0.0045889717482837725
1.2257547545781856e-08
7.456828930222858e-10
8.233232764026743e-05
0.0006950663061717765
0.0
0.0004999684130094521
7.915058285376997e-05
6.165981144924807e-05
8.738232278127166e-10
6.559934795080321e-05
1.1688707912213718e-09
7.331130958146968e-05
1.2796537047340764e-08
0.0022415908104166764
9.213102500979391e-09
0.0007372010593467039
4.657261579015228e-05
0.00034513161200397434
0.0006416478945591762
0.0
0.1083902965098994
3.649440884056478e-05
6.79118028957266e-10
0.00010125774632759965
10.987065826480361
8.673612785738868e-05
0.0007686332437622177
0.0004146691759311403
1.3540069648007453
1.7178103784564724
8.156454480677084e-05
0.0002484671105069447
5.2019755283254157e-05
1.3651411147480207e-09
0.0
6.187901074621838e-05
4.5036095678215695e-08
0.00016131946637742772
19.183602493934043
0.7036986575389033
0.0011648434307045582
3.74903395192311e-05
0.0001538639637223283
0.00031651163015785613
5.5216518489938404e-05
0.00022593814201810454
0.0014679309646417154
0.0006974207187082206
5.4726738279500974e-05
0.0
1.3164541002954904
1.622400666890034e-08
3.3964666954773984e-10
6.505031337089633e-09
0.002116406804028487
3.1099178058498482e-06
0.0011447989861469543
5.3885482348948906e-05
4.396167473000999e-06
8.199118541102251e-05
4.147599320236526e-06
4.5573336503989914e-05
0.00047185908225552036
3.3524136557147996e-06
0.0
0.0007004510888547365
0.6697100561205873
4.4519160652961215e-05
0.10073522639664706
0.0007672115286235009
0.0008448098482229877
0.00044856488890159435
4.8624011054601835e-05
0.00026739293341238957
2.524589245206995e-05
7.449720098339318e-05
0.000418258634565284
3.7349797071717065e-05
3.7729302155879765e-09
0.0
10.951152397679374
8.708610434247643e-05
0.002294046384656923
0.0011658002854388577
4.471172867526197e-09
3.820811006979896e-10
2.178282481966089e-05
3.37745152796769e-05
7.230963238979103e-05
0.0004004650370824786
1.4449627823345026
1.760992192825021e-05
6.066656261710857e-10
0.00039387163733011914
0.0
0.0002087150995039976
0.0023366065055891753
0.0022678886922882897
7.451671565062161e-10
3.87754620296995e-10
3.877888666419174e-06
6.249077825153464e-06
1.5300513630723673e-05
0.00033780779731143766
1.8334248287964506e-05
3.094865407113674e-06
6.856710779114675e-10
0.00019346268451289562
0.0009430500380975217
0.0
