0.0
11.466515583126164
11.466515583126158
11.466546903605186
11.466546903605186
23.999770091995416
0.0
46.225063193087614
46.225063193087664
45.894431574797046
45.97336425487353
63.71489282922601
0.0
94.9763104491698
99.99999999999997
100.00000000000003
99.98900612573144
100.0
0.0
74.79300858805475
97.60703386389997
100.00000000000016
99.99999999999999
100.0
0.7782965952951539
63.5688770943632
63.82940886948449
68.79891388379039
73.36728731102235
99.99999999999997
0.0
0.2720314175292474
0.33985049812706464
0.26379235851456373
3.1501198101304553
28.920363592197802
0.0
0.0
0.0
0.0
0.0
0.0
0.0
0.0
0.0
0.0
0.0
0.0
0.0
0.0
0.0
0.6243375905239783
0.0
0.0
0.7534013616110196
0.0
0.0
0.0
0.0
0.0
0.753401360144647
0.6528052209868475
0.0
0.25929132520543796
6.499598082148304
2.370019186575338
0.7900063916329214
0.0
0.08548353882788941
0.08548353882788941
0.08548353882788941
0.08548353882788941
0.08548353882788941
0.0
0.0
0.03523065924948466
0.07266311636273132
0.0
0.0
0.0
0.0
0.0
0.0
0.0
0.0
0.0
0.26665941408716287
12.799835621758854
12.799835621758852
12.799877382397556
12.799877382397554
0.26665419400732504
0.0
24.0479424561424
41.949926697460626
41.949926697460626
41.64677205284865
41.715838147915576
23.974309573563037
0.07893268007645955
43.15872741737937
74.63370172397414
61.47057037639044
52.60305991716105
65.13242474489944
34.23048576307622
0.3323750431308135
52.36220123310403
80.6330373742447
66.47078581112537
73.7125534181974
69.37078957189779
47.11254734500361
0.0
51.62171485898331
63.194409936131734
63.44966267112213
62.76737496977306
61.10709869649799
58.532543846423046
1.1684910042233165
4.1151286763893875
4.341651688537475
4.3562385672593065
4.3508058430012735
4.5569720895452654
3.1651569988004002
0.5626945744592692
0.0
0.0
0.0
0.0
0.0
0.0
0.0
0.0
0.0
0.0
0.0
0.0
0.0
0.0
0.0
0.0
0.0
0.7135286748845467
0.0
0.0
4.987239466319261
0.0
0.0
0.0
0.0
0.0
0.0
0.4905881242771588
0.0
1.6534657475776922
1.6534657475776968
0.296332943091929
0.5556242682973668
0.5883794747665034
0.5883794747665038
0.0
0.0
0.0
0.0
0.08539511513450398
0.08539511513450392
0.0
0.0
2.155279098820942
4.070941644344113
4.070941644344116
0.8806916841120636
0.32189330118009774
0.08498831888439096
0.0716345364999831
2.283351279320284
2.283351279320287
0.0
0.0
0.0
0.0
3.73323179722028
3.73323179722028
3.73323179722028
3.7331587161025497
3.7331587161025492
3.7331587161025492
0.0
36.07191368421356
36.071913684213534
36.071913684213534
35.7394661976295
35.7394661976295
35.7394661976295
0.0690660950669021
52.72096005974581
68.71644376625801
55.736696237953566
42.39310499852384
38.89871324804596
49.34359691654401
0.29082816273946177
66.0213252746331
75.30989311398584
70.00106598005745
60.929078862931185
56.277189027780054
55.74987094421516
0.0
59.00927637294655
58.9030108550939
59.677716077945654
57.35554156172369
56.10161691921414
51.21597586562017
1.022429628695402
0.030917399587847297
0.0
0.07266311636273112
0.03523065924948463
0.03523065924948463
0.0
0.49235775265186055
0.032755206469136995
0.0
0.0
0.0
0.0
0.0
0.0
0.0
0.0
0.0
0.0
0.0
0.0
0.0
0.0
0.0
0.0
0.0
3.3588011323640146
3.3588011323640163
0.0
0.0
0.0
0.0
0.1235737047548266
1.9225112804298734
1.9225112804298743
0.0
0.0
0.0
0.0
0.0
4.002692924790338
1.6985768723263788
0.0
0.0
0.0
0.0
0.007761936222744685
1.631701047393873
0.4585728905679179
0.0
0.0
4.128310793254368
4.128310793254369
0.0
0.8753799353682679
0.31658155598901555
0.07436477902384209
0.06268021943748525
0.0
0.0
0.0
0.0
0.0
0.0
