0.0
0.0005516903321863383
0.00220164769957098
1.9028704334953133e-07
4.07770984453592e-08
1.611418546552239e-05
8.609346108078848e-06
1.0445655305513977e-05
9.139525168719162e-06
0.48455429961781615
1.6335885370637238e-07
7.801651217497974e-06
4.925151444221519e-09
5.004485416290969e-06
0.0005224007108437319
0.0
0.00026805062259551153
3.937672780177108
0.00024008065574422852
10.437896884421654
0.21604360147241625
1.810348486462833
0.3183690139204969
3.9265412092426617
277.34172219502017
8.751250870226647
102.74000516130526
0.9624652039861591
0.0002068336709741163
0.9425767130086785
0.0
0.9425760148844503
3.3504262918830014e-05
8.725379575548754
7.851151255126779
3.631980938441602
8.008239526596245
16.335912429070184
118.38771166912562
9.839496684735014
209.94797054006122
1.461369300332037
0.6262868532859442
1.2481128104382078
0.0002859487165290075
0.0
2.403176887881218
8.380837234835868e-05
4.770549764452184e-05
0.000746168899209961
5.041808381962448e-05
0.00019865690816630736
18.279047360257074
5.0606134918107405e-09
5.334410532441408e-09
5.911152654028671e-09
0.00042739037300516103
0.003371403137197114
0.0004952896458337209
0.11690107087074673
0.0
0.00039966300169581317
9.18149771020556e-05
1.0384045527347315e-09
9.72305377121452e-05
7.920438686431495e-05
7.029732620582333e-09
9.222376994848023e-10
9.492330784566166e-09
6.049275007651414e-09
0.000251477817176426
0.9062777469506199
0.12890657152671733
1.5502408853427043
0.0009456979623429963
0.0
0.0006771931964130516
0.0005298648967374925
0.0006274099927057312
0.0002673959771240915
1.4438002080373071
0.00022197264664828626
3.670337846041238e-09
0.00011158012960210825
8.594781208264167e-05
0.005937775128413718
0.14010985851930177
1.5892628641092327e-08
0.00013888779728336986
0.0009357196634520919
0.0
0.0006725093404950825
0.000133258664989888
0.00010488010173529829
8.618463674450807e-09
0.0001252461100179195
4.123378949895065e-09
0.00013138117512712796
5.181935892133142e-05
0.004119972631214117
3.2893852778901563e-08
0.0012819959044282048
7.782797655596852e-05
0.00037115097799712414
0.0011389546357278707
0.0
0.07075027395683658
6.152904785714429e-05
2.144418580719665e-09
0.00019353371758544776
10.827115377062276
0.00015583614530125946
0.0013605147712943944
0.0007364433883533789
0.5743168693938041
1.4424925030155733
0.00014250455637349142
0.0004412400965632504
9.226170809666529e-05
5.036191512013827e-09
0.0
0.00010538799707905026
1.5441991560201698e-07
0.0002862054574328256
20.040666584021494
0.9323380410180728
0.0026555190705603365
6.65881168624218e-05
0.0006604833627311398
0.0005607996626073102
0.801366531695598
0.0004996031818266896
9.156641252476943e-05
0.001232029059484388
9.702517014741787e-05
0.0
9.230627593428492e-09
8.69950087056794e-09
7.45876891230742e-09
6.196245160739957e-09
0.0037445147497823785
5.519686691886131e-06
0.0020270405009153373
9.545458241491276e-05
7.804745027443398e-06
0.00014512259926861113
7.352315630092612e-06
8.595348450076448e-05
0.0008364380281306516
5.764214502325334e-06
0.0
0.001240702163108756
0.6611949156651831
7.97099428939098e-05
0.04495769342470704
0.0014162607767831852
0.0014965968471192556
0.0007946939709723794
8.480251302831997e-05
0.0003738018927277053
4.4785347683117545e-05
0.0001428739667717519
0.000745067725237639
6.409761329147009e-05
8.622050676800064e-09
0.0
10.80819641287918
0.0001565319641956604
0.0019804468265721444
0.0020555549213922717
1.6432908606212305e-08
1.6005084817149073e-09
0.059078257742319104
6.030502410664565e-05
0.00012813901815493663
0.0004949275411957326
1.8968882794485484
3.0369314224152313e-05
1.886237289341252e-09
0.00045409251716884525
0.0
0.00027913870171598096
0.004107007283307097
0.003992390331430144
2.7187564950725475e-09
1.946900933674003e-09
6.662439231553752e-06
1.1173610892302476e-05
2.7146955517047888e-05
0.0006592508653892045
3.2592375693393105e-05
5.334513797719906e-06
2.111262898578175e-09
0.0003686293461963914
0.0016691821239476039
0.0
