0.0
0.0002981014022870596
0.06859174307399046
2.459091351231645e-08
4.585151016296798e-09
8.644069309711203e-06
4.6276529375853925e-06
5.596150188748762e-06
4.9109366118763485e-06
3.9557634133077275e-06
4.275439830342
4.19767901466595e-06
0.9058551045033556
0.0453182527063752
3.621491433566468
0.0
5.227076211040394
8.974169831918054
3.6215612497174376
0.7685006463291864
2.488349959215714
5.1705102452227
2.4798920351926252
4.392986453896272
264.20951325205755
6.9791445046986285
86.79876855377762
2.29268920530034
0.5301324291875174
1.2837398026448381
0.0
0.8958709248226261
0.971592216952421
9.94624223520894
8.900994760225585
8.466577873820158
8.90945496317405
23.01626330055679
82.51828663763214
16.50014159897778
219.25187735119997
0.04760613821214256
0.442847251267818
1.4131474759754215
3.415603528814004e-09
0.0
3.393097554200941
4.548092300025032e-05
2.5818960322717197e-05
0.1250652982010808
2.729411315022524e-05
0.00010672418857738712
31.20414705874569
7.403123019255898e-10
0.2838594781742531
1.3325968931515926e-09
0.00012825402396465855
0.00171304454557699
3.988640566176173e-09
0.09585828058658687
0.0
0.00021699185517413402
4.9646820630630315e-05
2.42970382342068e-10
5.258662486569818e-05
4.258505649567501e-05
8.4558836290007
2.1143152419084588e-10
3.036959780812752e-09
3.066811103186388e-09
6.375989185759817e-05
2.7605831958109732
0.9527665853920112
1.20528598699467
0.000552533489999356
0.0
0.0003665109123369226
0.00029946380885602597
0.00033717655969307185
0.00014312762100960604
4.552591869234503
0.00048758607487960385
9.441400606679211e-10
5.933644757267616e-05
3.7973797271613434e-09
0.003611627105298608
1.2823263552077113e-09
4.5435141753605747e-10
7.903876236566319e-05
0.0005677254501225838
0.0
0.0005334638632677382
7.590914965869525e-05
5.900524004724432e-05
6.994025989063858e-10
6.276064181612499e-05
7.265526226026502e-10
0.051852492125230666
3.6224475863081654e-09
0.0025049275108167037
4.429228430878222e-09
0.0007047457912077169
4.470066335068443e-05
0.000330234794186691
0.0006137168590148285
0.0
4.32241365844526e-05
3.493629190857712e-05
4.734086680320038e-10
9.689394875505821e-05
3.399668982160671
8.298747890112719e-05
0.0007205722273940964
0.0003964549397400194
4.898044181948594e-09
1.5285058175673207
7.805507506649097e-05
0.0002584123903194832
4.970011245731533e-05
1.526768727292833e-09
0.0
5.9217798773022754e-05
3.7818616128342134e-08
0.00015432199414791567
37.27577035249403
0.678798369346802
0.0015304671082399925
3.5914849394182724e-05
5.026907838862702e-09
0.00030425283368588923
5.296141836660138e-05
0.00021758818052371073
4.953122660929765e-05
0.0007008107307860906
5.248063960130056e-05
0.0
1.4989105729392131
3.764485913311706e-09
3.2839020571273133e-09
3.5130596108545177e-09
0.0020326181998228266
2.9728510965600294e-06
0.001094619074821536
5.1529439731799795e-05
4.202711072543945e-06
7.838916479220623e-05
3.963317559576044e-06
4.360474462964585e-05
0.00043775149860220597
3.209957585511974e-06
0.0
0.0006702541737353175
0.21247929147170302
4.259281320903913e-05
0.2775460819550921
0.3764937010578149
0.0008080200211695779
0.00042898236053380806
4.658081299801022e-05
0.00025625328911270146
1.0781411696188496
7.127510519586414e-05
0.0004159758515203196
3.576587450769272e-05
9.170917909490655
0.0
2.2664459987365815
8.332155690199053e-05
0.0013801478103941784
0.0011147206348297656
3.773546685453128e-10
0.5207935666337034
2.090600663540768e-05
3.232915150348312e-05
6.917283208853113e-05
0.00038302732778236286
3.99215538848519
1.6862728790011005e-05
2.619187007785343
0.00037699814477858867
0.0
0.00019965212853672286
0.0022342892648347357
0.0010686904208675433
6.289324644819949e-11
2.846542120972958e-10
3.7225816149277537e-06
5.980927536017978e-06
1.462878639353643e-05
0.0001890966674530308
1.752988114967599e-05
2.963700356063486e-06
0.4132039212741977
0.0001851464992274858
0.0006728045943100975
0.0
