1.0712361463170617
12.187873959850913
12.269078305677965
12.122663475222712
12.122663475222714
0.4772608155446107
0.0
25.899324530081238
44.069720479709275
44.218067527468264
46.344431934939166
44.94682502097702
26.525321157397574
0.0
38.445375884327404
99.81958758641797
98.98835318545777
100.00000000000004
100.00000000000003
46.21701997149468
2.6735701939539176
53.85862877665907
97.57818944670038
99.99999999999997
99.99999999999996
99.68475678029668
58.850739971471135
3.3274793109384886
46.98844054039994
99.33382386245445
86.48950828343938
99.99999999999999
98.21136759259285
61.54443227959112
3.0477704243195376
0.0
0.5349059648458256
0.6152820720441305
0.2674529847450821
2.3131480868185577
4.626296173637115
0.7710493466048277
0.0
0.0
0.0
0.0
0.0
0.0
0.0
0.0
12.187873959850915
12.269078305677962
12.122663475222708
12.122663475222703
23.991568148584978
0.0
44.0697204797093
44.218067527468264
46.34443193493916
44.94682502097702
63.909476893985584
7.901148390830121
60.398856156920154
58.9532178478395
76.01352640841637
82.4873723983984
98.54482213825005
0.0
69.54710406363785
66.50571799599803
50.61201300425415
67.19989849690347
99.99999999999996
6.401510867593682
24.03428733507075
36.270766153006505
21.12000576954196
40.097804855674795
100.0
0.06292976731390061
3.2873711127871976
3.3677472199855054
3.0199181326864544
5.065613234759929
38.45044996920032
0.0
0.0
0.0
0.0
0.0
0.0
0.0
0.0
0.0
0.0
0.007465843501775152
0.0
0.0
4.098370864192959
0.05299046291426872
0.052990462914268725
0.09418313042827549
0.6956243646836299
1.7721809138887832
1.7721809138887834
5.489261909318915
0.054111579510906845
0.0
0.0
0.0
0.0
0.0
1.977839178507333
0.0
0.0
6.637486667567373
0.4680298420472067
2.627738333438452
2.627738333438452
2.5399519812238154
0.1610170887900845
2.9092133159768254
2.747221601468576
0.9422299221171713
0.8887303672656748
0.7507798170089262
0.3858865260048736
0.13067822122710554
3.926711725383855
7.376884808788034
3.966520223523393
1.063820617118154
0.3989326568881216
0.13297749386301266
0.128878431767172
3.8268765178447617
3.826876517844761
0.5549899520267325
0.22199597966802592
0.0
0.0
2.5039249507446177
5.2952558442676025
3.423686388249685
1.8692362040511958
5.246227134837476
3.603640125861072
0.0
19.463697761675174
50.32277201417277
32.358322439503674
22.192820739286667
51.4239164584314
33.384155751564485
0.0
51.368433954020645
73.92750395661412
61.004445888892654
52.26576659327777
47.12093488745275
46.21701997149468
2.6735701939539176
63.8400634740425
77.37140459529324
68.08658186916166
72.7879184197211
64.34507598660694
58.85073997147112
3.3274793109384886
55.429214119219694
71.78247336601694
66.33009011393548
70.5359010559611
64.48005035725225
61.54443227959112
3.047770424319538
0.10526596861140174
0.10629321276993123
0.1062932127699313
0.7170917786129699
0.18218581841148307
0.0
0.7710493466048278
2.277753775704051
0.0
0.0
0.0
0.0
0.0
0.0
0.0028095856756387588
0.010433581711212394
0.029019238549229484
0.011151470293043971
0.0037170887981106187
2.23707037054594
0.0028095856756387588
0.026465264639743347
0.37543181522313973
4.1928207411416745
1.397606909888756
2.9537564500000006
0.08486533932928535
0.0
0.0
0.0
0.0
2.595864667843992
0.0
0.0
0.2621982055197645
10.731916486073056
2.289074045636365
1.3728858213481139
0.01179272888860651
0.13760554417748183
1.2963436268465058
3.356202558916236
1.2585759497103348
0.4195253038586747
0.02608446199062017
0.31415449245374594
0.3355880964686182
0.4302766417864334
0.32398342901650207
0.32398342901650207
0.0
0.0
0.0
0.0
0.0
0.0
0.0
0.0
0.0
0.0
0.0
2.0769290781134004
2.0769290781134027
0.0
0.05299046291426872
0.1961763971028695
0.1961763971028695
0.05299046291426872
2.095383959356581
2.095383959356581
0.0
0.054111579510906845
1.929126193875812
1.9291261938758117
0.0
2.535505465278672
2.535505465278672
0.0
0.0
0.0
0.04824172478945088
0.8201103626074228
0.36746417413116633
0.36746417413116633
0.2621982055197646
0.1610170887900845
2.5653674888870763
2.565367488887074
0.9112783736229856
7.546214055555863
2.277753775704051
0.0
0.13067822122710557
0.5163471401192206
0.5163471401192204
0.5163471401192204
0.997331836176524
0.3324439148709937
0.0
0.128878431767172
0.5549899520267323
0.5549899520267324
0.5549899520267324
0.22199595486113005
0.0
0.0
