0.0
1.1678561207278039e-07
1.9858417205454022e-06
2.293551840304738
5.688312834979e-08
5.17699010283556e-08
5.0505567331382946e-08
5.2069871828169574e-08
5.2674115415709635e-08
9.980766495901194e-08
0.3762616768591085
5.8494335567386315e-08
5.6352049813309e-08
4.913989117984899e-08
6.575968807285284
0.0
4.485008216014128
7.855731950385908
4.158883214155306
1.5368104788225005e-06
8.687497959773571
19.822493701199292
1.1020616142608874
3.180728905440039
185.48436561900186
5.6047724654018465
149.50125456186265
10.254558551950213
5.807231858553116e-08
3.1421462380139094
0.0
2.5129159955887834
0.032597951353811536
11.434682232490058
13.203126808127806
11.363858876724194
14.520916540057726
46.79124925868469
11.094509939989402
26.535434073846574
213.15806044295442
5.459829219271272
3.512441394966846e-08
0.951335468329434
3.116955310670388e-08
0.0
6.504979280431705
4.830261551363524e-07
1.001208752238603
6.461145267944784
1.0385905614719704
9.134784720962884e-09
72.71301857663249
0.3402341137800524
7.329957247100388
3.415927913866196e-07
6.336353430900688e-08
0.0006363488973592261
6.265194465118057e-08
0.22906636480031184
0.0
0.00046476168749826324
0.0014162905866342845
0.054701040452329805
1.61490327392139e-06
1.057786879607102e-08
0.056202570676675286
7.803380505622447e-07
0.042286198375557235
5.460043472868188e-07
5.78002543217315e-08
1.8792355718531049
2.8235817224554673e-06
0.252955027179412
2.2339199911315507e-06
0.0
1.205442837387387e-06
0.042603713921951586
2.353453404595297e-06
7.22947820878483e-09
9.406288869923152
2.0710060833135016e-06
0.03647429263712598
2.2261237126158376e-07
3.4723126149471e-08
0.6776086920713784
2.123199431256887e-07
1.5137283127503627e-07
1.2089960839926027e-07
4.583395831860593e-07
0.0
2.2799197359806816e-08
0.04066719553460071
7.1591475975641025e-09
2.865759388624259e-08
3.1872144928125515e-08
38.07177575354174
5.503773360511905e-07
5.1037006270327406e-08
3.3156404418630594e-06
1.3220376409033186e-08
2.092513561973644e-06
2.518939689947351e-07
0.00011098284043286381
3.089098714192374e-06
0.0
0.12286139018868081
8.181078411210717e-09
3.535192653199643e-08
3.724774437365149e-08
4.52106731032034
6.132113771378293e-07
7.003613426870948e-08
0.7309326028220476
1.1284508525327041e-07
0.007878454233835158
0.16234437064613189
0.00012227230837232408
0.11623082203246655
2.0819564798195744e-07
0.0
7.362403155033702e-09
13.31840767729917
0.0001463177048546854
2.761136713878653e-07
2.913554079169903e-07
0.028465875061161078
0.5405398798338475
5.399156192315501e-08
0.00039447897041585637
0.0577902523624957
1.5050307051285922e-06
8.290024138881079e-07
0.07607507574246034
1.61146846290375e-06
0.0
38.34854821485301
7.790911760846925e-07
0.05313332270934964
3.824151845090983e-07
0.0043351712782440325
1.7629370136873573e-06
2.3906823942775907e-08
0.0004405093644201272
4.4195550733497774e-07
1.163604671224989e-06
1.227721481124022e-07
1.452510080490104e-05
0.0010612637250953505
7.321372437422677e-09
0.0
0.0014027093092443272
0.08384074203075828
5.538495564088684e-07
3.216619058146963e-07
0.009074253904931601
0.01756181449102171
1.9783831796118878e-06
0.009074723321725004
3.2095789352828345e-06
0.1402880941004175
0.012016289603394827
9.968988423014438e-06
5.797904845223355e-09
56.16483481110469
0.0
1.4962918137658858
5.740475746391811e-07
0.20186572346708415
0.23772007530178846
8.221144378888488e-08
6.013712558550118e-08
1.7683278858868541e-07
7.844430210552583e-05
4.366942879882791
0.0002575702429423917
0.7551269223264152
7.308303226807025e-09
2.031270896491798e-08
0.00026217548258047234
0.0
0.0008941299930535077
0.07387374929179112
0.08394147469568658
1.1316110091884973e-07
0.0003885802261202946
7.631572581068225e-07
1.4076195679330977e-05
0.2112715286035483
8.407822439569215e-06
0.0973698252109821
8.354826885738846e-09
0.005484153165074822
2.0423213097876473e-05
0.0010900164610118219
0.0
