0.0
11.466513759827043
11.466513759827048
11.466545035859085
11.466545035859086
23.999766499407237
0.0
46.199520654813405
46.19952065481347
45.960954662279796
46.0179082422715
63.79428198306737
13.00749392474906
94.20847302226616
99.99999999999996
99.99999999999996
99.99999999999993
100.00000000000004
0.0
91.60850102652964
99.99999999999997
99.99999999999994
99.99999999999997
100.00000000000003
1.899128043524184
63.14575942857578
65.85538605950589
60.66474685619446
72.55533098983126
99.99999999999999
0.0
1.119643814072804
1.2368350237338703
1.4868266688194511
1.3696354591583921
28.279513594529035
0.0
0.0
0.0
0.0
0.0
0.0
0.0
0.0
0.0
0.0
0.0
0.0
0.0
0.0
0.0
0.4504884574233847
0.0
0.0
2.6440567681019385
0.0
0.0
0.0
2.086869443709693
0.0
2.7759062970714727
0.42606305922415033
0.0
1.189983081587843
7.2358672058324025
2.143754298620643
1.177571385580737
0.0
0.0
0.0
0.0
0.0
0.0
0.0
0.0
0.03188892523542271
0.12755509368865647
0.0
0.0
0.0
0.0
0.0
0.0
0.0
0.0
0.0
0.266659215474381
12.799833764974473
12.799833764974478
12.799875466350526
12.799875466350526
0.2666540028023745
0.0
24.03459268954522
41.9267426160583
41.92674261605836
41.708002530075305
41.75783691256805
23.981463171772354
0.056953579991811054
34.432328575368395
84.26935291879846
52.145136075317254
46.75388131911275
74.63974989306561
39.336789251031256
0.23902622247300181
64.71965979750449
66.64475462458101
71.37247953574446
59.02814857092517
55.97914350078724
48.141758250432204
0.661043588607141
50.238590714324296
60.97949941717129
67.08387933477616
72.94462683214068
58.87700539777417
55.760473461552394
0.7449937847187456
0.0
8.337471891951898
8.345842692641977
8.27908562860427
8.270714827914194
1.184590541613425
0.5340565123016208
0.0
0.0
0.0
0.0
0.0
0.0
0.0
0.0
0.0
0.0
0.0
0.0
0.0
0.12327278931759195
0.0
0.0
0.0
0.514843951341011
0.11678615418873575
0.11678615418873577
2.711886452963595
0.0
0.0
0.0
0.18603248240027342
0.0
5.330138333292454
3.2342024587251914
0.0
3.081042908223282
3.721620427970775
1.235569060541397
2.1875555258116726
2.1875555258116726
1.5469780060641973
0.0
9.829125339004749
0.0
0.0
0.18243612576097648
0.18243612576097684
0.0
0.0
0.0
4.070941645288164
4.0709416452881655
0.8806916858233034
0.3218933043656367
0.08498832078119302
1.3252527688068907
2.4848489415129147
2.4848489415129147
0.0
0.0
0.0
0.0
3.733229016641335
3.733229016641335
3.733229016641335
3.7331560392332435
3.7331560392332417
3.7331560392332417
0.0
36.051889034317824
36.051889034317796
36.051889034317796
35.81201281393155
35.81201281393155
35.81201281393155
0.04983438249283467
51.965287702372976
68.31561491259069
55.533918118813745
50.1183185541993
46.60954871181487
53.426557828403446
0.2091479446638766
53.84749205000323
70.38955563248388
58.90962985585432
61.04572583614888
57.79924495115039
55.01915228620823
0.5784131400312483
56.79905326072278
64.62221927848375
60.63931571567165
58.772253923536944
58.597945342731684
51.62302577746064
0.6518695616289026
0.438540736191338
0.0
0.09566616845323356
1.353817761843913
1.3538177618439144
1.3538177618439144
0.46729944826391817
0.0
0.0
0.0
0.0
0.0
0.0
0.0
0.0
0.0
0.0
0.0
0.0
0.0
1.2580055335165936
0.0
0.0
0.0
0.0
2.4235303508356076
2.423530350835607
2.086869443709693
0.0
0.0
0.0
0.0
2.9165139950836783
2.9165139950836934
0.0
0.0
0.0
0.0
0.0
2.5055037095783286
2.5055037095783286
0.23799661631756883
0.0
0.0
0.0
0.0
1.9108895945136595
0.07775838501466135
0.0
0.0
3.9243423644034867
3.9243423644034814
0.0
0.8753799356547415
0.31658155755101575
0.0743647806835439
1.159596172706029
0.0
0.0
0.0
0.0
0.0
0.0
