0.0
11.466527841391587
11.466527841391578
11.466556617739815
11.466556617739808
23.99978874069419
0.0
48.04169816327269
46.216771422042655
45.91602672858822
45.98782441573615
63.740664648335084
0.0
90.10007464441934
99.99999999999999
99.99999999999994
99.75809879232874
100.0
0.0
87.01647025782384
87.59211784522634
85.06970307188129
100.0
100.0
0.0
67.8801013929605
69.42107573429298
59.81571710277319
75.80580659876166
100.00000000000003
0.0
0.4501556283706883
0.5045564639889937
0.3677043657091051
3.247824792352739
22.677636149632576
0.0
0.0
0.0
0.0
0.0
0.0
0.0
0.0
0.0
0.0
0.0
0.0
0.0
0.0
0.0
0.56790155790499
0.0
0.0
0.6669907774420727
0.0
0.0
0.0
0.0
0.09559441431674834
0.6772081774672432
0.5173950933481622
0.0
0.2976438046336603
7.289137344970131
2.7501374064368678
0.9167124667751109
0.0
0.04810981167225275
0.04810981167225275
0.04810981167225275
0.04810981167225275
0.04810981167225275
0.0
0.0
0.028260159483876366
0.05828645317872905
0.0
0.0
0.0
0.0
0.0
0.0
0.0
0.0
0.0
0.2666600014738913
12.799848959905937
12.799848959905928
12.799887328370245
12.799887328370236
0.26665520541585214
0.0
24.043608774033274
40.11747380143451
41.9424005426644
41.66664908536588
41.729472061620314
23.976631829021425
0.07179768714794423
46.200017148871666
73.32893842362039
63.76246490029838
67.12063178022872
74.55564765769581
37.111092024845206
0.4074557420114294
60.22239309396393
76.25848897270116
76.87928376920792
71.29861695082585
72.09952882359502
40.22774850614112
0.0
56.6368274575455
59.7019047425782
61.52801220613495
66.29531470668033
55.70038281256339
59.080186882236156
1.3510387241871764
3.9075092791113133
4.019786691756521
4.293351341822716
4.283576191945583
4.489299079562989
3.1441299238520886
0.5589564287148495
0.0
0.0
0.0
0.0
0.0
0.0
0.0
0.0
0.0
0.0
0.0
0.0
0.0
5.608431345562515
0.0
0.0
0.0
0.6490303518914169
0.3334518322587583
0.0
5.466731470941455
0.0
0.0
0.0
0.0
0.0
0.03823776571685131
1.332463159932653
0.0
2.1110270393464665
14.643821876336514
0.2604383290544528
0.5580821336881131
0.5580821336881131
0.5580821336881131
0.0
0.1604167794249669
0.0
0.0
0.15127641434908756
0.15127641434908762
0.0
0.0
0.3880667372417529
4.459008386072195
4.070941648830438
0.8806916920864091
0.3218933163494825
0.08498832635297006
0.0711586506977274
2.2681822971735794
2.268182297173577
0.0
0.0
0.0
0.0
3.7332400206344776
3.7332400206344776
3.7332400206344776
3.7331728758219294
3.733172875821929
3.733172875821929
0.0
36.06541316105001
36.06541316104991
36.06541316104991
35.76301674842855
35.763016748428534
35.763016748428534
0.0628229762544512
49.57904773715851
69.99065455672262
55.330261916625176
45.93962724609953
42.31110913170903
50.58943072811681
0.35652377426000076
64.27514571746794
73.78375244104502
67.97737882310719
66.02870774939252
61.0530728420098
60.34162276223214
0.0
54.729638650855655
58.00043870764558
53.4802591715612
57.23924217438382
56.222579676059915
51.69516352195664
1.1821588836637793
0.6552549396991659
0.0
0.058286453178729276
0.028260159483876366
0.028260159483876366
0.0
0.4890868751254933
0.0
0.0
0.0
0.0
0.0
0.0
0.0
0.0
0.0
0.0
0.0
0.0
0.0
0.0
0.0
0.0
0.0
0.0
3.055187516040931
3.05518751604093
0.29283870586172356
0.0
0.0
0.0
0.11602418286392288
2.0652306500732878
2.06523065007329
0.0
0.0
0.0
0.0
0.0
3.3075631095507028
3.3075631095507028
0.0
0.0
0.0
0.0
0.013752223126178072
0.787636598150165
0.2204259769631481
0.0
0.0
3.8894370018387563
3.889437001838767
0.0
0.8753799366272939
0.3165815632907647
0.0743647855588488
0.0622638193605114
0.0
0.0
0.0
0.0
0.0
0.0
