1.0712452994855406
12.187931031576184
12.269978307267843
12.132638141111789
12.132638141111798
0.45491923881907886
0.0
25.898658213673116
44.06377457556541
44.14484711278548
46.14084123621067
44.86614787925095
26.577033177793634
0.0
39.13262308280832
94.25149189979712
93.33391388278284
100.0
100.0
52.23091265336919
2.1092663935555853
52.60550756471452
98.72232611274939
100.0
100.0
97.08983684482034
65.0970648133276
4.731700316701874
53.9854529668272
90.72134870260544
92.89974417707768
99.99999999999997
100.0
77.0906537144469
4.86243468209898
0.0
1.9607233265179
1.9607233265179003
1.5477015362386095
3.6290481572338127
4.626295621445361
0.7710491925703569
0.0
0.0
0.0
0.0
0.0
0.0
0.0
0.0
12.187931031576188
12.269978307267841
12.13263814111179
12.132638141111801
23.990344855725485
0.0
44.063774575565425
44.144847112785484
46.14084123621066
44.86614787925095
63.901884566954195
2.43281274729473
54.412832636696464
53.49525461968221
74.28001907017821
79.61082097355796
99.6923108685594
2.391054711621416
64.66900853828365
68.26585299006179
51.36579036688417
100.00000000000003
98.03100059895266
0.0
36.84744795542398
39.02584342989618
9.047035935082235
40.8922515409424
80.51700660630188
0.23139242751187647
1.9607233265178998
1.9607233265179003
1.5477015362386095
3.629048157233813
68.60081504067207
0.0
0.0
0.0
0.0
0.0
0.0
0.0
0.00040675527464103275
0.00020337763732051638
0.0006726720141336525
0.009057797844304888
0.0
0.0
3.303281577656933
0.004645817908870659
0.0
0.15971840200005016
1.9401891217094225
7.3991053082112845
7.399105308211284
3.32140385357798
0.05385255436247296
0.0
0.0
0.0
0.0
0.0
3.858784979160326
0.13322465904921804
4.715752062760519
5.23321176449687
0.5174597017363529
0.0
0.0
0.0
0.10334667130206815
0.0
0.002144593301890931
0.012561886181611973
0.4141285955507507
0.41412859555075054
0.09131322148310869
0.169078378473313
0.4069247449459498
4.133808395020696
4.133808395020696
0.9935835784781858
0.3697684455150442
0.23145175363622683
0.12887845432992934
3.8268765417922292
3.8268765417922324
0.5549898347974995
0.22199593238449244
0.0
0.0
2.5039191807439027
5.2953812913890745
3.4254808681297932
1.8677449879132455
5.257380892136493
3.6281180865035334
0.0
19.46375823915536
50.30025906379827
32.135084869931184
21.824079909726272
51.31391337346003
33.51094942035502
0.0
51.64762807619726
71.08147513478396
77.14572770977581
60.46564374020384
53.215081191975926
52.2309126533692
2.1092663935555853
63.03681635134721
79.41693200033207
69.38023654502356
80.19955755906257
76.57699523129756
65.28788615943856
4.731700316701874
58.38117553720758
60.294532317099936
57.37461024188862
87.53709238235069
86.2108031505758
76.89983236833592
4.86243468209898
1.6880484940788785
0.06775719629983862
0.26728826990166915
0.6949945920050933
0.23139242751187647
0.0
0.7710491925703569
0.0
0.0
0.0
0.0
0.0
0.0
0.0
0.0004692943768131362
0.010093973003666091
0.026482985092986137
0.00983392112148569
0.0032771584698674163
0.17647083617280515
0.023489555353649175
0.13705851458301155
1.0043168087321492
3.824079749369952
1.2746931633001908
1.8351559429596116
0.09198286130799686
0.0
0.0
0.0
0.0
2.6666666295663504
0.0
13.672522490101597
0.0
1.9467408787709155
0.6745931336336171
0.22486414492769893
0.0
0.0
0.0
3.500709494707161
1.192625363402755
0.22885605424942762
0.04971948835976439
0.2900366973385347
0.40975643322694716
0.5027338826081953
0.18348307311795203
0.0
0.0
0.0
0.0
0.0
0.0
0.0
0.0
0.0
0.00020337763732051638
0.00020337763732051638
0.00020337763732051638
2.0883501329022582
2.08835013290226
0.0
0.004645817908870659
0.16342004062179946
0.16342004062179943
0.4393007741656297
3.887979485717163
3.887979485717163
1.393042521732631
0.05385255436247296
1.9229471982378987
1.9229471982378987
0.0
1.5873527148148743
1.5873527148148743
0.0
0.13322465904921804
0.0
0.0
0.0
2.474778401376124
2.133769784345649
0.0
0.10334667130206815
3.513787108340688
3.513787108340689
0.03906493345970714
0.09131322148310869
0.09131322148310869
0.09131322148310869
0.16907837847331297
5.341820273496766
5.341820273496765
0.0
0.9357204466819726
0.31190551817509743
0.0
0.12887845432992934
0.5549898347974995
0.5549898347974995
0.5549898347974995
0.2219957818394398
0.0
0.0
