0.0
11.46651133012165
11.466511330121648
11.466539064846692
11.466539064846692
23.999752327380175
0.0
46.213381983588064
46.213381983588036
45.915672382474455
46.25114499960141
63.90722832300028
0.0
99.35336969226685
100.00000000000009
100.00000000000006
100.00000000000006
100.00000000000006
0.0
87.08042771356233
100.00000000000003
99.99999999999983
100.0
100.00000000000003
0.0
59.38266417389542
64.89706232717172
72.67297603819506
73.21880956430309
99.99999999999999
0.0
0.6271407358628996
0.8001234545895217
0.6333521150523019
3.5932087766928498
33.42282217955427
0.0
0.0
0.0
0.0
0.0
0.0
0.0
0.0
0.0
0.0
0.0
0.0
0.0
0.0
0.0
0.2913264813739273
0.0
0.0
1.3134963725268218
0.0
0.0
0.0
6.003148220136504
0.0
1.707328825589356
0.5717420048306266
0.0
0.34056178374847224
6.220376624154343
2.256257511409442
0.7520858302659331
0.0
0.00406326139700258
0.44596285696139654
1.7716616399882061
0.6027436585872576
0.020316306985012904
0.0
0.0
0.08986111909115158
0.18533855375520997
0.0
0.0
0.0
0.0
0.0
0.0
0.0
0.0
0.0
0.2666592678567845
12.799830928302702
12.7998309283027
12.799867907936093
12.799867907936097
0.26665464540261014
0.0
24.03924787760899
41.9391622279901
41.9391622279901
41.67214375149658
41.96568229148266
23.934886669302784
0.0825737640962172
48.32268822076169
70.8210105417572
55.893006482141686
57.8119522780927
74.1032765507016
35.72952225974264
0.0
54.19294728871219
74.08772615770278
73.11509814297924
62.753628040916304
63.16704680609199
40.171552976832125
0.044164387262023715
52.92175048612541
69.26371282386899
73.98660007858267
63.31782355791582
60.88083498074049
58.92057949801034
1.2015948090909694
0.0
3.693309839038562
3.705665747519034
3.6937535089806617
3.9051718419549863
3.356613621821957
0.596731307870562
0.0
0.0
0.0
0.0
0.0
0.0
0.0
0.0
0.0
0.0
0.0
0.0
0.0
0.0
0.0
0.0
0.0
0.3329445501416312
0.0
0.0
1.313496371697607
0.0
0.0
0.0
0.0
0.503600790238793
0.5036007902387928
1.9676204115209346
0.0
1.649717126545575
1.6659701721335811
0.31424460636792356
0.9929855369806386
0.97673249139263
0.717492486722642
0.0
0.0
0.0
0.0698372205582215
0.256070004472608
0.2560700044726075
0.06983722055822147
0.0
0.0
4.070941646428063
4.070941646428063
0.8806916889437527
0.32189330900477053
0.08498832266384299
0.07596763024550245
2.9628266864484534
2.42146851018288
0.0
0.0
0.0
0.0
3.733229749994983
3.733229749994983
3.733229749994983
3.7331650356365422
3.7331650356365413
3.7331650356365413
0.0
36.058871816413486
36.058871816413486
36.06919353692551
35.90233000395413
35.90233000395415
35.90233000395415
0.07225204358419005
42.44426801945246
73.0348993695982
54.38145208128599
39.33739761768132
37.76501657695612
46.912888814548246
0.0
66.14468924697775
72.28266550642269
66.26255404952909
66.13060114393822
61.17760062930787
60.06334687707584
0.038643838854270744
57.74665500094417
57.48293663314655
58.80863541617348
58.64580740708758
57.186240772552544
52.0968652370246
1.051395457954598
0.26029159796122275
0.0
0.18533855375521036
0.08986111909115167
0.08986111909115167
0.0
0.5221398943867418
0.07893914219425607
0.0
0.0
0.0
0.0
0.0
0.0
0.0
0.0
0.0
0.0
0.01032172051202715
0.0
1.5736417134621632
0.0
0.0
0.0
0.0
2.5379190910308917
2.537919091030891
2.360462570197936
0.0
0.0
0.0
0.17678162777319453
1.5824226824020073
1.5824226824020058
0.0
0.0
0.0
0.0
0.0
8.597082883531282
3.644082371457119
0.0
0.0
0.0
0.0
0.0
1.895387157405842
0.5945896790741073
0.0
0.0
3.6992368741471138
3.6992368741471213
0.0
0.8753799347923903
0.31658155887825185
0.0743647823308626
0.06647167646481456
0.0
0.0
0.0
0.0
0.0
0.0
