0.0
8.37444019714783e-08
2.4098214860675303e-08
0.12782400074711556
4.1396044837039814e-08
2.8986349538576944e-08
2.6362255060246747e-08
2.7544712063697785e-08
3.00794529942552e-08
2.1943445906998225
5.795881400266378
3.012223513667169e-08
3.293637212497942e-08
3.095255518586276e-08
7.554536062679406
0.0
5.341134798891119
14.331091708233878
5.071741173351399
8.413094355677574e-07
19.738379381572898
16.605751978356658
3.5866498760699264
1.1672566707575527e-08
210.38641087372508
8.4013307335497
106.71290429932958
8.154391889292752
0.6319611398510269
3.212442431992838
0.0
2.1348730883808664
0.6642952792617984
17.41062102279978
4.933294648744647
16.406952652601646
6.946396032512595
49.348870607495975
11.645155357040519
14.922207691401386
226.07170373023268
3.9644079311680533
1.8960688056580653e-08
0.4660417381790998
1.6603805492512765e-08
0.0
2.3080712239670014
7.515340612115684e-07
0.7740130467041992
6.554415640903411
0.8222470012226267
6.131684509243449e-09
65.02621509491023
0.2650487802688591
7.622744853061012
2.1986433349582022e-07
2.8614131579642294e-08
0.00096270856125031
2.381571430945522e-08
0.4833615895208843
0.0
0.00023014631739998046
7.928915590484205e-07
0.05431593194558206
1.8516990477949413e-06
5.644572226043447e-09
1.058171539679681
5.434782245777937e-07
0.042090675862523616
3.255113617703422e-07
2.1032380461526893e-08
2.2762306838681994
1.7504354515331972
0.08486565700878454
0.00038671103087564284
0.0
8.520057734507307e-07
0.03815373475812213
2.7442476981938388e-06
4.695372626297866e-09
20.269837608578808
1.5516367732752056e-06
0.03328319347629778
1.7356192846111977e-07
2.164642611517584e-08
1.2074599855549342
1.1018643427169753e-07
9.203589216411639e-08
7.285942417447569e-08
2.9571992655911025e-07
0.0
1.519127026111553e-08
2.9013797538314607e-08
4.625325264076698e-09
2.461416293426646e-08
2.8252775309694985e-08
39.03887110317162
3.924433185804331e-07
2.47981953471556e-08
1.6877820913664067e-06
7.718121138658837e-08
2.323922839308801e-06
1.8346364127733765e-07
2.859110874888324e-06
1.491383427478413e-06
0.0
5.7756223051893394e-08
6.9990012281184414e-09
2.9381255701434765e-08
3.300831448021231e-08
10.351120322218605
4.416272214767787e-07
2.1001753494509437e-08
1.6463311779730219
0.2052859749111133
0.0073774493568450365
0.17661984100065392
6.230544277863057e-05
0.14666536540384903
1.0886349074174597e-05
0.0
4.750461267567383e-09
9.840033786156578
8.966231721400821e-07
8.897969640896465e-07
1.8312296266907756e-07
1.9373336031202893e-08
0.6411690760427781
2.780863386223788e-08
2.9390910432589003e-08
8.84573487571206e-07
1.0865431138074817e-06
5.773339615063607e-07
0.07530729837703831
1.8430114458161957e-06
0.0
19.514770719667474
5.447859768463355e-07
0.05382896992908805
2.700396278690966e-07
1.9930055954235794e-08
0.007331887276702925
0.00011370882371818743
5.166759001094605e-07
7.577244431804058e-08
4.474622419233869e-07
7.159321987080683e-08
2.2533079653190355e-07
0.00029539579678460206
9.375668145372808e-09
0.0
0.0008901468220033873
0.6349953173778995
3.4118982668269855e-07
1.7121279669382515e-08
0.09721853651093985
0.005522731635102157
2.1996869060107023e-06
0.008564586136542377
1.7591777544766043e-06
0.09099611613739429
0.008952081132926809
0.00017436976415996657
5.11345202326499e-09
41.92654157987997
0.0
3.0754600456773096
4.1625928056202233e-07
0.11078683514163895
0.11325063172950597
1.470770408250218e-07
0.00040208653202978775
3.744885254862957e-07
0.093470085231514
2.9989302055612432
0.0002212670445461726
0.33550880230631286
8.935356084097287e-09
0.00038928863217399664
0.00022175903452627166
0.0
0.000841836666659
0.0315802571223399
0.16977927399833964
1.903041554226659e-07
7.557648386409585e-05
4.239042394180885e-07
0.03145662559668566
0.14826424035292857
3.67415347213067e-05
0.03777345783738348
1.205705033839312e-08
9.944069136044832e-08
3.683055175652647e-05
0.0006956295051050757
0.0
