0.0
0.000271538012574129
0.0010833881468109638
0.001152749719582788
7.94306169841642e-09
7.906856915516969e-06
4.22373128067937e-06
5.1115044737939466e-06
4.483396111401453e-06
3.6101054233994974e-06
1.6466441765724229e-09
3.8218644582668885e-06
3.6781848367449554e-10
2.4295432620358725e-06
1.8258836412215858
0.0
1.8258657146275876
3.460767043286442
0.913032102971745
0.654103980288398
1.0474218921945284
1.8619399553052034
1.0471652357357841
2.4732698793351173
333.52908292234684
2.4418529093406514e-05
47.012164160030395
1.0850279868310553
0.00010150095111073212
0.6894108878101465
0.0
0.6894107862887865
0.4365807776241928
8.796141282646422
9.22958348771193
3.728140743721807
5.913698098727873
20.45548532329845
54.36770103945591
19.835944074201016
264.10941799690704
1.8155010152624347
0.8653282488591567
1.728619222411345
0.00019327137557415393
0.0
5.500986280650041
4.1171380778298164e-05
2.3432573536347804e-05
0.02875227689320518
4.321107242289537
9.677583703448245e-05
10.679446254257394
7.721269364282188e-10
2.704988016083514
1.006270119165172e-09
0.00011621791634664517
0.0018870582661567317
0.00013291046368750647
0.1878598392475634
0.0
0.0001962705264335534
4.508668530449827e-05
3.005147686202949e-10
4.7763332616444394e-05
3.870260166131984e-05
2.249652506503185e-09
2.4957796339241813e-10
1.7625072150177887e-08
5.235203028375551e-09
5.8004577234116506e-05
0.00020119769726273192
0.0012349265245490137
3.9357311381651234
0.00047659410544243527
0.0
0.00033371224074824134
0.000272923410428575
0.0003071240785364679
0.00013043492602537584
5.173472879248402
0.00010918005033043593
1.0308558884147923e-09
5.402250609509823e-05
5.660230925209816e-09
0.003999664145524793
9.320427245326886e-09
5.600748081941597e-10
7.17182012625987e-05
0.0006054695166022232
0.0
0.00043547002195816107
6.890844195618028e-05
5.370100372075677e-05
6.597329558424252e-10
5.712907938283939e-05
8.878944646327482e-10
6.384784946015441e-05
9.435571084935841e-09
0.001953836352190037
7.074972992952214e-09
0.0006426193210600297
4.056612679502952e-05
0.00030053010177011883
0.0005590465943269114
0.0
0.10779321685530092
3.1784361856704044e-05
5.191004056861309e-10
8.818511396340902e-05
11.01296248730868
7.55378824102771e-05
0.000669913896033084
0.00036141735756104273
1.2466096090422187
1.71535077114804
7.103723519704639e-05
0.00021639314297405257
4.5301666642297116e-05
1.0418468271927302e-09
0.0
5.3891992745667765e-05
3.425805352328836e-08
0.00014050891616366828
19.167475309752724
0.7027925701032514
0.0010153189719305622
3.26496032316462e-05
0.00013401250844588823
0.0002757260292045267
4.8085933792089454e-05
0.00019679402206631923
0.001278331460143012
0.0006079735465557569
4.765953023900327e-05
0.0
1.2977498854045098
1.1854629863348513e-08
2.5800229055665306e-10
5.2893398823160194e-09
0.0018448501250663977
2.708261426672489e-06
0.0009978462546722635
4.69664712908329e-05
3.828506272406572e-06
7.140450587346184e-05
3.611939851892445e-06
3.9687860518014065e-05
0.00041076010957557694
2.9197158948455502e-06
0.0
0.0006102752614301277
0.6701300205583591
3.877016742870878e-05
0.0993873294949483
0.0006688609754215158
0.0007362308078714666
0.0003910029256211339
4.235183779420089e-05
0.00023261610789412885
2.198686422646851e-05
6.487856121114404e-05
0.00036446936106090776
3.2530853451248246e-05
2.870120294395312e-09
0.0
10.977637800836149
7.584307600297556e-05
0.0019994751331806077
0.001016137388823169
3.400440832914033e-09
2.8862036312347115e-10
1.8972631916008053e-05
2.940962864188065e-05
6.29869785994639e-05
0.00034885324422655834
1.443145283021225
1.5336959810104886e-05
4.6216350459475676e-10
0.00034311128408713826
0.0
0.00018180768750657104
0.0020365989766074097
0.001976921730877014
5.66744984107048e-10
2.9287677509090594e-10
3.3778078712684713e-06
5.442996368425124e-06
1.3335669721717818e-05
0.00029390433116599344
1.5980856037658056e-05
2.695543262651964e-06
5.22467186017668e-10
0.000168481993396333
0.0008216487944011921
0.0
