0.0
1.9402036829149448e-07
4.258351548871468e-08
8.895934341725736e-08
6.78517556572716e-08
5.9002447408038364e-08
6.275989003741486e-08
5.933930877763053e-08
5.830717612869912e-08
2.307879246978418
2.0856203207073727
6.575706546701656e-08
6.167809692275831e-08
5.702907547288594e-08
5.899462369169424
0.0
5.083997256591794
10.230109844027048
4.091700181864527
6.408647074788638
18.48584945171733
21.135282805944176
9.335159143917286
0.18503231048526672
184.46884647361256
6.189686949335714
122.06018210810903
7.380553972210824
5.6580094824214453e-08
2.9857440368987955
0.0
1.9587104521158052
0.032511546607651626
8.8944579438032
2.944870473049904
7.181219144544933
10.299116504075759
47.49806302994751
11.395288377263402
26.641356717704447
236.40653047855258
5.276040547890133
3.8531105405864234e-08
0.7305149497059202
3.9154310180034623e-08
0.0
6.578059919140494
6.633496875834381e-07
0.8724089304638516
6.509889241471262
0.9122938786895378
1.338266435834745e-08
61.571742310130205
0.2964136667682976
7.488999549700801
4.2975454859790057e-07
9.067692693154792e-08
0.0008047077713287393
6.93524374215769e-08
1.156128545573874
0.0
0.00025330203786220497
1.6670455572841218e-06
0.05459016811592725
2.110625461134338e-06
1.6518235697039564e-08
0.05624155587780429
1.088014844415783e-06
0.04238794481191821
6.033308897736978e-07
7.858191683173984e-08
2.780231084893801
0.7788058609910999
0.09389270941349043
0.0005402326322766586
0.0
1.6747599947852129e-06
0.04230236507486814
3.084091960378365e-06
1.064221244132796e-08
6.252794805233366
2.9258128215809357e-06
0.03624946271225195
3.29761542542489e-07
4.7910297063636145e-08
0.4762386429602125
4.859370887603004e-07
2.0987008892249761e-07
1.6937401816897805e-07
9.850252000391721e-07
0.0
4.177160179457137e-08
0.06530774305129278
1.0727395102890175e-08
4.641382932540035e-08
4.9765214364053965e-08
36.47056752813361
7.90420474294305e-07
6.503507150952229e-08
0.0007683799746675325
0.18805977711248711
3.4692569837895972e-06
3.522919734540555e-07
7.825195544222221e-05
4.165774699261311e-06
0.0
0.1531659843062934
1.1954517386902032e-08
5.692536781414762e-08
5.851574072764285e-08
1.9760032327177852
8.809112650708115e-07
8.205627904482084e-08
0.7332075419388433
2.1105848355009587e-07
0.007848168134271928
0.13767711933191612
0.0001441722537648261
0.12103332832389031
2.7624062170613804e-07
0.0
1.1061867565135394e-08
14.473972314861403
0.00017105868692700494
3.736404077215136e-07
4.2653532621180466e-07
0.07988379548591963
0.6207903435373654
5.303709056140229e-08
0.0006307127647615805
0.05162617104474752
2.0085628827217097e-06
1.1420838232072015e-06
0.07555222991931085
2.1072015984600244e-06
0.0
53.74469945282803
1.0863262613349185e-06
0.05435299677007465
5.264387071533749e-07
0.004691658785675634
1.431513374903207e-06
4.8737155371099045e-08
0.00043742115473224114
1.8715118083553071e-07
1.3270818436478623e-06
1.6576944255625468e-07
2.0832023062328865e-05
0.0011496816101288936
1.0527421976537728e-08
0.0
0.0015183571896000012
0.08753315599141559
7.411746214960174e-07
0.006806311272261144
0.03358901302237801
5.222640312043585e-08
2.8022065046071934e-06
0.015966342615138556
3.5724136042065567e-06
0.16001485192385284
0.011986835128040288
1.0935777669205429e-05
8.513545828120043e-09
61.77317238449274
0.0
0.8649112423833794
8.104716544387398e-07
0.12316431015739453
0.20551585595163122
5.6637080418810946e-08
2.120275702012729e-08
2.6147180069654223e-07
8.51316233878243e-05
4.0990693041808735
0.0002783927867574084
0.41365981246872796
1.0175394600709645e-08
3.262732276086307e-08
0.00028336241502664505
0.0
0.00038731850964872475
0.059087752513818044
0.0707763277277177
3.6042385711453254e-08
0.0003775279475969945
1.3244042639226921e-06
8.649974600282501e-06
0.19177331242442244
1.0933121392641152e-05
0.0747419601146056
1.12258906234779e-08
0.0054815780028126294
2.5637021674201027e-05
0.0009965051517220108
0.0
