0.0
0.00018997398226049036
0.006750486054864089
5.335765249327247e-05
2.8320609865023606e-08
9.672343625231112e-06
7.489821864746283e-06
9.18845180191637e-06
7.8964388602696e-06
2.113917649340503
4.587127925748357e-08
1.0377283338775323e-05
1.1194884651748866e-08
0.001619801543036234
4.262714382333264
0.0
3.6199273949929864
9.459719906159503
2.8993816860519286
1.4647827656175967
2.5386281618941817
3.6570286632127984
2.532178424191146
5.172555485566637
303.1749534194462
5.667017497061806
47.0536947015253
1.458116426858449
0.039579872063248756
0.8059231080886293
0.0
0.4702691234056116
2.8080496483883657e-05
7.747032410900749
5.8047248647369205
8.124987156843556
5.811431488594664
19.654909954205213
71.14435785097143
8.954492952682855
259.76040888331494
4.965409756854289e-06
0.382240054552213
1.4032088644892795
7.236875016045393e-06
0.0
3.3132732948395707
1.2599829036817882
5.488050585740335e-05
0.00061718539567867
5.987919525665614e-05
0.00016628825626462812
15.063405473440966
1.707184581715734
0.030816928213970446
0.19831094098145038
0.0001920139357537245
0.0013406515159511529
9.840177705786739e-06
0.0028775366128454766
0.0
0.000332511894436414
9.464985612271318e-05
1.918820099255797e-08
0.00010274521876474748
8.494076754355868e-05
22.72806796655824
1.6059744119246034e-08
1.908534185824773e-08
1.555779283006227e-08
9.113344411037414e-05
0.4025432735582407
0.0012574907629470994
3.264042211092364
0.0002198328331455494
0.0
0.0001841360441081781
0.0009046425335509244
0.0002054350299625921
0.00015958465839202527
5.669390885851663
1.9971851773524625
2.622298802302508
7.630012045953946e-05
5.049851855352415e-08
0.35433060687217044
8.298414739911009e-07
0.18551578391247553
0.00012600296917623493
0.00024773478511600297
0.0
0.0003287972216049643
0.00013759140053222496
8.943105393663167e-05
1.0451832179543025e-08
8.75993799720883e-05
0.30323502319139894
0.05600617457996379
4.790651839951421e-08
0.003804267632883868
5.437424678801293e-07
0.0010812581928825353
7.049642151710822e-05
0.0005927385225319622
0.0009461868723196027
0.0
7.543486894557566e-05
5.2833473983770256e-05
2.029445355714545e-08
0.00015334713191605126
8.835209784043862
0.00014930310774747532
5.436927433151572e-05
0.04304953684010414
0.7383732274544774
0.27954469300429474
0.00014759527937427899
0.00020816983767419644
9.549503760165982e-05
1.2890896646538838e-08
0.0
8.967495236326248e-05
0.09270940133932845
0.0002863182045948398
29.100681752823732
2.1871372834650266e-06
0.0018033640086591964
0.20827122843228502
9.792418109107033e-06
0.0004670393410655098
0.44567097687216617
0.0003332818470315568
9.429067609318986e-05
0.0010412422542370285
0.00010232269721322738
0.0
2.6726464832985574e-08
1.8094927046934533e-08
1.9985858727797693e-08
1.7473306313855855e-08
0.0031220325517247816
5.290079229955633e-06
0.0016567246414098155
7.879815423326689e-05
8.026755376789656e-06
0.0001220477366391235
7.211546019756615e-06
0.00012308535720310284
0.000677841771977598
4.8808024283810325e-06
0.0
0.001034744800058812
0.5522004850969349
8.90816846142262e-05
0.0016963246521074721
0.10669280088251962
0.0012148592592637851
0.0006504632184022195
0.0595158619740952
0.0465909676350228
4.407907160944066e-05
0.00017113506733923913
0.0006213476684667201
5.424663827289007e-05
6.508779452033774e-09
0.0
8.683459511956109
0.00014994563685128657
0.0021042864873124013
0.19070297682447646
3.3796346829541055e-07
2.4708297240451025e-08
0.02062173483845035
0.43224406197895554
0.9855042191415592
0.0006342560575037273
2.154362809152321
2.5647458576977715e-05
1.6752076887788045e-08
0.0005876031217835857
0.0
0.0003314942922872096
0.0016615438422077757
0.004972213015895237
4.712983782643736e-08
1.2794509667069785e-08
6.000351743078739e-06
9.271801086186244e-06
2.2644645916627468e-05
0.0005306525546843658
2.7021817547785103e-05
4.5203297309097555e-06
1.9047153635783067e-08
0.0005089111192964129
0.0013896333232793954
0.0
