0.0
11.466516629111197
11.466516629111204
11.466547701199922
11.466547701199922
23.999771622581722
0.0
46.250899290551956
46.25089929055202
45.82714398015083
45.928308375741956
63.63459129426869
0.0
99.99999999999999
100.00000000000003
99.99999999999994
99.77350233792532
99.99999999999996
0.0
76.7520356608202
76.16112575240302
85.65993711609924
100.00000000000001
99.99999999999999
0.0
59.95788752128674
59.97039807809707
60.36271237902819
70.0040515446531
99.99999999999996
0.0
3.4634943735779764
3.4634943735779764
3.463494373577977
3.463494373577977
30.48553830949584
0.0
0.0
0.0
0.0
0.0
0.0
0.0
0.0
0.0
0.0
0.0
0.0
0.0
0.0
0.0
0.8001846343384198
0.0
0.0
0.9129145359662958
0.0
0.0
0.0
0.0
0.0
0.9129145363090853
0.670130020558361
0.0
0.5817511460866469
8.092209005254372
2.5926494818634382
0.8642164891993519
0.0
0.09838218188919468
0.09838218188919468
0.09838218188919468
0.09838218188919468
0.09838218188919468
0.0
0.0
0.0
0.0
0.0
0.0
0.0
0.0
0.0
0.0
0.0
0.0
0.0
0.26665945600990293
12.799836769258619
12.79983676925863
12.799878198710257
12.799878198710253
0.26665427732845004
0.0
24.061445635918375
41.97337723147802
41.97337723147791
41.58483789386626
41.673356740008494
23.96707382148148
0.10116439559097422
44.63822975733757
65.20995280504874
65.20995280504872
68.90819281624775
77.86396306525016
33.71951699601656
0.27364935605529744
58.02599220772887
87.35836058699894
87.03635595772634
70.94708379824527
72.02412136241017
40.8202859411758
0.0
52.339363404520185
65.10890264418218
65.123200423394
70.64479620651042
58.20502051147905
59.66788886659361
1.5469393853331732
0.0
3.463494373577977
3.463494373577977
3.898576168824974
3.898576168824974
0.0
0.0
0.0
0.0
0.0
0.0
0.0
0.0
0.0
0.0
0.0
0.0
0.0
0.0
0.0
0.0
0.0
0.0
0.0
0.914496724958194
0.0
0.0
0.9129145385878377
0.0
0.0
0.0
0.0
0.0
0.0
1.0610738537114377
0.0
1.4430727944116433
14.392353632497715
0.6648584526704535
1.246609598757101
1.246609598757101
1.246609598757101
0.0
0.0
0.0
0.0
0.0
0.0
0.0
0.0
0.40407743800318446
4.475019082799113
4.070941644795942
0.8806916812107507
0.3218932999528625
0.08498831851185007
0.8065964258219873
1.5123682984162243
1.5123682984162243
0.0
0.0
0.0
0.0
3.733232384138641
3.733232384138641
3.733232384138641
3.7331598825983
3.7331598825982995
3.7331598825982995
0.0
36.09216845387757
36.09216845387758
36.09216845387758
35.66608586962259
35.66608586962259
35.66608586962259
0.08851884614210244
53.388832584707856
62.24615682127255
52.43859771540615
43.21983500880552
39.057441838936946
49.779522373970686
0.23944318654838528
61.42524253592637
77.24728404818973
66.5993578337917
63.508654891578054
60.19251076451663
61.23042886056928
0.0
58.356792399223515
58.10216186610803
62.64428645840852
60.169022837104826
57.370586308123634
52.209402758269405
1.3535719621665265
0.25880364165432773
0.11064432436838327
0.43508179524699747
0.0
0.0
0.0
0.0
0.0
0.0
0.0
0.0
0.0
0.0
0.0
0.0
0.0
0.0
0.0
0.0
0.0
0.0
0.0
0.0
0.0
0.0
4.3048202899098085
4.304820289909811
0.7119630834948674
0.0
0.0
0.0
0.0
2.5829158137820953
2.5829158137820873
0.0
0.0
0.0
0.0
0.0
4.547477304432626
2.0742304420032234
0.0
0.0
0.0
0.0
0.0
2.690615207943054
0.4633726823490551
0.0
0.0
3.6406115637615435
3.6406115637615373
0.0
0.8753799392057996
0.31658155819874745
0.07436477869786881
0.7057718725942388
0.0
0.0
0.0
0.0
0.0
0.0
