0.0
11.465971366982997
11.465971366982991
11.46613761613331
11.466137616133313
23.998996883885653
0.0
46.137761629288406
46.13776162928848
46.09733724200362
41.86334126301894
63.99874913089356
1.2401212026860524
96.72950705366343
99.99999999999983
99.99999999999996
99.99999999999996
99.99999999999996
0.0
85.39224652797868
100.00000000000006
100.00000000000006
100.00000000000001
100.00000000000004
3.1245191857681442
58.82591979503357
69.33605639719998
65.36568552045469
89.39651911368944
100.00000000000004
0.09557635382238437
0.8665620935697186
0.8665620935697165
0.12656562189751772
1.664606051482122
25.89624769340575
0.0
0.0
0.0
0.0
0.0
0.0
0.0
0.0
0.0
0.0
0.0
0.0
0.0
0.0
0.0
0.05368204415641959
0.0
0.0
2.0719701015886534
0.0
0.0
0.0
7.99701905832201
0.0
2.0761826625996194
0.6369991849224209
0.0
0.9701976103903089
5.643083213981729
2.0604750921820045
0.871631995910736
0.0
0.0
0.0
0.0
0.0
0.0
0.0
0.0
0.0
0.0
0.0
0.0
0.0
0.0
0.0
0.0
0.0
0.0
0.0
0.2666334451783918
12.799243339205262
12.799243339205256
12.799465004739014
12.799465004739018
0.2666057369866714
0.0
24.002334371726494
41.87068732386023
41.870687323860295
41.83240651267023
46.132691242402124
23.997283374527427
0.0
49.1549431391973
73.55766284509735
51.15891656015248
50.432568628892625
63.51285933486534
34.099393483432095
0.0
55.05788216782005
73.22929264689479
66.71652887138625
70.8662024523322
61.71723263330382
48.58065595980872
0.7291387469605823
50.69904840053032
67.26705208763259
74.21711327007452
68.17953771668688
52.690414998673326
58.778840591807345
1.1302656115842937
0.0
0.7582418318735034
0.7582418318735019
0.11074491916032801
1.4565302950468566
2.8838258054711345
0.5126801275909781
0.0
0.0
0.0
0.0
0.0
0.0
0.0
0.0
0.0
0.0
0.0
0.0
0.0
1.8647202017714115
0.0
0.0
0.0
0.06135090760733669
0.0
0.0
2.07197010003762
0.0
0.0
0.0
0.0
0.0
0.0
2.533393120190269
0.0
1.312049615305018
1.543616259085554
1.0804895528720548
3.979148825311805
3.979148825311795
1.8434933545190457
0.0
3.926635233105781
0.3546289310784317
0.35462893107843196
1.5958304836525157
1.5958304836525157
0.35462893107843196
0.0
0.10141020757998608
4.0709416102654945
4.070941610265502
0.8806916196228975
0.3218931820249899
0.08498826053669395
0.06526735012475376
2.757222838494701
2.0803983964075536
0.0
0.0
0.0
0.0
3.732868232497487
3.732868232497487
3.732868232497487
3.7324803178133985
3.7324803178134
3.7324803178134
0.0
36.00350155758969
36.00350155758967
36.00350155758967
35.93367422200995
35.99812691601855
35.99812691601805
0.0
45.598960777317
66.19976596436354
62.919999614259915
43.92610721317475
41.8963032616238
52.088290751950126
0.0
66.2185414629873
73.04509498956767
66.98028256067661
61.902363893901445
58.31975574620596
55.622159875932816
0.6379964035905096
56.99280949325571
56.57176730881448
55.21896755077101
59.574668615717734
57.58998692154879
52.10830995991858
0.9889824101362571
0.44402303823568967
0.0
0.0
0.0
0.0
0.0
0.4485951116421059
0.14564753633600602
0.0
0.0
0.0
0.0
0.0
0.0
0.0
0.0
0.0
0.0
0.0
0.0
0.9930696713753119
0.0
0.0
0.0
0.0
1.6876198705557586
1.687619870555759
1.586448662480579
0.0
0.0
0.0
0.16297767152913115
2.4229369916851136
2.422936991685103
0.0
0.0
0.0
0.0
0.0
5.313945986508284
3.752861902870482
0.12127470129878856
0.0
0.8770565682929431
0.8770565682929425
0.0
2.978871649432134
0.9467089861840396
0.0
0.0
3.6895274319899696
3.6895274319899745
0.0
0.8753799292536085
0.3165815012460972
0.0743647279696072
0.05710893135915956
0.0
0.0
0.0
0.0
0.0
0.0
