0.0
0.0002238967392240768
5.200486836531288e-09
1.2366329065862895
0.00033271259985064293
9.64427786877067e-06
6.2359067641151756e-06
7.278735980817214e-06
7.0086827149979176e-06
2.294772592473829
7.792885570427258
5.159118403163125e-06
4.605308365304557
2.9750827632470524e-06
6.08536837190554
0.0
6.1782372853526315
8.81943714896543
4.931473674189593
2.3012648272476808
1.5424786958901746
3.785164384239467
5.695850049708749
1.2685384075936323
269.66190903726294
1.751867454832064
96.89897914033233
2.6887104015551335
0.0025816665809091574
2.0679353598715333
0.0
1.8176772413285205
0.002274143427388347
14.821246281501505
10.882231109250114
15.914329711718986
5.412313759478538
19.32172451484792
76.97248399818098
16.628808735743767
205.9337977171059
3.0470814512783407e-06
0.0010195874847061762
1.110370614220523
6.948227291342438e-09
0.0
2.759315970150757
3.9541724213808626e-05
2.885899633060767e-05
0.0003236067084137332
3.1568805838571456e-05
8.272470013247229e-05
18.78184450035961
2.7472299217743263e-09
7.411678566884869e-10
1.6446626739554208e-09
4.3864425449383425e-06
0.0006034058271082923
7.268774173264452e-09
0.0015457445336522755
0.0
0.00017248923310553594
4.997040786219271e-05
1.078837011261211e-09
5.4372673862308714e-05
4.404263613425953e-05
17.742935369845583
1.3416110511022399e-09
1.9516146054932753e-09
1.2166471893208781e-09
6.256243208685556e-06
2.064073759665897
0.014963368132119039
2.4910653945162347
0.0001126414731838934
0.0
9.408210888191451e-05
0.0004819360174167297
0.00010504816133354384
8.009574681033533e-05
4.405721901421641
7.322644593884167e-05
1.0283920601524266
3.772055199976366e-05
5.128387537515013e-09
0.3296169411904481
0.03858836617254083
0.0011279341173537425
5.024326642869292e-06
0.00017686709744764177
0.0
0.00018944548699607457
8.289318121683968e-05
5.140316140813284e-05
6.954488255895201e-10
4.7683918744866146e-05
3.4859267694349128
5.2172863154505113e-05
6.6886088955244175e-09
0.0019162734473747904
2.197284899289838e-08
0.0005671375889220525
4.060614387469305e-06
0.0003110134662584361
0.00048662112523182265
0.0
4.556052335328893e-05
3.0554471165205585e-05
2.4918727296303966e-08
8.480547884268123e-05
6.597784171533094
0.00013976406405533708
4.917341915513136e-06
0.0003256128517501865
1.5161110458137306
0.2693107258338335
5.866359574029408e-05
0.00010672590520173074
4.99997071280915e-05
8.104325076664115e-10
0.0
5.15152909301791e-05
1.5988921992518232
9.86073326121571e-05
30.32952000520979
2.623044238954961e-07
0.0011957613705202731
3.8166657606530225e-05
7.018912604222619e-09
0.0002409658679855804
5.680586827438634e-05
0.00017217286286924096
4.962610146413752e-05
0.000545526322037906
5.396577369299349e-05
0.0
6.686702184133152
1.3553697760562073e-09
2.7458956516102506
1.1933273672247273e-09
0.0016161437422484999
3.051800182586752e-06
0.000819920476434732
4.079595618787931e-05
4.289090298167706e-06
6.286446873677287e-05
3.828350843865929e-06
8.902175145460533e-05
0.00032014402966101753
2.8314755452026675e-06
0.0
0.0005320930585692109
0.41236149825383256
8.833940333030781e-05
0.0011227554124406405
0.0005802462822538326
0.33295695106707796
0.0003380881066234094
2.8088563233809313e-05
0.05117718640277256
2.3416283802013175e-05
0.00013152373699138603
0.0003694683663400104
3.1629857520099076e-05
9.453793152804612e-10
0.0
6.2143969349862
0.00014021414117796623
0.00020708566652373787
0.0008783898921366316
0.023260874729416153
2.3358682431540425e-08
0.10834879065150556
2.7257480771474098e-05
2.6627748096025963
0.000213581542660567
2.422510054844732
1.4858760009669577e-05
3.586193443284079e-09
0.00020237972121941317
0.0
0.00012706000875532775
0.0009319010725354114
0.002555506248851765
1.3417260679872542e-10
7.692304375911185e-10
3.9865813788650946e-07
5.102147336333463e-06
1.1793797394274895e-05
0.0002724772481504888
1.479455455859788e-05
2.6350620651596216e-06
4.589684398142961e-09
0.00015865248819125756
0.0007173543399974823
0.0
