0.0
2.3960611441972245e-07
1.0637313962093666e-08
1.731201291840129e-08
1.4382948458382464e-08
1.3101343107488396e-08
1.1120625746934932e-08
1.1200388760617613e-08
1.3118390232090099e-08
1.4274567555117241e-08
2.2434085609809633e-08
1.3101989884514708e-08
1.290598105571741e-08
1.1948015005986705e-08
5.066734981438371
0.0
2.2643795759308496
7.559855147769793
3.1978281344740296
1.9128231516564265
34.037250993676615
55.38606395774727
4.355908780715254
2.175490883562832e-08
180.42151517514012
10.237829217457335
83.2477178072723
1.8723788319850863
1.4447486819844817e-08
1.8711183380542122
0.0
1.629431100556825
0.029680280927134962
5.864071401653834
0.020040712302008462
5.586793781737315
3.490869894433419
40.885720904608036
82.41450482368646
12.475100730830764
220.28396989861687
3.3561139039643653
0.6443788552164063
2.492499873910267
1.8594729712866768e-08
0.0
10.274191822727841
9.173001895661843e-06
0.020013808204748237
6.382989101772209
0.8505080662962989
3.771958028025056e-09
33.88557614402686
0.27600604050151134
7.302963220420953
0.6028249808335291
2.0649142191648405e-08
0.0008453594881673891
5.371150216245875e-08
0.19422601270667347
0.0
0.00020827588601921715
3.8692604715551545e-06
0.06087427485118094
1.7715162743837115e-06
8.10361420830726e-09
21.716043627133274
2.2732775801193803e-07
0.039935399261880423
1.2829369674988124e-07
1.5800886133865273e-08
2.7119080215492555
0.5608243817901604
2.3492000847589702
4.06274639665814e-06
0.0
4.669988887192449e-06
0.03506172504734679
2.6548127649095335e-06
3.081750316477321e-09
14.426831942265695
9.743792250944334e-07
0.028696243843516576
7.346562261069488e-08
9.15565593112516e-09
0.06327365135467745
4.36645204065144e-07
8.429125838613046e-08
2.7387137167692727e-08
8.839560762097474e-07
0.0
7.01026218131094e-09
9.782632944293943e-09
3.4199562513999282e-09
0.18091689315668258
1.3479493168265389e-08
41.48663304998574
1.843170138940692e-07
1.5569566836736326e-08
1.9144817624165893e-07
1.0713788789116441e-07
1.5393462220536343e-08
2.7334760518276395e-08
9.051328773897173e-07
7.68256936976863e-07
0.0
1.1896521647681464e-08
4.477916811162268e-09
1.4819104746930147e-08
1.5555027344601122e-08
14.929245330631831
1.9034296761360796e-07
1.7327186441335357e-08
0.06638610891419053
0.21505612713907704
0.06929424355281164
0.000230232869262855
1.5478701589686673e-06
1.966477253902502
5.341793396984198e-07
0.0
3.431107275724597e-09
14.163409403520864
6.825313279432921e-07
0.04428175233802766
7.914012504678876e-08
2.261091412032939e-08
0.09031952092770609
1.4838885699659554e-07
3.8813316444238684e-08
3.7708030368531527e-06
9.340951387948185e-06
3.1163583742622417e-06
0.08591824929247148
1.7640028858402878e-06
0.0
0.33799746723163226
2.2822711177920218e-07
0.049413500067506465
1.2707243852047998e-07
2.305713609317761e-08
1.4387427842904676e-06
0.00011110783526848062
1.4385980401045104e-08
8.664469752995189e-07
5.8435113299524e-08
9.892094054469955e-07
1.2466824087328627e-07
0.00041207052580785066
5.255339749897864e-09
0.0
0.0009265119985725706
0.9284550241105859
1.4969968026775844e-07
1.3760926272933805e-08
2.7224345669480973e-06
1.0136868558134876e-07
1.115778647230457e-07
1.5454707715790546e-06
1.9712398531108273e-07
0.6575802324589408
0.010623689363971121
1.0980392283276979e-06
3.040322383107417e-09
83.77978304718064
0.0
1.6226482761965069
1.7311816840337623e-07
7.544871879017647e-09
0.1443802440008421
9.915083981275864e-08
0.0023961880719871697
3.143176905416709e-08
1.269563330225847e-07
3.34290195362542
0.0002693773632938763
7.317912262413189e-05
3.1028584753572367e-09
0.0005423241173172295
0.0002698057486261739
0.0
0.0008787473229067795
7.83711458624425e-09
0.008004944168968662
1.0152516697582142e-07
1.1788429755271802e-08
8.255109389902947e-08
0.06226491450074019
0.11567549310126621
4.3922729488785345e-07
5.021290813414652e-07
3.5860965933994325e-09
0.0019308925356914491
8.988265762416218e-07
0.0009004381667929272
0.0
