0.0
11.466501128841273
11.466501128841276
11.4665354120648
11.4665354120648
23.999748030336168
0.0
46.25105966162539
46.25105966162525
45.82672628128936
45.92802868099488
63.63409280965839
0.0
100.00000000000009
100.00000000000009
99.9999999999999
99.7737753889388
99.99999999999999
0.0
76.74830841340741
76.1566403793671
85.09570785841761
99.99999999999997
100.00000000000003
0.0
59.95978567588627
59.97158417987988
60.35827219916981
70.00383248515948
99.99999999999999
0.0
3.4652551272245153
3.4652551272245153
3.4652551272245153
3.4652551272245153
30.414086240762394
0.0
0.0
0.0
0.0
0.0
0.0
0.0
0.0
0.0
0.0
0.0
0.0
0.0
0.0
0.0
0.8012762387595369
0.0
0.0
0.9130392184685631
0.0
0.0
0.0
0.0
0.0
0.9130392188816896
0.6696560621554056
0.0
0.5820356964112844
8.100438587566057
2.595286143017208
0.8650953752238613
0.0
0.09815623806301653
0.09815623806301653
0.09815623806301653
0.09815623806301653
0.09815623806301653
0.0
0.0
0.0
0.0
0.0
0.0
0.0
0.0
0.0
0.0
0.0
0.0
0.0
0.26665871177851086
12.799819905214585
12.799819905214589
12.799865616179284
12.79986561617929
0.26665299790792313
0.0
24.0615294574525
41.97352279501294
41.9735227950129
41.58445342731214
41.67309302705446
23.967028898390804
0.10130239970543019
44.62750825769146
65.22513210580536
65.2251321058053
68.88129727667442
77.87562007947272
33.72943023885416
0.27402294212367095
58.021896167612525
87.35666669692135
87.03529551039823
71.45978773467832
71.93913951311117
40.756323653550254
0.0
52.33813525103353
65.10927839742033
65.12276240198428
70.64181946804858
58.20200278183366
59.66713208674719
1.5466871251300534
0.0
3.4652551272245153
3.4652551272245153
3.9000832832779224
3.9000832832779224
0.0
0.0
0.0
0.0
0.0
0.0
0.0
0.0
0.0
0.0
0.0
0.0
0.0
0.0
0.0
0.0
0.0
0.0
0.0
0.9157442728680422
0.0
0.0
0.9130392216562468
0.0
0.0
0.0
0.0
0.0
0.0
1.0615889447949869
0.0
1.4450428810851195
14.38371362450444
0.6651836530414679
1.2472193494527528
1.2472193494527528
1.2472193494527528
0.0
0.0
0.0
0.0
0.0
0.0
0.0
0.0
0.4066470488167453
4.477588690539031
4.070941641722295
0.8806916748512198
0.32189328884656143
0.08498831309621714
0.8060281005934689
1.5113026886127503
1.5113026886127503
0.0
0.0
0.0
0.0
3.733221964899152
3.733221964899152
3.733221964899152
3.733141970710924
3.7331419707109235
3.7331419707109235
0.0
36.09229418617878
36.09229418617881
36.09229418617881
35.665630348414695
35.66563034841469
35.66563034841469
0.08863959974225141
53.39242376311848
62.229927177953954
52.42500854039372
43.21643545090152
39.056637345582686
49.7711345899682
0.23977007435821213
61.42384001455931
77.25082680323777
66.6007649159746
63.51583373557166
60.1877133465227
61.13448541544111
0.0
58.35617727039589
58.101682663954726
62.642514346161356
60.162421551542984
57.36816515183786
52.20874057590378
1.3533512344887968
0.25903276166131217
0.11048303589579751
0.4348281560534069
0.0
0.0
0.0
0.0
0.0
0.0
0.0
0.0
0.0
0.0
0.0
0.0
0.0
0.0
0.0
0.0
0.0
0.0
0.0
0.0
0.0
0.0
4.310692849727112
4.31069284972711
0.7104749707327331
0.0
0.0
0.0
0.0
2.5822428603549086
2.5822428603549015
0.0
0.0
0.0
0.0
0.0
4.563442127381636
2.079696160717205
0.0
0.0
0.0
0.0
0.0
2.687499016981047
0.4628031628033025
0.0
0.0
3.6409319736166057
3.640931973616586
0.0
0.8753799392055883
0.31658155350513406
0.07436477395919
0.7052745880192851
0.0
0.0
0.0
0.0
0.0
0.0
