0.0
8.178016161824986e-07
5.990289627053401e-08
0.10818236840951131
1.0911558827675654e-07
6.826503106082588e-08
6.458980653805114e-08
6.47151910428325e-08
6.755734302576301e-08
2.496677799718268e-08
4.054785255420354
8.059174293307559e-08
6.926528728156955e-08
5.962875773062591e-08
5.791933713294352
0.0
4.112738870982455
10.767975823467822
4.166034288427282
2.9917712541192805e-06
0.8474517621478688
15.2422328763668
0.847174848670734
5.997527708706361e-08
172.28877956411736
0.2658005172175172
167.74757471382293
13.72456701570774
0.012066348692529753
2.6298766954445996
0.0
2.107404008343014
0.04510089917857656
12.392693233925025
11.367557422360758
19.73344443705137
8.102422868220568
45.58122608805907
11.507302105632123
40.18028243438454
209.06023735536434
3.8601761486682955
0.21904540170975645
1.223147119876074
4.013378553091966e-08
0.0
5.814866452918673
2.992679800109338e-06
0.8144738657418361
6.490405358057325
0.8144106494560497
1.7877516176803795e-08
52.23784539000975
0.2625777787186858
7.521750444094362
3.1805838987979826e-07
1.485127126285032e-07
0.001511336475498067
9.747456271998324e-08
0.2207519413810772
0.0
0.00027214926253104043
2.66842912717172e-06
0.054911721310987045
2.2456617547184312e-06
3.501874860337946e-08
0.0567747174528032
1.27495224914313e-06
0.4896875075818015
0.3557055660015949
1.097002360457837e-07
5.114053239384987
2.2159200747986702e-07
0.3981398107968538
2.2729046588981383e-06
0.0
1.9518548430360757e-06
0.045801370504901795
3.256858075957462e-06
1.4670572881147089e-08
16.190982748576936
3.1462349213864147e-06
0.038744911993093795
3.702020337472979e-07
1.0105446130774536e-07
3.462817301704984e-07
1.6271825069039884e-07
0.026466813715745604
3.062201574324958e-07
3.5225690952991195e-05
0.0
6.867756656575094e-07
0.023758847650854783
1.6610045516195843e-08
5.7542364986340866e-08
5.7199602044967704e-08
35.44376414379945
6.200703688247401e-07
1.352615328069025e-07
0.00084014007198135
3.430186920414978e-07
3.1496445811025305e-06
6.396557007305688e-07
0.00011870900889636562
0.0008708141125476373
0.0
0.06570890734905023
1.8323324125160207e-07
7.130902644355388e-08
6.91404497120708e-08
1.585822414032085
7.263772834530081e-07
1.7710843901626656e-07
0.0032131192762037217
2.113061754253804
0.021746129795991234
0.006427320539911144
0.0006572880340474021
0.006424949701124093
8.339092455605182e-08
0.0
1.6096784529645532e-08
14.831797354565094
0.00019459395036140655
1.2976272829128867e-06
4.7487583537827116e-07
2.1425063976872765e-07
0.4295495876967243
8.468518398039988e-05
1.2785591524411102e-07
0.16759537301011926
3.612463234000504e-06
1.3467498554628354e-06
0.07688782697423716
2.242852627935753e-06
0.0
13.72585150833558
1.2854394450975901e-06
0.05159167564315682
4.304848428090769e-07
0.0026020773995811173
2.0270183128969065e-07
0.030618714686792736
0.00047272346992353897
2.099866743461489e-07
4.500140337427172e-07
2.2753969525318076e-07
2.6588568569528054e-05
0.0007898531652121379
5.843054255286516e-07
0.0
0.001224192706423862
0.09288959230524717
4.5665482655672907e-07
6.735515984470112e-08
1.7194935973939357e-06
0.3274794469894869
0.2396658000794544
0.010076263297952531
0.2598209533265181
0.09563838518110368
0.010964514246156761
0.0001383598497150044
1.6787888320079966e-07
89.29918671380145
0.0
0.7402330994284024
6.726141492795792e-07
4.730840661800336e-08
3.733697010337034e-06
8.18662202186281e-08
0.0006109365486177264
2.739568807823314e-07
9.620963200796873e-05
3.9658674558870506
0.0003125322269502861
2.7849304246037363
2.6466099811996053e-08
0.0008004493736094414
0.0003198443544404685
0.0
0.0002720835296807602
4.538068103183743e-08
0.00016372490199113233
6.362896962283945e-08
0.0004031348836009159
1.0768768540177305e-07
9.007155062256026e-06
0.3203520205528534
1.3181448908778344e-05
0.17405758519010867
3.2555464508890286e-08
0.0006823688172515258
2.1632017182744606e-05
0.0004112103168275543
0.0
