0.0
1.9434543763829524e-07
1.4553450461545086e-08
0.9772914951395593
2.98907551904883e-08
2.509040936523412e-08
2.340108388032781e-08
2.3720127038947244e-08
2.5260939783486478e-08
3.4547165238595268
2.9502619249592135
2.5263654351107977e-08
2.566092403219063e-08
2.43466083398735e-08
7.56038583270994
0.0
6.797007302316693
11.459425805489605
5.299996482670712
1.1534567537262219e-06
10.554274211798111
15.867169663747594
7.609850149218881
1.2148136004099149e-08
230.81078473286348
7.342000975061211
102.04428436830207
6.813458447857031
0.18861203044583744
2.8656369353041153
0.0
1.959017471984893
0.6047625510298468
10.335759623096774
7.229060850049016
9.695861367481566
8.427559272305839
47.02803187051776
11.238305950738889
13.730733396991722
246.00037210595485
4.273114663386319
0.8445991163970399
2.903224975100649
1.4577732394947734e-08
0.0
8.25373073185336
0.1894517124882284
2.194563986261804
6.63744812244272
1.951232772011803
5.594075580040593e-09
46.66017709801239
1.531382147981822
7.548652444223075
6.553987716158035e-07
2.114966947302229e-08
0.00028322787761110964
2.2088580106466323e-08
2.3486884584078327
0.0
0.0002473823277740291
9.236863970213257e-07
4.5567691473455145
2.1648087521321088e-06
7.404716119889124e-09
11.853089808729761
4.5637590170227864e-07
0.04429750122815729
0.32127511986556534
1.5707016907330842e-08
9.575221926525226e-07
2.4825923589660486e-08
0.09523375355578445
9.359550044988856e-07
0.0
9.019986767389632e-07
0.042844708272128156
3.2021141910278082e-06
4.2758048420694054e-09
25.699447559666012
1.418909674937028e-06
0.03679430111728147
1.5877967518210682e-07
1.4194987776125756e-08
0.5570343747910118
1.710602927423914e-08
1.0201824771826248e-07
7.402973696125983e-08
0.000524773227413214
0.0
1.5611822955385396e-08
2.776840130548717e-08
4.246989351056097e-09
1.937065685117552e-08
2.149885553274762e-08
35.42436159751023
3.738266077237169e-07
1.788733475433863e-08
0.03730349161869251
2.0285493918282752e-08
6.868902959497357e-06
1.9093660870985566e-07
7.870171706410638e-06
2.8562733228456384e-06
0.0
3.912157641212741e-08
5.437036902469697e-09
2.411937988020724e-08
2.4700235772490694e-08
1.5188806726392001
4.182290574516467e-07
2.7148585728912165e-08
0.5770520154892435
1.8743538317011894
0.008277608666164971
0.5552936027220546
0.00034979948734633644
0.09846921809799775
1.4563212322421244e-05
0.0
4.370034338610692e-09
9.174808017531541
6.360269312275286e-06
6.230779909070796e-06
2.0214477006416852e-07
3.4900306788900096e-08
0.757894498623196
2.4085498167687583e-08
3.2982332598009017e-08
0.6719906410439014
1.516507707776335e-06
6.178328969185638e-07
0.08275127143492693
2.15503379224422e-06
0.0
5.272868669462277
4.48179588232661e-07
0.05560337505267151
2.845274468793441e-07
2.0204590849218454e-08
0.005642338758911862
0.000356485359789513
1.3770546598853411e-06
9.331302581475452e-07
8.902909218683906e-07
7.386769336552794e-08
2.822842404747234e-07
0.0008163985435430434
7.2184844203212355e-09
0.0
0.0017712239514092482
0.08572058541245486
3.346196158407247e-07
2.2925537827397004e-08
0.004955998160826834
1.8082910701684517e-08
5.9684211763857905e-06
0.004959096808844246
3.874744907465732e-06
0.10091562123997867
0.012883873009449993
0.0010261073911029387
4.847268175515562e-09
53.2649684590331
0.0
0.70691320993761
4.10904887356301e-07
0.07540256792817032
1.4896033635698771e-06
0.023493452551369236
0.0004399480520110194
0.19158539510835057
0.05022843207120533
3.116976996435286
0.0002530891897362566
0.25105811721895155
6.968349296520212e-09
0.00045033917643481046
0.0002546752389631809
0.0
0.0002366651954295327
0.032827902396851814
0.06297047827641813
0.019384161630308126
8.277426079960648e-05
0.030890807241581705
0.027504626502382543
0.12729575384036856
4.2194761752121995e-05
0.037995216249989375
8.710240502584501e-09
2.0441422013223198e-07
4.238817251689679e-05
0.00017602621096859234
0.0
