0.0
2.7416703917465528e-08
1.514602113902303e-08
6.698457709016532e-08
1.6862665092953547e-08
1.5157020809939106e-08
1.4946145784706513e-08
1.4757554610495038e-08
1.475135155878632e-08
8.837923946206676
8.429637011596846
1.582783894513805e-08
1.687952059790739e-08
1.5872734015250336e-08
9.302132001629587
0.0
5.581375572092197
10.772099961339157
6.096849985280845
1.5659872467477443
12.9540649522775
21.03328942716516
2.6531706437176705
6.443497084144554e-09
186.4768403222439
8.449766933665014
131.7489695290967
4.779898741763981
2.0085423086570814e-08
3.918263690574286
0.0
2.157825926372696
0.03307853613785852
13.452413346679407
7.373597149482434
6.602684628064123
8.43871456834404
52.93685290731507
11.483653669575773
31.418749448601165
207.0331732447709
3.32215960114208
7.638581987210859e-09
1.026077695170707
6.312240003259887e-09
0.0
2.4749904908901152
1.4507426842768574e-06
0.8166177836941753
6.480780152268494
0.816559929516103
2.7681238750047726e-09
77.01833209088417
0.2637008037062278
7.499495825498919
1.002814426421431e-07
2.254281351154673e-08
0.0012353764909014571
9.48919952864207e-09
0.19764661253971044
0.0
0.0002188433723015364
7.168849665668759e-07
0.055047410464216955
1.0493537819537204e-06
2.931864885492693e-09
2.4794529338194553
2.660580494008711e-07
0.041923937880045295
1.3286247040517212e-07
2.374099300487359e-08
5.693789487776948
0.1355755212801346
0.10071494819772568
0.0004872412402110685
0.0
5.788803685725833e-07
0.04534703617772709
1.5402847514015442e-06
2.1025480437696377e-09
7.961185034002606
7.320400759546027e-07
0.0385017406242885
8.433180022377658e-08
1.9291559830732864e-08
0.1388732321823679
0.13581140288675542
5.091438944843532e-08
4.02826124900979e-08
0.00057243714271521
0.0
1.659754718747296e-08
0.002681037934188373
2.0547571923482484e-09
1.3179764173195368e-08
1.2767820896025301e-08
35.46114435461584
1.7095205415346907e-07
2.963221114442754e-08
0.009192146173790659
0.009195872552200758
6.317091981683458e-07
1.1970798571071348e-07
0.00010889040351243231
0.0001323604251574562
0.0
0.008001849923535946
2.6530706740941516e-09
1.7047274755735013e-08
1.531748828688532e-08
1.6070636610663447
1.960331004150935e-07
2.234526909246772e-08
0.039687989415485875
2.307532237951966
0.008405959635544049
0.006839827177069078
0.0005078758523801996
0.006839033759369495
1.5724929868791262e-08
0.0
2.1073067514172115e-09
9.127902442011036
0.0001428727227356625
1.2763848631463361
0.48069444311417553
0.016058352971724192
0.3344031654333112
1.0098813874769114e-08
2.6470543411568495e-07
0.4390861799525769
1.6881100216992255e-06
3.8942438335856087e-07
0.07660190748716733
1.0448608377559888e-06
0.0
16.243705892373804
2.6753608537935505e-07
0.053010422750982444
1.2792654195639306e-07
0.002060011568946065
1.113967627238962e-06
0.03202449400303434
0.00047181396101488493
6.786253243922086e-08
1.4731489277640922e-07
6.905576609833516e-08
1.3097812300738446e-05
0.0006901316551921044
3.862375440400977e-09
0.0
0.0009526616039831988
0.09019124682716166
1.349380025332135e-07
0.003202600771693113
0.36312222964215946
0.6229953523935019
1.3109840705558258e-06
0.0036040137223165305
1.4541300529350623e-06
0.09573650945028099
0.011114010095142672
2.0996398753883274e-06
2.4639463166991685e-09
51.17284871562856
0.0
0.7230991674932301
1.81584119352556e-07
2.9084343763074378e-08
0.0004993178677257138
1.8431080629737352e-08
6.2230131889593315e-09
6.225129429551307e-08
6.883786292067318e-05
3.530633552506454
0.00025460178690699803
1.5682471400729037
2.331593607363633e-09
1.0672966743993217e-08
0.0002574401735238806
0.0
0.00022033021952373122
2.8707857336220575e-08
0.00021663234857437831
1.4163966022905395e-08
0.0004137705426404775
1.6593073000041847e-08
6.037351919826035e-06
0.26925030597729677
7.767649738583762e-06
0.09800800992991947
2.478170753160177e-09
0.00603549365661968
1.651780467390847e-05
0.00035253119081971013
0.0
