0.0
0.0001496199067643302
3.642492180701267e-05
1.6775029880574197
3.5231095177491616e-05
1.539697330694065e-05
9.72910369981896e-06
1.1860571921933484e-05
1.0967332758042317e-05
2.9671677844976077
0.0036058886732659463
8.376491568795306e-06
0.0032255786957785413
3.8092950248098595e-06
3.934794685695842
0.0
3.184930081588295
7.805010876095721
4.294291219252739
1.9487396378656958
1.6344279515487603
2.60224693031922
5.8617980277001
1.304882937806951
298.1560324296583
7.580431788776828
53.78796955528297
2.3009590449018535
6.798849780694803e-05
1.0401925706974706
0.0
1.022902934616752
9.087634692122837e-05
8.061392554649146
6.886677877265035
7.496835799753202
2.632492768726542
20.875780044296256
73.15999568013466
12.497065180285155
251.6209756216221
3.96290655659749e-06
0.3609493684363924
1.5919484526492957
0.00017829374782832175
0.0
3.924826561378399
0.957730930984415
4.3055909550230245e-05
0.0004518782765596036
4.702521703837625e-05
8.668830427852019e-07
12.035313564802696
5.9438856565169186e-09
5.2308212545642885
1.8066031846464436e-07
0.00012935446195038635
0.0009386660328294491
0.00016164434970867368
0.0011339367624634438
0.0
0.00022433498496920762
7.508259762991055e-05
2.763302786129883e-09
8.16411163552264e-05
1.4418249754687904e-06
17.12977908817166
2.261699861012216e-09
3.143889124292968e-09
0.003553422575173346
6.899707032563977e-05
0.8271970942010785
0.0009777481209434769
3.631851786762839
0.0001713418090271421
0.0
0.0001426940013863205
0.0007566169986194039
0.00015928535476004762
1.1789702664094292e-06
8.221464726961717
0.00011102246466450038
0.846793374828751
5.578613952276961e-05
1.123885884297755e-08
0.1406722373516124
2.7022084123429032e-06
0.1386765609781066
0.00010014833016667219
0.0002682552321679692
0.0
0.00030797158873561216
0.00012657157170288945
3.805258307735374e-06
1.581230695242746e-09
6.701252988729947e-05
0.12181580018001639
7.747932298473432e-05
8.74886728608753e-09
0.0029777951853163596
7.707099781532551e-07
0.0008553129839359265
5.686815282426359e-05
0.0004488580164040564
0.0007359443994943739
0.0
6.874723952370512e-05
3.3515660497361824e-06
1.5411949202110156e-09
0.00011841949418616984
10.384896774905897
0.00010329337572046391
4.1576232126701944e-05
0.00042200944351842743
0.9245770173671796
0.2205409971014285
0.00011810378944456148
0.00016157876294697052
7.638043427285208e-05
2.1526454899688506e-07
0.0
3.7902769826264254e-06
5.873533925933086
0.0002376403277057656
22.15389027028741
4.291630713953084e-07
0.0006616375935815038
5.271501090838275e-05
0.00016360197874617643
0.00031396844267251694
8.520437188003007e-05
0.00022288433723681423
7.438503855084334e-05
0.0007596249351232631
8.081844547145325e-05
0.0
8.730931596053305e-09
2.6322170080105896e-09
4.067795862624732e-09
0.003641285365141928
0.0024499166352932545
4.237505243696142e-06
1.907255681866782e-07
0.0013767284186327789
6.393070995829242e-06
9.883089887884614e-05
5.708287196580814e-06
5.9044217971531516e-05
0.000506019845424797
3.0016437307626107e-07
0.0
0.0008045074758087265
0.6490560311258756
5.273095980118275e-05
0.0017136475997705648
0.17197415098667027
0.0009702492543934711
0.0005186018049541372
6.664834587333711e-05
0.004269184643145818
3.482958001796126e-05
9.535415970842279e-05
0.0005433572938802273
3.1939889523421602e-06
1.0686020293653417e-09
0.0
10.209863607009869
0.0001037169047578366
0.1704072912853763
0.19355009272067303
0.0959179075774994
2.718634637407235e-09
0.043291558723807716
0.2308553054464901
0.46491761133703796
0.0004797253889953052
2.2129167891419206
2.1430271136525165e-06
1.3361834630520462e-09
0.000456323097241478
0.0
0.00024773973243145763
0.15596499622063262
0.0038658975429225447
7.347319783268727e-08
3.351940105124882e-09
4.903777681553858e-06
7.786715514116253e-06
1.774420762641515e-05
0.0004197044960077019
2.1961931834906263e-05
3.367510903622398e-07
1.5318590492329035e-09
0.0002237948930104628
0.0008236549602391693
0.0
