1.071245575401865
12.18793136977249
12.269960367084469
12.132275493677678
12.132275493677671
0.4503818667855324
0.0
25.898162564815493
44.05933265155188
44.09012022910097
46.076544160883245
44.839974845198746
26.471635312024297
0.0
40.45037298072666
95.76372129156202
94.42552571960412
100.00000000000001
100.0
43.43363327789004
0.0
48.4727541338502
99.86626599877107
100.0
100.0
100.0
66.11385267769816
3.4939178021136095
47.264231750570204
84.92005845483197
84.5058433610029
99.99999999999997
93.36541791542784
64.81720529194237
2.913041969438429
0.0988955808382107
1.7905253207867344
1.790525320786735
1.48081179569657
3.6067520737922054
4.626296295183996
0.7710493804661858
0.0
0.0
0.0
0.0
0.0
0.0
0.0
0.0
12.187931369772489
12.26996036708447
12.132275493677685
12.132275493677685
23.99119677925019
0.0
44.05933265155187
44.09012022910097
46.076544160883245
44.839974845198746
63.906428067581615
0.0
53.522848831306135
52.18465325934818
76.29892130747677
79.699329602974
95.10676123751445
6.517014018142327
62.909873039506444
67.9777295220778
54.0139670655024
73.67964806507197
93.12407102957349
5.639927701598299
39.42156310843262
39.0073480146035
26.612923613343334
31.142273241310768
66.36093558566913
0.09889551443318158
1.7905253207867347
1.7905253207867349
1.48081179569657
3.606752073792206
100.0
0.0
0.0
0.0
0.0
0.0
0.0
0.0
0.0005723714881423975
0.00028618574407119875
0.00028618574407119875
0.009194840604429655
0.0
0.0
4.817504058301216
0.004116330434093098
0.0
0.19534505086400608
1.4702017984640827
7.433238560719971
7.433238560719973
4.100642104976637
0.0538586801576508
0.0
0.0
0.0
0.0
0.0
2.2574168533115353
0.0
0.0
0.700088585728725
0.8122700893155187
1.807706216783586
1.6222593803812604
1.4583719573672695
0.40483505303519735
11.177357700729107
7.958934168589699
0.7075639514353753
0.9952230846202681
0.9461784368871549
0.0
0.3221166802572949
7.542102406120561
8.519224859430878
3.5372048210580105
1.315014811255351
0.4781100691671535
0.11947701525213557
0.12887842724569798
3.8268765119037442
3.8268765119037433
0.5549899750405269
0.2219959898670793
0.0
0.0
2.5039193158236035
5.295381494870322
3.425446510776349
1.8673496155231437
5.292619295612001
3.6374489354898234
0.0
19.463803396951565
50.282899087712096
31.967690212733697
21.709707943311116
51.26778316592125
33.4347927586597
0.0
52.09889607346778
70.18273813705395
75.66777664137048
49.325246624146004
44.01461317232049
44.243303372779046
0.0
61.30693352426572
81.30472776127266
68.78838024178621
78.8028110521407
73.28752436696757
66.11385267769816
3.49391780211361
55.10291969773999
72.30808950390345
66.27377941689228
77.18486722243429
70.85371072599445
64.81720529194236
2.9130419694384284
0.0344240908628353
0.0
0.1887665798041552
0.57220681970417
0.19779109527139227
0.0
0.7710493804661858
1.3757333626147294
0.0
0.0
0.0
0.0
0.0
0.0
0.0026389972258628195
0.011095649719738252
0.026882103669991473
0.00947188528616398
0.003157280281621132
2.676391143797579
0.0026389972258628195
0.19534505086400608
1.3674156029765752
3.7097079374352804
1.2365693086836202
2.676391142439365
0.08772367403449817
0.0
0.0
0.0
0.0
2.5421079983350747
0.0
20.422688103916148
0.0826385947525401
0.17339187324049493
0.04046046757832351
1.1290893452693165
0.0
0.18544683640232568
0.18544683640232568
2.398067961346621
1.02294440069622
0.37089367280465135
0.0
0.6243629143141124
0.7502073907982124
0.9389739706023678
0.6243629143141124
1.2487258286282248
0.0
0.0
0.0
0.0
0.0
0.0
0.0
0.0
0.00028618574407119875
0.00028618574407119875
0.00028618574407119875
2.0968859595270684
2.096885959527067
0.0
0.004116330434093098
0.14625810277672757
0.14625810277672754
0.0
3.942842071399303
3.942842071399303
1.3674156029765752
0.0538586801576508
1.9269438129114043
1.9269438129114047
0.0
2.7332265020000612
2.7332265020000612
0.0
0.0
0.0
0.0
0.08862872307434062
0.11706268561537542
0.11706268561537542
0.08263859475254011
0.40483505303519746
3.396704173481372
3.396704173481372
1.3319268657494874
6.946403209965328
1.6763925210870974
0.0
0.32211668025729484
3.4098646547954865
3.409864654795486
2.560082367747692
1.3150956100006714
0.4781908715438369
0.11947701525213555
0.128878427245698
0.5549899750405267
0.5549899750405269
0.5549899750405269
0.2219959850609551
0.0
0.0
