0.0
5.8309519217227766e-08
0.2899581889336211
4.825310131339339e-09
4.505582378051055e-09
4.410027422651436e-09
3.4185387280233663e-09
4.99267456267849e-09
3.943740282283632e-09
7.277552310957008e-10
5.228083245971232e-09
4.535021764022018e-09
4.455802268697327e-09
3.5261128688990397e-09
1.992697692307897
0.0
1.7232764069330688
10.288739810928085
0.1866050195382102
0.9997592463700646
49.86281852437613
13.54159250985441
1.9284298776686044
1.4311989393021776e-09
232.90971576689756
0.16601627874338937
85.92468292007786
4.483116508116852e-08
12.300994189497898
5.027337445152474
0.0
4.963035233849051
2.723734429501239
7.979788986002478
3.762059824838591e-08
7.087994521966365
0.5737269497935382
91.80066469707317
54.0001823012313
0.4449538543853997
145.4998123154814
2.423488742846874e-08
0.31961636979626945
0.6905255561449906
3.4972088812360334e-09
0.0
1.8195399590454004
1.140495099862566e-07
1.5034351019557618e-07
6.548878754565017
0.5765089055232265
6.31736770022645e-10
19.96841768701314
3.8204288861689517
92.0448808574796
6.629121403226271
1.3279530290089832e-08
0.0001353897561086116
1.6344588567439898e-08
0.12800450904405328
0.0
1.5392458334731534e-07
2.6556786272197985e-07
0.12777217902994428
0.07984976246143106
5.861238683079002e-10
10.003479164196815
0.06333100468805325
0.12209141017202166
3.108620652276579e-08
9.7550109949378e-09
1.0108965299155142
0.027072668821512942
2.308369489026915
3.4680702619849426e-07
0.0
3.782418237954878e-07
0.02398471809142609
3.33611040096348e-07
4.1145187158179786e-10
29.342156026154917
0.005953212396035469
8.907502491236869
2.3214472387027e-08
2.457776832438114e-09
0.9807579601043218
1.177333552580984e-08
0.010677768421591401
3.567534127404737e-09
4.732267292820889e-08
0.0
7.374198058089156e-09
8.658745446319523e-09
3.6306245513900523e-10
0.7162147409734652
2.3259760255884346e-08
36.38486425147854
4.483336104588944e-08
1.0644367411266697e-08
0.0008302529208603959
0.13480799208129876
2.3778928153453757e-08
5.876550864585193e-09
5.924415701287175e-07
1.7998228204633391e-07
0.0
2.0228135920936196e-08
8.126522032913545e-09
0.1998295716096486
2.203361198903574e-08
4.01915163873387
5.023914053345375e-08
3.642106260580026e-08
0.8789574713141914
0.42938619089870794
0.31225824838724653
2.3102713497133962e-07
1.520404264901861e-07
1.622776640680728
0.15016107011159713
0.0
3.76378603965425e-10
2.8691338005250473
9.024736796096167e-08
6.596607290554705e-08
2.2191386054009485e-08
0.05750989638950845
0.06372770254574014
1.894474600610125e-08
2.6725442118808804e-09
0.0660917951990182
1.538881255015553e-07
2.6492876412773913e-07
0.11895802723470562
0.06171590305825504
0.0
9.025486596885118
0.05297673390211152
3.0625298875214693
3.1164664789783413e-08
1.020639044853807e-08
3.447227267370984e-07
0.040761015639731654
6.759013157705727e-08
9.205725985771055e-08
2.143469561949716e-08
1.2758277908509063e-07
3.796236144164956e-08
5.639860605504676e-06
2.701084164573527e-08
0.0
0.00036595485454673783
0.22861478173955158
3.897485838190603e-08
1.0425771721466983e-08
2.785737379662821e-07
0.09554563343548025
0.7227216493795074
1.3362809534813468e-07
8.026549312265593e-08
0.5588523304590469
0.004351094590376734
2.966583174373051e-07
3.985166978429731e-09
1.2144111201334151
0.0
2.4716889967983047
4.721819772683418e-08
6.850332010966079e-09
0.1546633004734358
2.7559508621374174e-08
9.189459577883707e-08
5.156068541178772e-09
2.255190474815535e-08
2.859512186013368
0.0001600637025457632
0.00012635789323075714
3.417177107416785e-09
3.9620966024148903
0.00016018800122376425
0.0
0.00015801547235609273
8.13851188998345e-09
0.008675284191386877
2.9268870894325712e-08
0.060673374807983044
5.785385424635743e-09
5.1516955675771335e-08
0.33121586645821827
2.28057840318476e-05
1.8620140426760265e-05
5.115765851736555e-09
0.2390677734779401
2.2871648383229165e-05
8.657260591314181e-05
0.0
