0.0
11.466519199852911
11.466519199852913
11.466545532243423
11.466545532243424
23.99976488232859
0.0
41.92740365776679
46.20036103658579
46.040149828901455
46.040149828901335
63.75228752842248
0.0
96.6163704696421
99.90216666437854
100.0
99.99999999999999
99.99999999999999
0.0
93.6778869583533
99.99999999999976
100.0
99.99999999999999
99.99999999999999
3.128543150877015
64.05449400789243
69.25316339079646
66.10706774184442
93.69788212710037
100.0
0.0
2.0920029870221675
1.7411742523129403
1.7411742523129403
3.3396902842683884
35.2174335943584
0.0
0.0
0.0
0.0
0.0
0.0
0.0
0.0
0.0
0.0
0.0
0.0
0.0
0.0
0.0
0.45352092577925995
0.0
0.0
1.2565322127626435
0.0
0.0
0.0
1.290345147979131
0.0
1.4391475770176494
0.8345324474157575
0.0
0.9042567579708349
7.306119468417516
2.5983140677763688
0.8661046331604485
0.0
0.0
0.0
0.0
0.0
0.0
0.0
0.0
0.0
0.0
0.0
0.0
0.0
0.0
0.0
0.0
0.0
0.0
0.0
0.26665964255516966
12.799839494054561
12.799839494054561
12.799874603908576
12.799874603908577
0.26665525382341737
0.0
24.033404012067095
46.200361036585974
41.92740365776676
41.77952500882603
41.779525008825914
23.910302536595935
0.09208231224165728
46.76183876494909
65.12711078741249
50.88081432270303
60.41962045107512
72.21653887596744
36.537762477582376
0.0
58.93943155267124
78.25770961761313
87.50755030844192
62.40539938054716
59.44904959275385
52.51995552256446
0.5371329589017514
49.204279044550056
56.43321252731721
61.670359267184
74.70700023755083
56.96168426893117
59.886755105955686
1.9286284525831603
0.0
1.7411742523129403
2.0920029870221675
2.0920029870221675
3.4907045149831846
2.9972175599164586
0.5328386739210299
0.0
0.0
0.0
0.0
0.0
0.0
0.0
0.0
0.0
0.0
0.0
0.0
0.0
0.0
0.0
0.0
0.0
0.5183096294620113
0.0
0.019985784213563906
1.6768929334959477
0.0
0.0
0.0
0.0
0.0
0.0
2.739345019845343
0.0
1.0609519509630323
1.06095195096303
0.7912246632244807
2.9808765040651624
2.980876504065163
1.768075024338126
0.0
4.611895129086454
6.092373970808719
0.0
0.0
0.0
0.0
0.0
0.0
4.070941643919059
4.070941643919059
0.8806916821731138
0.3218932988268077
0.08498831777351655
0.06783369030251468
2.162199397062302
2.162199397062311
0.0
0.0
0.0
0.0
3.733234995772376
3.733234995772376
3.733234995772376
3.733173553527844
3.7331735535278443
3.7331735535278443
0.0
36.050106018100664
36.05010601810067
36.05659510253276
35.86545380489388
35.86545380489388
35.86545380489388
0.08057202321145011
53.328213703030386
69.03040386899013
57.592160345758735
36.50596778333403
36.91302353559113
50.265542809023934
0.0
66.42145926721967
73.80830518611398
68.17877563112776
68.68131488608167
63.61011952167451
60.02280631150224
0.46999133903903245
55.488296032594654
54.88941867352558
54.88941867352558
59.56858485824012
57.15391677953492
52.40091071771122
1.6875498960102653
1.3001974395301643
0.0
0.0
0.0
0.0
0.0
0.46623383968090115
0.0725936031428085
0.0
0.0
0.0
0.0
0.0
0.0
0.0
0.0
0.0
0.0
0.006489084432086613
0.0
2.4217564190563725
0.0
0.0
0.0
0.0
2.559759112329059
2.559759112329061
0.0
0.0
0.0
0.0
0.18604138387043745
1.937596987099526
1.9375969870995222
0.0
0.0
0.0
0.0
0.0
8.42772932569353
2.6003948790603286
0.0
0.0
0.9433784945366652
0.9433784945366637
0.0
3.055949547734201
1.016310443999319
0.0
0.0
3.4300000733839817
3.4300000733839857
0.0
0.8753799364091731
0.31658155572730123
0.07436477805182698
0.059354479014700395
0.0
0.0
0.0
0.0
0.0
0.0
