0.0
5.1975688783272736e-09
4.5083267080738135e-09
6.4418338353644484e-09
5.197443010619155e-09
5.121519135821505e-09
4.631156748007886e-09
5.939198258611214e-09
4.966259398119249e-09
1.7768349757599915e-09
5.190053985478609e-09
5.188206907255451e-09
5.226534045504097e-09
4.110724242089775e-09
1.1691970482550924
0.0
0.7328513867528698
8.827684723625136
0.603449821662617
2.620703941453751
1.0445564626437793
38.67106545601642
0.9314163820788535
8.757980062172616e-10
256.33365783250065
0.48380097643042486
71.73575763134161
5.042124081419393e-08
0.5262982308541366
6.799439305164182
0.0
6.799439304005909
0.590392074406636
2.586771853241884
1.554016420312656
29.885488229002384
1.0893040072127662
120.33305298465312
88.06612135068328
0.6467478234296055
46.79379073301319
4.643712603704181e-08
0.09925727806192479
0.8151439007456318
2.6816843306026667e-09
0.0
4.689328880558217
0.11643242073798632
1.0658023929438343
13.757731114730552
3.808806957071307
4.6283758477188015e-10
27.316823924320467
0.5064244204444395
130.18707237125452
2.0896619302733046
2.4833891741757384e-08
0.00039614513214527496
1.6948189988548235e-08
0.4345124368506964
0.0
1.4942559724606122e-07
8.364456188633273e-07
0.1258351333119942
0.07825536376855038
0.47464141466592724
0.12740384586680928
0.06347935456158195
0.12025256343606386
3.275815060862538e-08
1.1723650710902413e-08
1.7759746829042313
0.5378047359499414
3.8593005345466946
8.653778638703419e-07
0.0
1.237989574368316e-06
5.455529466181052
8.16713001028275e-07
2.59651816504511e-10
0.023307746476838517
0.0722363523889272
8.705837799316846
3.237041419518619e-08
3.068471800195087e-09
0.057336385095349274
0.0562555698144256
0.05786618449667537
4.640864867804291e-09
3.1011468861115164e-08
0.0
6.2375473549175935e-09
6.535857845371195e-09
2.3629680210607775e-10
1.689262859750278e-08
2.5071442025329635e-08
44.97797640628699
5.430311818009478e-08
1.3898139666305454e-08
0.0013534749792696538
0.00013119674193833394
0.0001306998596591648
1.9804487171364082e-08
3.836491308859774e-07
2.9027533787620593e-07
0.0
1.2197616980608458e-08
3.380653579401693e-10
1.7606507612563572e-08
2.5699689887200562e-08
4.093936879901799
6.017351025581003e-08
4.963465743358354e-08
0.43455500403327496
0.39997294586112003
0.18785990504902855
5.637195351515775e-07
1.5940838266160447e-07
1.6306328363552691
0.15020675672008743
0.0
2.404809892047914e-10
0.82956891560852
8.720743953924518e-08
5.812757859056641e-08
2.3781065819822064e-08
0.04090669973880095
0.06493408248380937
8.243873735527482e-05
2.17443546049729e-09
0.06713618456155808
1.4948530693965586e-07
8.326330579406047e-07
0.11991506808294539
0.06244933605212599
0.0
0.12188740605641285
0.05442277755410228
19.36893018246333
3.29745293863778e-08
1.3542993992194198e-08
1.2621420821003282e-06
0.00011762102377429212
0.00011721317629314822
4.1101366624487604e-07
2.450196596557494e-08
6.121918674373721e-07
3.375284963987449e-08
0.0002764510766466473
5.894953969541913e-10
0.0
0.0005714353721978315
0.25120828397688466
4.834267482095413e-08
1.1456799685604043e-08
3.990840772396265e-05
0.00011710727467383728
0.5753654288684886
3.3622986427243817e-07
0.0871888720884092
0.5614184329933581
0.004084644155458283
2.765333664836191e-07
3.2168645618777747e-10
3.070496546150025
0.0
2.3849981798969493
5.819311764112305e-08
6.402547307550484e-09
0.17176808666958532
2.7164858456949102e-08
4.262185136185113e-08
7.215724095153373e-09
1.9247480667108883e-08
2.3790587279153907
0.0001869768783191644
0.00014823880151649128
4.2764296948901453e-10
0.6614279944598369
0.00018704274809079016
0.0
0.00019759919775864671
7.2786274105868255e-09
0.009271316874183389
2.911958555315351e-08
2.2059896576810247e-08
7.917837433997333e-09
3.611370370665009e-08
0.1688335116367053
2.680439137380047e-05
2.1919840658088255e-05
5.336297295301555e-10
6.348150100495074e-08
2.688295742183528e-05
0.0006036438389359255
0.0
