0.0
5.257344223113168e-09
1.0180294975613087e-09
2.0333109596144165
1.348161505646969e-09
1.1825071881208741e-09
1.6801721984205605e-09
1.1379163278560733e-09
1.1972360218186736e-09
3.731637395690492
8.241020731958404e-10
1.1999895485713009e-09
1.2393208737071735e-09
1.2338673844242784e-09
6.0119841283701785
0.0
5.813027731167022
6.298499142449565
3.9171227867474245
2.3402291121268233
14.106709899181023
15.355303040478466
11.028153411557584
4.49512778764044
221.78637220391374
12.263491360622844
108.7457068021732
7.494399412021882
0.6604272792313591
3.3043786619132987
0.0
3.0318164017655693
1.262521639350914
9.654313311690803
9.465518510490018
10.913561906369186
8.572381498382107
46.39634172671967
11.167048284039321
15.767774484219352
233.28119427338288
3.8049243546151343
0.740695625352478
1.9457521047788224
6.064954128570992e-10
0.0
12.663024656782472
3.5793264057306245e-08
1.0004563521603296
6.445270257786663
1.0371827916990335
2.1279694195036837e-10
61.38863246217934
0.34003247758855093
7.3005723213203835
9.33029468588176e-09
1.0177243714607316e-09
0.00013274121250003658
1.096978771689938e-09
2.827159298044893
0.0
0.00023457153575593502
0.0008324850611855777
0.059481325554754765
3.577390050981163e-08
2.7278499003539533e-10
4.708366240258693
1.796152351490065e-08
0.04452588141664399
1.8448768781339693e-08
6.819348737347568e-10
0.8095163625260318
1.1185346124381003e-09
0.09577025052865387
3.135392071101591e-08
0.0
2.841630621221097e-08
0.043149610536278867
5.18844737036586e-08
1.5612868729566163e-10
45.27688706537578
5.052426913159368e-08
0.03671444382535532
5.953357033710226e-09
5.343747426786279e-10
0.4657487793374572
1.2466658545489695e-09
3.845579700447758e-09
2.898739630501059e-09
5.7073392167968675e-08
0.0
7.599190213385947e-10
6.563078132359911e-10
1.6153861319591844e-10
7.782701733877931e-10
8.302606305700415e-10
35.44950475716307
1.474479122565285e-08
6.112375058855519e-10
0.006907682407802477
5.05657549546701e-10
5.3621473288907244e-08
5.877533183590826e-09
5.171471309395011e-07
1.4488394273962807e-07
0.0
0.2800783780970146
1.8543887910821845e-10
1.0242317133367042e-09
9.751954354190755e-10
1.482109956293538
1.7230914729624264e-08
1.7390658673571595e-09
0.4331374140042231
0.9646679999030254
0.007221744311815383
0.4578445506954168
0.00020068290715445815
0.11642086753786281
1.9267935898214802e-07
0.0
1.687782004387593e-10
4.197698960570416
1.5860869514088253e-06
0.006085509207835612
7.630606315345558e-09
2.562741571482781e-09
4.5585545823789095
1.056370447731594e-09
1.1253031253517727e-08
4.5388734570978215
4.440888492842672e-08
1.9605360110856444e-08
0.08281655050609692
3.576022275396251e-08
0.0
0.08661513880567653
1.796252098844137e-08
0.05660806445106957
1.1144480194459618e-08
0.0010530188464889887
0.005021873194596703
7.660986782443678e-06
4.975978191507915e-08
2.149173581403582e-08
2.751838089043676e-08
2.3637494443073836e-09
1.2354149534055074e-08
0.0003865048115734137
1.9942106619831816e-10
0.0
0.0006747910784436285
0.08445197808808999
1.38146660666625e-08
0.01063918949177376
0.00744745381733531
1.119542396366335e-09
1.2323772395816323e-07
0.007451742461895615
1.0481210447373685e-07
0.17994815387388943
0.013760307655508702
6.736318212853602e-07
1.6350500214957962e-10
64.06713710726896
0.0
0.6893384991568138
1.6333970508610105e-08
0.5096740921668013
0.021403638987854464
0.019822957648918553
0.00027717839545537444
0.5303376814617357
0.544428556666016
2.0692389414740915
0.00013533171720798374
1.9040283732694647
2.116030631758196e-10
7.104017569314831e-08
0.0001354139037190249
0.0
0.0003153519549285273
0.06534422008278501
0.02224610790248625
0.021274302857317726
0.0007883154808361385
0.06559791026746856
0.06422201952621576
0.17315768128520626
2.9164860066079772e-08
0.06753299252983191
2.416218635884114e-10
3.068627926749823
1.1345098820016808e-07
7.322744721502472e-05
0.0
