0.0
11.466537829160172
11.466537829160174
11.466560772636647
11.466560772636647
23.99979445490331
0.0
46.163357168104234
46.1633571681044
46.050544816941034
46.17566951329977
63.97158971716924
0.0
93.51642738626865
100.00000000000009
100.00000000000006
100.00000000000006
100.00000000000006
0.0
94.62581956707322
99.99999999999997
100.0
100.0
100.00000000000001
0.45160149708628605
64.71528720093684
63.69120643942432
65.91702862246453
94.36607362549519
100.00000000000003
0.0
0.781490277546263
1.0058471918465894
0.7826255566302519
3.8037879722764374
32.63895479752448
0.0
0.0
0.0
0.0
0.0
0.0
0.0
0.0
0.0
0.0
0.0
0.0
0.0
0.0
0.0
0.11139340540152606
0.0
0.0
1.0314126602667402
0.0
0.0
0.0
4.8669571760794
0.0
0.7426665602966006
0.6585730837948499
0.0
0.5180898886388372
6.594166441447679
2.411412721208249
0.8038042352840663
0.0
0.0
0.1184126754229824
0.11841267542298245
0.11841267542298245
0.11841267542298245
0.0
0.0
0.11654902758601213
0.24038237203024812
0.0
0.0
0.0
0.0
0.0
0.0
0.0
0.0
0.0
0.26666051759451204
12.799859784646465
12.799859784646472
12.799890375948435
12.799890375948435
0.2666566936817668
0.0
24.015692038260404
41.89391827448238
41.89391827448264
41.791861637535575
41.90134574684947
23.962158763394502
0.0
49.77512777302285
72.1943996802146
50.90550527530131
55.18145633087548
66.86092803876325
34.107549987019894
0.2651497544723133
55.40461456958296
72.21247619957585
75.54276236909945
66.89538485750677
56.93489596118929
51.18038910442792
0.4105544875841439
52.35270120938059
57.465397109693114
74.84878139519586
69.86938029760955
52.648856026838736
58.36270651208701
0.9783406860890834
0.0
3.403953950431166
3.4199794443097606
3.404035041794307
3.6198323571976063
3.477342139228414
0.6181941563057539
0.0
0.0
0.0
0.0
0.0
0.0
0.0
0.0
0.0
0.0
0.0
0.0
0.0
0.0
0.0
0.0
0.0
0.12730674903031552
0.0
0.0
1.0314126589742572
0.0
0.0
0.0
0.0
0.7239381919602259
0.7239381919602265
1.3543559444732294
0.0
3.4579708961408184
1.5509082364538365
0.4692741921920053
1.7785572717858942
1.7785572717858886
1.0116847183732736
0.0
4.137021860806782
1.3892126869744417
0.0
0.31956894979690603
0.31956894979690637
0.0737466505481748
0.0
0.0
4.070941650376372
4.070941650376367
0.8806916963045568
0.3218933226896177
0.08498832939011558
0.07869998871875655
3.2597130957802247
2.5085623261010213
0.0
0.0
0.0
0.0
3.733247246323171
3.733247246323171
3.733247246323171
3.7331937115447342
3.7331937115447356
3.7331937115447356
0.0
36.02353805739061
36.02353805739061
36.02353805739061
35.94323814509174
35.943238145091755
38.00360407293409
0.0
46.161146767795465
72.06248664752282
57.345974085842585
44.48902694357321
42.25873380699523
52.79590322606589
0.23200603516327417
66.25760276187762
73.44015836486109
67.57939214799154
66.60184416832655
62.11479373950978
58.491873262203335
0.3592351766361259
57.42137475901268
57.11447760042869
57.11447760042869
58.502833703393414
57.185662512838384
51.818518967755324
0.8560481003279481
0.6193758326053802
0.0
0.24038237203024854
0.11654902758601213
0.11654902758601213
0.0
0.5409198867675347
0.04026617717545411
0.0
0.0
0.0
0.0
0.0
0.0
0.0
0.0
0.0
0.0
0.0
0.0
2.549984566151673
0.0
0.0
0.0
0.0
0.6771358344264649
0.6771358344264644
2.0706361532358533
0.0
0.0
0.0
0.1930585854646759
2.109938317802202
2.109938317802203
0.011602179007807724
0.0
0.0
0.0
0.0
8.461872732905784
3.6696078200479807
0.0
0.0
1.2447231671360761
1.2447231671360741
0.0737466505481748
1.7155636135861392
0.5637264804563575
0.0
0.0
3.8297488835357676
3.829748883535769
0.0
0.875379935613919
0.3165815652482441
0.07436478821635113
0.06886249012891196
0.0
0.0
0.0
0.0
0.0
0.0
