0.0
11.466349787655751
11.466349787655746
11.466415483953673
11.466415483953675
23.999517805934744
0.0
46.216677181992964
46.21667718199298
45.91627093015187
45.987987822792725
63.74095611104898
0.0
97.8296804708835
100.00000000000006
99.97838308926558
99.97608970294249
100.00000000000001
0.0
74.04814463253871
99.99999999999997
100.00000000000004
100.00000000000004
100.00000000000003
0.8027986526612343
69.53942509878812
68.4637216232298
63.45522290801221
77.42158459848694
100.0
0.0
2.7968200784577504
3.285371087834998
2.7966860316365247
5.35041419486137
19.959343295817007
0.0
0.0
0.0
0.0
0.0
0.0
0.0
0.0
0.0
0.0
0.0
0.0
0.0
0.0
0.0
0.567263631284081
0.0
0.0
2.7281275291409783
0.0
0.0
0.0
1.2548605141592286
0.0
0.6608483220502785
0.4077265905124344
0.0
0.0
0.0
0.0
0.47355064831128374
0.0
0.2610245551190831
0.2610245551190831
0.2610245551190831
0.2610245551190831
0.2610245551190831
0.0
0.0
0.25379267492672647
0.523447428420176
0.0
0.0
0.0
0.0
0.0
0.0
0.0
0.0
0.0
0.2666514572337862
12.79965523476796
12.799655234767954
12.799742829831857
12.799742829831859
0.26664050785079807
0.0
24.043559830329215
41.94231502363941
41.94231502363942
41.66687385608195
41.72962613714269
23.97665784888669
0.07171689264097049
41.72428610478541
73.49620344114244
53.899640492388556
59.184527906729954
82.17504167225772
38.93070183869973
0.0
55.00489338265721
84.44970763174359
77.63085913044206
88.13182736036231
88.13182736036217
92.19718868257746
0.27116440411253645
53.195968582392574
59.22977231223117
57.84518861322331
66.96159248490554
56.512670802312265
51.80260656354999
1.391969403732598
3.1209649831326742
3.788703606988812
3.8236001076586144
3.7886940322158664
5.534535906009598
4.8230175470656365
0.8574253329214836
0.0
0.0
0.0
0.0
0.0
0.0
0.0
0.0
0.0
0.0
0.0
0.0
0.0
0.0
0.0
0.0
0.0
0.6483012928960927
0.0
0.0
2.7281275293404676
0.0
0.0
0.0
0.0
0.06698349929729634
0.06698349929729634
0.9139336698438947
0.0
2.3734762520682815
2.3734762520682757
0.07846576740761985
0.17387221364625483
0.1738722136462549
0.20242785814048064
0.0
3.1659316888017814
0.0
0.0
0.6120772090006864
0.6120772090006875
0.0
0.0
0.757515580373924
4.070941572952349
4.070941572952348
0.8806917639630975
0.32189321149318645
0.08498826354807633
0.10915560011061301
3.4793355774451036
3.4793355774451036
0.0
0.0
0.0
0.0
3.7331204012730046
3.7331204012730046
3.7331204012730046
3.732967109911173
3.732967109911173
3.732967109911173
0.0
36.065339745493844
36.065339745493745
36.065339745493745
35.76328301277731
35.7632830127773
35.7632830127773
0.06275228106084918
54.810673490734786
67.67464002409311
57.349532076297336
41.11757571789741
40.21721001194322
46.74083627091587
0.0
63.293188846367094
63.64368167564825
65.23076676236822
80.1186319058661
80.11863190586601
81.61814042814596
0.2372688535984694
57.71375831510419
58.95724856211654
58.02724830353234
66.47670858654277
64.2688810695349
59.202978929771426
1.2179732282660232
0.23621291367860445
0.0
0.5234474284201771
0.25379267492672614
0.25379267492672614
0.0
0.7502471663062982
0.028555644494225745
0.0
0.0
0.0
0.0
0.0
0.0
0.0
0.0
0.0
0.0
0.0
0.0
0.7447361596177233
0.0
0.0
0.0
0.0
3.0517541149520673
3.0517541149520673
0.0
0.0
0.0
0.0
0.20207900902078701
0.822390672965412
0.8223906729654117
0.0
0.0
1.098520743706679
1.0985207437066782
1.0985207437066782
1.176986511114298
1.176986511114298
0.0
0.0
0.48741262664019785
0.48741262664019896
0.055643054963452766
2.263866876127472
0.7561789725808526
0.0
0.0
3.8374484244781986
3.837448424478212
0.0
0.8753797037330058
0.3165813543394824
0.0743647306045668
0.09551115009678644
0.0
0.0
0.0
0.0
0.0
0.0
