0.0
1.2118420218871026e-07
1.265700643935057e-08
8.191020575522384e-08
2.4118237962319542e-08
1.2083358117440881e-08
1.226988504705626e-08
1.2380107677296819e-08
1.2466898613635588e-08
0.9698914890590971
1.0580338435013819e-08
1.248934106589274e-08
1.2644418984506325e-08
1.1673543169763267e-08
9.44615392780603
0.0
8.740574020747461
12.782317887293493
5.893467538742329
3.544789212803924e-07
16.507494143568973
23.420377983343286
1.2797990122748522
6.32378134152249e-09
221.42772453191336
7.278639600144863
93.4587428596088
13.29685450431627
4.39839852417377e-08
2.4052552400925302
0.0
1.9452536866774606
0.0323533914467068
13.094032336211994
5.807597901409421
15.193366221442203
5.220450553514488
44.096995153617115
11.393259434666758
16.98257871360403
252.24727627574634
1.7551728105779754
0.8567845733283797
1.405031093080697
6.860760512600187e-09
0.0
11.711289332515143
3.506402096663674e-07
0.8021331798067355
6.559250992192835
0.9957679705504892
3.4407376517274202e-09
32.03023400907999
1.4812061309650282
7.630433934802204
1.0659953006468439e-07
2.4811385791566848e-08
0.0004830214078929159
1.1897955239487782e-08
0.48632376246201336
0.0
0.00013857069832737227
3.5453893107843857e-07
0.0542558760924396
7.709780105770686e-07
4.9033061873692185e-09
14.991679037598345
2.56948703010522e-07
0.041847370292599995
1.43033171587483e-07
1.4103634850001266e-08
2.2401713533685426
1.3956595082968325e-08
3.285944368439342
4.5673599222216824e-07
0.0
3.718262507466671e-07
0.03985336401311057
1.1537398266507673e-06
2.4427656677392874e-09
24.944182026732065
7.194668827577084e-07
0.03449739677894981
7.759494770491775e-08
1.7579481618058666e-08
0.025076185728484822
2.8592656740761923e-08
0.07072229013448245
5.705601463554478e-08
0.0003190366352169055
0.0
9.094819147660535e-05
1.8265914251961023e-08
2.9117868085092216e-09
1.1726162455973897e-08
1.2358405226554872e-08
35.42437077751707
1.6667313286251348e-07
2.0773977355684726e-08
9.389604723793448e-07
3.70314578422088e-07
6.119500405897864e-07
9.126989684638857e-08
1.0479236556523726e-06
8.699303358954594e-07
0.0
1.8819768579327952e-07
4.0759112309714704e-09
1.4312208435624404e-08
1.462577167370217e-08
5.898363557692756
2.0330552651531683e-07
9.751145942050899e-09
0.4356842250002293
0.26559408507195115
0.04305411924954798
0.1641617804427597
9.558081552690175e-05
0.1390787606569077
3.6348816557437777e-06
0.0
2.9142946271129416e-09
14.378391293017552
1.0284355908383419e-06
9.235494589713477e-07
8.503159627576069e-08
1.401658816008106e-08
0.609477033172849
1.1283087649787568e-08
1.1046129392158235e-08
4.2678994880849395e-07
4.888886124326027e-07
2.4839252094184394e-07
0.07524402794290702
7.680901167033639e-07
0.0
1.6835706482358546
2.572920872703681e-07
0.05336457737899365
1.213464622297629e-07
1.6804134914506532e-08
0.006003665449992954
5.81410463509442e-05
2.5588069338724743e-07
3.239987204430492e-08
2.1539500263354312e-07
2.690562778477807e-08
2.1817780519050104e-07
0.0001762106555731885
4.7434181607568874e-09
0.0
0.0004981065133683536
0.358866419478812
1.63040245924138e-07
9.434373132122757e-09
0.008919028611732768
1.3449666609808561e-06
1.2753691447465386e-06
0.008908504465468984
8.851998685910009e-07
0.10458693388018495
0.010731567374101145
0.00010396196733153229
2.805334629974315e-09
53.46037707251216
0.0
2.1731564824939764
1.8717917779995707e-07
0.14296011420389815
0.05278754182125766
0.08382619673342533
0.0002959507297797038
1.377751568205573e-07
0.12560820703555609
3.2575099238510905
0.00032286292400044683
0.44663398457969544
4.775599028097099e-09
4.305511916140629e-07
0.00015125201641649723
0.0
0.0005048235255427603
0.03871259805654895
0.11098794556409455
0.03191899334753954
0.00046441935838971145
1.4484363500068183e-07
0.03560961281367801
0.15010940644660895
0.00018668095821410647
0.040535217489119854
6.329019076261127e-09
8.925464240154155e-08
1.232649556968425e-06
0.00037461537557403554
0.0
