1.0712515748542653
12.187970143495459
12.27059670393101
12.130953814078508
12.130953814078497
0.44839694921002793
0.0
25.89773564872076
44.0558050585909
44.04706716511326
46.197334471851235
44.88815361205575
26.49591871040574
0.0
42.130769481414276
96.62910249140747
95.83420320994495
100.00000000000001
100.0
50.171297075077405
0.0
48.233748013583366
97.21661025785886
99.74809788277145
99.99999999999999
99.6045654495152
76.42385663684277
4.719863111564084
52.620357393669074
89.36624235588494
89.87314331787196
99.99999999999999
100.00000000000001
62.21720497828609
4.615905517767705
0.0
0.5538999731043871
0.553899973104387
0.2472156084325126
2.3131479957570855
4.626295991514172
0.7710492928869079
0.0
0.0
0.0
0.0
0.0
0.0
0.0
0.0
12.187970143495463
12.270596703931009
12.130953814078511
12.130953814078504
23.992025514538383
0.0
44.055805058590934
44.04706716511325
46.197334471851235
44.88815361205575
63.90779823310086
0.0
55.09857334701119
54.30367406554869
80.84962895893001
79.10606160156628
87.14412589924584
3.0836076926342892
64.69744352796513
67.7748892459037
53.51159314363372
99.97200087158943
88.85776616661732
1.0507290918399963
33.20003815332001
33.706939115307016
29.92781946919536
33.14711419431384
100.00000000000006
0.18136684862415284
3.5871063084940276
3.587106308494025
3.2804219438221502
5.346354331146721
85.93657902214359
0.0
0.0
0.0
0.0
0.0
0.0
0.0
0.0004293710309711028
0.0002146855154855514
0.0007005983874806298
0.009371391193520227
0.0
0.0
2.796696254127023
0.0030738991546269624
0.006147798309253924
0.20940609759136325
1.447896296695425
5.991414682353461
5.99141468235346
2.0973991959680203
0.053890744445862344
0.0
0.0
0.0
0.0
0.0
2.4392823977041824
0.02832988468779898
0.0
22.275895728656515
1.1536045515257627
2.3407895949005106
2.3407895949005106
1.4779862692179664
0.18367081027295548
1.1177898067539638
0.9795314985076036
0.2245160669379119
0.3883730488736448
0.388373048873645
0.1294578866497831
0.3546999816658495
6.1735859926987775
9.832924537180002
4.014038526147066
1.0884429165879987
0.48104744224918383
0.3546999816658496
0.12887845913905305
3.8268765057262892
3.8268765057262892
0.5549898685351894
0.22199593758036867
0.0
0.0
2.5039152288255595
5.295469434858262
3.426716074623145
1.867569653746979
5.293127063370142
3.6394327415565777
0.0
19.46383893152556
50.26907048072168
31.835949096882985
21.927542470765818
51.33803645738435
33.41187961545522
0.0
52.86562504908239
72.39255775721468
95.85535624791376
65.68091736956747
64.87372816920258
55.313195823030384
0.0
60.88267538322419
93.76768329712252
88.63776301824268
94.3159137751011
85.98390371955517
76.42385663684277
4.719863111564085
56.50159675759274
61.12124375311734
62.383598862814885
77.81884713988723
69.01188167165964
62.217204978286084
4.615905517767705
1.5465867186862168
0.17753291184505782
0.17134413140500762
0.33464598468646356
0.18136684862415275
0.0
0.7710492928869078
0.5950820296230579
0.0
0.0
0.0
0.0
0.0
0.0
0.0004859128719950785
0.011143901587626
0.024285242775119474
0.0065712258678987286
0.0
0.7865567537671936
0.03589576850556115
0.2094060975913633
1.447896296695425
3.927542383847025
1.309180737807031
1.5897985090253601
0.08643879598952128
0.0
0.0
0.0
0.0
0.8926956429383216
0.0
0.0
1.1410562930936563
6.651343868862607
2.2229260955912373
0.7102193600784459
0.0
0.059277551200575644
0.059277551200575616
10.023215937107626
3.128495683290665
1.0428318463199635
0.0
0.3081251575423439
0.41093167275887704
0.41240895486790186
0.13825830824636126
0.13825830824636126
0.0
0.0
0.0
0.0
0.0
0.0
0.0
0.0
0.0002146855154855514
0.0002146855154855514
0.0002146855154855514
2.103750899363147
2.103750899363147
0.0
0.0030738991546269624
0.145744357399826
0.14574435739982594
0.0
3.128225925489591
3.128225925489591
1.447896296695425
0.053890744445862344
1.9280885691189664
1.9280885691189673
0.0
0.0
0.0
0.0
0.02832988468779898
0.9632277965661118
0.9632277965661121
0.12246349264710714
2.791484117240901
2.7914841172409015
0.8829042395949089
0.18367081027295548
5.882033735625524
5.882033735625528
0.0
8.429671855203324
2.319103393447911
0.0
0.3546999816658495
0.3546999816658496
0.3546999816658496
0.3546999816658496
1.0319605484631444
0.4245651823675246
0.3546999816658496
0.12887845913905305
0.5549898685351897
0.5549898685351894
0.5549898685351894
0.22199580082329062
0.0
0.0
