0.0
1.0582852503759463e-07
5.259544699106697e-09
3.1802096660830848
8.916122680288274e-09
8.715605766552039e-09
8.402307428723463e-09
8.499381203466355e-09
8.748401773032899e-09
1.08282687220636e-08
7.59565848928675e-09
8.66374827444338e-09
8.663830846096785e-09
7.519040950856178e-09
4.5707381295526135
0.0
2.5070527467601496
9.075404930652857
3.5792781576335297
4.572491780196666
24.829532126747626
32.242618468644906
7.936397183620199
4.4874619662561785e-09
174.42590009095235
18.075678211367766
89.6778637426528
12.391732382291849
7.061512996678927e-09
2.2681274427507994
0.0
1.524104818226097
0.03329161512401796
9.335279914859527
3.729678732717753e-07
5.6319033753105066
6.8029933300869825
43.09450243646786
72.09192899014973
12.826407312694846
218.7383747951846
3.494000155176204e-08
0.687206178076471
2.9259707021445207
8.765148185992878e-09
0.0
12.937227062706004
3.1604240196434857e-06
0.5557869006964087
6.425107690824192
0.8192528634421097
2.370866471117775e-09
25.466937073657093
0.26462588223307204
7.446379219373333
0.40096514355270735
1.2058303674611501e-08
0.0009936895242965065
1.1120561957521443e-08
0.15579075094079547
0.0
0.000257600375764187
5.094048072421527e-07
0.0538548586595144
1.6823343610161622e-06
2.619930320777015e-09
37.24411410621033
1.7902718411632095e-07
0.04214071244610435
6.081899713363152e-08
8.894721465054157e-09
3.132114938250403
0.7734281569572596
4.988592663816814
3.2257849590520893e-07
0.0
2.9474257135655414e-07
0.03530427699068912
2.535131515318947e-06
1.8974929528520703e-09
2.596605055504149
6.025544606268303e-07
0.44200098968659274
6.362866519224136e-08
4.569612929369916e-09
3.805474953334087e-08
0.4397828099247091
1.450200376741823e-08
8.858257583432371e-09
1.0573051728706651e-07
0.0
4.5570478142298105e-09
7.685223699279267e-09
1.818889835235109e-09
0.029811202522052785
3.4549006367729463e-08
46.39234646019832
9.606828140047835e-08
6.102665588497562e-09
0.00792140362311096
0.007241360351523329
5.391946010919199e-08
1.078246564649377e-08
1.4561798541760945e-06
1.8732054361557202e-06
0.0
1.4264806024078847e-08
2.000150993616524e-09
0.08404964347791999
3.611127664353473e-08
17.102615685890093
1.1224481277178183e-07
1.778968001122611e-08
0.284476016955688
0.5980351307517535
0.07141960166559033
0.007870875547455802
4.016272474730093e-05
1.953344147688347
1.52518646717075e-06
0.0
1.9894371942215777e-09
0.00280468914079648
0.0007364079224233981
0.0027519561498504275
5.65949077203102e-08
2.559732467165021e-08
0.1504108613448525
1.6142314794605447e-08
7.0550823124842274e-09
6.67170682740481e-07
3.3827602183178728e-06
1.9990878158707048e-07
0.07462485455626228
1.6715056220325767e-06
0.0
6.11890951466495
1.792636575805537e-07
0.053639211085881294
6.03406170529271e-08
3.926888787715947e-08
6.133603553721202e-08
0.0023791556769344434
7.126500827328586e-09
4.887444071053022e-08
5.4508571862133315e-08
3.471131915831454e-08
4.1956701997557495e-08
0.0003590757582854919
2.0144371239101228e-09
0.0
0.0011514946869429677
1.0693000137547455
8.401874819244593e-08
1.605517136214653e-08
3.531234779800515e-07
0.012774266621348073
1.3026007427489386e-07
1.2709492763180435e-07
3.2601301685021083e-07
0.6514698663316081
0.01135063969638321
0.000208311880921412
1.6936295714623631e-09
53.36332933637054
0.0
1.7893128112673193
9.861832900323005e-08
0.45502794022791104
1.8623470278846384e-06
1.921950672744132e-06
3.1032522951876936e-08
3.47944430694721e-08
0.4180005737591057
3.4381427476961512
1.1664720185850987e-05
1.1661277865656332
1.8607749839834336e-09
3.1693495139089762
1.666321676721903e-05
0.0
2.8073066345429286e-05
0.11804552760542092
2.151388114409887e-06
2.2118922501472787e-06
1.057422000159818e-08
4.977567564836102e-08
0.11147307484434736
0.11628886870308237
9.446226611665735e-05
0.12222417594657148
2.022352453025493e-09
0.19736251477338107
9.957490216339007e-05
0.0003658977976968465
0.0
