0.0
7.26647214458637e-08
1.339239196614098e-08
3.307920963521324
2.1043149119548738e-08
1.9641192830867296e-08
2.0854146373603644e-08
1.990361345160696e-08
1.9877536100953214e-08
1.9818726464220045e-08
4.44072405722801e-08
2.1254579963027527e-08
2.0608655612062324e-08
1.2365308246825193e-08
8.91923895025416
0.0
3.0100767216135353
9.158688047456234
6.811614425096318
1.3155850618042217
4.292780428108659
10.969882612744586
4.361238885582857
0.2078126843846979
179.29299280349142
7.29285300287505
159.65316991688795
1.1806156167753326
1.561025619987123e-08
2.880736826257067
0.0
2.174015213779753
0.032280772054795015
9.986251093775097
12.516821420478912
17.409103758685312
12.045022787570979
46.92450235205711
11.245420795521238
35.9273681250124
204.60221015392403
7.418198090925611
1.4726444004041543e-08
0.44374164000995187
1.5915106465665126e-08
0.0
7.043192458795845
6.777958433663137e-07
0.8434722557262206
6.554462506367667
0.8429289678532284
4.376311443887709e-09
61.41918982426876
0.26075129421577725
7.818124699713982
4.555653267710459e-08
2.1484295698857547e-08
0.00028584053199904604
2.1419144490576546e-08
1.1285511919501732
0.0
0.0002591782978532889
5.965629001906901e-07
0.05465032170903848
1.7320532573785713e-06
7.174292460483462e-09
0.4996375832100024
3.666066529703422e-07
1.4402675470593267
1.9818087392037518
1.5874495965625133e-08
3.1909045836741186
0.8890373395417861
0.08978122839944609
0.0004957243167983086
0.0
6.318803762330141e-07
0.0404374912739571
2.55705688730092e-06
3.508594523195509e-09
8.869798689218653
1.0665174587630313e-06
0.0345226422344027
1.1450632240710305e-07
9.808748479744265e-09
0.191720571752096
2.1019574674118843e-08
6.93860329149491e-08
5.6085680593191474e-08
0.00041074802588847686
0.0
0.0005051592282298725
1.1814786604552352e-08
3.461404195967492e-09
2.48783458540147
1.61284355562827e-08
33.137786503295004
1.4344004745116514e-07
1.2867046650709692e-08
1.917957261398136e-06
2.9400443903446954e-08
7.381312414337919e-07
1.0247785290199357e-07
0.00011948923853607446
2.774396972325673e-06
0.0
0.08605876350477196
3.852375540902337e-09
1.4357255593026865
1.9538620820856613e-08
1.8969445602045476
1.904009708668061e-07
0.02488584098776878
0.23459045380402982
2.133144882310449
0.22413497126917378
0.007404421056017844
0.000424865202054512
0.7200045139242557
6.750983832052139e-08
0.0
3.471226040423895e-09
18.758901571222932
1.0176627397934829e-05
7.049882811135597e-08
1.407626476285074e-07
0.09541151364415701
3.122532149560973
2.057490973321268e-08
3.276620623111466e-08
4.811209145621916
1.0408812393284723e-06
4.300341087168117e-07
0.07611381595834174
1.71969134621398e-06
0.0
6.155212323618923
3.686777042297027e-07
0.05209908081842357
8.642543069575279e-08
0.002675167802597358
4.725138315192067e-08
0.006474688116826862
1.3942177730611752e-07
4.305538114160593e-08
3.326592533230612e-07
4.400031548561448e-08
1.6294240711888293e-07
0.0007520420468847246
3.726145838156369e-09
0.0
0.0014198835968548466
0.19500958086293008
1.3447631774845142e-07
1.355701866175622e-08
1.4707026487951018e-06
0.5484607286106153
1.371907631470057e-06
1.3992691673598206e-06
2.1724054730160915e-06
0.14805425972003872
0.010167486777031564
9.001898552731699e-05
3.030286157343943e-09
84.57229725252843
0.0
1.489863168846596
1.8176345212274872e-07
0.0986678890066549
1.0492122471675119e-06
3.325425920883092e-08
0.0005493554790578959
1.0168169680593556e-07
0.0001172965199377392
4.8536411542395
0.00038045525813795
0.24901535537491407
3.4602464212536403e-09
0.2054609332738196
0.0002856539818220632
0.0
0.00032354144816028704
0.05964830440808613
0.05390179472475803
3.476719026319365e-08
0.00043009691027226006
2.821960216377888e-08
1.0090227846738055e-05
0.21829670383878064
1.0473745539830422e-05
0.08796719686711255
3.392258271904494e-09
3.87434665805013
1.064959019943316e-05
2.0374204480046168e-05
0.0
