0.0
1.0374681732293777e-06
1.7713027234056326e-08
3.714916186332205e-08
3.279304222409351e-08
3.0829819114873573e-08
3.0809385857466105e-08
3.0776493256973655e-08
3.087599283110216e-08
8.598113816922043e-09
16.628729277370944
3.583904177465238e-08
2.338136357455622
3.596167778175153e-08
6.636020219355034
0.0
4.165309126273398
7.9653495645555115
4.231330153223462
2.003940268346559
2.1510033959010517
9.230545710481028
2.150439204400392
5.2223084849515155e-08
167.3332395243171
1.8171731179749604
175.58569099758938
5.279548423947305
2.2545872420967382e-08
3.6180476331955997
0.0
2.710443583609795
0.03365726920123419
10.659574639673588
6.815635608157568
20.77375661972218
6.858208332115375
51.720291412913824
11.200358013582518
33.64468600050508
194.23822410127968
9.431907279898827
2.3832755506509606e-08
1.4404814352972561
1.8269607617525626e-08
0.0
4.763818099567716
0.018840568528381132
0.9652162706390053
6.940714233491048
0.9464171787166331
8.187540933733654e-09
73.35146952324506
0.3086810642517074
7.2985771527010215
2.0748057357633757e-07
0.00020027025860729119
0.0010987361594354884
4.670438308050902e-06
0.0570950168075829
0.0
5.170371508178852e-06
0.0015572531077609783
0.05530578339254816
0.0021380256027617958
2.1129757385554005e-08
0.057146620360682666
0.005821812166147021
0.047724740461855236
0.005801663761120434
0.00011755066775237625
5.906776868327425
5.0795895281160374e-08
0.10850299699573451
0.0008142678438266437
0.0
9.086356138594095e-07
0.048326059141092795
1.4776986339646306e-06
6.803872508195368e-09
8.799246526834688
1.4107929134143178e-06
0.04052639937577032
1.7314197150241484e-07
1.061495445597087e-07
0.38441107758059234
7.735056549736515e-08
1.4153249904112568e-07
0.0002477117699262376
0.00041354366786558786
0.0
0.00021972983860515195
0.003997042759300315
8.194589504407547e-09
2.4219273611257235e-08
2.503824880155121e-08
35.45350275759212
3.563302992879115e-07
1.1984784497209045e-07
2.2797293185427218e-06
0.0021622513209273715
1.446486144140613e-06
0.0001568511768145991
0.0003103583435857
0.0004632918671585557
0.0
0.011887051039443066
1.1025299965388147e-08
2.9503647542830442e-08
3.007800746147738e-08
1.5481120412660938
4.1314210595568543e-07
4.7070024652023905e-08
1.4247202780130321e-05
2.2623140468509146
0.008936795849616673
0.006376823454738213
0.0006396591941275429
0.006301443681237423
1.980664015934838e-07
0.0
8.345729224674722e-09
3.2572210088511753e-06
0.000148461903154992
3.034413463579707
0.4302656261335489
0.002727225079789844
4.433795799863218e-06
4.666817855516042e-06
0.0006197096941466375
6.384642350163476e-07
4.978478048152278e-06
7.952550405171661e-07
0.07691354900396477
0.002154310400870765
0.0
12.951373224880742
0.0058181834198846845
0.05909305577451279
0.0057992757818609705
0.0020470402268786933
9.832683132204673e-07
0.03278459711250116
0.0005030689401292188
9.62161198876225e-08
7.487708003758501e-07
9.303771835630402e-08
8.361598954861576e-06
0.0006578396663046125
9.970050998080616e-09
0.0
0.0009383010341501387
0.08670745508434885
2.8307905237714313e-07
4.500113696837086e-08
1.3721031250759729e-06
0.3497314000836961
1.5746525492778612e-06
4.723401024696935e-07
1.8068067729798958e-06
0.0996931478741857
0.01117585459480322
3.8795525934423295e-05
5.815864676415626e-09
74.55642915963399
0.0
0.696878122137871
3.813648332407986e-07
0.3888505070125599
0.35310672196493476
0.11808377853838614
0.03155728872330033
1.2857940666154114e-07
6.519606520014638e-05
3.7031619581360573
0.00025122295376035303
3.2709695408881023
0.1388922364715602
1.7700743656001125e-08
0.0002546682970548687
0.0
0.00023961118108249452
0.07163781308890717
0.07133386962981099
0.049454385182224246
0.0310632699247003
4.835168395348408e-07
4.747219978201857e-06
0.18736713545952818
0.0003025717908391345
0.08148461650019151
0.059890468395054304
0.006263812385428059
1.4573225095621935e-05
0.000800523640954775
0.0
