1.0712464620858653
12.187937122049664
12.270055210345756
12.130860875890026
12.13086087589002
0.4873658103575288
0.0
25.898359811565463
44.061097548195846
44.11186076298909
46.09182950846633
44.846071600174795
26.474708191269432
0.0
40.27306913581932
95.61834210586707
94.02215479374662
100.0
98.69013357275098
47.2320279666326
0.5457276178632758
50.040281539010756
96.21238613890202
100.00000000000001
100.0
100.0
70.34601918586579
2.7998106033955756
53.97143439507887
90.61653902342613
90.61653902342611
100.00000000000003
98.94905476062479
75.0144695455494
5.258315183530199
0.0
1.9054691751044117
1.9054691751044117
1.517092703518033
3.618845650141536
4.626296215674367
0.7710493581102611
0.0
0.0
0.0
0.0
0.0
0.0
0.0
0.0
12.187937122049664
12.270055210345756
12.130860875890026
12.130860875890027
23.993382526120506
0.0
44.06109754819585
44.11186076298909
46.091829508466326
44.846071600174795
63.90660145319774
0.0
56.119672737025695
54.52348542490526
74.03749324521729
91.35645657857765
89.04966818633551
0.0
61.15128534229224
56.080744609663675
59.64734710131284
89.25448668649705
97.88729283088414
0.0
36.816985771872474
36.816985771872474
18.580811190577514
44.0417628681291
99.99999999999999
0.2160167546632078
1.905469175104412
1.9054691751044117
1.517092703518033
3.618845650141536
59.45505308098137
0.0
0.0
0.0
0.0
0.0
0.0
0.0
0.0004463836645767768
0.0002231918322883884
0.0006972620428075348
0.009024884699694062
0.0
0.0
5.746274335569611
0.0027937503269722204
0.005587500653944441
0.0
1.226414739023931
6.602753366795008
6.602753366795008
2.2527562488454302
0.053862736746359344
0.0
0.0
0.08122811834253307
1.8073249126965931
1.8073249126965933
3.0599930474152734
0.0
0.0
20.721334743379327
0.0018472502397620608
0.010010374887688868
0.01001037488768887
0.004623569785320364
0.2147805303240072
2.3527143134169273
1.9995170747964188
0.6564961450065692
0.5095449132989125
0.5095449132989125
0.10190897372621742
0.5880549657693985
4.103474099570551
7.497546000582698
3.9821268667815444
1.184976526500247
0.5910103572740051
0.5880549657693985
0.12887843122157458
3.8268765151083217
3.8268765151083217
0.5549899577444976
0.221995982208042
0.0
0.0
2.5039187065458353
5.295394695947007
3.4256360032798057
1.8680714025042338
5.2909306964741
3.6017724186278963
0.0
19.463785450456214
50.289597742006265
32.033989807252496
21.737273715026777
51.27667335751981
33.431893276436824
0.0
52.11093433656736
70.28621674949224
75.6451496312561
49.48314550493294
47.2320279666326
47.2320279666326
0.5457276178632758
62.29709061593403
88.79088103729165
99.90144250934222
86.26327162001974
81.19549308978111
70.59394623233575
2.7998106033955756
56.13540018420145
59.09542831552025
65.59436532349082
86.44587851575832
83.42820750896972
75.0144695455494
5.2583151835302
1.8117850050431579
0.0
0.16433284290472605
0.6388070734359788
0.21601675466320763
0.0
0.771049358110261
0.0
0.0
0.0
0.0
0.0
0.0
0.0
0.0004740702105191463
0.012411828293543377
0.026137214742549177
0.006862763779676244
0.0
2.4808473354536797
0.0
0.008869860418824475
1.2352845994427557
3.737273710084412
1.2457578980037565
3.1923746238714648
0.08756104788036957
0.0
0.0
0.0
0.0
1.2829268717078146
0.0
0.0
0.0008150453978901379
0.0
0.0
0.0
0.0
0.0
0.0
3.473198886229647
1.1577329407848134
0.0
0.0
0.5682735643457432
0.6778288578567995
0.6270853750362887
0.3531972386205063
0.3531972386205063
0.0
0.0
0.0
0.0
0.0
0.0
0.0
0.0
0.0002231918322883884
0.0002231918322883884
0.0002231918322883884
2.093707101032587
2.0937071010325887
0.0
0.0027937503269722204
0.14690866806274433
0.1469086680627443
0.0
3.834789490629581
3.834789490629581
1.226414739023931
0.053862736746359344
1.927088672680634
1.927088672680633
0.2030701432755975
0.0
0.0
0.0
0.0
0.0
0.0
0.0030791128694886935
6.371944550684088
1.924347881116693
0.0
0.2147805303240072
4.949823446642469
4.949823446642471
0.0
0.14695123170765667
0.11692276708504137
0.10190897372621743
0.5880549657693985
4.657239605238543
4.657239605238542
0.5880549657693985
1.0182076172198724
0.5880549657693985
0.5880549657693985
0.12887843122157455
0.5549899577444974
0.5549899577444976
0.5549899577444974
0.22199595995893615
0.0
0.0
