0.0
0.00036383688187282865
0.0014516421382287465
0.0015436782134978862
1.4247970562123463e-08
1.0593233349742353e-05
5.656345162175965e-06
6.84569352160535e-06
6.003976030126259e-06
4.834084461609745e-06
2.965752433428499e-09
5.119834308442852e-06
6.587309442854726e-10
3.253530633742026e-06
1.8264327793903286
0.0
1.8264088937310188
3.4693224897886124
0.9133374226517408
0.6524202602082823
1.04430054176076
1.8581251683020747
1.0440127217640895
2.4852490489869283
333.5696760903504
3.269355506921346e-05
47.00611409509163
1.0841229175132379
0.0001359585250489339
0.6901125736241872
0.0
0.690112388434534
0.43720401467793635
8.799714156044333
9.233528740114949
3.744024853798567
5.906211101016481
20.4587023736336
54.36258711617231
19.830241974328636
264.0880719474385
1.8160082290836232
0.8665277031882574
1.7303251666646842
0.0002587273331966732
0.0
5.5066978409527065
5.514883557544979e-05
3.1377042878447796e-05
0.029831651441488503
4.325222785244536
0.00012961999611834268
10.663531061776464
1.3839668858048581e-09
2.6983200622514176
1.798299310355958e-09
0.00015558587695798496
0.0025275528278563613
0.00017783482553467906
0.18839940107851483
0.0
0.00026279247461741967
6.037730471381723e-05
5.379058032365362e-10
6.39568430345743e-05
5.182312318466422e-05
4.047415097572273e-09
4.471188859821416e-10
3.235579559818311e-08
9.363790720598099e-09
7.765230637568914e-05
0.00026934587041491575
0.0016552988537432021
3.9372600196892487
0.00063687463813565
0.0
0.0004467248345525769
0.00036596629497524845
0.00041054960445210866
0.0001747008908144584
5.138496876315435
0.0001461878770749075
1.8430626607256265e-09
7.233235532940133e-05
1.0148663641156468e-08
0.0053596665100796035
1.6674070703033508e-08
9.997431768946629e-10
9.600896889981264e-05
0.0008108461922520703
0.0
0.0005830169803358757
9.220861709486525e-05
7.190344191898476e-05
1.1813774276505314e-09
7.649063200931708e-05
1.592306601312906e-09
8.549324421540577e-05
1.7436723324769383e-08
0.00261840985134916
1.265706204437137e-08
0.0008612545231781511
5.430866813267672e-05
0.00040231314922604917
0.000748885548774725
0.0
0.10862890080574984
4.255688574569183e-05
9.254672695995302e-10
0.00011807677487932414
11.02753553863053
0.00010115023657778418
0.0008977081612770209
0.00048432171546569853
1.2469286203068453
1.7184268920434502
9.511048299431992e-05
0.0002897545063946567
6.066470710644399e-05
1.884428510917603e-09
0.0
7.215874227134568e-05
6.130875477951388e-08
0.00018821862565418192
18.935690151144364
0.7164424636133919
0.0013606738384640171
4.371563675616389e-05
0.00017941466172904214
0.0003692792323534744
6.438700510129404e-05
0.00026348584950488553
0.0017114015706483669
0.0008148639389835387
6.381781451939528e-05
0.0
1.2971280984070737
2.6359282870678694e-08
4.622334324730677e-10
9.458380999543148e-09
0.0024724063096848905
3.626934241608636e-06
0.0013372214536765238
6.293894497501585e-05
5.127147884396135e-06
9.561397067304878e-05
4.8378125075255935e-06
5.3146215750608435e-05
0.0005498746038466204
3.909753223877044e-06
0.0
0.0008175246296135232
0.6723118207944205
5.191745083104528e-05
0.09861412921156326
0.00089644471288231
0.000986559885473407
0.0005240093639266017
5.670328133283444e-05
0.0003112987657351813
2.944212364016265e-05
8.687900716034855e-05
0.0004882749369042137
4.355512039888346e-05
4.933307005585263e-09
0.0
10.993951971618882
0.00010155951472122362
0.002679493461246469
0.0013617065443214606
6.08584870316478e-09
5.162381179023721e-10
2.5398273631965776e-05
3.937173680216318e-05
8.435787034648597e-05
0.00046723532982272467
1.4806581022066867
2.0533545445038997e-05
8.296869314271044e-10
0.00045950046049559516
0.0
0.00024350580546067364
0.0027291574228031122
0.0026494304775743906
1.0141748883624947e-09
5.240369977102448e-10
4.522367485647533e-06
7.28895097553119e-06
1.787098819761525e-05
0.0003932271846531801
2.1416036072699474e-05
3.609152973153625e-06
9.377693677561984e-10
0.00022558290526529805
0.0011006525157697248
0.0
