0.0
11.466505818278915
11.466505818278925
11.46653912919308
11.466539129193082
23.999755166592376
0.0
46.250588091372876
46.25058809137292
45.82795444885778
45.9288510650494
63.63555851407837
0.0
100.00000000000016
100.0000000000002
99.99999999999996
99.84200276758935
99.99999999999997
0.0
76.75581325959817
76.16485942462553
84.85119794048133
100.0
99.99999999999999
0.0
59.955237683380716
59.96761427161274
60.38777236958136
70.01877133906045
100.0
0.0
3.45572936554851
3.45572936554851
3.4557293655485104
3.4557293655485104
30.594996999893578
0.0
0.0
0.0
0.0
0.0
0.0
0.0
0.0
0.0
0.0
0.0
0.0
0.0
0.0
0.0
0.7980665869344412
0.0
0.0
0.9122158859683399
0.0
0.0
0.0
0.0
0.0
0.9122158863382634
0.6730043794103578
0.0
0.5835908860372886
8.096816073459085
2.5941255320513745
0.8647085052064224
0.0
0.09940598294800108
0.09940598294800108
0.09940598294800108
0.09940598294800108
0.09940598294800108
0.0
0.0
0.0
0.0
0.0
0.0
0.0
0.0
0.0
0.0
0.0
0.0
0.0
0.26665893660233597
12.799825007630373
12.799825007630387
12.799869422182597
12.799869422182597
0.26665338478330936
0.0
24.061282991003967
41.97309476688887
41.97309476688907
41.58558388125257
41.67386842042023
23.9671609713911
0.10089661619153911
44.6731047384981
65.1645508238876
65.16455082388752
68.97013669122772
77.67238666856379
33.63460992844836
0.27922016874051914
58.02246549338468
87.36050367054362
87.03924161757543
71.76818784859344
72.09079506717765
40.79914155044262
0.0
52.33885026414591
65.10540100228263
65.11954567454747
70.65515697571065
58.20755274471125
59.66904924310654
1.5473261773330718
0.0
3.4557293655485104
3.4557293655485104
3.8929997185142513
3.8929997185142513
0.0
0.0
0.0
0.0
0.0
0.0
0.0
0.0
0.0
0.0
0.0
0.0
0.0
0.0
0.0
0.0
0.0
0.0
0.0
0.9120760993536471
0.0
0.0
0.9122158889785235
0.0
0.0
0.0
0.0
0.0
0.0
1.0608711264227317
0.0
1.456138423055516
14.425150024819807
0.6669610126140442
1.250551898651332
1.250551898651332
1.250551898651332
0.0
0.0
0.0
0.0
0.0
0.0
0.0
0.0
0.40061950699088333
4.471561149666718
4.070941642675828
0.8806916768286546
0.3218932922959513
0.08498831477790503
0.808916679187138
1.5167187734758845
1.5167187734758845
0.0
0.0
0.0
0.0
3.733225112432703
3.733225112432703
3.733225112432703
3.733147386966331
3.733147386966332
3.733147386966332
0.0
36.09192448650595
36.09192448650596
36.09192448650596
35.66696972404797
35.666969724047966
35.666969724047966
0.08828453916759672
53.38771257926569
62.26914353700433
52.46496508866495
43.24300558969062
39.06574749737141
49.83381780320157
0.24431764764795424
61.42403495439292
77.24993810880267
66.60017306664821
63.511359790819235
60.187200399191866
61.19871226628838
0.0
58.34969606778989
58.093704727224484
62.65670854912485
60.196783599598945
57.38017833856375
52.210418087718224
1.353910405166438
0.2599967484868935
0.1113415085442478
0.4372703529657411
0.0
0.0
0.0
0.0
0.0
0.0
0.0
0.0
0.0
0.0
0.0
0.0
0.0
0.0
0.0
0.0
0.0
0.0
0.0
0.0
0.0
0.0
4.293425626956197
4.2934256269561955
0.7136443442824929
0.0
0.0
0.0
0.0
2.5825259186545155
2.58252591865451
0.0
0.0
0.0
0.0
0.0
4.559969668199798
2.0811733591970403
0.0
0.0
0.0
0.0
0.0
2.7059595398729357
0.46632035819191614
0.0
0.0
3.6401202745113763
3.6401202745113754
0.0
0.8753799392013941
0.3165815549598796
0.0743647754306669
0.7078020942887462
0.0
0.0
0.0
0.0
0.0
0.0
