1.0712475707394333
12.187943677194575
12.270152255642376
12.131200011766172
12.131200011766177
0.44876531117653917
0.0
25.898889135526282
44.065827964227616
44.17012298588944
46.49241913810888
45.00585300898682
26.555242568876395
0.0
42.59500510312259
96.1491932833483
99.99999999999999
100.0
99.8588416681237
42.45004217598333
0.0
52.223795736287364
97.47146820793824
100.0
99.99999999999999
99.99999999999999
74.25227075232611
3.789818477543579
54.239589993747515
91.15552567398284
92.26007199828484
99.99999999999999
99.8368158169832
78.12630941622018
4.790688999136446
0.017188592520052226
1.6863378654175911
1.770750841210591
1.4446077094226046
3.5946837903270756
4.626296251434054
0.771049368695264
0.0
0.0
0.0
0.0
0.0
0.0
0.0
0.0
12.187943677194577
12.270152255642374
12.131200011766174
12.13120001176617
23.992034231946473
0.0
44.06582796422765
44.17012298588945
46.49241913810888
45.005853008986826
63.91114610000535
0.0
64.7547157823209
58.25365760976003
73.42369915152274
73.63747066697499
96.11036300739485
0.0
66.26505132976837
62.8232027602375
63.63057913760049
90.35218029213803
95.30562839749832
0.0
36.9712176753861
38.07576399968817
11.708824596305124
41.37136687647265
100.0
0.18979828516877523
1.6863378654175907
1.7707508412105908
1.4446077094226049
3.594683790327076
47.54909342964136
0.0
0.0
0.0
0.0
0.0
0.0
0.0
0.0004393375720563587
0.00021966878602817935
0.0006807569170543305
0.008747559953978124
0.0
0.0
4.770452618305467
0.002957946095550866
0.005915892191101734
0.06483609195781191
0.6269187860444976
2.614848376140982
2.6148483761409826
1.1956733468667353
0.05396885775596356
0.0
0.0
0.0
0.0
0.0
2.043109836605776
0.0
0.17387662007612104
3.4899511733532758
0.23205282731144994
0.10994454008084012
0.10994454008084013
0.10994454008084013
0.29154834721546036
5.120323646122301
4.433121596742548
1.86042134792312
1.0301061319394003
1.0301061319394003
0.206021222127005
0.43884068823080774
1.9996471625938732
5.537370307489694
3.9765638331266304
1.1565824824666322
0.43884068823080774
0.43884068823080774
0.12887842919739562
3.8268765136203617
3.826876513620364
0.5549899657391161
0.22199598479773258
0.0
0.0
2.5039180883360155
5.29540859503307
3.4258293483819227
1.8685358753191041
5.293488723778775
3.639213392314692
0.0
19.463737344691815
50.30807605080508
32.21218959674909
22.45969834254101
51.50966139628788
33.35590353908984
0.0
53.05422082137487
74.08764980088206
63.628434086658125
53.38106081029955
39.1514417463671
41.046465116177316
0.0
63.171998451662205
86.58811912181692
97.80759217862227
92.33553996127577
88.80732739827252
74.2729418443493
3.7898184775435793
57.35178837859092
60.74909152187932
57.94693785277432
89.39003563593914
88.78978863268657
78.12630941622018
4.790688999136445
1.1297930518917882
0.004420760217823654
0.2042085757228689
0.4892135785448377
0.1630710493691918
0.0
0.7710493686952637
0.0
0.0
0.0
0.0
0.0
0.0
0.0
0.00046108813102615115
0.011080243551604791
0.025400744132428286
0.0071603078804373934
0.0
2.6502514550284544
0.011112917297122512
0.06483609195781191
0.4482968561682073
4.45969830166811
1.4865660848962787
2.6502514536400557
0.08330047489562896
0.0
0.0
0.0
0.0
0.9133167814016043
0.0
14.68483161981291
0.23205282731144994
2.398950582610556
0.5401954343765781
0.29371052898511346
0.0
0.0
0.0
3.762629854177558
1.1757389389322264
1.1757389389322264
0.0
0.9406102322096872
1.060482867975001
1.0112832608679323
0.6872020493797488
0.6872020493797488
0.0
0.0
0.0
0.0
0.0
0.0
0.0
0.0
0.00021966878602817935
0.00021966878602817935
0.00021966878602817935
2.084627004469947
2.084627004469944
0.0
0.002957946095550866
0.1457517197182117
0.1457517197182116
0.0
1.0964975042693397
1.0964975042693397
0.44829685616820725
0.05396885775596356
1.930885572159851
1.930885572159851
0.0
0.0
0.0
0.0
0.0
0.0
0.0
0.0
1.593898706514688
1.593898706514688
0.0
0.29154834721546036
5.287954924680343
5.287954924680342
0.0
0.8303152159837197
0.20602122212700502
0.20602122212700502
0.43884068823080774
5.984768380335332
5.984768380335334
0.4388406882308078
1.1087297389218191
0.6019133732619435
0.4388406882308078
0.1288784291973956
0.5549899657391163
0.5549899657391161
0.554989965739116
0.221995972917228
0.0
0.0
