0.0
1.947705934769171e-07
2.5796252258087967e-08
3.7813846048382384e-07
3.8437351122910176e-08
3.312488933954113e-08
2.8037686357332252e-08
3.258173804692266e-08
3.363744819231983e-08
2.4633763101847577e-08
0.446391815332204
3.8162369733028695e-08
3.439152984421369e-08
3.237807228140365e-08
6.635159562541472
0.0
2.9152238744627867
9.408279596442096
3.3252388217478237
0.764904347589289
2.5789186465456306
21.02231436949494
3.065330260778328
1.881600574661715
179.52770591599744
5.863694026651108
147.50643591552506
12.437761467974719
3.1411489025284115e-08
2.679979862839695
0.0
2.0130118486055038
0.03276205471114335
10.48934904561365
26.03319475382664
6.776718562128439
9.375616696006869
44.754352753000234
11.482387720499222
41.874649065262304
206.10021952693788
4.273513414505488
2.1862491329275954e-08
0.45088427397958464
2.5053614241039818e-08
0.0
5.370174049611405
9.283427570218292e-07
0.8441736893167524
6.55224221116317
0.8437225178931194
7.499466160522216e-09
62.06939503121519
0.2726544236685744
7.5681121466959596
1.922030118825827e-07
3.8428286230343056e-08
0.00025551754741310185
3.4950306507752686e-08
0.7839746836860638
0.0
0.00022807313825966698
0.3258491550678291
0.05471937432643653
1.0478008984230333e-06
1.865283900731846e-08
1.4981113253663072
5.660021588950966e-07
0.793486287129355
0.5020794265419662
2.5600427881063487e-08
4.433054028799874
1.067305945081449e-07
0.09844190286006442
0.00047860805592979844
0.0
8.605127953583108e-07
0.04440654784125067
1.505377686383037e-06
6.265776736359285e-09
7.128185424507222
1.432113320969607e-06
0.03755812162313886
1.643207260488589e-07
1.5945821527222418e-08
1.751733532020607e-07
4.757612632496923e-08
1.0871209983560583e-07
9.49296625144514e-08
0.0005015634402504662
0.0
0.0006266424826719032
0.004743615530445049
6.237752605135552e-09
2.4983785042107763e-08
2.4947723988921018e-08
35.45787728765778
3.276450326686488e-07
2.3366179600325515e-08
2.118475719987942e-06
2.150071622703747e-07
1.3241532306306253e-06
1.8792863539683379e-07
0.00010329202213667045
0.0007180954491438822
0.0
0.014121707091723296
7.1826255610010524e-09
3.09346713950027e-08
3.01051486186303e-08
1.5948511917290766
3.7887980574785634e-07
0.2095641292313431
0.0383220444456662
2.5640347339808627
0.15213905981473136
0.0066840596822831735
9.341577436215381e-05
0.006683069993277497
6.314390637977669e-08
0.0
6.052440181710937e-09
17.480388705730245
0.00011773480238589038
1.2262524600662552
0.35465220485224314
0.08129505458935965
2.801248811766675
3.394053955704064e-08
5.0755675084983153e-08
5.0093383051329265
1.238438006205651e-06
5.950882649557032e-07
0.0760774470472596
1.0394322007596747e-06
0.0
10.1629753697366
5.73778356211214e-07
0.05213722252819693
2.4826714611066354e-07
0.002104908040624998
8.86895635095986e-08
0.020933028991741515
0.0004611420530772369
9.15590461673552e-08
2.37519350195169e-07
9.26673069394156e-08
1.3656948761391605e-05
0.0007029239115273481
8.968734570253735e-09
0.0
0.001037268724014135
0.0897487390483152
2.690533981065457e-07
0.007155992959678314
0.2869922311701334
0.22336109921478672
1.3711311211962912e-06
0.006593825881313568
0.24330472771886152
0.09575733668503292
0.010928457315485536
4.279017872034404e-06
5.888736216418876e-09
84.75654634232882
0.0
0.7199808398063048
3.58571377692676e-07
2.0446600710382362e-08
1.68162340240554e-06
2.684248042809035e-07
0.0005054969626887218
1.1982758855073317e-07
7.189482451788282e-05
4.659211633270532
0.0002588746579179627
1.6832851012701213
6.865525659429618e-09
0.0005919727874618777
0.0002628113398545813
0.0
0.00022910165286085248
2.1163706890190612e-08
7.137627276228826e-05
1.4300333247349798e-08
0.000404178592270731
4.221443106190483e-08
5.816955414407494e-06
0.3878162807300393
8.01015237016734e-06
0.10520178751254788
7.4090326984704744e-09
0.0005374370013748088
1.2354942904796299e-05
0.00030093169928145435
0.0
