1.0712428324814272
12.18791578194365
12.269741623540728
12.131151816232837
12.131151816232846
0.468613441629479
0.0
25.899385070675923
44.070262292444106
44.224741962799385
46.30755067422445
44.93509913414829
27.04135543972025
0.0
42.2102713818708
98.79061195393719
99.16025987125195
99.99999999999999
100.0
46.980651375626834
0.0
51.03789881932967
97.90702064839171
100.0
100.00000000000001
99.99999999999999
66.66381188996195
2.9261298011738743
53.665507056281385
90.29283030205508
90.56778284511721
99.99999999999999
98.01343950870543
61.727903655209566
3.3619507995621674
0.0
0.6458014513855052
0.645801451385505
0.22688949378678436
2.3131480975114367
4.626296195022874
0.7710493517969179
0.0
0.0
0.0
0.0
0.0
0.0
0.0
0.0
12.187915781943651
12.26974162354073
12.131151816232833
12.131151816232833
23.993001658475894
0.0
44.07026229244409
44.224741962799385
46.30755067422445
44.93509913414829
63.87921106542507
0.0
59.807752125038284
57.542775542577544
87.0284870535857
83.9769872304671
95.74900331589006
0.0
61.35644336164248
57.70895384636114
59.62137079402932
95.7689823587459
96.4647056851003
0.0
33.23056078085153
33.505513323913696
27.66354735788651
24.154214836896582
100.0
0.17230380523740493
3.506092858779069
3.506092858779075
3.0871809011803544
5.173439504905007
52.81872445599963
0.0
0.0
0.0
0.0
0.0
0.0
0.0
0.00038633527032459357
0.00019316763516229678
0.0006327065112664185
0.00846219128577335
0.0
0.0
3.4115915872393896
0.002743313614716277
0.005486627229432554
0.041928722162316134
0.3814614065517814
2.628301597754227
2.628301597754227
2.925989157286054
0.05340807760518805
0.0
0.0
0.15072662761949854
1.0550868790124515
1.055086879012452
3.1370727860674297
0.5499198087713989
2.1522129395187313
22.967288233365935
0.24702972846671165
1.9281190634701666
1.9281190634701662
1.3872346890393017
0.13730187648989237
0.7210236233547351
0.6093449199533483
0.20726129820215244
0.38139993657518556
0.38139993657518567
0.12713365087934372
0.735585110830281
13.382363792142133
16.644751845196325
3.997973163884478
1.1879498803379456
0.7355851108302811
0.7355851108302811
0.1288784362685536
3.826876511161564
3.8268765111615646
0.5549899429206413
0.22199597345432182
0.0
0.0
2.5039207020634846
5.295349488500825
3.425010879594412
1.86893814511846
5.291947948593579
3.6123472289207497
0.0
19.46369225519874
50.32536652490975
32.37921475311354
22.117354615473413
51.450847127204305
33.89022897592955
0.0
52.89792275063791
71.09421463155769
84.83164036109333
53.08302737117453
51.65599668378155
49.08455903212275
0.0
62.277080873312975
86.41203280353193
100.0
90.9931902349058
82.11776172702909
67.11617087644251
2.9261298011738743
56.77747444468508
61.103729471243554
64.5611984507011
85.48123053308959
68.47829321755002
61.6195587342832
3.3619507995621674
1.5825626274527704
0.0
0.17905026797410212
0.626082788829012
0.172303805237405
0.0
0.7710493517969179
0.7195021456229869
0.0
0.0
0.0
0.0
0.0
0.0
0.0004395388761041218
0.01197721852445639
0.026752699793025577
0.0073878879755643325
0.0
1.8953286630043302
0.0
0.02911794183425895
0.3902817634316335
4.11735461959813
1.3724515333229035
1.8953286501732103
0.11323956264937418
0.0
0.0
0.0
0.0
1.5545101597543667
0.0
0.0
0.0
0.3338662717081574
0.33386627170815747
0.3921839458963723
0.0
0.14511962878768592
1.5818037797578481
9.426926480903122
1.5818037797578486
0.527267865396329
0.0
0.32874043040996864
0.3994469279813894
0.3614354689469109
0.11167870340138795
0.11167870340138795
0.0
0.0
0.0
0.0
0.0
0.0
0.0
0.0
0.00019316763516229678
0.00019316763516229678
0.00019316763516229678
2.0761486588125817
2.076148658812581
0.0
0.002743313614716277
0.14658173601201677
0.14658173601201685
0.0
2.3691698586234597
2.3691698586234597
0.0
0.05340807760518805
1.9038335842160001
1.903833584216001
0.0
0.0
0.0
0.0
0.5499198087713989
0.1040860715936951
0.13542023569274345
0.5253936218415578
2.7957605072691627
1.5825626274527704
0.0
0.13730187648989237
4.222078631612208
4.222078631612209
0.0
5.765135378658023
1.6615912026722919
0.0
0.735585110830281
0.7355851108302811
0.7355851108302811
0.7355851108302811
1.1893641742431527
0.7355851108302811
0.7355851108302811
0.1288784362685536
0.5549899429206412
0.5549899429206413
0.5549899429206413
0.22199593189293104
0.0
0.0
