1.071243013824756
12.187915994662397
12.269727896505856
12.132458230806
12.132458230806012
0.4468503295027232
0.0
25.89876197231984
44.0646926652035
44.15614191548251
46.08947693737319
44.84522434542262
26.49021604705982
0.0
41.507847920891635
96.94219054668656
100.0
100.00000000000003
100.0
50.051504688469905
0.6843388234786468
51.59707798814781
97.24341911127927
100.0
99.99999999999999
99.33417353506348
62.499587116920786
3.6612116116790445
53.33298615541116
90.11187704173413
90.60257572795288
100.00000000000004
100.0
72.91498727583875
3.8804537526851037
0.0
1.9777619606307815
1.9777619606307832
1.560963865629379
3.633469303301407
4.6262961123297845
0.7710493297988066
0.0
0.0
0.0
0.0
0.0
0.0
0.0
0.0
12.187915994662395
12.269727896505858
12.132458230805998
12.132458230806016
23.991287269502198
0.0
44.06469266520349
44.15614191548251
46.08947693737319
44.84522434542262
63.905663506835836
0.0
65.2669277788892
59.577386486940576
79.52084036459541
84.43369616850399
99.99999999999997
4.190879307783534
69.0868122096154
64.31558860293661
48.47874834054831
100.00000000000001
98.20017922421104
0.0
36.931309015738776
37.4220077019575
15.160176800362086
51.96902533829319
84.09648324354507
0.23776155872709256
1.977761960630782
1.9777619606307832
1.5609638656293792
3.633469303301407
85.95424151965656
0.0
0.0
0.0
0.0
0.0
0.0
0.0
0.00045723520022818636
0.00022861760011409318
0.0007013148350882522
0.00898031078736832
0.0
0.0
4.7371173066939685
0.004160010481644259
0.0
0.14549909158752325
1.006023018587915
4.9502906150726265
4.9502906150726265
2.8026352763092035
0.05384084222733129
0.0
0.0
0.00414608818608101
0.0
0.0
3.5909523673029167
0.05928057359635199
2.0476695178587523
2.560099514317142
0.512429996458386
0.254023665129034
0.254023665129034
0.08466423314350267
0.10824061529620874
0.0
0.00208269925685333
0.012091877315598864
0.48648945221338624
0.48648945221338646
0.17621805806328902
0.1667596006437989
1.076838688604595
4.208771028113755
4.208771028113753
0.9872033094804304
0.3702010875070251
0.24680050435339135
0.12887843570978053
3.826876519854521
3.8268765198545194
0.5549899376022548
0.22199597327032916
0.0
0.0
2.5039207989057006
5.295347975355066
3.4249824110096814
1.8678399804838213
5.293023317725876
3.6408259822629834
0.0
19.463748893883555
50.30382146968113
32.16960742987899
21.73275772908239
51.276781982602365
33.44757612695432
0.0
52.61256321813673
69.3123534729908
71.64960221465081
52.53798263234362
50.05150468846991
50.05150468846991
0.6843388234786468
62.85123171617616
82.36503246953625
71.86975753082758
84.35188521901836
78.51868790692305
62.68510102225036
3.6612116116790445
57.37952820472806
61.960385577700336
60.49255163312278
86.00594064081226
81.77430457632678
72.7294733705092
3.8804537526851037
1.475030261986749
0.0
0.22004142021062317
0.7190467246759354
0.23776155872709256
0.0
0.7710493297988066
0.0
0.0
0.0
0.0
0.0
0.0
0.0
0.00047269723497415906
0.010934184551601136
0.027450064361716906
0.009909653798257197
0.003303105227228687
2.6317318384585313
0.024942458637758447
0.14549909158752325
1.006023018587915
3.7327576910451663
1.2442525440583436
2.631731824832981
0.08844034295739645
0.0
0.0
0.0
0.0
2.1159219677906838
0.0
27.53646525396258
0.0
0.6137501867420074
0.22959443350131917
0.07705268679514231
0.0
0.0
0.0
7.3119836071274875
2.10230103332865
0.7559661904184565
0.041180724418198505
0.2402223917922195
0.3722472652544308
0.47546654584953024
0.12340025217669567
0.0
0.0
0.0
0.0
0.0
0.0
0.0
0.0
0.0
0.00022861760011409318
0.00022861760011409318
0.00022861760011409318
2.086613865488899
2.086613865488899
0.0
0.004160010481644259
0.14616502240075843
0.1461650224007584
0.0
3.8434449845579204
3.84344498455792
1.0060230185879153
0.05384084222733129
1.9263050556541006
1.9263050556541015
0.008280313985878158
0.13173219206088507
0.13173219206088507
0.0
0.05928057359635199
0.0
0.0
0.0
1.4771756452541718
1.4771756452541718
0.0
0.10824061529620874
3.680180766177606
3.680180766177607
0.03753447047767069
2.483208367932659
0.9813973724375327
0.0
0.1667596006437989
4.592989712424677
4.592989712424675
0.0
0.9255031025844338
0.3085009486050828
0.0
0.1288784357097805
0.5549899376022546
0.5549899376022547
0.5549899376022547
0.22199593293085812
0.0
0.0
