0.0
0.00036803633805240494
0.0014681117852099782
0.7208914045061158
4.0053495696206785e-09
1.065057369325985e-05
5.684338588462378e-06
6.726045912474359e-06
6.029547760924877e-06
1.3151453258174441
3.033453042306361e-09
5.141962831203765e-06
9.598912985955839e-10
3.484432345019513e-06
3.7211151824714976
0.0
3.5131087793448086
4.858281142792006
4.201605376127341
0.8492154977682557
1.4134603251059341
3.2119924077674638
1.4156889705409264
0.13286650475606498
284.9946038452702
3.805693731533615
91.69967093523873
0.10881997171230343
0.00013540142019925714
0.89635831252675
0.0
0.8963581176141628
2.224754735031207e-05
10.155971055014778
10.135659700806206
6.653462347624382
10.133433805043886
23.529799645262194
92.08709868345963
14.221661597147303
216.3058140932435
1.9513661813145469
0.6393697411290763
2.567876073067972
0.00019085188014577112
0.0
5.903464133602056
5.570737807756623e-05
3.1604533255348994e-05
0.0004981109958108741
3.339342728426291e-05
0.0001370065665573169
21.8092791727288
1.0428909459809517
9.726054178561163e-10
0.5177320176971758
0.00015767852340738765
0.0008766943409911666
0.00018881719649985402
0.0021005954083402906
0.0
0.00026641549184132243
0.0015241371431533618
9.225990597375677e-10
6.448973848070492e-05
0.0005004343517785602
8.166873247716957
2.0422264245835683e-09
2.3395416637062794e-09
1.6259491674769374e-09
7.87128049930267e-05
0.42232185154172436
0.0010051191390711097
3.3148685987920823
0.0002058968650676833
0.0
0.0001792318526428918
2.3985392113713702e-08
0.00020204762020760002
0.0001400789981796182
11.45810465546882
0.28370054834185654
1.074280179833007e-09
0.3111974094685462
9.094516331368194e-09
0.005132838713186131
2.1880013140664646e-08
0.21033478611385378
0.0001014533874284588
0.0005226264122986802
0.0
0.0005440880381614699
0.00011066149175265458
7.280239199166963e-05
9.300201528089907e-10
1.1261599745213366e-08
8.836133406534135e-10
9.706810947930207e-05
2.475340732770612e-08
0.0031001928870110812
1.2193753349980862e-08
0.0008930649220937281
5.660504839103382e-05
0.0004525648300764936
0.0007595238485309556
0.0
6.068744186646058e-05
4.287629496957135e-05
2.1119044367139696e-09
1.75030915703922e-08
7.303647383475924
0.00011046153315758683
0.0009544777044315594
0.0010009478200824497
0.3734872908902078
1.745876105511293
9.732079494184722e-05
0.00028874941434577767
6.120210928283978e-05
1.454557089373164e-09
0.0
7.297166397875367e-05
0.000557355745014461
0.0001904622785746431
27.911070680245857
0.2703332420400367
0.0018185337187748792
4.414800822888831e-05
0.0001904701778720594
0.0003738383002143955
6.491416212826761e-05
0.00026715214295598596
6.0765754097713214e-05
0.0008220906613854988
6.435496975406717e-05
0.0
2.5021279956861788e-09
1.893974171820005e-09
1.8939742053216056e-09
1.8520183094906756e-09
0.002517059114416899
3.6637741952120836e-06
0.001351763400584397
6.356739783022095e-05
5.173429651708971e-06
9.638152222538212e-05
4.881204888895255e-06
5.8735213622920906e-05
0.0005228343216213548
3.952106186131074e-06
0.0
0.0008277205014207014
0.4564779481457537
5.5686889100739736e-05
0.09895993711860468
0.07291611110593732
0.0009979391938425178
0.0005287370505775678
5.8178254899308215e-05
0.15902996045636633
2.972195370422178e-05
9.850211951705108e-05
0.0005589463806477133
4.401159953506991e-05
5.070360142255284e-10
0.0
6.969385283460808
0.00011075056038466624
0.0018209451686203959
0.001379710643629213
4.733851414415538e-09
3.076437831328508e-09
2.6447158634272106e-05
3.983496831525083e-05
0.6030469100299771
0.0004766020447794475
2.727106916312875
2.0757144841927177e-05
1.1633294776587824e-09
0.0002947877978937026
0.0
0.00023763174070923313
0.0028241295413563203
0.0026778002536806088
7.888009965071016e-10
1.1077009254677641e-09
4.7162082842787075e-06
7.36546457105673e-06
1.8035155319839536e-05
0.00042096865640971583
2.160702331160825e-05
3.6478897328129626e-06
1.3229749696133655e-09
0.00010564708053564493
0.0011153228203265111
0.0
