0.0
1.5804431351728296e-08
1.1947062509569741e-08
1.345840280142546e-08
9.356874732501412e-09
4.395359936404794e-09
4.454288617425543e-09
4.4703655723861605e-09
4.224125013559266e-09
1.1041861746076305
0.6847307928061254
5.13699012788248e-09
4.569240453776087e-09
4.208652709305754e-09
5.46649511510695
0.0
4.10388932883445
9.134227765704225
3.376840747327884
1.4928794443352807e-07
10.093786200846564
29.434161007578012
10.948973997838483
2.577026014104087e-09
180.22476541022354
0.2994998835461691
142.7080280438062
9.006773914363404
0.2369069266692464
2.8951680153489145
0.0
2.038654448792455
0.2694528177335327
12.464823688849709
7.256561776421419
13.81323186324126
6.436664438070274
47.207423410251245
11.682691430009717
26.507627559513388
225.50643877505206
6.5633733705969
2.9824228108999117e-09
0.7195725838518384
3.35915827380649e-09
0.0
7.060998488457458
7.372143554089321e-08
0.8694027108273581
6.5615404825473895
0.9098935823068001
1.0388937870738439e-09
60.38128897000013
0.29516692574308445
7.547170605584366
3.783755125764381e-08
1.0621797434035647e-08
0.00048237317480259094
7.475862197532457e-09
1.062158889296282
0.0
0.00014221113328358496
1.3936749217533195e-07
0.05476916400545938
2.855871886360896e-07
2.9303495821417676e-09
0.056129049674242
8.578055840679589e-08
0.04209776123096059
5.6028390646544566e-08
1.089076075862586e-08
2.784138436591305
0.4679873986830298
0.0939412950966603
0.00032497109745305145
0.0
1.4592056808360117e-07
0.04237167632234271
4.2312006998860686e-07
8.284876021335025e-10
6.705001442095593
2.3940131691866154e-07
0.036069654824801206
2.824827268207826e-08
5.47811720512161e-09
3.309326921621436e-08
0.0009693034452531369
3.443994129723493e-08
1.9288976847876993e-08
0.00018825218201002231
0.0
2.4725679465439828e-09
0.002381705815199339
9.027837464146775e-10
3.84240430162634e-09
4.016939918796604e-09
38.89413826663761
6.796448385638776e-08
9.0875255595088e-09
0.00046072972704216356
1.4263522441724942e-08
2.383773180990166e-07
3.187627260772901e-08
4.3415782024519364e-05
5.317105378978928e-07
0.0
0.007133124680822931
1.383091185038759e-09
5.095115568186093e-09
4.684477248664633e-09
6.5866576657734175
7.593126397686609e-08
7.791030916162024e-09
0.5311269300159644
0.00043079124714380876
0.007820384095952568
0.13973305274795428
0.00010816305648049009
0.12221778424648544
2.1670172639809186e-08
0.0
9.249956117103116e-10
15.409984480514339
3.764922595684003e-05
3.273548598543099e-08
3.6906413915266304e-08
6.525732355140151e-08
0.537582802768519
9.155119414438572e-09
0.00037914255305068105
1.0233085565781894e-07
2.0744660118533152e-07
9.844281306921481e-08
0.07604842013577912
2.837319878548334e-07
0.0
50.26223799966506
8.482658630223316e-08
0.05365313373622995
4.648306081136725e-08
0.0028655189706235777
1.9310632877771408e-07
8.632361594176159e-09
0.00044350507022362565
2.245184837631877e-08
1.6659243908633253e-07
1.5298832045146088e-08
1.6584869431998937e-06
0.0006261162816358923
1.8520255396469761e-09
0.0
0.0009134385648107496
0.08667372961472466
1.256469229838987e-06
5.225622097291985e-09
0.053434304531446805
7.656062418847784e-09
3.657533825409429e-07
0.009678210431795578
5.519515855727866e-07
0.10040616301564131
0.01198356782573587
0.00012345572003397612
9.464506062792537e-10
59.84658391287408
0.0
2.0610977916491007
7.026841610866491e-08
0.08177927625170867
0.12051624393224486
0.0074490568816161585
2.1426415191093776e-09
2.304257873053219e-08
3.327617220928444e-05
4.518019873313096
0.00017193763829917192
0.28317450036036507
1.944816028814419e-09
2.4724392010803913e-09
0.00017287625988366957
0.0
0.0007652156797426013
0.05352939657509246
0.06282656951293533
0.010223701743591168
0.0004100681773527647
9.766170691782824e-08
1.4222425344161162e-06
0.20525762427282138
1.9077934220937905e-06
0.08095165535698688
2.67814909277445e-09
0.005492587543774343
4.717975950909637e-06
0.0006627861865673047
0.0
