1.0709061905286972
12.18586149718912
12.238104369655934
12.118636484984886
12.118636484984886
0.47617227185719185
0.0
25.89915607069124
44.06821413768288
44.278277668500415
45.625130179139845
44.65992135652552
26.38088325787007
0.0
44.74373136944847
79.25315663170743
79.12464247305742
99.99999999999993
100.0
45.83471637206992
0.0
54.14711827179417
95.78361490798758
100.00000000000001
100.00000000000001
97.98671225225392
55.78552954147626
2.8911208997483504
52.70561791205052
89.88612510033762
89.9577085230667
99.59210417288124
98.38544790694597
76.84444908395619
4.443365251243114
0.057910911549260966
1.9298781615581633
1.9613980422138964
1.6031803424109883
3.6475415303517806
4.626296202272013
0.7710493543228832
0.0
0.0
0.0
0.0
0.0
0.0
0.0
0.0
12.185861497189121
12.238104369655936
12.11863648498489
12.118636484984881
23.990593716226392
0.0
44.068214137682915
44.278277668500415
45.62513017913986
44.65992135652553
63.901306823106715
0.0
79.25315663170751
79.12464247305743
67.53851693044246
67.53851693044246
100.0
0.0
65.61214849825238
66.42254786504188
45.71663378621144
89.28513647070173
78.59709104333038
0.0
37.40014335965179
37.471726782380955
22.74765508892501
22.20396584700408
100.00000000000006
0.16913164370072875
1.8719672500089026
1.9034871306646353
1.603180342410988
3.6475415303517806
53.84671017417725
0.0
0.0
0.0
0.0
0.0
0.0
0.0
0.0
0.0
0.23524849383830448
1.058618303499463
0.0
0.0
0.42458468437686636
0.008888395017260974
0.08519861706805028
0.08519861706805028
0.6460493349956078
1.4550294001446875
1.455029400144688
1.4314260146543727
0.053739093355954434
0.0
0.0
0.16314128850208678
0.0
0.0
2.1282512182496625
0.0
3.5006834995349925
0.3984857743706759
0.39848577437067595
0.17440127770449443
0.12471817211771888
0.01935508856254526
0.061792666199120216
0.0
0.6854556880720626
0.19865027027600324
0.7422736945367913
0.7422736945367917
0.3973005405520066
0.5048640557146205
9.920430713866699
9.920430713866693
3.899998217153239
1.6823521674787638
0.6117644078908265
0.1529410974607621
0.12887842914105588
3.8268765182471536
3.826876518247152
0.5549899613594883
0.22199598346706267
0.0
0.0
2.5041228605171852
5.290852372612062
3.361884647039545
1.8635696247228841
5.22896918662223
3.6099575675050346
0.0
19.46371307845006
49.37959917152203
32.42290162226836
21.08244542731259
51.00523502514149
33.520423577136256
0.0
33.75056986470877
82.87443411388556
50.82424415947138
49.57289768609596
52.71686153598677
49.61300812210109
0.0
63.25250295300063
78.62563639731142
76.61992995001266
86.02315004428007
73.90581266070379
55.89072885108347
2.891120899748351
56.53757033438883
62.10577829053337
61.21748926360208
86.66599915476745
84.15596761181851
76.84444908395619
4.443365251243113
1.1492482225249836
0.057910911549260966
0.13348696725453965
0.7164353996058188
0.1788615844099905
0.0
0.7710493543228832
0.0
0.0
0.0
0.0
0.0
0.0
0.0
0.0019744630141664016
0.004241236470632611
0.15442592328263627
0.0
0.0
0.257028268479022
0.008928664496786094
0.23524849383830448
1.058618303499463
2.9522827514045646
1.0218651171194755
0.7952362609983711
0.09252481440222293
0.0
0.0
0.0
0.0
1.036913908925172
0.23317201346645702
0.22029731252851828
4.324378509628872
10.078948425036605
3.03207426939319
1.4342405129045372
0.044977328115525524
0.022488664057762755
0.19865027027600324
8.73150752291627
3.2743152804794624
1.091438391719982
0.0
0.04762159459786323
0.4397010743332812
0.51527713003856
0.20573503217847305
0.07557605570527869
0.0
0.0
0.0
0.0
0.0
0.0
0.0
0.0
0.0
0.0
0.0
3.0803646616396043
2.021746358140141
0.0
0.008888395017260974
0.2170826929551914
0.21708269295519145
0.08519861706805028
6.75308672577189
6.75308672577189
0.0
0.053739093355954434
1.9226651884193868
1.922665188419387
0.0
1.1419892112686492
1.1419892112686492
0.0
0.0
0.0
0.0
0.0
3.400592392146234
3.400592392146234
0.0
0.061792666199120216
2.1009505132704254
2.1009505132704263
0.0
2.091364923446876
0.13330553411732685
0.0
0.5048640557146203
7.350146367399809
7.350146367399804
3.899998217153239
1.682352163854981
0.611764413176242
0.15294109746076207
0.12887842914105588
0.5549899613594884
0.5549899613594884
0.5549899613594884
0.22199597146140582
0.0
0.0
