0.0
3.5703597652140875e-07
2.911853014339442e-08
0.27282684131732715
5.674353754680998e-08
5.437912177620538e-08
4.09146762341478e-08
4.094604399546193e-08
5.574125271761343e-08
0.2753645170685222
8.16491676924219e-08
5.575787222668243e-08
5.6836320303267894e-08
4.128787912444165e-08
13.069284444136375
0.0
8.856039420972351
12.739440902598503
6.495729325603608
0.8973070904427358
28.442745079849175
28.02513197332803
2.9655828116513114
2.9900403088162e-08
230.43907144359474
8.611911823630514
60.818023250825156
13.415828730210892
3.8494720048616215e-08
2.3749861847628444
0.0
1.9398583459283387
0.03237621631538529
13.473046468510013
2.070895951128419
5.518121565742117
4.6881177451653215
43.94445950947424
11.435352322354627
19.82911806169031
265.22870602648146
4.258681405149911e-07
0.9208304354046415
1.6610053975900265
2.455555090726959e-08
0.0
4.763404879241357
1.519822918967385e-06
0.7901562811300971
6.589572487527316
1.5940131096105894
1.2874124458467352e-08
31.658884629998585
5.0465334331394605
7.605813262352585
4.0364146012183545e-07
4.146775086316543e-08
0.0008941777664089182
3.271792887111925e-08
0.47050664028225797
0.0
0.0002706163258541123
1.4970663077846186e-06
0.05430924268627881
4.113947510052243e-06
1.3818840890432948e-08
23.467816379479974
9.325163838574246e-07
0.04176656120706379
5.685452644195655e-07
3.298542457521833e-08
2.857856942247786
0.07283872470685746
3.9701438867249874
1.854773156207652e-06
0.0
1.6866664025648996e-06
0.03976768299497499
6.183432963683694e-06
1.0137059553931929e-08
1.1031986748276168
2.8388811455052964e-06
0.03431032824461077
3.0373730466319324e-07
2.746309328854401e-08
0.4056645349963457
0.33993886201488355
0.07959032999870286
1.4437842575460093e-07
1.7392582266980423e-06
0.0
1.2105780409170462e-06
4.363803635221999e-08
1.0192514140362731e-08
4.1550911194619035e-08
4.257137968280975e-08
35.424583755282626
6.449181552508777e-07
3.413147505702671e-08
3.3517681351751672e-06
6.774106365131438e-08
2.1459769576238957e-06
3.058300214366335e-07
4.702535472134191e-06
4.200938344188614e-06
0.0
0.010719752466517423
1.1720309256492149e-08
4.964267196082118e-08
5.097066073408625e-08
4.516405096080394
8.2739488522715e-07
2.9292035577632414e-08
0.5881009595665285
0.08204485911466365
0.0475708517310139
0.16844882389557594
0.00013846307334027715
0.14216393997996815
2.1445565305642574e-05
0.0
1.0351971077186698e-08
12.37230972495324
4.7103560637958495e-06
4.208489887237312e-06
3.382148357060934e-07
0.0731169604108029
0.779999146617322
3.987514999031338e-08
4.3297501507377604e-08
0.4169767087370084
2.217970762353209e-06
1.120617978871704e-06
0.07556854825821903
4.089078846195413e-06
0.0
0.1469919625191359
9.262153415385005e-07
0.05250762324907099
4.7236362099456436e-07
0.004382514326816409
0.010373810322222125
0.0004411360303067111
1.4836683096353567e-06
0.004366991598240328
9.63161814650172e-07
1.2729920688743376e-07
9.321633420014159e-07
1.0506143319324115e-05
1.0250553449297152e-08
0.0
0.0006867625514475921
0.2731325975173305
6.761582649600128e-07
0.017728183508093937
0.030661702562862686
2.3805085677972837e-07
6.783613498897076e-06
0.031146493714414525
4.837265368141984e-06
0.10464002785623921
0.010703172155457328
8.368719999339207e-06
7.720181002006171e-09
51.91724987509025
0.0
1.5213621160325985
7.3974425550205e-07
0.10002278523213243
2.7275341693400358e-06
7.59805954587718e-08
0.0005663085593499257
0.19575855185422056
0.10479853068233984
2.986572908432321
0.00029462456185120185
0.33013869709148913
9.093672672205201e-09
3.6027158237066312
0.00029642078210532444
0.0
0.0002708273918379326
0.03369850254172875
0.08316182430678473
7.626106118362451e-08
0.00038316864825532814
0.03257746568077449
0.033571939396588694
0.14880672301677803
1.122751055156575e-05
0.03888793385881785
1.0508843291826059e-08
0.22516985404354112
1.1393397617173113e-05
1.958311555433041e-05
0.0
