0.0
0.0005560432561116205
0.0010283559059617794
3.2205214252119005e-09
1.9940297724953735e-09
7.463540553339497e-06
3.978965249635926e-06
4.708851037977848e-06
4.22056943038185e-06
3.485496021970688e-06
3.057107547602601e-09
3.5998080646414558e-06
1.11264668576741e-09
2.4390724519405113e-06
1.6316179875018868
0.0
2.3646647963571676
4.9973316035026745
2.1065347136405226
0.22620871529332834
0.7831371282292278
0.8033086464854517
0.7826130329812878
0.12669066160242412
334.55572297551635
0.5817461501108981
53.2554090599712
0.524607366213959
9.481267739398483e-05
1.677882337669186
0.0
1.1820415899678811
1.55814317518839e-05
8.049026015246781
8.840934773664259
2.3515997761968683
8.841460802426958
24.343021007140916
39.550544009647815
12.486934261278735
273.740439600989
1.481205380126203
0.690218621110454
1.4604098758804565
0.00013298911706190766
0.0
3.7932646705593047
3.9021092389379924e-05
2.2119195012212615e-05
0.00034916962212760906
2.3365249485713885e-05
9.590384617649857e-05
35.79262604108925
4.086337472309985
5.889744261565557e-10
2.852782906907685e-09
0.00011007584874546973
0.0011384583624818214
0.00013163027798941386
0.21592682359630852
0.0
0.000186267334734106
4.261863571423901e-05
7.354269207618771e-10
4.513909182833163e-05
3.6047335965570726
7.094768947375236
6.160785864454397e-09
6.7940132563584675e-09
2.027155012774409e-09
5.494613896433281e-05
7.116564170755042e-05
0.0007054868169979718
0.9526372426424085
0.00014423993775935476
0.0
0.00012556231985371785
4.501151207497632e-08
0.00014153515209719582
9.808904982980095e-05
11.13584162697361
0.0817886946020928
8.231560024754702e-10
0.08983690173126163
4.4080453262471556e-09
0.0035966306502813574
2.3449486838869948e-08
0.04193454963432896
7.093545460191358e-05
0.00036587427787322224
0.0
0.0003808146333280246
7.713114602218705e-05
5.096495657157982e-05
7.31469221320993e-10
1.8091569959769974e-08
1.0288021375776368e-09
6.791000922219411e-05
1.600842135701487e-08
0.002155906403182947
1.5746269443336043e-08
0.0006258517686317524
3.958903151745747e-05
0.00028611389616374125
0.0005850970968517588
0.0
4.234706470648276e-05
3.0014888670219383e-05
5.103494753446305e-10
2.898244090536005e-08
9.388646753379799
7.730086071462072e-05
0.0006685585405168724
0.0007012496961136429
0.9101389479636042
0.5059928974908164
6.809105521660193e-05
0.0002020203449080555
4.284747147320025e-05
1.6243022374472585e-09
0.0
5.108304665794876e-05
0.0003904488429417436
0.00013333467841822024
22.83958410121891
1.757039115327398e-05
0.0871762337883098
0.08978188116424818
0.0001329070346346248
0.0002616629421385696
0.08286974956240313
0.00018676747131579228
4.2529706605259356e-05
0.0005762533048305559
4.5044710096352315e-05
0.0
1.251858637744744e-09
0.08307640545740916
3.0686475522846046e-08
2.886695926699963e-09
0.0017637420308246428
2.5638882972385333e-06
0.0009471481199261916
4.453828676429481e-05
3.6224421361691383e-06
6.745190537662755e-05
3.4168393551655803e-06
4.110180811957482e-05
0.00036570727492820694
2.765458512072225e-06
0.0
0.000579520904057596
0.5867904074172496
3.89738864038773e-05
0.2647112663693748
0.0006325912228155171
0.0006990365428237444
0.000370507348607402
4.0699629354846196e-05
0.12457266545417753
2.0803526454424817e-05
6.890907602573101e-05
0.000391466107024702
3.080327564020955e-05
3.414213738745762e-10
0.0
8.992446465537753
7.750449731039917e-05
0.0012757734380917456
0.000966730600001454
8.437534044050269e-09
1.2717714273494118e-09
1.848898141042386e-05
0.021152034177525977
5.974519922786029e-05
0.0003336316299592286
1.6341018874957036
1.4525490843821599e-05
3.3016605955583724e-10
0.00020642663912000294
0.0
0.00016637585933146904
0.001978737623923139
0.0018763987489679404
1.3973261371840803e-09
1.0291691337621536e-09
3.296043970504593e-06
5.1545837620314875e-06
1.2635761648831593e-05
0.0002942738580442754
1.513967114313772e-05
2.5529985230485356e-06
3.84801149792378e-10
7.395140732675159e-05
0.0007809186125712349
0.0
