0.0
0.0002901828603655321
0.001157588200657774
0.4420396386053701
2.4591769678321707e-09
8.399429473548618e-06
4.482313633377397e-06
5.304376592348116e-06
4.754481640373987e-06
0.5804615448827065
4.799234548946672e-09
4.055647104400549e-06
6.849931981448187e-10
2.7473542407591403e-06
3.3743176156020454
0.0
3.37430149637274
4.884262224142833
4.005223086796293
1.8944454495044651
2.7986642346637467
3.4799417777759487
2.790517960284524
3.4576849909181555
328.31957831419294
1.212163311498374
41.56656041660851
0.4906859982384321
0.00010677143146033549
1.2040455184223635
0.0
1.2040452620490831
1.7542882818307633e-05
11.19813422302084
8.215771299951692
7.002365493415651
8.208300979855489
20.918033960022996
40.63338657911144
16.91919893064805
265.5648855357353
1.3160767003895901
0.7561671451259471
1.5099934707896834
0.00015028803510367436
0.0
3.951894532740088
4.393246338493881e-05
2.4917852172174892e-05
0.0003928473855848618
0.014642055161203052
0.00010801093445591829
27.21378233954188
0.3108749352927829
3.7180783712678843e-10
0.059866015331354584
0.00012423124449182304
0.0011143445197235344
0.00014876894938222325
0.00165668379313494
0.0
0.00021001632825399863
4.800478883407791e-05
1.02844365811546e-09
5.084847786201408e-05
0.00039448333139638033
12.36992477813653
9.52568437395275e-10
1.0495997088942195e-09
7.835731344843121e-10
6.202102409934658e-05
0.2551452983354178
0.0007930893514289242
3.0974100852424966
0.00016234201402100771
0.0
0.00014131884534248552
2.2125100298940016e-08
0.00015930925770905516
0.00011043587586722248
10.907911786119264
0.3157526461767436
7.410590981638529e-10
0.1318942938592374
4.828150929236643e-09
0.0028034191756186105
1.788154423586743e-08
0.20641520750344666
7.995742944822037e-05
0.0005943965903836888
0.0
0.0004282123835867891
8.712931086258674e-05
5.741921165576161e-05
5.919724337505693e-10
6.4012696324493645e-09
6.724469598817906e-10
7.655617277692629e-05
2.5591744446511416e-08
0.0024428227705998867
1.1006470975725631e-08
0.0007043194385953892
4.4629438941246817e-05
0.0003594866114125144
0.0005988603563004376
0.0
4.781428076728749e-05
3.381851045883295e-05
9.719363897510709e-10
9.970728374119739e-09
8.61550820946192
8.709874791946822e-05
0.00040061015405535916
0.008481828403939738
1.1370928177539892
0.5586343498631686
7.671871301115372e-05
0.00028002724592345783
4.8265030073055035e-05
7.762307484842535e-10
0.0
5.7551783772096586e-05
0.5305926820769177
0.00015016783927752756
25.563908259385464
1.9555344975463497e-05
0.0014341400041864624
3.4802610616225466e-05
0.00015004702548004206
0.00029474221896621947
5.117996242429299e-05
0.00021059327634076103
4.7909105457909276e-05
0.0006483471775618377
5.0741160116469116e-05
0.0
9.580425865490977e-10
9.014326817826741e-10
9.995217132518627e-10
8.853730850456349e-10
0.0019849607191839394
2.8876799415587668e-06
0.0010660124436201411
5.0127472033287454e-05
4.0785698730823076e-06
7.598459152240611e-05
3.848125295868739e-06
4.632075655414284e-05
0.00041201481186746165
3.1157853757133583e-06
0.0
0.0006526136970493473
0.5384692562247515
4.3906586138512756e-05
0.0013818691011938053
0.0007119438148275804
0.0007868277564705007
0.0004169614537137301
4.586015133710659e-05
0.00025006100499184547
2.3433623618725867e-05
7.769020561555157e-05
0.00044078872386859637
3.4709871065673695e-05
1.7979480634062406
0.0
8.04114100152686
8.732530228345996e-05
0.0014359671556195097
0.0010880404814866502
5.312400234263601e-09
1.2768949539572193e-09
2.084299485669416e-05
3.140453754654363e-05
0.5797429322173953
0.00037572461966153185
2.3708946741169656
1.636909026260389e-05
5.531313516115643e-10
0.0002324373959019261
0.0
0.00018735887358548324
0.0011398508128762778
0.0031988753614918654
8.843909280855491e-10
8.698625630515267e-10
3.7164514586428995e-06
5.806691222259913e-06
1.4221922961610273e-05
0.00033193354323941663
1.703978625373725e-05
2.876712715009899e-06
6.336363936268947e-10
8.32980643307785e-05
0.0008793991289272237
0.0
