0.0
1.1134817810011851e-07
2.3566682389760708e-08
2.5532625505408513
3.643315514344006e-08
2.7944743291481455e-08
1.7790943864778376e-08
2.0231401348140702e-08
2.7951870788429824e-08
1.6392529210752563e-08
2.143418887502158
3.1909783856272746e-08
2.8005714986856058e-08
1.9713780672524513e-08
5.312272043945538
0.0
3.129332010523394
5.5905263816163835
2.263643972606036
2.3009114876915544
36.24046051733916
12.688441596818919
2.283513787889631
0.7598312740086263
156.33945550782795
3.221808154795336
148.19489202814628
13.285496112661924
3.31065848039891e-08
2.760040675909356
0.0
2.2672318689652062
1.1502839565741803
9.184517706881564
7.625755477963764
20.008096645742338
7.080479576835412
46.14967075764842
11.146417881460494
39.17899153811889
214.13388837083141
4.06143941121253
0.8348272202540724
2.380010095542709
1.3509181787399988e-08
0.0
8.865734079518845
0.024352949514567485
0.9511132339063182
6.3879236693603145
0.9507006818467925
5.093105864701504e-09
55.39691286332173
0.3101830367621096
7.246620675846902
1.0499703562731539e-07
3.234597324288573e-08
0.0008863401444052939
3.557345250580036e-08
0.21627432638822286
0.0
8.60400875216045e-07
0.0015788000483777246
0.056110959469550255
1.098442344023016e-06
1.725674275077892e-08
7.530679591883861
3.8521954862157274e-07
0.3233994452929622
0.24235408989091822
2.3593910469936662e-08
5.107881643062813
3.2664377528159955e-08
1.698251301571438
1.0397650594331576e-06
0.0
1.0543008567269029e-06
0.05882272143953082
1.614935473586942e-06
4.0735886264249664e-09
35.640601069518596
8.503087518478529e-07
0.04683746062648873
1.2706236368364704e-07
1.6430698156164172e-08
1.3001740006852993e-07
5.4069778562333496e-08
0.12963840767005214
8.996135354215871e-08
9.050511588474362e-07
0.0
0.0003377838368178071
0.02511910858873128
4.589617488004692e-09
1.5461814955720546e-08
1.5068614480175375e-08
35.43583685814387
2.053666425866719e-07
2.5276721237302152e-08
0.0006063811828826454
5.372756642959852e-08
9.549890381304903e-07
1.768663482858273e-07
5.892789984454835e-05
0.0006086774718670571
0.0
0.07134326304317276
9.848467607228908e-09
1.9393994864781126e-08
1.817333290156246e-08
1.5222184285474136
2.433289569338286e-07
2.4052607986439212e-08
0.0023692693332691955
2.762230579509827
0.010407367027118242
0.0042746613744155055
0.00044964380906557127
0.004272495077345479
1.8195157118839178e-08
0.0
4.4224806704791226e-09
14.096123182926565
0.00012437559712061546
4.106716155208171
1.6506848327712293e-07
4.7116622756383186e-08
1.143090522347977e-06
3.9710163170841496e-07
0.000608091108836181
0.00239035019336552
8.53531069967279e-07
7.121163609193213e-07
0.0783612245678881
1.0905669708424732e-06
0.0
0.08195150980863447
3.8023833323284746e-07
0.052271410891378094
1.246167700839653e-07
0.0017753392117266535
1.3986264480113553e-07
0.040031015710956866
0.0005177871420768525
1.1628383967726273e-07
1.7308168796944752e-07
1.2558564159316917e-07
6.919465550130402e-06
0.0005932297552754477
1.9317138161969658e-08
0.0
0.0008068848620283068
0.0884124294240031
1.4190870001190354e-07
1.991337248064841e-08
0.03789550149393614
0.5399996149111979
0.12172812073356559
0.04717357415105328
0.27291211766969425
0.09580165154539391
0.011273574679302172
2.341785436563998e-06
7.689063556146766e-09
74.31122679990013
0.0
0.7124147907345113
2.1896918847482407e-07
1.1365395378313518e-08
0.00029537658288443096
1.845472470861707e-08
0.0003726771791711263
9.2086790708727e-08
3.098018662450236e-05
4.143656408604493
0.00021134724165233873
2.8312946559895407
5.234895419652855e-09
0.0019663032268321962
0.00021510667845064195
0.0
0.00019119309354696795
1.0111282736075937e-08
9.453536907250894e-05
1.4381632251698849e-08
0.00047027904787175435
2.809525359048693e-08
2.3727358472944823e-06
0.3368097276320806
4.3876328232479285e-06
0.17695598493271802
5.842217222875478e-09
0.001452264254002523
8.88580180414538e-06
0.0002308388307746135
0.0
