0.0
1.427587624259594e-07
1.1720845672710833e-08
1.6330613292973607e-08
1.55555464858976e-08
1.3840201995968158e-08
1.2550184502557809e-08
1.8131206141032963e-08
1.3937338709749847e-08
5.4429623149145254e-09
9.671171649679958e-09
1.3969582707806566e-08
1.3388530149188615e-08
1.2010462944656275e-08
4.324448830398397
0.0
4.218633961287518
12.8609786503884
2.6389855700636935
1.1522065042633267
5.595288468282786
56.37706244452777
4.481553448578374
8.550062548118194e-09
215.1590253454097
15.109347385394084
68.37391224481557
4.778418156972094
3.8462853278729116e-08
3.4793052147161494
0.0
3.325608535796982
0.15754471819628277
5.772396073410833
1.2726740509828426e-06
20.890182697474476
1.7006119836698481
65.41906772932508
43.766797938594465
10.500016277585381
194.80289327991838
4.044326355758065
2.6466430857798827e-08
0.6818328980243276
1.0610050905285421e-08
0.0
5.059756349159815
4.951190698717972e-07
6.2367550894887035e-06
7.360453735211122
0.6072478541798368
2.8646336615639955e-09
33.9354745075282
0.18045041109419174
57.49250037237455
9.801384672255147e-08
4.8217180172307915e-06
0.0007126610001198444
5.6696744015308366e-08
0.496207457069826
0.0
6.839387957152661e-07
1.1731163486426777e-05
0.10007788071022598
0.058117541503248264
5.325763121660574e-08
0.10132139802490747
0.05506522139860018
0.09443831863700143
1.0662835033292722e-07
5.187732607139311e-07
1.0008838525123205
0.00979578745149054
0.8378829748431261
0.00014877330844097837
0.0
1.7871536001470576e-05
0.819839084149553
1.1949295879830058e-05
2.2894974003241675e-09
0.021788259953554465
0.008760571282550733
11.088950605215553
7.787589268664087e-08
3.092163032548385e-08
4.577579735846729e-07
5.99332938618643e-07
3.618583168913522e-08
1.3478854475091566e-07
4.223709192760559e-07
0.0
6.82451873918748e-09
1.0437423009012232e-08
2.6711912205454915e-09
1.3121632132324352e-08
1.3986195600413471e-08
41.305881809912165
1.6099121465084728e-07
3.296604073259371e-08
2.9004334312256035e-07
3.191398456210381e-08
7.574060500248608e-08
3.134233675221657e-08
0.0001306997704722879
9.450777901095557e-07
0.0
1.1180430489889456e-08
1.0198250435881371e-08
1.5172715388250626e-08
1.639487485118092e-08
9.57146239588638
1.7239352652418182e-07
7.155360466175685e-08
0.8663778062759836
0.001286672830989668
0.09805157702592665
8.284799063540264e-06
1.8501497922706673e-06
1.6514002009762836
0.1504540782776102
0.0
2.8540846190309137e-09
1.2729774482382774e-07
1.2770511968589075e-07
1.2792874262099384e-07
5.3884096960035837e-08
6.042411120483101e-08
0.05040846918236898
3.2407091140046493e-07
1.1272926458542115e-08
0.05329406734321558
6.813467228881519e-07
1.162482428781758e-05
0.10439545480415471
0.05042899335167514
0.0
26.343801225363684
0.05045438903457264
0.09424126840477043
1.0744288614508195e-07
1.22744470148927e-07
1.2755964320496614e-05
1.1033232651701078e-08
9.104964348640784e-09
1.0070177411511138e-05
8.915475888367938e-08
1.1070177424179099e-05
7.426508388019022e-08
0.00039631187973609744
1.9843343195743967e-09
0.0
0.001139958223651923
0.5931983366546592
1.3494633975918852e-07
2.5120272319766528e-08
1.2149304401701186e-05
1.30581816644962e-08
4.3480525957143374e-08
5.328798098348336e-06
2.9070119192764746e-07
0.5673735027001483
0.002897505135446979
6.100557831605698e-05
1.7017655604708205e-09
27.80687981541462
0.0
8.0861871558611
1.6070708083544216e-07
6.567901671148751e-09
0.24586610053701272
1.0316588398309488e-08
1.8654440180003684e-08
9.171687746654375e-09
4.626369549201886e-08
2.8979660992913288
0.0003368996975941325
0.0002674772402395578
1.4168043149066084e-09
11.558411903022748
0.00033699533119841644
0.0
0.0003310184919430257
6.0913363328731115e-09
0.011631583326954662
9.372110050583585e-09
1.037396871806619e-08
7.986317726436148e-09
3.827818723126807e-08
0.221841021508421
4.797754954473454e-05
3.9323747543562e-05
1.4543793049458902e-09
1.0771722374536055e-07
4.80727706527333e-05
0.0011617335571654794
0.0
