0.0
11.466465613908564
11.466465613908563
11.466507249431208
11.46650724943121
23.999693967594098
0.0
46.25109265108123
46.25109265108106
45.82664028265028
45.927971088481875
63.633990179292596
0.0
100.00000000000007
99.99999999999997
99.99999999999999
99.84918383513426
100.0
0.0
76.747677150629
76.1558392903691
85.63128447233674
99.99999999999997
99.99999999999996
0.0
59.96025819548629
59.972108125739304
60.356935937526444
70.0033548608745
99.99999999999997
0.0
3.4658944727489063
3.4658944727489063
3.4658944727489063
3.4658944727489063
30.4391415993821
0.0
0.0
0.0
0.0
0.0
0.0
0.0
0.0
0.0
0.0
0.0
0.0
0.0
0.0
0.0
0.8015009983053896
0.0
0.0
0.9131824196504947
0.0
0.0
0.0
0.0
0.0
0.9131824202668064
0.6723253060391061
0.0
0.5819215433875599
8.099858295523994
2.595100221157577
0.8650333985101302
0.0
0.09728273265621687
0.09728273265621687
0.09728273265621687
0.09728273265621687
0.09728273265621687
0.0
0.0
0.0
0.0
0.0
0.0
0.0
0.0
0.0
0.0
0.0
0.0
0.0
0.26665700380774
12.799781268686656
12.799781268686655
12.799836782716849
12.799836782716852
0.2666500645539649
0.0
24.061546711799924
41.9735527391836
41.97355273918345
41.58437427069745
41.6730387258001
23.967019634989388
0.1013308058316048
44.629307839159864
65.23043106603123
65.23043106603124
68.88904238705835
77.56450423364873
33.53858426370111
0.2807516912374184
58.02315860259415
87.35723794866428
87.03589338621748
70.92650856800282
71.95633048446784
40.75849738784407
0.0
52.33833003363756
65.11073297912338
65.12427575655491
70.64186838724768
58.20264851166124
59.667049927168975
1.5466597379233809
0.0
3.4658944727489063
3.4658944727489063
3.900621186759151
3.900621186759151
0.0
0.0
0.0
0.0
0.0
0.0
0.0
0.0
0.0
0.0
0.0
0.0
0.0
0.0
0.0
0.0
0.0
0.0
0.0
0.9160011409204452
0.0
0.0
0.9131824243547669
0.0
0.0
0.0
0.0
0.0
0.0
1.0617813630803303
0.0
1.4805265431182766
14.425125529965307
0.6650531924429256
1.2469747358304841
1.2469747358304841
1.2469747358304841
0.0
0.0
0.0
0.0
0.0
0.0
0.0
0.0
0.4069289443188675
4.477870577796393
4.070941633477511
0.8806916577950322
0.3218932590588047
0.08498829857021019
0.8058233607041241
1.5109188013202337
1.5109188013202337
0.0
0.0
0.0
0.0
3.733198053308359
3.733198053308359
3.733198053308359
3.733100903755508
3.73310090375551
3.73310090375551
0.0
36.09232006769982
36.09232006769989
36.09232006769989
35.66553656108269
35.66553656108269
35.66553656108269
0.0886644551026542
53.38835188974098
62.23150424319607
52.42221075836047
43.215549355171994
39.057921352133825
49.815126616088186
0.2456577298327411
61.42427232729464
77.2510501362943
66.6016464995212
63.5160235426418
60.188458998728066
61.13774598591893
0.0
58.35629646960758
58.10185276238309
62.64210883640503
60.160202433120304
57.36740148165014
52.20866868627285
1.3533272706829582
0.2590216513344359
0.11042270872298716
0.43472671401024454
0.0
0.0
0.0
0.0
0.0
0.0
0.0
0.0
0.0
0.0
0.0
0.0
0.0
0.0
0.0
0.0
0.0
0.0
0.0
0.0
0.0
0.0
4.311901904276057
4.311901904276056
0.7109211574740109
0.0
0.0
0.0
0.0
2.581821230057731
2.581821230057733
0.0
0.0
0.0
0.0
0.0
4.565676141511851
2.080385196560282
0.0
0.0
0.0
0.0
0.0
2.6864196352560445
0.46261679225479796
0.0
0.0
3.640966756179155
3.6409667561791554
0.0
0.8753799392028678
0.3165815409153932
0.07436476124893392
0.705095440616109
0.0
0.0
0.0
0.0
0.0
0.0
