1.0712375779205079
12.187883315426365
12.269232721355586
12.119293282222488
12.11929328222249
0.5045956873925488
0.0
25.899731448105417
44.073359440126325
44.262890778676265
46.15180683839235
44.88168316107534
28.536662386195946
0.0
43.49396978466242
99.29315668474618
100.0
98.01829455342542
100.00000000000001
40.1674948494878
0.0
44.387442269078754
100.00000000000001
99.9472582565328
99.99999999999999
100.0
64.5239284089716
2.222075763175626
46.59013669431772
87.92246557168139
87.82895224167713
100.00000000000001
95.0095064211715
63.33403551510771
3.878841557491784
0.0356116397850966
0.33823846392425433
0.36628605152060734
0.14393797231339395
2.313148097325579
4.626296194651158
0.7710493507501267
0.0
0.0
0.0
0.0
0.0
0.0
0.0
0.0
12.187883315426367
12.269232721355586
12.119293282222486
12.11929328222248
23.98923212545275
0.0
44.07335944012631
44.26289077867628
46.15180683839236
44.881683161075344
63.79039538786747
0.0
51.20237906776385
48.64421201729899
76.88403315281688
75.54211543820186
95.71710427622406
11.209330951017554
67.93799986489539
69.07279766678103
65.02546477249189
75.83014880137571
98.2454190512178
11.516535386373283
39.00358107527214
38.9100677452679
27.84463383748917
28.482868012315095
99.99999999999999
0.035607783802823735
3.5308413576729563
3.558888945269308
3.336540866062094
5.505750991074279
44.807688359298766
0.0
0.0
0.0
0.0
0.0
0.0
0.0
0.00041398746828985556
0.00020699373414492778
0.00020699373414492778
0.007527661572162144
0.0
0.0
3.138201332734866
0.07659589927656749
0.0765958992765675
0.17085046604187282
1.55869826517401
3.2051463890043648
3.2051463890043643
11.57418304778233
0.05156487429794688
0.0
0.0
0.0
0.0
0.0
3.033412084413194
2.030437143324007
8.182868966792022
12.674568597412492
0.5082355880525979
0.995201252865964
0.995201252865964
0.4734822016486352
0.24662613721459717
3.983188086497685
3.5856613842339544
1.1745203742512684
1.258001891037177
0.9320385339461638
0.13869159497068312
0.4669532904965925
13.150996816244868
13.355498739378021
3.4037975077907676
1.424014622488345
0.5176609161413827
0.12930882032591345
0.12887843951353034
3.8268765039035477
3.8268765039035464
0.5549899286018545
0.22199597014820746
0.0
0.0
2.503923952563763
5.295276298970298
3.4239937022069196
1.8699526425503885
5.1427112952351095
3.560597673322013
0.0
19.463660762780837
50.336751769614054
32.49518271085373
21.81037084156074
51.501783267740166
35.37572773011824
0.0
53.419425235090195
67.69649046276366
63.69030457842795
79.38577585762661
45.06307534222268
43.0766830359922
0.0
59.322613292243126
90.91744571960186
80.70081559552033
79.81248846365854
72.69801672208159
64.99780939769393
2.222075763175626
63.24040598980044
65.46877009249678
59.49689226602251
73.60771526905043
67.22560954668998
63.3340355151077
3.8788415574917847
1.408008787941587
0.0
0.14905969545582842
0.41519020582244115
0.12731459878062673
0.0
0.7710493507501267
0.0
0.0
0.0
0.0
0.0
0.0
0.0
0.0022616570650585213
0.008122911586278182
0.027844088263239128
0.011832850474240195
0.003943780904863969
0.9822426846552966
0.010223215493660833
0.03232064256198436
0.3956997290100731
3.810370646515074
1.2701234653317526
1.8513236687901007
0.19650423590034571
0.0
0.0
0.0
0.47225087993727966
1.851323700815645
0.3009504775646365
0.0
2.2797976344847353
4.718540887155506
1.5728469344452067
1.2569791634184655
0.0
0.08870153548322521
0.9910416623470064
3.3492541262424536
1.2559702023675077
0.41865662754220884
0.0
0.397526702263732
0.4968995656672007
0.6459592611230293
0.397526702263732
0.795053404527464
0.0
0.0
0.0
0.0
0.0
0.0
0.0
0.0
0.00020699373414492778
0.00020699373414492778
0.00020699373414492778
2.0709636196781687
2.070963619678169
0.0
0.07659589927656749
0.25857493708162255
0.25857493708162255
1.0984745214247835
4.040282434761418
4.0402824347614175
0.9113526888536589
0.05156487429794688
1.8291676311498144
1.8291676311498146
0.0
9.214815854035283
9.214815854035283
0.0
2.030437143324007
0.0
0.0
0.10426016027915298
2.3525105484445863
2.3525105484445863
0.0
0.24662613721459717
4.607221552136947
4.607221552136949
1.502701279029659
14.516012936084577
1.069952525721836
0.0
0.46695329049659245
3.1992955846576216
3.199295584657623
3.199295584657623
1.4241848309291214
0.5178311705169566
0.12930882032591348
0.12887843951353034
0.5549899286018546
0.5549899286018546
0.5549899286018546
0.2219958952611601
0.0
0.0
