0.0
11.466446288408266
11.466446288408255
11.466491978278835
11.46649197827884
23.999664652432454
0.0
46.22390421221345
46.22390421221335
45.8974497143449
45.97538518300745
63.71849470663779
0.0
97.82086769258572
100.00000000000003
100.0000000000001
99.90326179779711
100.0
0.0
86.29566072547435
85.98724785280251
85.06465627620211
100.00000000000001
100.00000000000001
0.47938717012663734
61.13793271244772
61.30192948170793
60.891683704111266
71.76965137996653
99.99999999999993
0.0
0.23414045459075472
0.27790325336838223
0.23341893366699887
3.0521242407507674
28.447050623244582
0.0
0.0
0.0
0.0
0.0
0.0
0.0
0.0
0.0
0.0
0.0
0.0
0.0
0.0
0.0
0.6164501517073385
0.0
0.0
0.6790590587716796
0.0
0.0
0.0
0.0
0.0
0.6790590695240236
0.6752922730567145
0.0
0.2004801013523934
6.902051566817953
2.5138431192618054
0.8379477002201617
0.0
0.021718762163173394
0.021718762163173394
0.021718762163173394
0.021718762163173394
0.021718762163173394
0.0
0.0
0.022734197534607457
0.046888476971454596
0.0
0.0
0.0
0.0
0.0
0.0
0.0
0.0
0.0
0.26665608878879
12.799760228136549
12.799760228136531
12.79982114796397
12.799821147963977
0.26664847381035933
0.0
24.047336802562594
41.94887473584699
41.94887473584684
41.649550067235715
41.717743602315444
23.974634078685426
0.07793546866270709
44.80780494121977
65.11533909814314
63.71640962222094
68.73690232290438
76.70609647467464
33.964359003239686
0.36557231376494537
51.90726296509442
74.96494558010933
75.71497835517533
70.70226246754908
75.09169914628502
41.08706432226044
0.0
51.89326637523988
65.87953303532645
66.02303020842942
67.41091728915686
55.68807613666628
58.90070625338012
1.2912118516491584
0.1088016143489432
4.446993270343346
4.450119184541744
4.446941733134506
4.648277826497631
3.0669301134229343
0.5452320145194837
0.0
0.0
0.0
0.0
0.0
0.0
0.0
0.0
0.0
0.0
0.0
0.0
0.0
0.0
0.0
0.0
0.0
0.7045144590941012
0.7802028314921712
0.0
1.0419766185936332
0.0
0.0
0.0
0.02900035605729093
0.0
0.0
0.9506826821881992
0.0
1.7404424454812275
17.52080974913806
0.22083429981493793
0.41406431215300826
0.41406431215300826
0.41830172585319764
0.0
0.0
0.0
0.0
0.054479910602301354
0.05447991060230141
0.0
0.0
0.2964989237510102
4.367440557951662
4.070941634200651
0.88069166477018
0.32189326501421855
0.08498830168913805
0.06941143221068145
2.212490197554262
2.2124901975542604
0.0
0.0
0.0
0.0
3.733185243043062
3.733185243043062
3.733185243043062
3.7330786333450297
3.733078633345031
3.733078633345031
0.0
36.0710052038439
36.07100520384385
36.07100520384385
35.74275761241429
35.74275761241429
35.74275761241429
0.06819353507986871
52.226363080422516
67.43510435556092
55.301360262851524
43.6407926009491
39.508410330579736
50.313086900354776
0.3198757745443272
65.80303649152276
74.30309951591175
68.92152163802498
65.09171719963831
60.90197862916269
61.17703060968739
0.0
59.43743114093714
59.098708089839484
59.098708089839484
56.90303573911307
56.058162302739234
51.53811797170761
1.1298103701930133
0.2716236233346343
0.0
0.046888476971454464
0.022734197534607457
0.022734197534607457
0.0
0.47707801270454825
0.004237413700189329
0.0
0.0
0.0
0.0
0.0
0.0
0.0
0.0
0.0
0.0
0.0
0.0
0.0
0.0
0.0
0.0
0.0
3.3163680560791473
3.3163680560791473
0.0
0.0
0.0
0.0
0.14452895452788397
2.572615904745227
2.572615904745229
0.0
0.0
0.0
0.0
0.0
3.3946152666175786
1.38834860494269
0.0
0.0
0.07250089014322733
0.0
0.004948542285132008
1.1737224449924961
0.3892836924372794
0.0
0.0
3.9626203246932294
3.962620324693242
0.0
0.8753799335904433
0.3165815394629212
0.0743647639779958
0.06073500318434627
0.0
0.0
0.0
0.0
0.0
0.0
