0.0
11.466313602070768
11.466313602070771
11.466394794816614
11.46639479481661
23.999482490494213
0.0
46.151220962611134
46.060214572557804
41.82400167743404
46.133601429514236
63.998222741179575
0.0
98.94999319304797
100.00000000000006
99.99999999999994
99.99999999999994
99.99999999999994
0.0
94.98176181320777
100.0000000000001
99.99999999999994
100.0
99.99999999999999
2.422270882348409
60.69181936905264
70.5904228138099
68.41125763160255
99.99999999999993
99.99999999999999
0.1349855213924125
1.2310393122562147
1.3521317333408172
1.001794414777435
3.4888519780589298
30.613885629529783
0.0
0.0
0.0
0.0
0.0
0.0
0.0
0.0
0.0
0.0
0.0
0.0
0.0
0.0
0.0
0.008683076201929938
0.0
0.5906511878730755
1.1275752800261458
0.0
0.0
0.0
3.2709751616608127
0.0
2.9010377290568807
0.5721140952130379
0.0
0.9170853925844277
5.421445534977151
1.9208748956795685
1.2385165481771894
0.0
0.0
0.0
0.8382932012173087
0.31082780715595143
0.1036092571959696
0.0
0.0
0.08448309152262533
0.22528823729339928
0.0
0.0
0.0
0.0
0.0
0.0
0.0
0.0
0.0
0.2666498313769511
12.799615737935795
12.799615737935795
12.799723994930249
12.799723994930247
0.2666362992526446
0.0
24.009354278507146
41.88290298469161
41.97390937474459
46.08874117408962
41.86271170866795
23.99809039700237
0.0
48.50683480189176
66.74879932229952
53.64835916988151
56.21671902771433
69.3494549608857
34.466319945602905
0.0
52.68133601601133
70.28951031729812
71.94271488826463
73.38599872036767
55.739672569760614
48.65023671478595
0.7556457232265075
49.92091498093415
61.3516350332159
66.45374102092075
59.8735161880809
53.48939279929602
56.222384556057186
0.8731222182069788
0.0
1.332067164144887
1.4380230325939147
0.9242645162398002
3.4962309257802784
3.8953244588978997
0.6925021237266653
0.0
0.0
0.0
0.0
0.0
0.0
0.0
0.0
0.0
0.0
0.0
0.0
0.0
0.0
0.0
0.0
0.0
0.05384438868522645
0.8996643000170964
0.8996643000170961
1.1275752678598259
0.0
0.0
0.0
0.0
0.0
0.0
3.5477116766544903
0.0
1.500312898367934
1.630828929131666
0.9329657492751029
4.027800040610833
4.027800040610837
1.611598740643829
0.0
4.506606776436879
9.224488781086285
0.05968658948896944
1.228813073932693
1.2288130739326937
0.36276239652829395
0.0
0.06745934558649239
4.070941646792466
4.070941646792464
0.8806916901950127
0.32189331077180844
0.08498832349771099
0.088159857642562
3.0388717782838532
2.8100956993743536
0.0
0.0
0.0
0.0
3.733097639277315
3.733097639277315
3.733097639277315
3.732908189537023
3.732908189537024
3.732908189537024
0.0
36.014031417760734
36.01403141776075
36.04491489982389
35.9211586787366
35.995569337202504
35.995569337202376
0.0
50.80009237056471
68.953553633014
57.90493188639433
43.488685277063425
42.248371945258455
51.402197616700484
0.0
66.17445272934724
73.94282650327595
67.96471772673365
61.785117223284594
58.28454658568711
55.66772987677042
0.661190007823194
59.06959782660235
59.59871167207165
56.02996389351065
59.77301082133654
59.3612947193718
52.32223766048318
0.7639819409311068
0.6264346418978419
0.0
0.25344924463665697
0.11264409886588388
0.11264409886588389
0.0
0.6059393582608321
0.006699303621081223
0.0
0.0
0.0
0.0
0.0
0.0
0.0
0.0
0.0
0.0
0.030883482063141163
0.0
0.0
0.0
0.0
0.0
0.08712525953184798
1.6126936330391974
1.612693633039198
1.3190237706813341
0.0
0.0
0.0
0.16538040866977138
1.9294382361491353
1.9294382361491293
0.0
0.0
0.0
0.0
0.0
4.917816740881869
4.917816740881869
0.11463567407305335
0.0
1.4349919443625199
1.4349919443625236
0.8356122528455721
2.4155715787273238
0.043545473537027944
0.0
0.0
3.586014034659402
3.5860140346594065
0.0
0.8753799343308651
0.3165815593049571
0.07436478306049711
0.07713987543724177
0.0
0.0
0.0
0.0
0.0
0.0
