1.0709059639321175
12.185861234111371
12.238119642414897
12.117397096662812
12.117397096662804
0.47566603378891303
0.0
25.899215709599748
44.06875150023786
44.28792693455718
45.600688101315264
44.650175293179224
26.37590273363085
0.0
44.75310881815602
79.43128629389878
79.30802968076407
100.00000000000006
99.99999999999999
49.31183207667565
0.0
51.216014672002224
77.98616168635343
77.60733787006131
98.05992830272415
98.61803406668139
41.709644308982384
0.8266002776888213
55.58560716209093
63.57224635366158
65.07014412131399
67.4078359982477
65.27062309017293
76.11545275341071
0.30820878634027205
0.0
2.1284487961730623
2.3834104203568716
2.494908610957922
4.085793081525253
0.36146814638564617
0.06024450984409745
0.0
0.0
0.0
0.0
0.0
0.0
0.0
0.0
12.185861234111371
12.238119642414896
12.117397096662808
12.117397096662808
23.990353279880484
0.0
44.068751500237894
44.287926934557184
45.600688101315264
44.650175293179224
63.9009972923311
0.0
79.43128629389878
79.30802968076405
68.1024735016925
68.1024735016925
100.0
0.0
77.98616168635347
77.60733787006131
56.60624780270834
57.164353566665596
99.99999999999993
0.0
63.57224635366159
65.07014412131396
67.40783599824769
65.27062309017293
99.99999999999999
0.2504035080229073
2.1284487961730623
2.3834104203568716
2.494908610957923
4.085793081525253
11.494454344630498
0.0
0.0
0.0
0.0
0.0
0.0
0.0
0.0
0.0
0.23300156885457235
1.0485075998785258
0.0
0.0
0.2465129237925679
0.00931262474877776
0.09312047904807463
0.09312047904807463
0.6233091950869706
1.2321898390383512
1.2321898390383512
0.7576467944994145
0.053731883290025005
0.0
0.0
0.4932685913901879
2.4071653140883322
2.4071653140883327
0.8874128041842465
0.0
0.6258081115359672
0.5720241861933041
0.5720241861933043
0.18603651331603757
0.1860365133160376
0.08533934386191519
0.02401296369068932
0.0
0.0
0.028426455279235433
0.30999280426802767
0.30999280426802756
0.11100133745486478
0.0760217166983986
0.0
3.959029341683935
3.9590293416839364
0.8539081813874704
0.3105117960963245
0.07762789385209504
0.09839037735212823
3.3732277541619773
0.24420648942537576
0.003226715549900592
0.0
0.0
0.0
2.504122742986367
5.2908498332224685
3.3619082750987412
1.8636317002843412
5.22306097240767
3.6102102438227215
0.0
19.463707624340273
49.39054457281027
32.441895460169775
21.047527992617272
50.99107129958802
33.525094632975666
0.0
33.74971729598375
82.54787882598102
50.49797306386664
47.77074781444397
49.07162638528773
51.14069998427498
0.0
38.980349812636426
100.00000000000009
82.90736100003159
49.35605485741422
70.49104466881913
66.68409308369385
0.8266002776888213
32.435801425455026
84.42508054198494
53.702035613175916
36.27830528424845
79.8249483601001
54.43834225501574
0.30820878634027205
0.0426289711382113
0.0
0.010957685739209268
0.004792099276634506
0.004792099276634506
0.0
0.06024450984409745
0.0
0.0
0.0
0.0
0.0
0.0
0.0
0.0020219026599710187
0.0039988473942084365
0.15421024328777766
0.0
0.0
0.2465128885620538
0.009160789593974088
0.23300156885457235
1.0485075998785258
2.915826591665324
1.0148010485421743
0.7576474975019294
0.09252374154537027
0.0
0.0
0.0
0.0
0.757647601907241
0.14459276700835189
0.0
0.0
0.0
0.0
0.10657240973790186
0.2559638089665734
0.0
0.0
6.839081155143979
2.564655357125817
0.8548850712479107
0.41357933103572847
0.0
0.010521816143170893
0.01668740260574566
0.005729716866536386
0.0018755549104843689
0.0
0.0
0.0
0.0
0.0
0.0
0.0
0.0
0.0
0.0
0.0
3.069897549402457
2.0213899495239316
0.0
0.00931262474877776
0.22357643375638628
0.22357643375638614
0.09312047904807463
6.901526142249711
6.901526142249711
0.0
0.053731883290025005
1.922406610480553
1.9224066104805524
0.1789283129687698
4.036172478707781
4.0361724787077815
0.0
0.0
0.0
0.0
0.0
33.825963294081575
33.82596329408154
0.0
0.02401296369068932
0.8164488700873095
0.8164488700873096
0.0
5.524992608967925
1.8416641681407777
0.0
0.0760217166983986
2.584739920778414
2.5847399207784125
0.0
0.8539081286603
0.3105118741027428
0.07762789385209504
0.09839037735212823
0.0032267155499005927
0.0032267155499005923
0.0032267155499005923
0.0
0.0
0.0
