0.0
3.1890943445082873e-07
9.30323570001897e-09
1.0545169898028308e-08
1.7981927643537416e-08
1.063676782538101e-08
9.946694416244054e-09
1.0673971608671302e-08
1.0603070677685126e-08
3.691083164629583e-09
1.7583311862364468
1.2340987868642995e-08
1.0775406923760448e-08
9.699981924807443e-09
3.7560341247814675
0.0
2.300227587856787
8.501872597531612
2.4298682675585357
0.5474279678234492
8.60589107806009
21.453393614606057
0.8442144394698706
1.253985583392811
155.07334802974412
0.2647312122866682
177.77974367902107
12.433910086173706
7.882001663583021e-08
2.765717538993474
0.0
2.2105542420782043
0.03282298603838696
8.981033512866903
6.690173199843905
17.324843811728506
7.151370334027336
45.612208856079114
11.556634711269332
41.66447633349165
214.69594872491763
5.806389214045852
3.63507657196715e-08
0.878924642226325
9.246154185722537e-09
0.0
3.643982093490375
0.08065601646980886
0.8102964620180173
6.485880156461737
0.8101332592924126
2.7297786078495677e-09
65.51511230578727
0.5222955547086078
7.771364558133705
0.24031796852851003
2.1964814729447415e-08
0.0015023183930227464
1.562361394424748e-08
0.2888706159630945
0.0
0.00020039078879506287
4.7191455569563063e-07
0.05474719055314793
9.482067776601101e-07
8.299601954856655e-09
0.05662767120581672
1.9820369692793174e-07
0.5302434448540368
0.25983814797600535
1.1941239724141008e-08
3.912428282409278
1.5627295695210745e-08
0.09960640451786264
0.00020588163781445245
0.0
4.15598033277501e-07
0.04483710829540674
1.3830302201104845e-06
2.3072434829645117e-09
18.67783369781329
5.181611135229171e-07
0.03818090835464648
6.005658397220188e-08
1.380872477427559e-08
4.4427336000008437e-08
1.1528412028588806e-08
3.9411679945856185e-08
4.1789031303752114e-08
0.00036213946029016095
0.0
0.0006120735651344034
0.03381932132163004
2.5418009758976758e-09
8.696031304558646e-09
8.561064780238176e-09
35.43574490411106
9.39223711303794e-08
1.7741200865097888e-08
7.345174883360578e-07
2.2734087963628937e-08
4.5697508873136666e-07
8.318393739700827e-08
9.770116268617226e-05
0.0006827506936016797
0.0
0.09458609429258424
1.683465526486562e-08
1.0781916543993943e-08
1.0345478080177427e-08
1.5749250462422426
1.1112332863538514e-07
0.18129293320340742
0.003297964200394646
2.041226420594045
0.36027274509235946
0.006596737953026467
0.000706265769137548
0.006596202286745784
1.974858203504217e-08
0.0
2.405975702132827e-09
20.898651046723522
0.00010144827528301968
2.7359758053138116e-08
8.503472577616213e-08
6.237404551678132e-08
1.5923259235551988
1.9543291034374776e-08
2.594809946019339e-08
2.768094694916628
7.920052233122578e-07
2.8365025958115356e-07
0.07605905753556565
9.452704072284956e-07
0.0
9.088866240511805
2.0214867488947682e-07
0.05286957690890194
6.964771006153903e-08
0.0020442687183563285
6.300870050830692e-08
0.02599933677504077
0.0004675927185154763
5.15478547767325e-08
1.5564320537751034e-07
6.800290130075232e-08
1.1925337973570076e-05
0.0005799805316583555
6.163902534916285e-08
0.0
0.0009406649364154847
0.09341468597561381
6.881752261407964e-08
2.0554733455552215e-08
2.7092674125827145e-07
0.2773660267949054
1.0031928778320433e-06
0.037929257842452296
0.3753521407642473
0.09559055198180974
0.010940419456227524
0.0001782526797887771
1.599467426676402e-08
88.21866792849559
0.0
0.7484711253862419
1.0335753353678094e-07
1.0710746505362843e-08
6.518604306331259e-07
1.252050453851829e-08
0.00048448133150971317
6.250835700042052e-08
6.473487664959755e-05
4.4834754452935
0.0002466048915705547
3.3868667893869926
3.5465210200780075e-09
0.0006281774792524412
0.0002497661475269051
0.0
0.0002082906025343554
9.40449226194751e-09
6.453788131155929e-05
8.900271900153306e-09
0.00041218191825777365
2.779627556709237e-08
4.825793512194404e-06
0.3708687509528389
6.792940134843899e-06
0.21167490331296537
4.030374716891413e-09
0.0005080631580798389
1.0363543937067716e-05
0.0002734109821375835
0.0
