1.0709070586642369
12.185869657562716
12.23827928655065
12.108151078234958
12.108151078234942
0.4719823933623706
0.0
25.89911928871726
44.06788692085298
44.27240877765571
45.64050573743627
44.66605408718695
26.383974356686487
0.0
44.75651619194091
79.39798657786199
79.27663993504919
100.00000000000007
100.00000000000003
53.32382724444685
0.19902365379443454
53.750838923424254
96.20489256240192
98.9615404768134
99.60484016559758
100.0
49.45321121698209
0.28793885836411226
55.223308873911606
60.90761625900025
60.75306951715977
100.00000000000001
100.00000000000001
53.20514880593261
0.10901754033880193
0.07447988500427065
2.064990697173907
2.0649906971739074
1.8266737839316198
3.6537123060184027
4.079921340825702
0.6618079346804716
0.0
0.0
0.0
0.0
0.0
0.0
0.0
0.0
12.185869657562714
12.238279286550652
12.10815107823496
12.108151078234954
23.98857710846167
0.0
44.067886920852956
44.27240877765571
45.640505737436285
44.66605408718696
63.90148120994543
0.0
79.39798657786201
79.27663993504919
71.09545641702091
71.33111130742138
100.00000000000001
0.0
79.10897540339391
87.21725719535557
100.0
100.00000000000001
99.2679034270423
0.0
60.90761625900032
60.75306951715977
37.60193351670402
45.89071448165089
67.4398258686184
0.14905826456991583
1.9905108121696367
1.9905108121696367
3.1000965337870325
4.927135055873814
100.0
0.0
0.0
0.0
0.0
0.0
0.0
0.0
0.0
0.0
0.2366604526686045
1.0649722189693356
0.0
0.0
0.3778452547601026
0.012457068034326472
0.15187464954525598
0.15187464954525598
0.8192090950440998
0.9710837445893556
0.9710837445893556
2.6640262734290197
0.05374316991340422
0.0
0.0
0.23641629098658198
0.3835926287462022
0.38359262874620215
0.6308674042066409
0.10584595780062674
0.21169191560125356
0.6290539304290609
0.5858418490350928
0.0
0.0
0.0
0.055009946214170456
0.0
0.0
0.032623348810517934
0.3404219771747575
0.3404219771747574
0.07534982404448301
0.1366585307956162
3.434615392508986
4.629456532176842
4.039261626294836
0.9347360985434103
0.30267495194067673
0.16513324106748276
0.061443448430309675
3.4284517582195195
3.428451758219518
0.5152144153166058
0.20608576387777694
0.0
0.0
2.5041216797615045
5.290863450450116
3.3622105882849302
1.864006551522015
5.1791608755053105
3.612137891303123
0.0
19.463716408833005
49.371923554159224
32.41053673507806
21.10439608206959
51.014177616642655
33.51750688250761
0.0
33.74940756631432
82.97557755458297
50.92577503377791
58.492611029230744
61.64309862668518
56.47431484190123
0.19902365379443457
63.09050184674084
90.56939468552528
81.22973180466079
60.6305299231729
62.689729975398265
54.3175239157043
0.2879388583641123
32.507826193758575
71.69077257978991
41.04037901190337
53.149746495259784
55.222371337565086
55.22237133756506
0.10901754033880193
0.19811727273448995
1.3479026348596839
1.3479026348596834
0.43271011602864
0.11593950536091793
0.0
0.6618079346804715
0.0
0.0
0.0
0.0
0.0
0.0
0.0
0.002371699236166719
0.0021975370485852862
0.15270220185357045
0.0
0.0
0.24269314109486964
0.010841426412185468
0.2366604526686045
1.0649722189693356
2.9233548808435517
0.9744516088805346
1.9001114804341077
0.09236117691077199
0.0
0.0
0.0
0.0
0.30909347182092045
0.047192860385151594
0.0235964301925758
0.0235964301925758
0.5295754368809386
0.0
0.30909346899968415
0.0
0.0
0.0
0.0
0.0
0.0
0.18934094728342693
0.09467047364171338
0.4630014553132294
0.3573738449611786
0.1391272337466648
0.046375527117135856
0.0
0.0
0.0
0.0
0.0
0.0
0.0
0.0
0.0
0.0
0.0
3.0878168199883707
2.0228446010190373
0.0
0.012457068034326472
0.2717368774690207
0.27173687746902064
0.15187464954525598
6.711564071573253
6.711564071573253
0.0
0.05374316991340422
1.9228108890437308
1.9228108890437308
0.0
1.6290669569039709
1.6290669569039704
0.0
0.10584595780062674
0.6256853336010061
0.6256853336010061
0.0
2.530470271090397
2.5304702710903975
0.0
0.055009946214170456
1.8703379490097374
1.8764548730499468
0.006116924040209696
0.07534982404448301
0.07534982404448301
0.07534982404448301
0.13665853079561624
2.3636316560830877
2.3636316560830903
0.34270626639296614
1.0988726110892784
0.47914219325942986
0.16513324106748273
0.061443448430309675
0.5152144153166058
0.5152144153166058
0.5152144153166058
0.20608572580478166
0.0
0.0
