1.0709030688238412
12.185852796795544
12.238147419027165
12.116255765131248
12.116255765131253
0.47584351674955905
0.0
25.899060338398904
44.067362248568806
44.26299769669526
45.58342646667421
44.64328704139905
26.37249874536388
0.0
44.76654353314482
79.56644585780201
79.45072071545108
100.00000000000001
100.00000000000001
51.5988725137257
0.0
51.20713459560936
77.83802547876583
77.4541505655208
99.60409285193646
99.60409285193646
47.92802045007655
0.7277605675341383
55.607735078808005
63.609348107451176
65.25147773494446
69.98559059306446
67.86801599319134
59.12450893036906
0.0
0.004803253073391688
2.0348842601610184
2.1139191610987873
1.96807796282981
3.703175815150153
3.667352157469852
0.6112253300592481
0.0
0.0
0.0
0.0
0.0
0.0
0.0
0.0
12.185852796795544
12.238147419027163
12.11625576513124
12.116255765131253
23.99003745317102
0.0
44.06736224856884
44.26299769669526
45.583426466674204
44.643287041399034
63.90083352962776
0.0
79.56644585780201
79.45072071545108
67.516450274606
68.73855479237706
100.0
0.0
77.83802547876576
77.45415056552082
51.67607240185992
51.67607240185992
100.0
0.0
63.609348107451204
65.25147773494446
69.98559059306446
67.86801599319134
100.00000000000003
0.2348764477515817
2.034884260161019
2.1139191610987873
1.9680779628298097
3.7031758151501526
16.992618617652962
0.0
0.0
0.0
0.0
0.0
0.0
0.0
0.0
0.0
0.2312419337617407
1.0405891930182232
0.0
0.0
0.23144999887473716
0.0096809160640341
0.1001654775739782
0.1001654775739782
0.5858383648918776
1.0542718490595928
1.0542718490595928
0.7677491056785084
0.053728037963908654
0.0
0.0
0.0
2.604438065313301
2.604438065313301
0.9334169375911905
0.002388899121374426
0.08160814004670514
0.6342798938552501
0.5526717538085448
0.11325736839592734
0.1132573683959274
0.05915876265368772
0.10694173995737995
1.4472201448597863
1.165794381568288
0.4824063983261868
0.4854265793065047
0.4854265793065047
0.0
0.07888531337195893
0.0
3.9724044991679146
3.972404499167915
0.9079910498885837
0.3466583664388467
0.08781428153164846
0.10216437651832933
3.0336371716334924
3.0336371716334924
0.4399509575291538
0.1759803860519915
0.0
0.0
2.5041223509625956
5.290811367656336
3.361894926945422
1.8636018682699338
5.217905916609024
3.613300674787094
0.0
19.46372175056646
49.39207047661806
32.3885926017116
21.021317797740686
50.980979745422424
33.528334850218386
0.0
33.748495974956796
82.28161944004896
50.23212078457628
49.09971514884907
49.38420617088701
51.13559308499687
0.0
38.981168909302575
95.00082851079073
76.89795746462431
54.18916127904719
65.46362221334915
59.202481384378494
0.7277605675341381
32.433660013683195
90.49588576939885
59.77355464420824
37.66189679205173
87.62758580532672
65.64579616803502
0.0
0.03263571105009514
0.0
0.14772202628506703
0.29343285062728647
0.0969870765989424
0.0
0.6112253300592481
0.0
0.0
0.0
0.0
0.0
0.0
0.0
0.003302063612035372
0.0036485571013694105
0.15390295034057297
0.0
0.0
0.23144995785105674
0.006892625418281338
0.2312419337617407
1.1755428801638657
2.8778812855679092
0.9976025018388673
0.7677497056673562
0.09296755054310807
0.0
0.0
0.0
0.0
0.7677498002100284
0.10946154741230822
0.0
0.0
0.0
0.0
0.08158929880683352
0.0
0.0
0.0
6.776238487270881
2.541089325016334
0.8470297163119727
0.7153096563174957
0.2814257632914974
0.3854805233578218
0.5266488424801627
0.32756498058175954
0.5628515265829948
0.0
0.0
0.0
0.0
0.0
0.0
0.0
0.0
0.0
0.0
0.0
3.0651479333648055
2.024558740346583
0.0
0.0096809160640341
0.22926176337868398
0.22926176337868392
0.1001654775739782
7.024078858609121
7.024078858609121
0.0
0.053728037963908654
1.9222697859922828
1.9222697859922833
0.6826809153925206
3.2630306214119162
3.2630306214119167
0.0
0.002388899121374426
0.0
0.0
0.0
30.41043000631194
30.41043000631194
0.0
0.10694173995737995
2.3001864882854504
2.3001864882854512
0.0
5.569303345423609
1.85643439462262
0.0
0.07888531337195893
2.682103155547012
2.6821031555470096
0.0
0.9124491608232104
0.3393839798057275
0.08781428153164846
0.10216437651832933
0.4399509575291538
0.4399509575291539
0.4399509575291539
0.1759802695463874
0.0
0.0
