0.0
0.00013768532197582268
4.097486830842114e-09
0.22963761572926028
5.450640156195499e-09
2.0935051026938018e-08
8.479854870911703e-09
1.9949512569850635e-06
8.496378564470257e-09
0.2546454965152023
5.910493201361546e-09
1.2879437635257051e-08
1.4234571608432636e-09
1.6687432278090127e-07
3.155941685530267
0.0
3.1559416545950407
8.35305293365353
3.6127806252438477
0.7788954988110611
0.7993411104964938
1.7832432306426826
0.798944347638402
3.9587176798957
324.58764829315123
8.615789658294004
34.55204649506603
5.787347752031551e-07
5.4060340199206795e-09
1.4818322298723376
0.0
1.48183229797386
3.282144920754867e-08
10.407544341204533
8.177339123245575
4.749866434291281
5.487084147053802
40.54982296327131
37.11658392433525
8.934393275607817
259.6005390977944
5.352393502413163e-08
0.8852259319506912
1.7704519693061278
1.3069223495597758e-08
0.0
4.761410272691013
0.745191345707205
1.7354779702950172
0.3748586376552178
4.426129716621762
1.0504277244855447e-09
26.970097893474538
4.436617829144932
14.679933996236894
0.7109553978500186
1.8716666764994915e-08
0.0011478761535723882
2.0043762795417963e-08
0.19940575526331036
0.0
0.00016643705553830024
1.545042708077061e-07
2.2374785455766375e-07
9.691146713082739e-08
0.00019946567472619531
9.77342936451916
2.832389839629243e-09
0.20705406671094237
1.3012499664062605e-08
1.2669231602412535e-08
0.07952636885071775
0.0012582363120799344
4.780477296802546
7.838946610005632e-08
0.0
7.506068702575502e-08
2.85356659472937e-07
7.524108529643649e-08
1.219575603482099e-09
14.972920349509266
2.7526300945342976e-07
2.0074664507606057
1.524294777380477e-06
7.299001398958905e-09
0.15692348100207204
2.0017122679687466e-08
0.2712949921486105
2.2428779618838143e-08
0.0003338807495665633
0.0
0.00019227722568451315
0.0033091967224989985
1.3024039257590875e-09
0.009854212316760294
2.7360699410106974e-05
0.28396019083739343
2.7541378112537434e-05
9.243624242915966e-09
0.0015623458172919842
0.012567768585743681
0.0011556525042888486
2.500904116521103e-08
0.00040911339937699427
0.0005955964449076432
0.0
0.11601266410970171
1.6316546552095559e-09
0.10749043374852937
0.00017657358540752895
6.072233870867499
0.00015795296688801198
5.371060822070126e-08
3.66595256547983e-07
1.064768221729654
0.15419043773682556
9.202950924012925e-08
0.0002653691382147837
1.0339435763124182e-07
4.340732213101503e-07
0.0
1.189903653751758e-09
1.3273266747124257
0.00023292589529898212
30.11502701331234
0.5291060261095504
8.382458564907871e-08
0.11386121801194715
2.5939182755158867e-08
7.1064990462419815e-09
0.26094013436619645
0.00016960123209232
8.653109061632463e-08
0.0014109157027883202
9.669097041876861e-08
0.0
0.30622917473695344
3.023513775343488e-09
0.30588135555177043
1.3300166405896713e-08
0.0017153652092959564
8.355509243864107e-09
0.1058900699629981
0.0016925571987193892
8.014183196707343e-09
5.6038663977941484e-05
7.779118350718809e-09
4.56495622707149e-05
0.0002748889754085864
2.3389405524387513e-09
0.0
0.0009060905382003281
0.2826119555895095
4.439389314333071e-05
0.0016055617764682904
0.0010433370972698199
0.1027058403565767
0.000762089184055621
0.03407281910971583
0.0005988795806732077
4.725797599302933e-08
0.0001364388185929237
0.0006564328828538072
1.4303027281188512e-09
1.0722218140346128e-09
0.0
5.9560261050162415
0.0001585992064330794
0.00199439593259824
0.0016328241572339066
3.56400027685463e-09
3.6855372697666177e-09
1.6985460280318537e-08
6.768069613097524e-05
0.0001069432147680363
0.0006929870589981533
2.9741376915995907
3.937628243556049e-09
1.4144100832624589
0.0006347443342517994
0.0
0.0005402770464944513
9.57908007528733e-05
0.004975233242908102
2.67281306778676e-10
5.910697006567225e-09
1.280248365175522e-08
1.3157937311585284e-05
2.3045978368145204e-05
0.00033360560912860677
3.0172069611500803e-05
6.049793153750307e-09
0.23584324105574694
0.00030619626973154874
0.0010395681778870751
0.0
