0.0
11.466499566997097
11.466499566997108
11.466534172923229
11.466534172923232
23.999745652238065
0.0
41.97341258085777
46.25093823563317
45.82704252036744
45.9282404349447
63.63447021183298
0.0
100.0
100.00000000000007
99.99999999999993
99.89188323870646
99.99999999999994
0.0
76.7516513055488
76.16027266348394
85.64238237249133
100.00000000000003
100.00000000000003
0.0
59.96034330904613
59.97243198999624
60.35904036409201
70.00647851896989
100.00000000000003
0.0
3.4656417926465597
3.4656417926465597
3.4656417926465597
3.4656417926465597
30.465521052532992
0.0
0.0
0.0
0.0
0.0
0.0
0.0
0.0
0.0
0.0
0.0
0.0
0.0
0.0
0.0
0.8004497911096287
0.0
0.0
0.9125770124698702
0.0
0.0
0.0
0.0
0.0
0.9125770128930322
0.6720429450864178
0.0
0.582058440568854
8.10095856646916
2.5954527380758177
0.8651509067969583
0.0
0.09746961909361639
0.09746961909361639
0.09746961909361639
0.09746961909361639
0.09746961909361639
0.0
0.0
0.0
0.0
0.0
0.0
0.0
0.0
0.0
0.0
0.0
0.0
0.0
0.26665863619982205
12.799818206625456
12.799818206625467
12.7998643478603
12.7998643478603
0.2666528685454681
0.0
24.061465994858434
46.250938235633335
41.97341258085767
41.584744506245244
41.67329268150034
23.967062904612224
0.10119791457734283
44.64065219867617
65.21270752033699
65.21270752033699
68.89673018720417
77.60112119875429
33.61142616787626
0.280596322387481
58.020414632248034
87.35939654438364
87.03819817185828
70.9261181737128
71.97038833952332
40.7550184873171
0.0
52.33879669322041
65.11129204195647
65.12510767732805
70.64416384820731
58.202871222603264
59.66669652004021
1.5465419361981003
0.0
3.4656417926465597
3.4656417926465597
3.9004772926186906
3.9004772926186906
0.0
0.0
0.0
0.0
0.0
0.0
0.0
0.0
0.0
0.0
0.0
0.0
0.0
0.0
0.0
0.0
0.0
0.0
0.0
0.9147997612681471
0.0
0.0
0.9125770157192833
0.0
0.0
0.0
0.0
0.0
0.0
1.0610750103996984
0.0
1.471463533613274
14.416824801268989
0.6652096463644048
1.2472680869332582
1.2472680869332582
1.2472680869332582
0.0
0.0
0.0
0.0
0.0
0.0
0.0
0.0
0.40639431401835563
4.477335955406211
4.0709416413878525
0.8806916741591795
0.32189328763809233
0.08498831250692873
0.8058923310333053
1.5110481206874482
1.5110481206874482
0.0
0.0
0.0
0.0
3.73322090679751
3.73322090679751
3.73322090679751
3.733140159636555
3.7331401596365534
3.7331401596365534
0.0
36.09219899228764
36.09219899228764
36.09219899228764
35.66597522216955
35.665975222169564
35.665975222169564
0.08854817525517497
53.38950669292197
62.241769022329194
52.435296897267584
43.21968441816534
39.05897850740637
49.81166588241138
0.24552178208904588
61.423332719665616
77.2513257203891
66.60049135995578
63.517042177625655
60.18779137486952
61.13252766479083
0.0
58.356486697421154
58.10199999617222
62.6431571682831
60.1616280967977
57.36777362660154
52.208359455035186
1.3532241941733378
0.2589651279001817
0.11046713053561476
0.4348354999721309
0.0
0.0
0.0
0.0
0.0
0.0
0.0
0.0
0.0
0.0
0.0
0.0
0.0
0.0
0.0
0.0
0.0
0.0
0.0
0.0
0.0
0.0
4.306246735710033
4.306246735710034
0.7115578263722643
0.0
0.0
0.0
0.0
2.5823736909177293
2.5823736909177284
0.0
0.0
0.0
0.0
0.0
4.56161249194479
2.078971963103938
0.0
0.0
0.0
0.0
0.0
2.687338520719511
0.4627477149580336
0.0
0.0
3.6411163868211878
3.641116386821191
0.0
0.8753799392056694
0.31658155299451446
0.07436477344356264
0.7051557896541425
0.0
0.0
0.0
0.0
0.0
0.0
