1.0712473192302945
12.187942236394893
12.270132113436656
12.129009343419801
12.136070873842266
0.454990012381927
0.0
25.898208968139773
44.059747348142515
44.095227848919514
46.21655538087737
44.89582049551973
26.49978310145479
0.0
42.680940640107615
96.62954913755107
97.02448383084582
100.0
99.87174316459243
43.36745028109475
1.7425570454664696
51.77858696190387
98.69653570319181
100.00000000000003
100.00000000000001
100.0
51.35048392535433
0.6705813745929279
51.30308315126923
89.0124061485985
88.69615542922392
100.00000000000001
99.60717076340731
59.60053027045046
2.2551843490635317
0.0
0.6192245425607752
0.6794842064841542
0.26663304904673296
2.313148150333628
4.626296300667256
0.7710493818767323
0.0
0.0
0.0
0.0
0.0
0.0
0.0
0.0
12.187942236394894
12.270132113436658
12.129009343419801
12.136070873842277
23.992238170799148
0.0
44.059747348142515
44.095227848919514
46.21655538087737
44.895820495519736
63.908016477163166
0.0
54.18890134027971
54.58383603357448
84.59684914500069
90.52440367631647
93.1450508761675
0.0
66.0714991070752
62.37415685226824
65.58478748956026
96.75647112078191
96.7564711207819
2.7262129520168226
33.7736484920229
33.45739777264831
6.822056929126985
30.241777844688833
67.70249197524615
0.17191688967653354
3.3999248040276795
3.4601844679510583
24.316178230336483
26.36269333162338
76.81574760716293
0.0
0.0
0.0
0.0
0.0
0.0
0.0
0.0007441648451007037
0.00037208242255035184
0.00037208242255035184
0.008275157000551637
0.0
0.0
2.2752351999121996
0.004305430843983356
0.0
0.16751122752795028
1.172578664114661
6.9209057848702376
6.920905784870238
3.3123590046627247
0.05389577130169795
0.0
0.0
0.0
0.5538685222753638
0.5538685222753637
4.62134176600239
0.020313333036882524
0.04062666607376505
3.392749294606859
0.4839720416947078
1.732310976825827
1.7323109768258267
2.4717395438017786
0.41268880279312625
12.141343581180184
6.0706717905900955
0.01596456342781352
0.4255556866958914
0.42555568669589144
0.1418518910391281
0.03976317458560207
0.0
4.087735401440195
4.087735401440195
0.9826363690378297
0.3659819825506656
0.2306192177020837
0.12887842685481102
3.8268765114094108
3.8268765114094077
0.5549899762584327
0.2219959906216797
0.0
0.0
2.5039182164110665
5.295405961886881
3.4257898166665033
1.8670219898523746
5.292458753080631
3.633062928776465
0.0
19.463799179569975
50.284254120684416
31.98304739796918
21.962204653008108
51.3492154809744
33.40823337780576
0.0
53.08913213536381
70.68292674902324
91.08306936813052
61.22168908086463
48.789319413241515
42.90063206533634
1.7425570454664696
62.394901303292734
84.34959568757166
75.3375917996275
64.83553760246579
59.685258445961
52.672779080461446
0.6705813745929277
56.71792258342435
61.44458414648028
60.979273127926305
75.59028473338621
65.89811400559041
59.60053027045047
2.2551843490635317
2.418834198454629
0.0
0.20167350373270837
0.6537854251983083
0.12051932784675701
0.0
0.7710493818767323
1.5413224451770016
0.0
0.0
0.0
0.0
0.0
0.0
0.002586951062822729
0.011280787863693574
0.025836313830408165
0.008733325092530124
0.0029110977193327154
1.2640195586758758
0.002586951062822729
0.16751122752795028
1.172578664114661
3.981109756629591
1.339639988190033
1.2640195485669568
0.08623454415103028
0.0
0.0
0.0
0.0
2.393877957964381
0.2140709602865506
31.49803690990097
0.23924380164839745
1.9860524831278321
0.9721565242354402
0.6325014342777431
0.0
0.0
0.007982283279237116
9.861576272548925
3.7922016298483574
1.2685320829594169
0.04926634363726763
0.2873870420384189
0.38150133561260885
0.4110974061579405
0.17546899716355652
0.0
0.0
0.0
0.0
0.0
0.0
0.0
0.0
0.0
0.00037208242255035184
0.00037208242255035184
0.00037208242255035184
2.0963724916111546
2.0963724916111577
0.0
0.004305430843983356
0.14644277393840124
0.14644277393840127
0.0
2.9696565885304134
2.9696565885304134
1.172578664114661
0.05389577130169795
1.9282708757982565
1.9282708757982552
0.08521053957714883
0.3083689718934384
0.3083689718934384
0.0
0.020313333036882524
0.0
0.0
0.24472824274819766
2.418834198454629
2.418834198454629
0.0
0.41268880279312625
1.8900757343145662
1.8938174688926037
0.043653137551301326
8.97503434760544
1.5413224451770016
0.0
0.03976317458560207
1.3519479534907508
1.351947953490751
0.0
0.9249815604812126
0.3083271790255693
0.0
0.12887842685481102
0.5549899762584328
0.5549899762584327
0.5549899762584327
0.22199598661495556
0.0
0.0
