0.0
11.466500886056828
11.46650088605682
11.466535221318507
11.466535221318509
23.999747664924154
0.0
46.2760253051197
40.24992358885958
45.76170569846727
45.884490784770726
63.556496750166204
0.0
100.00000000000021
99.99999999999994
100.00000000000009
99.85759483156376
100.0
0.0
77.13859641044772
76.60551523577668
85.68457239653105
100.0
100.00000000000001
2.7193935518481935
63.25563650689924
63.5149106045555
59.57167685065445
68.38618680234475
100.0
0.4183682387458753
3.482594039228662
3.482594039228662
3.4877394264737855
3.4877394264737847
28.934670596277368
0.0
0.0
0.0
0.0
0.0
0.0
0.0
0.0
0.0
0.0
0.0
0.0
0.0
0.0
0.0
0.9711987636669309
0.0
0.0
0.8594128523253041
0.0
0.0
0.0
0.0
0.0
0.8594128535133069
0.6688753532405152
0.0
0.558834757631741
8.500430913271742
2.723261163884325
0.9077537175978344
0.0
0.08284186110708705
0.08284186110708705
0.08284186110708705
0.08284186110708705
0.08284186110708705
0.0
0.0
0.0
0.0
0.0
0.0
0.0
0.0
0.0
0.0
0.0
0.0
0.0
0.26665870023085075
12.799819640943975
12.799819640943966
12.79986542129288
12.799865421292886
0.26665297768723584
0.0
24.07457769832353
41.99618324812499
48.02228496438499
41.524605915122855
41.632042865638375
23.96003690024294
0.12278508630348295
41.544613763411895
59.14088807698022
64.36733349089414
68.07093479487776
76.75345572318172
33.358696467809274
0.24223987002387143
57.82311403340091
85.87357945681543
85.62056729894746
70.82555586762389
71.7800739791721
40.79008525155104
0.0
53.55355968363848
69.5053365066286
69.77311160030806
70.03076185682232
58.805680359688445
60.011626925880485
1.6615187378497023
0.09308937628536915
3.575683415514031
3.575683415514031
3.9066450923654545
3.9066450923654545
0.005145387245123092
0.0
0.0
0.0
0.0
0.0
0.0
0.0
0.0
0.0
0.0
0.0
0.0
0.0
0.0
0.0
0.0
0.0
0.0
1.1099414441907778
0.0
0.0
0.936160396918093
0.0
0.0
0.0
0.0
0.0
0.0
1.2321310653929407
0.0
1.2958018979449535
14.034076361689575
0.6386682944362754
1.1975030520680165
1.229912314275037
1.2299123142750363
0.0
0.0
0.0
0.0
0.0
0.0
0.0
0.0
0.8043998668329413
4.875341509897992
4.070941643065055
0.880691677612414
0.32189329356403135
0.0849883154631872
0.854697157424109
1.6025571701702044
1.6025571701702044
0.0
0.0
0.0
0.0
3.73322180323191
3.73322180323191
3.73322180323191
3.7331416876213006
3.7331416876213006
3.7331416876213006
0.0
36.11186654748532
36.11186654748532
36.11186654748532
35.594722295135874
35.59472229513588
35.59472229513588
0.10743695051554758
55.93951802140947
66.5535376197868
54.765648885448
42.563255160521564
38.83076800527787
49.53277387353152
0.21195988627088747
61.355774503832365
77.07437827483749
66.38325010653851
63.782497360536716
60.16175568101144
61.18512783897484
0.0
60.6151746280666
60.61517462806658
64.84253122233306
59.73761076006997
57.32703921521349
52.510173560145425
1.4538288956184897
0.37271821247333464
0.0
0.33867975771910847
0.03344501709330014
0.0334450170933001
0.0334450170933001
0.0
0.03240926220701989
0.0
0.0
0.0
0.0
0.0
0.0
0.0
0.0
0.0
0.0
0.0
0.0
0.0
0.0
0.0
0.0
0.0
5.224839368576607
5.224839368576606
0.7891722012772932
0.0
0.0
0.0
0.0
2.724905349050065
2.7249053490500685
0.0
0.0
0.0
0.0
0.0
4.408477997583489
2.422668381076676
0.0
0.0
0.0
0.0
0.0
2.3294937771288313
0.45372967089827854
0.0
0.0
3.495077306283416
3.495077306283401
0.0
0.8753799391840721
0.316581555483213
0.0743647760302888
0.7478600127460954
0.0
0.0
0.0
0.0
0.0
0.0
