1.0711013660047448
12.187414075799595
12.268873058742239
12.127382005501342
12.127382005501337
0.44944191013509077
0.0
25.89944945829889
44.07084923202616
44.23198912009497
46.23347943618767
44.90257022446459
26.503184657727548
0.0
41.5239089959624
87.40474378451059
98.58801561968006
99.99999999999999
100.0
42.794144722515625
0.0
53.44652260288523
99.99999999999997
99.38127216508231
100.00000000000004
100.0
65.618515006837
2.6369171126694173
48.06147242905936
85.2639097679737
84.51850012523
100.00000000000004
92.1367211001744
65.49343492052257
3.4275070231207523
0.18741797522252285
1.8966697802554382
1.8982426140509174
1.5315010041332875
3.6236477225802997
4.626295194465459
0.771049073843131
0.0
0.0
0.0
0.0
0.0
0.0
0.0
0.0
12.187414075799596
12.268873058742237
12.127382005501342
12.12738200550134
23.991322100654436
0.0
44.07084923202616
44.231989120094966
46.23347943618767
44.90257022446459
63.90820813110716
0.0
69.82922072094394
57.721240135186136
77.55200253620913
72.88981393990514
98.71588732380499
0.0
63.73884750536719
69.49479963367448
46.61040510838244
71.58198033764006
99.99999999999999
4.351529106079434
39.872327896235106
39.12691825349138
23.70114237616614
26.643286179651817
100.0
0.10091789443314107
1.8966697802554378
1.8982426140509174
1.5315010041332875
3.6236477225802997
25.120139742995754
0.0
0.0
0.0
0.0
0.0
0.0
0.0
0.00040476158465519346
0.00020238079232759673
0.00020238079232759673
0.007558906463815856
0.0
0.0
5.54454493899206
0.021326795681109477
0.021326795681109477
0.07592138710456056
0.5664223902188619
3.6360874606132207
3.63608746061322
3.7489409747307043
0.05390036760757051
0.0
0.0
0.07218016210508034
0.0
0.0
3.142947600290719
2.930431155167553
5.860862310335106
6.497431841373162
0.1854972161641495
1.5210780443531164
1.5210780443531164
1.3687573747890207
0.20261313536525857
3.2647967514906884
2.703273636896326
0.7368650308131943
0.8450334343239665
0.8450334343239667
0.4687169488353158
0.46055336583031586
12.32358411509775
12.364162385260265
3.375806685243591
1.4474780520630488
0.5263552375305054
0.13158868952732336
0.12887849041271113
3.826876544835488
3.826876544835487
0.5549897136783087
0.22199586605327837
0.0
0.0
2.5039232044972337
5.295290370489602
3.424223065216372
1.8688028643429144
5.275387212645101
3.637704231577908
0.0
19.463686323629897
50.32752809254008
32.40124860960337
21.992726234951952
51.3590593100086
33.40502365246725
0.0
52.61908800877952
70.89585433719135
59.800675384996396
51.95739645093891
44.12095323094463
43.67537708622971
0.0
63.95538245486389
77.0810602889442
67.54897392519565
79.14911853239457
73.91622451671691
65.61851500683699
2.6369171126694173
53.40831428605421
71.85306140233367
66.05233613727228
74.92155334742104
70.00041922240007
65.49343492052257
3.427507023120752
0.8182551166716788
0.0
0.1997750411978705
0.6325653254021186
0.19056364281348265
0.0
0.771049073843131
0.9866182505412069
0.0
0.0
0.0
0.0
0.0
0.0
0.0028610214839475145
0.010294325184479085
0.02818239934394706
0.01073374261518419
0.0035771042397364987
3.080302747727363
0.0028610214839475145
0.054594591423451085
0.4355052142261754
3.9927230198371078
1.3309059271144577
3.0803026637559077
0.08605407783936925
0.0
0.0
0.0
0.0
2.32469250162157
0.08210223576587632
7.995457943682799
0.0
9.571109200914133
2.726245030270513
1.9105305255152811
0.0
0.016068247019336887
0.18906586774193956
2.4618143575470244
0.864910619542461
0.1890658677419396
0.0
0.56152311459436
0.6291651394016267
0.8289401805994969
0.56152311459436
0.56152311459436
0.0
0.0
0.0
0.0
0.0
0.0
0.0
0.0
0.00020238079232759673
0.00020238079232759673
0.00020238079232759673
2.074377315721076
2.074377315721077
0.0
0.021326795681109477
0.1656482757327435
0.1656482757327434
0.021326795681109484
2.848323936855055
2.848323936855055
0.4355052142261754
0.05390036760757051
1.9284310371086677
1.9284310371086666
0.1443602919952081
2.110024160259924
2.1100241602599255
0.0
2.930431155167553
0.0
0.0
0.5564916594434638
0.8182551166716787
0.8182551166716787
0.0
0.2026131353652586
3.968737057199654
3.968737057199652
0.7368650308131943
5.301714609883037
0.9866182505412069
0.0
0.46055336583031586
3.335228415081076
3.335228415081075
3.335228415081076
1.447477942860565
0.526355316038849
0.13158868952732336
0.1288784904127111
0.5549897136783086
0.5549897136783087
0.5549897136783087
0.22199559686236145
0.0
0.0
