0.0
1.5955197655369664e-07
1.0867282130405891e-07
1.4914202908850443e-07
1.0214488016152038e-07
7.963257395449382e-08
7.576774076434893e-08
7.445453043112686e-08
8.10521374560934e-08
5.552544709360229
8.291232060856943
9.435418064553823e-08
8.355679877754291e-08
7.480801527449522e-08
8.277374096378406
0.0
6.299456703655958
9.666706208232531
5.369678341393859
2.072592137852113e-06
9.952645281787023
26.140714251523796
4.260937155237048
3.431332102814368e-08
185.7783608521401
0.2708973208886638
143.48876543951792
7.392385957791326
0.8103782679277219
3.7780486958507344
0.0
2.1240521583597523
0.8428373550449156
13.11630112168876
6.471740361835539
10.446611499047005
4.478418534817654
52.74721056553303
11.441988758697498
25.80729561381913
213.85712073374484
4.2186644558583595
4.0560145445219665e-08
0.7114149924011046
3.484110639984352e-08
0.0
2.5128664301132355
1.8376648557376008e-06
0.8291165304525144
6.523331643313824
0.8287998749258682
1.4533271549620018e-08
78.74615420644774
0.26752933904323783
7.555558484399105
3.2721754742611034e-07
6.804199201591485e-08
0.0017751945238794996
6.556526647569572e-08
0.41993897219018994
0.0
0.0002901790568587174
2.1247149182589853e-06
0.0548675537411695
2.8012733859992114e-06
1.8768031070445662e-08
2.908019902630007
1.3954099868322105e-06
0.041889098650680946
4.826570116183068e-07
6.434709134792725e-08
2.117724596194245
0.27836985574295686
0.09387883028972473
0.0005147267908224729
0.0
2.147102399120348e-06
0.04230302485933662
4.09460619272588e-06
1.1023363042337184e-08
16.517865804539337
3.738832686316299e-06
0.036111137115788616
4.411568761472452e-07
7.505060363216393e-08
0.21749538981120586
4.323175376564272e-08
2.6016806431959384e-07
2.1322987211043896e-07
0.0006874033611436514
0.0
1.212951890171668e-07
0.029530105090679076
1.1096174756330947e-08
7.436730736406125e-08
6.619154852745042e-08
35.43890705504134
6.95709954389473e-07
1.278159777393096e-07
0.0008455359655546008
2.250102048392865e-07
3.3255160315202027e-06
5.774960114709203e-07
2.5252586671539634e-05
0.0008496962436366051
0.0
0.08322458482723297
1.841148312329201e-08
9.702408115820295e-08
7.873460598478136e-08
1.5687645403283716
8.164296715688025e-07
6.532891937191871e-08
0.7650458785842116
1.1119735815128324
0.008114799420440867
0.007398891767608948
0.0001779579803198358
0.007396250541200974
1.3846284318501627e-07
0.0
1.136375819186323e-08
8.23145932809891
0.00020456439854285834
1.132202694289687
0.8024351903432192
7.293714074057784e-08
0.5450236649563459
8.569125732524009e-08
0.0008455221655499109
2.66177754275766e-06
2.5562318462241858e-06
1.4718442505186728e-06
0.07618725553304555
2.797981031987248e-06
0.0
9.685330971429504
1.3994874452557883e-06
0.0534001652413488
4.6864748888694466e-07
0.002586798888195222
2.2837953513797996e-06
0.012265627102443603
3.300985916541469e-05
2.0861466836675225e-07
6.642173146583842e-07
2.068570753229603e-07
2.1158075824707177e-06
0.0007179902916900457
3.4580982293910055e-08
0.0
0.0014009090760918777
0.09416433715427441
5.541171478765317e-07
4.294993144888405e-08
0.04015731862702722
0.13681456782795715
4.708975396655412e-06
1.44792191159841e-06
4.191088730635749e-06
0.08925252576901306
0.011071583639236129
0.00022766752559376098
1.6788970293089536e-08
56.72972473075552
0.0
0.7412629489610745
7.791336545630107e-07
0.17573931602167153
0.0005828105387933772
1.0870801190473369e-07
3.278772609040136e-08
2.8130900468743125e-07
0.0001249889915071902
3.772496227064228
0.0003028487984932587
2.96147713527428
1.5245410018220083e-08
6.168069045005173e-08
0.000309592759921448
0.0
0.00029070824705516613
0.07293533187090132
0.00046794940564610075
8.974306288735574e-08
0.0004487943463409727
8.616114905750876e-08
1.3572452301719874e-05
0.2926313998685187
8.516351360318029e-06
0.12313428282355521
1.7536896264226925e-08
0.0057779013528830026
2.7628294307393804e-05
0.00046257309639471044
0.0
