0.0
11.466515845854808
11.466515845854808
11.466547109223919
11.466547109223916
23.99977048817112
0.0
46.23246567305144
46.232465673051585
45.87515255855018
45.96045499671145
63.69188510254212
0.0
99.99999999999997
100.00000000000003
100.00000000000004
99.82113082907799
99.99999999999999
0.0
86.3765881095026
86.0248504028057
83.67122931394067
100.00000000000003
100.00000000000001
0.5266635532891484
63.53283763873902
64.13009656280335
61.02121931648783
77.2807821563454
100.0
0.0
0.25319912237140096
0.29533133312385307
0.2323755963219945
3.0545141308069237
23.21450566768482
0.0
0.0
0.0
0.0
0.0
0.0
0.0
0.0
0.0
0.0
0.0
0.0
0.0
0.0
0.0
0.6747206939197793
0.0
0.0
0.8403620280837574
0.0
0.0
0.0
0.0
0.0
0.840362025750953
0.6971955331082493
0.0
0.309488971397349
6.734516099647095
2.4510302866190465
0.8170100922820371
0.0
0.0
0.0
0.0
0.0
0.0
0.0
0.0
0.021886948004421685
0.04514153203844188
0.0
0.0
0.0
0.0
0.0
0.0
0.0
0.0
0.0
0.2666594253055773
12.799835909199118
12.799835909199123
12.799877593691267
12.799877593691264
0.26665421474405965
0.0
24.051811344091796
41.95664567292565
41.956645672925866
41.62902688504736
41.70366651843847
23.97223641260753
0.08530243816111917
47.5085137304482
64.15473669443564
64.15473669443551
65.88577140645636
75.21894202818756
34.143524341495976
0.3631634526655744
52.6235277224169
75.3066060517206
76.58784115496496
71.07156254132614
63.37531886367192
41.21355376297041
0.0
51.838080718524
63.2008145768195
63.775235466316765
67.266307425783
55.60606189328211
59.01801685057791
1.330315379669876
4.298704464969814
4.388884104639224
4.456432643998196
4.451935805655208
4.653517129546987
3.068861512754334
0.5455753773156551
0.0
0.0
0.0
0.0
0.0
0.0
0.0
0.0
0.0
0.0
0.0
0.0
0.0
0.0
0.0
0.0
0.0
0.7711093644797476
0.0
0.0
4.822058793748402
0.0
0.0
0.0
0.0
0.0
0.0
0.568950340223424
0.0
1.6272588623973896
13.098500375604043
0.2708028499726804
0.5802918213700292
0.5802918213700292
0.5802918213700292
0.0
0.045932133219392116
0.0
0.0
0.07237844303037676
0.07237844303037665
0.0
0.0
0.35006415512529226
4.421005801670657
4.070941646545356
0.8806916878440562
0.32189330845556935
0.08498832247202218
0.06945515596094129
2.213883500763576
2.2138835007635715
0.0
0.0
0.0
0.0
3.733231954278084
3.733231954278084
3.733231954278084
3.733159006416835
3.733159006416836
3.733159006416836
0.0
36.077717016137655
36.07771701613766
36.07771701613766
35.718441511583165
35.718441511583165
35.718441511583165
0.07463963339097929
49.869184287716564
64.84852249050243
52.7176080057514
42.815006861907754
39.63272069636155
50.7878493412866
0.3177680210823776
66.14671512031238
74.1747937950259
68.1945952731489
65.85130001694027
61.34276020863937
61.82033059076592
0.0
58.869377109051015
58.79969611080816
58.79969611080816
57.06167661963932
56.145258231357325
51.64076474425567
1.1640259572111413
0.0
0.0
0.04514153203844188
0.021886948004421657
0.021886948004421657
0.0
0.47737845515119826
0.0
0.0
0.0
0.0
0.0
0.0
0.0
0.0
0.0
0.0
0.0
0.0
0.0
0.0
0.0
0.0
0.0
0.0
3.6298513858704213
3.629851385870422
0.0
0.0
0.0
0.0
0.0980218918448
1.8624162110513542
1.8624162110513527
0.0
0.0
0.0
0.0
0.0
4.206629581320507
1.7627458895481587
0.0
0.0
0.0
0.0
0.006579165277592368
1.1531115364262243
0.3089082632855936
0.0
0.0
3.915758987645877
3.9157589876458747
0.0
0.8753799361394586
0.3165815596083557
0.07436478216301941
0.06077326146582356
0.0
0.0
0.0
0.0
0.0
0.0
