0.0
0.00015507430192268415
1.0351216277281235e-08
1.0887968501434702
1.5140578419186882e-08
8.4221846898196e-08
2.9408854497349148e-08
3.951611971840335e-06
2.942367719108209e-08
2.0225491045832262
1.6349426741950562e-08
5.9421721018273136e-08
4.5734911000660024e-09
4.967799074737486e-07
3.7996544528593805
0.0
3.1659092251804326
8.781430195579023
4.184203494620202
1.8752881225947824
1.1663084510384165
3.0190514199736147
5.02699012871092
1.1069112592737278
317.99626198051436
1.2217315355400902
40.88275787231758
1.2221540295627384
0.055475880999304415
1.3014863986754486
0.0
1.3014868056627307
0.05354226694204626
12.315125711455096
8.606143137066514
8.844382642180419
1.8489035528450586
31.783038864188043
44.07228856278249
17.534367079532736
253.31465732790102
2.0198032170327972e-07
0.38261019441912764
1.4547698447507664
4.7574159944355254e-08
0.0
3.4395444551581966
3.5015129298775626e-06
1.6332258471688386e-07
0.0009477768645040842
2.0174262374639439e-07
4.3196459039020546e-09
29.432951574325543
1.8678760805394175e-08
7.1114247713799035
8.491899085734425e-08
5.3235380641201746e-08
0.0012844383485698734
5.787267402602748e-08
0.22401598283518995
0.0
0.00018796807264319154
5.48145169832909e-07
1.745857534132305e-06
3.9703362591590374e-07
5.362750158585224e-09
20.260003764274025
4.035851323286496e-09
0.24148582180540054
6.856883028211604e-08
3.905739460915375e-08
1.1776932670835496
0.0014272348999789248
4.30886478013488
2.780224912680339e-07
0.0
2.673682296846143e-07
1.9471481735396423e-06
2.9202198989694834e-07
4.8378137425719125e-09
4.261409326639784
2.048245704043379e-06
1.4439728496960749
0.511684079493755
2.4042578900840275e-08
0.14968727225388018
6.248871619816758e-08
0.17310217184420756
4.334701051542424e-08
0.00012361008101508206
0.0
0.0002401014425999679
4.090239079970846e-07
4.887061851881131e-09
2.1485309911485638e-06
3.98984296244475e-05
0.20742822477533013
0.0002544609245278952
2.0395996786887852e-08
0.0023839720925803764
2.1721386503490526e-08
0.0013218347738744342
1.1233402000560953e-07
0.0005131704418027818
0.0006771457887519792
0.0
0.13201517019296027
5.568710468800367e-09
4.831282696832341e-09
0.00018306168281115575
6.617329157210723
0.0001543530658106502
2.0875114078843269e-07
0.0005590050271419146
1.712543998932269
0.32728480881355426
3.618349386677733e-07
0.00029961378790154187
4.266722592446127e-07
1.331017708323768e-06
0.0
4.474947549209449e-09
0.46573731854148914
0.00036964578315220773
28.380044801695483
1.2676624768179386e-06
0.0006344491380572599
5.15099288597747e-07
6.374470250939026e-08
2.282189694316654e-08
3.496593095382693e-07
0.0001915460403168433
3.5597560786329936e-07
0.0016018741024875279
3.9339140432963046e-07
0.0
3.178517707288351
4.4978166776586775e-09
0.35268187077253665
6.894022633570219e-08
0.003701393830237559
3.462975207590682e-08
8.322578378541965e-08
0.0019196977406143053
2.754701379310892e-08
8.018552675690545e-05
2.578041019997468e-08
5.418508766861877e-05
0.0005652438015269223
5.642357134134822e-09
0.0
0.0011790564659753767
0.4162577084300091
5.056220293030153e-05
0.002411052081869255
0.04027439089833217
0.001416904098714936
0.0008656407042805865
2.148836329407226e-07
0.196904307798966
2.067309591836474e-07
0.00014136867898034678
0.0008298718025530815
5.1996721735513226e-09
1.8731836749756907e-09
0.0
6.382012587903905
0.00015488249828465175
0.09855943925049929
0.0018854576868573523
2.9820668560838996e-08
5.839890924317206e-09
2.8906477534653255e-08
7.647630829297516e-05
0.5633385315321162
0.0007591531132030891
2.7560251217736838
8.437951080976118e-09
3.6205261342186125e-09
0.0007221326097383707
0.0
0.0005603275514897634
0.1268010345831253
0.005610477662016887
8.555264748140835e-10
6.941233439332748e-09
1.430766518478308e-08
1.4856220866852795e-05
2.6127029150971566e-05
0.00063627541806619
3.4224446668069546e-05
9.206283107907756e-09
4.134257935415192e-09
0.00034931537660477167
0.001203406740027988
0.0
