0.0
0.00010061707407215714
2.1442462306343762e-08
0.25903504340874756
2.1702661040317826e-08
6.753675224852958e-08
3.810626011202373e-08
9.813851554780513e-07
3.8175265072485405e-08
0.31777983036559126
2.363377402006653e-08
9.652334108187719e-08
7.370543174320579e-09
4.3887463418794506e-07
2.8317364319022347
0.0
2.831736272494347
5.616246325674904
3.354790808657032
1.7233959654330986
0.6314255441910817
1.7966299983171448
0.6316501565595081
3.2428153498607704
324.6292292042781
1.9073646645109348
41.144407942680786
1.6069357643749018e-06
2.6054371933337768e-08
1.4103036911449471
0.0
1.4103039849637202
1.4760832294424013e-07
8.93679467614404
7.979666593620704
5.172547465301848
5.8858425597957185
40.000516045110494
39.91301853449487
10.400084811321708
258.01585118212455
1.2975440813437583e-07
0.7127788728099299
1.4255580137575383
5.3496871830281694e-08
0.0
4.606228245061028
1.3149880921969888
1.470295111597796
1.1688160248894786
3.56389455264656
4.9175020629774115e-09
30.469831412849576
2.823615546574533
14.068767618613862
1.1256033573815123
7.76213628870552e-08
0.0008209693102576259
9.403301208853867e-08
0.22409234925431035
0.0
0.00012199140900349853
6.18474992498671e-07
1.323983803655606e-06
4.544945152053199e-07
1.0233490336451938e-08
8.401651441117332
7.077215374513009e-09
0.24853880188483052
1.5015264858001156e-07
6.360209844043348e-08
0.09600789175643845
0.0009166906573755485
5.418448989863396
3.6931923437006716e-07
0.0
3.686672981931572e-07
1.6011986784790303e-06
3.689567127380989e-07
5.679282265323172e-09
10.029291376510178
2.0925688386784445e-06
1.1565926359171823
3.989541496503962e-06
7.098548813982844e-08
0.12063161325978662
1.0801392678086144e-07
0.23196327476537
8.882338935394194e-08
0.00027087848374075563
0.0
0.00018839095199536338
4.828524338519292e-07
6.151239952908024e-09
2.598903440327615e-06
0.0005230765947710567
0.1661229325271048
0.000294903021793894
4.145036192244509e-08
0.001600265899769679
3.572207447898699e-08
0.0008760770557622387
7.835085221621906e-08
0.0002917312274541943
0.0004384412514103742
0.0
0.07660448358459698
7.299129511417478e-09
1.935628727107325e-05
4.699454679411917e-05
11.861713226131226
6.329537669830753e-05
7.1892347346404235e-06
0.00035901253036797694
0.5571526391903049
0.20818446278460956
3.9807051026782537e-07
0.00025495734038664584
4.6456251114450464e-07
1.9043441088915785e-06
0.0
5.731198421057645e-09
0.0719211756002219
0.0001701719361439545
17.44619702000954
1.3456887150980901e-06
0.0004071452006408406
5.262961178317486e-07
9.261816717043734e-08
3.018721089781907e-08
4.99230109211566e-07
0.00012431472065482216
3.712116007421262e-07
0.0010277673548544815
4.543071193705661e-07
0.0
8.252805610991425
7.465040466666875e-09
0.3600071434529746
1.5060036751145252e-07
0.00242671649474166
3.58995937196579e-08
2.556353561216894e-08
0.0012334106578709243
3.437307375759772e-08
3.0022984096106015e-05
3.231389240557757e-08
1.825810340139615e-05
0.0003386575242915299
1.3632653188942803e-08
0.0
0.0007583935026916483
0.7441278344949952
1.669951173333834e-05
0.0015652897761631464
0.0007786869239712634
0.0009100865819117064
0.000566720497657962
3.698588931554986e-07
0.0004296591880307392
2.030163163943931e-07
5.908507262518801e-05
0.0005430062593930438
8.122948755373488e-09
3.2331199495787422e-09
0.0
11.861713228648235
6.329727965026737e-05
0.0015172651801244384
0.0633193873718077
0.06736822683280226
7.0127388401900995e-09
3.6759667783741256e-07
0.09714589013978545
0.4191266002923474
0.0005006725832437077
0.7866305883950968
9.313572751619292e-09
0.4394539587826959
0.0003753467292534419
0.0
0.0003433907999701352
7.00852968595997e-05
0.0024017965805281324
1.1374175618501535e-09
8.199761272587718e-09
4.3924851701130715e-08
0.026714944991835007
0.031276123809326976
0.0002480598020168104
2.1973250592502056e-05
1.0009010975679216e-08
0.08235005477222837
0.00018252241400361683
0.0005206328846244473
0.0
