0.0
3.626536652501793e-07
2.406610509267203e-08
2.7333581493682192e-08
4.336552782188929e-08
2.996747116487912e-08
2.7812610607894943e-08
2.671944739790842e-08
2.9721913627043223e-08
1.0666379315680775e-08
7.625214240579228
3.509858582239721e-08
3.010785885799778e-08
2.0077169962880448e-08
2.207345173444988
0.0
1.7731519377009004
7.761873391169899
1.7168883242018875
0.3395205241731492
7.356915197510477
24.982812864170366
2.8547641016860466
5.937289620791054e-08
144.98647823289454
0.6898615594820747
186.37053500992232
9.522942201640973
1.791034336659623
3.3839660065753967
0.0
3.267483404191475
1.823717383318872
12.574011809827052
6.802332856202894
10.48990182901325
5.660879867592894
51.68306539527809
11.300337114456179
39.9444076415338
200.17365004401253
6.3603903879259995
2.6285798315436403e-08
0.5423475085242715
2.3813048843509858e-08
0.0
5.142969057039102
1.0744200311623658e-06
0.8734077371779925
6.50857576976296
0.8732162112785502
6.4241482580846195e-09
79.4476421592294
0.27532984405260597
7.675980765332104
7.135501951091778e-08
5.564743535959676e-08
0.0012012903763348678
5.280037116518395e-08
0.3412095107215931
0.0
0.000288979232312671
8.748213620905324e-07
0.05476388113984552
2.58857228232062e-06
0.32409403338740755
0.05683606666650583
4.983338362519573e-07
0.6112436161585981
0.003097391831460806
3.843298754453853e-08
7.013425171645792
1.682602013433469
0.09264825629557782
0.0011353723463678406
0.0
8.048923161946573e-07
0.04168989082093262
3.840451537087809e-06
5.358959496913531e-09
11.09962552604854
1.3609032875116726e-06
0.035584578925201116
1.4846049598002397e-07
2.9764645182863427e-08
1.6036645858453838e-07
3.454904836606593e-08
9.793187464235935e-08
8.675164136054728e-08
0.0010619178986666662
0.0
0.00080060917914045
2.1196982457747724e-08
5.948059717616533e-09
1.3777152659103444
2.0738717792700334e-08
34.16682092246957
1.8500470007439126e-07
3.355106107743435e-08
1.5175330099131378e-06
5.047730224239512e-08
9.876100364609588e-07
1.4882919101053176e-07
0.00036450589848588465
0.0008432497093328894
0.0
2.620041418863854e-08
8.298266820305107e-09
1.0520951257376838
2.534445690763945e-08
1.6037245846816808
2.27424824487002e-07
0.11021506752616153
0.5149115588003811
1.4798520957738248
0.34354773170040065
0.0071804270229901945
0.0007046108681990429
0.007179677754852438
0.3433555476845221
0.0
5.567093271965692e-09
31.35083608871454
2.2052090526568515e-06
5.375830961168884e-08
1.55329002360989e-07
0.07719494969560416
1.9435525626060068
5.7535944706320607e-08
6.242808569786719e-08
2.8876217373132125
1.538046202595738e-06
5.528391291188531e-07
0.07684052535139187
2.5496218411227233e-06
0.0
23.368885810004773
5.150784872798085e-07
0.050092287443681605
1.2384730586789379e-07
0.0028063176127189446
1.1206188680337466e-07
0.014413675360017371
1.2851120603055613e-05
9.450261311887686e-08
3.897818628962445e-07
1.0139595363159753e-07
9.67418175275305e-07
0.0007805208836464304
8.194819252854436e-09
0.0
0.001506208021181394
0.15502336130592193
1.361529338024641e-07
3.5106497102264994e-08
6.06226700945644e-07
0.1612351563456374
2.2644025717816784e-06
4.87383302111172e-07
2.8595434011078647e-06
0.09296043672113086
0.009516937606880518
0.00024270487224933434
4.968580818967447e-09
70.02352844825808
0.0
1.2049933500228613
2.1782836140563282e-07
0.3802839050690663
0.05567440528998372
0.07835782979356554
0.36826514221982115
2.844426962869641e-07
0.5405801666382332
4.323429838484355
0.00032980185048921
5.176749757862073
2.57334698187805e-08
8.45351034172991e-07
0.000330616509365099
0.0
0.00028828818749922555
0.08231157332763013
0.12454242410725497
0.05315884702510509
0.09058287599204434
2.809376319539109e-07
0.08300240723365215
0.19491339942917815
1.309834566134859e-05
0.08893296891102433
3.614049976103131e-08
2.4286204191486904
1.323497974751203e-05
1.1096728591664e-05
0.0
