0.0
0.0005091919727905707
0.0020315133442394074
1.1437611706373117e-07
4.047297549347509e-08
1.4851620200935644e-05
7.933063007208919e-06
9.59952021447572e-06
8.420852451932923e-06
0.6598074911504472
6.757938667493092e-08
7.189465664536458e-06
2.7426809878969176e-09
4.5590800635980225e-06
1.5190723544020348
0.0
1.2293229698951214
1.1661554773081466
0.7597055812485318
0.08362044316485552
0.4568516255639261
1.9870706166985526
0.4568173359758985
2.2862412383135315
280.83727486819896
8.869712306676677
99.52623400454837
0.8118051223999078
0.00019034933997848477
0.7551248283596297
0.0
0.7551242886082371
0.06694711997170766
9.965299920843101
8.97617748700834
2.9570350665000116
8.976215708479188
18.944134561539343
113.03624027282984
9.120518410703829
214.0973512839861
1.2405113668645065
0.795569525929579
1.5872952930161566
0.0002636686610394031
0.0
4.1749518960178005
7.727513709101409e-05
4.3980242854911564e-05
0.41852267318465614
4.647830331004013e-05
0.00018150915880282633
18.357566818745454
4.750082419095866e-09
4.706756551889414e-09
0.11396779007024486
0.00021790720607380894
0.002867257856552662
0.00026144287887286985
1.78913106927939
0.0
0.0003689459314269596
8.467703082551857e-05
8.429073955519816e-10
8.96585626735743e-05
7.26482561904457e-05
0.3821626673284442
7.300906077025252e-10
6.4678694239206465e-09
6.6898003879217485e-09
0.00010876964994358153
0.0003778283251205652
0.0023164261349011136
2.8427583998782024
0.0008740956212730394
0.0
0.0006264776190725773
0.0005115610804167317
0.0005769915778038931
0.00024472780636265463
3.0295993596273543
0.00020499115299747912
2.9727681315920625e-09
0.00010130135336948082
2.4847050957341e-08
0.006823185745389376
3.847486654315764e-08
0.10517071699013428
0.000134696532326997
0.0010617776194000632
0.0
0.0007571738607043692
0.00012967246309152054
0.00010084001429028977
4.420348108226583e-09
0.00010713905417586395
3.0327876803199e-09
0.00011983919771521954
2.0153257357120984e-05
0.004129249140648838
2.6300980141141575e-08
0.001204445714800534
0.00011227713195730422
0.0006243470096539239
0.0011523125343489
0.0
7.382535902715191e-05
5.9698245771074644e-05
2.6892386412430525e-09
0.00016536265385288406
11.070886017601826
0.0001416591339192705
0.0012557709594924358
0.0006776123520663899
0.6601545528821213
1.3636688740015805
0.0001333879734858303
0.00040652945721068396
8.506359645781212e-05
4.095899864826987e-09
0.0
0.0001011995602517692
1.2796805794622254e-07
0.00026389921975772054
18.807106243373802
0.8243162769560048
0.002516247436310489
6.12729000611079e-05
0.00026317851956487407
0.0005173601177185509
9.026518680179833e-05
0.0003699694306493776
8.443691237941798e-05
0.0011368640342757582
8.946479016664126e-05
0.0
2.147798226070881e-08
0.25377669109100653
4.708113670376513e-09
7.903160463521546e-09
0.0034873837051933526
5.0840408077049765e-06
0.0018703259615624095
8.805059111709987e-05
7.18873122662305e-06
0.00013399599094565632
6.77826592506963e-06
7.576645646962811e-05
0.000725087635139724
5.487917310647506e-06
0.0
0.0011454735231933798
0.691930351371027
7.270566426973763e-05
0.056938429476956896
0.0012488478620289768
0.0013809100277398997
0.0007329216681613373
7.953158951779152e-05
0.00044502402765955843
4.1280886675676916e-05
0.00012436457042696512
0.000773062720929587
6.110071815812458e-05
4.310346259118634e-09
0.0
10.967212829545435
0.00014222478609445785
0.0037409548218338092
0.0019048400281843235
1.2981236335898623e-08
2.0517941291157878e-09
3.564847937790504e-05
5.5230064077239796e-05
0.00011819533496990899
0.0006656699809330806
1.6725775987019194
2.8809001326429046e-05
1.8984271189750997e-09
0.0006441620386687034
0.0
0.0003412901334882164
0.0038150916672243067
0.0037050322036804636
2.1574174374916914e-09
2.687319519753222e-09
6.349368407098244e-06
1.02179470457744e-05
2.500027703736357e-05
0.0005584867882187685
2.9956710307514246e-05
5.066042278702047e-06
2.1859774861074395e-09
0.0003156047475875533
0.0015411959792499185
0.0
