1.071248690713097
12.187950621356972
12.270261208489734
12.131139258384751
12.131139258384762
0.44830763028999737
0.0
25.898613297969128
44.063362568042244
44.13975749378588
46.27570085535024
44.920142062549445
26.639782534581258
0.0
41.76116149014154
98.89593366573601
99.06260725893421
100.0
96.35853065281123
49.635128332940575
0.2245835205676453
51.31124206734675
98.44524164431984
100.0
100.0
98.50502401431535
72.39015685576234
3.5059353853484687
51.79804262324946
88.53993900889566
89.4571906785732
100.0
100.0
61.50799932643708
3.3191866479209833
0.0
0.36882526130294085
0.42765453039060836
0.16382130532574507
2.313148135254299
4.626296270508597
0.7710493734627257
0.0
0.0
0.0
0.0
0.0
0.0
0.0
0.0
12.18795062135697
12.270261208489732
12.131139258384751
12.131139258384765
23.992020179513805
0.0
44.06336256804224
44.13975749378587
46.27570085535023
44.92014206254944
63.901382607281086
0.0
59.9457455221979
58.628501838241164
98.74427861969336
100.0
99.30953026626047
0.0
59.01108137863916
56.408101649868115
53.33164301928408
100.0
98.06491403767606
1.9328684561712424
33.86346703450136
34.780718704178824
37.15596994824774
51.6350872291523
100.0
0.045159969444033846
3.2544985128432433
3.313327781930909
3.0494945568660454
5.1988213867946005
80.95578088025123
0.0
0.0
0.0
0.0
0.0
0.0
0.0
0.0004415066150513656
0.0002207533075256828
0.000688220619458931
0.008901989571883864
0.0
0.0
2.0670347724850013
0.002986326287503286
0.005972652575006572
0.0
0.7826983845262256
4.127629905396614
4.127629905396614
1.5835429236974474
0.05374086530609488
0.0
0.0
0.1479268365865874
1.6540061992475104
1.6540061992475108
5.091702534234919
0.16695646370073855
0.0
33.88113198122598
0.22543673794060726
2.6612525325250935
2.661252532525094
1.1719005178446127
0.16893026157492444
0.0
0.34460219793157115
0.5513635236354253
1.1363373747537087
1.1363373747537078
1.1027270472708506
0.2532135039592385
5.47742023278639
9.241871364325105
4.017664635497945
1.2018230626561817
0.48501216167754835
0.2532135039592385
0.12887843016929434
3.826876510631279
3.82687651063128
0.5549899649097482
0.22199598486588196
0.0
0.0
2.5039173908531716
5.295423929400698
3.426046680782567
1.8683001582343306
5.29339837512949
3.6392513419394907
0.0
19.46376241698175
50.298455755769375
32.119324483607684
22.066676346103204
51.395454603442474
33.51915642849678
0.0
52.40085142159607
72.12437074438199
95.49767467405269
54.66035336966697
52.768281892856244
50.28811249848857
0.2245835205676453
62.12383183175492
86.67336152348335
100.00000000000004
94.22732965413755
90.23349263334627
73.38127455169887
3.6806876047512933
55.72384032189154
61.097926606462245
65.38369444329989
74.34985430270888
65.03408907894625
61.0190796100546
3.144434428518158
4.043481162666247
0.0
0.2000894742022005
0.49046105972424103
0.1628185076193685
0.0
0.7710493734627258
0.3412231924402615
0.0
0.0
0.0
0.0
0.0
0.0
0.0004674673119332482
0.01109694483592355
0.025131752788783792
0.007017479150712552
0.0
1.0895435869447276
0.0
0.08675841551802678
0.8694568000442524
4.11005551445059
1.3989379566252755
1.1505700790589573
0.09245377097564375
0.0
0.0
0.0
0.0
1.0482213710953574
0.0
0.0
0.0
0.4153386627021755
0.41533866270217557
0.5975317523616414
0.0
0.34460219793157115
1.065547463136759
8.859612187556781
3.322354561368197
1.107451514823534
0.0
0.32199703752134773
0.5254211731568689
0.4035136098377219
0.08337053817249698
0.08337053817249698
0.0
0.0
0.0
0.0
0.0
0.0
0.0
0.0
0.0002207533075256828
0.0002207533075256828
0.0002207533075256828
2.089348426869747
2.089348426869746
0.0
0.002986326287503286
0.14575047313639705
0.1457504731363971
0.0
2.5401626999693914
2.5401626999693914
0.7826983845262256
0.05374086530609488
1.922728499750645
1.922728499750645
0.08665004471479691
0.0
0.0
0.0
0.16695646370073855
0.5914692716203584
0.6337386485812613
0.4931428531094841
5.591684674153489
4.043481162666247
0.0
0.16893026157492444
5.743628991880133
5.743628991880129
0.0
10.246856519813246
2.7732582927353597
0.0
0.2532135039592385
0.2532135039592385
0.2532135039592385
0.2532135039592385
0.9344129694074192
0.2904188943647238
0.2532135039592385
0.12887843016929437
0.5549899649097482
0.5549899649097482
0.5549899649097482
0.22199596678842348
0.0
0.0
