1.0712453850409211
12.187930626965153
12.269956183185464
12.132691351988187
12.132691351988178
0.4468398418746262
0.0
25.89958590966585
44.07205721072383
44.24684923918929
45.95260396957005
44.79074035686486
26.48197145280111
0.0
43.0807417326561
94.04110073746828
100.00000000000003
100.0
100.00000000000001
51.91210155867099
1.4234790404549138
50.42452900114068
94.11341437124129
100.0
100.00000000000003
97.7715911689705
73.4839825892878
4.970429352626409
54.18881245207276
92.51956897114675
92.68040977546512
100.00000000000001
99.99999999999999
61.0931279536399
5.221220976428206
0.0
0.6506785798373221
0.6506785798373221
0.2340751205948819
2.313148110044683
4.626296220089368
0.77104935909002
0.0
0.0
0.0
0.0
0.0
0.0
0.0
0.0
12.187930626965155
12.269956183185462
12.132691351988187
12.132691351988187
23.991580662745804
0.0
44.0720572107238
44.24684923918929
45.95260396957005
44.79074035686486
63.90301179564392
0.0
67.03501078424142
59.06755539495856
70.03489835186272
77.97134541676098
97.97266728890445
0.0
67.45605455924685
63.56592641208401
50.569067449391866
99.99999999999999
96.32091061649228
0.0
33.48622804910047
33.64706885341866
20.28986211538721
45.014533553893855
85.57356170393554
0.1770979477893981
3.452103995738486
3.452103995738486
3.035500536496046
5.11457352594585
83.06957684948819
0.0
0.0
0.0
0.0
0.0
0.0
0.0
0.00040529757717693254
0.00020264878858846627
0.000643187851909567
0.00844841968181901
0.0
0.0
3.6154010161216124
0.004114039135125388
0.0
0.1005866409258693
0.6954874029457245
2.225955337747026
2.2259553377470267
2.683312194813085
0.053778902511404804
0.0
0.0
0.0
0.0
0.0
2.2282209636174493
0.07868571341193263
2.6315755019977796
3.0775059048464595
1.2579970647325185
2.5902909428340326
2.5902909428340326
2.0773045282854707
0.1441827288599566
0.0
0.2152165551887558
0.2152165551887558
0.43430769408037523
0.43430769408037523
0.2152165551887558
0.4327742721736817
1.827186789187638
5.1668363867866365
3.772423869772682
1.039078222343142
0.49061745654870736
0.4327742721736817
0.1288784326894916
3.8268765120458457
3.8268765120458452
0.5549899527432564
0.22199597972889146
0.0
0.0
2.50391933658537
5.295379856870188
3.425437045710954
1.868994851129608
5.293327385493198
3.640728452741227
0.0
19.46367399957322
50.33247655788347
32.446930197431776
21.485590771905414
51.19895596199046
33.49191488099052
0.0
53.251551335706
66.07057086795193
55.89976127623351
54.23775183438719
52.02481776878934
51.912101558671004
1.4234790404549136
62.01568694611852
90.39088284025789
85.1236847743112
86.8352595061257
83.02508388916324
73.61978115350182
4.973364618599137
56.63383591001618
60.62560992308597
63.989811259386855
91.06472495874227
86.29700346360383
60.957329389425865
5.218285710455477
1.3347930095323586
0.0
0.16811486546224744
0.6452481493562907
0.17709794778939816
0.0
0.77104935909002
0.8701089229867938
0.0
0.0
0.0
0.0
0.0
0.0
0.0004405390633211008
0.010974338446081429
0.025848369114781382
0.0074371484878321395
0.0
2.0085561223932853
0.017239804617850938
0.10058664092586932
0.6954874029457245
3.4855907106621546
1.1618635435821534
2.0085561106024756
0.09092631528334601
0.0
0.0
0.0
0.0
0.8934279487871106
0.0
14.041710805929423
0.8524923695256132
6.233123495975592
2.0879061241279158
0.2597500291353803
0.0
0.5811015125497234
0.8627065262338386
10.32969622840416
2.4027707630539448
2.121165749369829
0.0
0.24978773218103967
0.43686924920258274
0.35519638248379043
0.08621259297313236
0.08621259297313236
0.0
0.0
0.0
0.0
0.0
0.0
0.0
0.0
0.00020264878858846627
0.00020264878858846627
0.00020264878858846627
2.0725979228880402
2.07259792288804
0.0
0.004114039135125388
0.1461832568574901
0.14618325685749006
0.0
4.0642392541028025
4.0642392541028025
0.0
0.053778902511404804
1.9240896357850696
1.9240896357850688
0.0
0.0
0.0
0.0
0.07868571341193262
0.11461326351022323
0.11461326351022325
0.11461326351022325
4.237807709625912
1.5225042009809096
0.0
0.1441827288599566
4.902212794165161
4.9022127941651625
0.0
4.253861709082685
1.451540585901033
0.0
0.4327742721736817
1.3085599239511938
1.308559923951194
0.4327742721736817
1.0390781748888722
0.4906174490182382
0.4327742721736817
0.1288784326894916
0.5549899527432566
0.5549899527432565
0.5549899527432565
0.22199594782674936
0.0
0.0
