0.0
6.010851898835191e-08
0.407985293911985
1.753293599339536
3.8535781815602236e-08
2.9051187941638097e-08
2.5772418262763188e-08
2.5377209479049204e-08
2.952296563422522e-08
0.4849208517691862
0.5962647924001707
3.353754134503753e-08
3.126020642060525e-08
2.9832240333685575e-08
6.265150779841164
0.0
4.176035467386995
8.680060200396381
3.730676394523546
6.097659710435985e-07
18.55362208881967
25.871782798451815
1.1014966687218244
1.7236326686484345e-08
189.95376572923533
7.176943988918016
142.76394090094806
4.924703061808388e-07
0.0384875855763544
3.195155291039885
0.0
2.1433885609932872
0.0707223350307217
11.206183276497681
9.449646938534318
8.353705714395296
13.348832680794992
48.897245609503635
11.013463896432228
29.037151676622603
209.16447226644806
12.498571851871976
2.11303367176125e-08
0.9529640662726756
1.5359521085621524e-08
0.0
6.124398324898253
2.553486556806057e-07
0.9978975414883129
6.457450928032621
1.0355999006485743
4.8988183024906215e-09
75.09757523396054
0.33945941780596867
7.363851266841976
1.841359428630953e-07
3.862108067920029e-08
0.0011270693892792664
2.851916945481596e-08
0.05619198836948521
0.0
0.0003973297845398271
0.0012718447824858654
0.054518189548347605
7.990587607307504e-07
5.4168140026005434e-09
0.05641156506489335
4.151956791952614e-07
0.042275257416401354
2.954525180816941e-07
3.340434924333318e-08
1.4306695265493052
1.4762284909020727e-07
0.6762526495473915
8.368077428761716e-07
0.0
6.320763952163247e-07
0.042313110472482124
1.1619519862086214e-06
3.8816396641742135e-09
11.038792976465693
1.1000898720569521e-06
0.036773955739395556
1.1938757287593312e-07
2.0943445476116125e-08
0.8313782353256626
1.2364970161855012e-07
7.926884957857221e-08
6.408707359884675e-08
2.983101804720422e-07
0.0
1.287654830710212e-08
0.018180756867517127
3.819171588500644e-09
1.5145425926324976e-08
1.647253191002851e-08
36.660419627365215
2.937440114376294e-07
2.8635172085784066e-08
1.7443897905891343e-06
7.522108075648004e-09
1.1101049940356106e-06
1.3313708152752316e-07
5.624090934443221e-06
1.579977585286012e-06
0.0
0.05675441903391269
4.331587951859661e-09
1.8364913522069635e-08
1.9325623015201706e-08
6.071309230423116
3.271557670224886e-07
4.451441061324188e-08
0.6810918715681977
5.2559192878551324e-08
0.007876768099497899
0.1301631640649199
0.000421599843326852
0.11679678272813408
1.0968763196114265e-07
0.0
3.909845408106711e-09
14.62498629771941
0.00010525307909138235
1.473218611498611e-07
1.5561359052350474e-07
0.0014299022190339447
0.6374999265374904
2.5932047951461894e-08
0.00034825888518160526
0.25144713282473413
7.99837655496809e-07
4.3470623982137433e-07
0.07556481897794973
7.974208080270193e-07
0.0
37.94274735164652
4.14365882308045e-07
0.05388941310994291
2.0490565817234301e-07
0.003915380510306692
9.235678653115005e-07
1.3400192347860327e-08
0.0004437098023111329
1.8884189075191227e-07
6.2314912244629e-07
6.441052247017452e-08
7.816803828598994e-06
0.0008602365708075039
3.923835933036034e-09
0.0
0.0012486902688926653
0.08359758004015155
3.607999840028129e-07
4.568711888072658e-08
0.009028322118604779
2.1125193389018553e-07
1.2247516917900519e-06
0.009103224234602875
1.6762234179481037e-06
0.12086436906561339
0.012018333935587894
0.00016907777228397582
3.0738156593523942e-09
54.225219026682055
0.0
1.9120002081428455
3.0704004738761444e-07
0.15648134136234615
0.20366616045737734
4.635865886113961e-07
0.03370634524106207
9.583736091226287e-08
6.283779795152215e-05
4.456094317916367
0.0002316080249897731
0.6295469045073848
3.846839468846393e-09
1.0547802922530292e-08
0.00023383939385407396
0.0
0.0007620673715700423
0.06617826398970031
0.07260114745114941
7.133380225689594e-07
0.03403181037660075
4.139850255203151e-07
9.442337606545217e-06
0.20020132499628612
5.804709388307559e-06
0.08574055835292015
4.385530089194734e-09
0.005493137461948654
1.2097645683946998e-05
0.0009569139190292307
0.0
