0.0
11.466528215495615
11.46652821549562
11.466556916650843
11.46655691665085
23.9997893124484
0.0
46.16176875677671
46.161768756776716
46.05927519869312
46.08374380410057
63.911618477598466
4.336488428716789
87.83370934681555
100.00000000000001
99.7958467358736
99.98763377939208
100.00000000000003
0.3097491734797697
86.7930557013687
88.26154943788539
80.59217274364494
100.00000000000003
99.99999999999997
3.519568950266738
69.52804278972765
69.31577907896876
59.226973116906294
66.5963395842191
99.99999999999994
0.0
0.7769927341935937
0.8956616626543656
0.7811827042216785
3.2563458633963243
19.639039419313363
0.0
0.0
0.0
0.0
0.0
0.0
0.0
0.0
0.0
0.0
0.0
0.0
0.0
0.0
0.0
0.1935411277968946
0.0
0.0
1.970054079230906
0.0
0.0
0.0
3.04171155113031
0.0
1.0897812654580719
0.6255717683652845
0.0
0.09650757566222078
6.763498359829305
2.0037795901984254
0.6679265214522194
0.0
0.0
0.0
0.0
0.0
0.0
0.0
0.0
0.06164617586715185
0.12714520907853571
0.0
0.0
0.0
0.0
0.0
0.0
0.0
0.0
0.0
0.2666600210341375
12.79984936509883
12.799849365098837
12.7998876333058
12.79988763330581
0.266655237508266
0.0
24.01486192775034
41.892476532663906
41.89247653266404
41.7985006335199
41.81991066325141
23.99203598975323
0.024468605407282545
44.1168400118973
75.18482960267048
61.04848487058993
74.85645779809393
72.49965673567146
33.78229138491312
0.0
54.17770382560652
76.45597638725721
76.93941293817603
71.50962632880146
77.2276948043976
47.818137647573096
0.0
49.059398050852245
60.86020842079231
60.674477673878414
63.99054091114565
56.94533131424789
59.37478434018863
1.4492378770348675
0.0
2.4154928821786372
2.4239692342115515
2.4157921657520727
3.1740798670138854
3.3605961409301424
0.5974393118718034
0.0
0.0
0.0
0.0
0.0
0.0
0.0
0.0
0.0
0.0
0.0
0.0
0.0
0.0
0.0
0.0
0.0
0.22118986033930813
0.0
0.0
1.970054079747494
0.0
0.0
0.0
0.0
3.016254584902407
3.016254584902412
2.1924655942499
0.0
1.4382933529600672
12.801720075578185
0.4665897334647801
1.0778349279544552
1.0778349279544568
0.6760956571817853
0.0
1.6912812642855417
0.0
0.0
0.1507469345782212
0.1507469345782211
0.0
0.0
0.0
4.070941648876602
4.070941648876598
0.8806916926661578
0.32189331691899353
0.08498832660583257
0.0760577646393378
2.4243415052621344
2.4243415052621287
0.0
0.0
0.0
0.0
3.733240294477924
3.733240294477924
3.733240294477924
3.7331733251157253
3.733173325115724
3.733173325115724
0.0
36.02229289162551
36.0222928916255
36.0222928916255
35.91923603192185
35.91923603192185
35.91923603192185
0.021410029731372227
43.56172276507423
69.80552387370184
61.835518764201076
43.181282080143475
40.18778559508555
50.196933981017516
0.0
66.1429534815787
71.34447462530149
66.80113361025741
65.64275718419225
61.13265489285594
54.64930016865497
0.0
55.53749072826362
55.0086970684581
55.0086970684581
58.310299954391716
56.66552319366297
51.952936297665055
1.2680831424055088
1.2236921798009297
0.0
0.12714520907853535
0.06164617586715185
0.06164617586715185
0.0
0.522759397887828
0.05795706443052168
0.0
0.0
0.0
0.0
0.0
0.0
0.0
0.0
0.0
0.0
0.0
0.0
1.27034661928714
0.0
0.0
0.0
0.0
1.0412084824469472
1.0412084824469479
0.0
0.0
0.0
0.0
0.41127403950130154
3.3283939559211086
3.3283939559211086
0.14904206376137996
0.0
0.0
0.0
0.0
6.379685800570706
2.4473843596018594
0.0
0.0
3.0299509285758397
3.029950928575849
0.013703908405538976
2.4561756571758413
0.8113989020273036
0.0
0.0
3.7647082422866633
3.764708242286681
0.0
0.875379936169482
0.316581563209208
0.0743647857801035
0.0665505440594205
0.0
0.0
0.0
0.0
0.0
0.0
