0.0
11.46650122047797
11.466501220477959
11.466535484281035
11.46653548428104
23.999748169031694
0.0
46.2510293113259
46.25102931132571
45.826805325855084
45.92808160939235
63.6341871420434
0.0
99.99999999999991
99.99999999999991
99.99999999999996
99.7736744456073
99.99999999999994
0.0
76.74817471134895
76.15637744933483
84.80657251457127
100.00000000000003
100.00000000000003
0.0
59.9591109128965
59.97082481616597
60.363265931920886
70.0043301135143
100.0
0.0
3.46329230697389
3.46329230697389
3.46329230697389
3.46329230697389
30.423971549759866
0.0
0.0
0.0
0.0
0.0
0.0
0.0
0.0
0.0
0.0
0.0
0.0
0.0
0.0
0.0
0.801069666413548
0.0
0.0
0.9129994479911457
0.0
0.0
0.0
0.0
0.0
0.91299944840084
0.6698458900391345
0.0
0.5824571345110907
8.101714580390041
2.5956949562566276
0.8652316463065867
0.0
0.09852957462009433
0.09852957462009433
0.09852957462009433
0.09852957462009433
0.09852957462009433
0.0
0.0
0.0
0.0
0.0
0.0
0.0
0.0
0.0
0.0
0.0
0.0
0.0
0.2666587160334276
12.799820005079479
12.799820005079464
12.799865690150234
12.79986569015024
0.26665300539958087
0.0
24.061513594907694
41.97349524709185
41.97349524709171
41.58452618305218
41.6731429311473
23.967037398496192
0.10127628353726546
44.63319209009176
65.22052042422459
65.22052042422463
68.89006369965661
77.87082435266107
33.725437163650355
0.27389136004252984
58.0212865935627
87.35684942141523
87.03564723334698
71.74608689939522
71.94464464559498
40.75008989563901
0.0
52.33790034673687
65.10850742085385
65.12189473887635
70.64332400509517
58.203912190782724
59.66826592842094
1.5470650723572263
0.0
3.46329230697389
3.46329230697389
3.8985979026496804
3.8985979026496804
0.0
0.0
0.0
0.0
0.0
0.0
0.0
0.0
0.0
0.0
0.0
0.0
0.0
0.0
0.0
0.0
0.0
0.0
0.0
0.915508190186912
0.0
0.0
0.9129994511752105
0.0
0.0
0.0
0.0
0.0
0.0
1.0617034446726152
0.0
1.4443489911806868
14.386309903018677
0.6656652965841037
1.2481224310951944
1.2481224310951944
1.2481224310951944
0.0
0.0
0.0
0.0
0.0
0.0
0.0
0.0
0.40667556688072787
4.477617208621479
4.070941641740735
0.88069167489029
0.32189328891384983
0.08498831312895727
0.8066277876994955
1.51242710193655
1.51242710193655
0.0
0.0
0.0
0.0
3.7332220244679872
3.7332220244679872
3.7332220244679872
3.7331420755941322
3.733142075594133
3.733142075594133
0.0
36.09227039236154
36.092270392361584
36.092270392361584
35.66571655029574
35.665716550295755
35.665716550295755
0.08861674809510729
53.39130377143079
62.233010251554
52.427580134399356
43.21789787906052
39.05704057764772
49.774575067708994
0.23965494003721363
61.42363128859631
77.25159439662228
66.60121467689595
63.51640785486277
60.18610718416362
61.12513477849432
0.0
58.354369220226594
58.09955502754141
62.64493953058795
60.169054456023126
57.370706823822935
52.20973268736832
1.3536819383125733
0.2593392701538676
0.1106352740296302
0.4353055956757904
0.0
0.0
0.0
0.0
0.0
0.0
0.0
0.0
0.0
0.0
0.0
0.0
0.0
0.0
0.0
0.0
0.0
0.0
0.0
0.0
0.0
0.0
4.309581535311179
4.309581535311183
0.7107748791356838
0.0
0.0
0.0
0.0
2.5820277573180612
2.5820277573180603
0.0
0.0
0.0
0.0
0.0
4.567818725374662
2.0818559457393233
0.0
0.0
0.0
0.0
0.0
2.690938546670807
0.46349595085048756
0.0
0.0
3.6404519196915346
3.640451919691521
0.0
0.8753799392046275
0.31658155353288653
0.07436477398783761
0.7057993142370584
0.0
0.0
0.0
0.0
0.0
0.0
