0.0
0.00027777631369777677
0.0011083887480136806
3.067711168388802e-08
1.05738943567746e-08
8.09607638383569e-06
4.3262123576264935e-06
5.235021761219121e-06
4.592304929590605e-06
0.7314024124655233
1.905315022096683e-08
3.915666482116118e-06
8.386319352121451e-10
2.4865769245646374e-06
1.6300255439033708
0.0
1.336863895812329
1.0685642459269884
0.8151049785489191
0.08573864849492771
0.48826082601123266
1.8931124617842876
0.48813825387616094
2.1711381603819695
278.5830005187369
8.537086918377318
98.74297680187779
0.9515037047069753
0.00010382670266546164
0.6345791371816627
0.0
0.6345789895010955
0.08362071232889824
8.971179304073681
8.61114688274328
2.83944772621531
8.611271593368617
18.11858398805041
114.65056519358635
9.730984386072254
216.3855934085985
1.449929138728592
0.8084848441701401
1.86373916248895
0.00014421795784979558
0.0
4.718752370659528
4.2134242066684406e-05
2.3991924280236848e-05
0.6023086609526914
2.5352335107918998e-05
9.902770816298435e-05
14.998635431877744
1.4852845507779382e-09
1.6954524177837784e-09
2.2776255413026077e-09
0.00011907742544805844
0.0015641599478770484
0.00014307071364717575
1.7450527834833052
0.0
0.00020128316916642397
4.618030012823957e-05
2.9833873955184274e-10
4.890992099193362e-05
3.963203761091292e-05
0.3363767743807863
2.6500636841027044e-10
1.275139094845535e-09
1.1470495786634224e-09
5.9421898573770803e-05
0.0002060995209552377
0.0012631087609258878
3.0619191226062874
0.00047572826366926803
0.0
0.00034174361898035345
0.0002790882249428774
0.00031460611429843155
0.0001335240167999936
1.9406777936139183
0.00011183220291219938
8.951307726769055e-10
5.526617564428183e-05
6.634752986935033e-09
0.0037228044608875145
1.0436492115014939e-08
0.1052569219886621
7.358465085174326e-05
0.0005793734224081128
0.0
0.0004128977627969521
7.072567799777738e-05
5.501349897305901e-05
1.1699428474098478e-09
5.845476617130558e-05
1.0670782417300905e-09
6.535094169311421e-05
2.2915314113054064e-07
0.0022686377677426876
7.268099767669919e-09
0.0006571682426728131
4.168894104449861e-05
0.00034596821695970453
0.000629072614877592
0.0
4.0268927415847055e-05
3.256836347450325e-05
5.32826627967893e-10
9.022416994027222e-05
11.074189647950405
7.727801279384061e-05
0.0006851835101707984
0.00036968948354395334
0.5606158247133264
1.4801008220897165
7.280176147157354e-05
0.00022173032578262463
4.639561616993449e-05
1.2317160099858872e-09
0.0
5.521020627533922e-05
3.494049727893589e-08
0.00014385252285958606
18.586773002557702
0.7822009342035581
0.0013728052409986472
3.343516748547985e-05
0.00014377785346086488
0.0002822833334587983
4.9241672418796735e-05
0.00020184808592602673
4.606296061730443e-05
0.0006202524018728096
4.880384805684172e-05
0.0
2.3807698735261877e-09
0.777397844286885
1.159351469294016e-09
1.2432767175819448e-09
0.0019029029665843717
2.7732416243904676e-06
0.00102049915489451
4.804040645343606e-05
3.920768030436036e-06
7.30953820848839e-05
3.6971471339521657e-06
4.1324470758528025e-05
0.0003952073787359459
2.9925963438068373e-06
0.0
0.0006249431558916657
0.6921368458289864
3.965901826828899e-05
0.07852658680710276
0.0006815763324678703
0.0007533818780290316
0.0003998984907392862
4.341589688884804e-05
0.00024248818891835423
2.2518599309652872e-05
6.783922862306322e-05
0.00042185357314218007
3.33374977906661e-05
2.394407221549863e-09
0.0
10.939469376284228
7.758692456100501e-05
0.0020410622682710986
0.001039309852498886
3.4908703389191006e-09
4.517618616441885e-10
1.94656609020778e-05
3.013228792053655e-05
6.448497602141442e-05
0.00036316850861251796
1.5009315304806228
1.5717634794064707e-05
4.5949739953673906e-10
0.0003515199827468264
0.0
0.00018619686445151668
0.0020815756590996473
0.0020217178039793277
5.81598760275873e-10
5.484424665806145e-10
3.4664547870451432e-06
5.574674023293848e-06
1.363979158235812e-05
0.0003044173113966209
1.634466063772512e-05
2.762984051721629e-06
5.169894103995018e-10
0.00017219559548949792
0.0008408753836442861
0.0
