0.0
11.466466670793949
11.466466670793944
11.466502384165159
11.46650238416516
23.999681131648064
0.0
46.17634606461547
46.176346064615466
46.0732933262589
46.073293326258934
63.83976733746544
0.0
97.33577203356366
99.99999999999997
100.0
100.0
100.0
0.0
86.12828901348436
100.00000000000011
100.0000000000001
100.00000000000001
100.00000000000006
0.11271347437054874
60.43635748950321
64.70955707649914
60.784688861733834
74.80036233004911
100.00000000000009
0.0
0.5590657479368524
0.6658675212873889
0.5680317428893904
3.552130830543405
39.204433137975535
0.0
0.0
0.0
0.0
0.0
0.0
0.0
0.0
0.0
0.0
0.0
0.0
0.0
0.0
0.0
0.29275888079724355
0.0
0.0
0.7995189940928537
0.0
0.0
0.0
2.643028029773354
0.0
0.49117967391183115
0.6676693937076622
0.0
0.5123517078931373
6.661957866314193
2.4443803043612324
0.8147934271918429
0.0
0.0
0.03983411109737995
0.03983411109737994
0.03983411109737994
0.03983411109737994
0.0
0.0
0.055481364720945066
0.11443027307286248
0.0
0.0
0.0
0.0
0.0
0.0
0.0
0.0
0.0
0.2666571416246015
12.79978231905069
12.799782319050678
12.799829936878965
12.799829936878965
0.26665118939606525
0.0
24.022480795864762
41.90570785628002
41.90570785628008
41.81051277990703
41.81051277990706
23.942097910887814
0.0596536672921745
49.12756356989535
71.41820753783358
53.13918389455391
58.707236126010066
70.8790013530397
33.76086448845306
0.0
53.91066917314431
75.35187452065647
82.87199097488465
75.84087696348762
76.60872102256896
51.77064223714558
0.7589627011832014
52.72827274244236
64.54491844404433
68.12611180191763
68.65063477880871
52.78491547841024
50.321510785293846
0.8277424397430143
0.0
3.8002465216768075
3.8078752197732744
3.8008869498877034
4.0140368847201335
3.31167949393345
0.58874301606728
0.0
0.0
0.0
0.0
0.0
0.0
0.0
0.0
0.0
0.0
0.0
0.0
0.0
0.0
0.0
0.0
0.0
0.3345815780539925
0.0
0.0
0.7995189935576645
0.0
0.0
0.0
0.0
0.1099196730840577
0.10991967308405778
1.6948778372654412
0.0
1.19553751908357
1.2761367228403016
0.5289069481632281
1.7065930582424875
1.7065930582424842
0.9606594522996319
0.0
0.0
0.0
0.0
0.1568201296811954
0.15682012968119557
0.03618909294851661
0.0
0.9371165926238901
5.008058227952446
4.070941635328573
0.8806916683359648
0.32189327057097045
0.08498830381900642
0.07495066117517488
2.3890529409079675
2.389052940907967
0.0
0.0
0.0
0.0
3.7331999827444227
3.7331999827444227
3.7331999827444227
3.7331166515449152
3.733116651544915
3.733116651544915
0.0
36.033721193797064
36.03372119379715
36.03847210537595
35.91314686633179
35.91314686633174
35.91314686633174
0.05219695888065268
43.67203937959963
75.12101511607287
56.748038726407906
39.710233155786504
37.86907065747735
48.55178126711132
0.0
66.78297518444408
74.36968733100021
69.19890548729232
67.77560566791567
62.76874666040466
59.16644827102351
0.6640923635353011
57.592059580105634
57.30781969786606
57.30781969786606
61.3968844213346
59.54683859179361
57.51029804033581
0.7242746347751375
1.1987763781621137
0.0
0.11443027307286233
0.05548136472094513
0.05548136472094513
0.0
0.51515013905887
0.0
0.0
0.0
0.0
0.0
0.0
0.0
0.0
0.0
0.0
0.0
0.004750911578806141
0.0
0.0
0.0
0.0
0.0
0.0
1.6545149487330453
1.6545149487330455
2.299690634098701
0.0
0.0
0.0
0.12181180135366917
1.3274601191776858
1.327460119177688
0.0
0.0
0.0
0.0
0.0
8.495148643635828
3.296635039945812
0.0
0.0
0.9150339878169965
0.9150339878169951
0.03618909294851661
1.6006837944123278
0.5491384541836306
0.0
0.0
1.0454326669111518
1.0454326669111498
0.0
0.8753799323773142
0.3165815409226971
0.07436476584163061
0.06558182852827808
0.0
0.0
0.0
0.0
0.0
0.0
