0.0
1.0879586302207115e-05
4.2568825225610484e-08
6.79769471454694e-08
8.361416877034803e-08
8.28246361046522e-08
8.050445517719315e-08
8.270416019545438e-08
8.299567365505422e-08
2.115682455277331e-08
1.0629740662473788
8.931412971696152e-08
2.285174120201036e-05
4.707935812547584e-07
3.8841259642253614
0.0
2.392443425336455
8.527327351890792
2.620647309720306
3.084661631127709
6.7142744391053055
27.36736466248531
2.4441442025088804
7.33295207239377
168.5947953029496
8.178515047659237
142.48955399477282
13.511064945675814
1.1018452892792389e-07
2.678640325653326
0.0
2.0896167480312346
0.033357318333583255
8.124003483480372
3.424208700475798
8.942850776605598
6.848519488129252
43.744628408726484
11.501891547690018
38.850979614375504
235.17340556556144
4.3599613424511805
1.551854565160864e-07
1.1532024036917412
5.4578359534247575e-08
0.0
2.4665431146034646
1.6833265786192073e-05
0.8130789937930305
8.223155101525272
0.8128664395181853
1.536162994103572e-08
65.0067243389723
0.26238201677342654
7.439641456332786
2.6290727780148993e-07
1.3461925356069906e-07
0.0017800746239049086
1.5354967950852414e-07
0.11032112318264725
0.0
0.0002169789165612046
5.133475512790016e-06
0.055232458635564904
2.0485221112466283e-06
4.432072029658737e-08
0.056946326786716184
1.2168297865668914e-06
0.24406267496997058
0.18377944445492284
7.856668632697856e-08
7.38543991285294
2.6471072556702866e-07
0.10352465984750191
0.0004974542874256966
0.0
1.7479391920297543e-06
0.046687942687054354
2.882195215037103e-06
1.2462153272157425e-08
9.970735820962688
2.831617436387541e-06
0.03928285311673847
3.371005590447079e-07
2.1696256420549135e-07
5.749380269611178e-07
3.3465459684854415e-07
2.4591160784905785e-07
2.5730122818379987e-07
0.0011384804181815995
0.0
4.0553444259466464e-07
0.0296715499555733
1.3712576350400878e-08
5.1403026545537144e-08
5.2132722022543e-08
35.43927975126766
5.530648250208243e-07
2.638833303933813e-07
0.00031568829067282766
0.0003036430218088521
2.860941248656862e-06
6.032251325178647e-07
0.00032657683193656177
0.0006980561639181135
0.0
0.083313523925518
2.0828652643800176e-07
6.245772795586668e-08
6.313882732697453e-08
1.5764663606618168
6.527664899849397e-07
0.18505669777555822
0.012227522556103114
2.657080475031542
0.3185777345413806
0.0066124668833642455
0.0003031565369762503
0.006610367999203186
0.46572715703388884
0.0
1.3679580355475885e-08
7.220127501049824e-06
0.00017370933338682365
4.21216497534358
6.490827640296608e-07
3.9903611238344063e-07
1.1139621223959657
2.2648755633592736e-05
1.8307777880499783e-07
2.3329111622319783
1.7529625149104813e-05
1.2453478114608785e-06
0.07674453951154615
2.035533955452162e-06
0.0
17.839324254998807
1.2439277529460396e-06
0.05326987691432343
4.46806467225062e-07
0.0018379722065275934
1.3844114247026614e-06
0.03933793623562112
0.00048301855059930306
1.8522262586200643e-07
4.433224574095986e-07
1.8158917092141573e-07
1.476939808852817e-05
0.0005329089496995878
6.97958468003656e-07
0.0
0.0010080582034506117
0.09315797252988708
3.871412076467509e-07
1.0233702868832258e-07
1.6563387606972023e-06
0.4102854280560836
3.0187383681226345e-06
9.131551537074549e-07
2.5739928538272357e-06
0.09561142554984409
0.011138255792242069
0.00022234590225977507
1.8660371936325242e-07
77.80014894786767
0.0
0.7445003088813774
5.922611476584059e-07
4.563449506440667e-08
0.0005363046807403937
4.282685912384766e-08
2.2472703888409382e-08
2.3010460987618683e-07
7.692255026064116e-05
4.401798240066864
0.0002741843692208061
3.1474520708950244
1.4233423662894193e-08
3.6833854207931035e-08
0.00027900994832666187
0.0
0.0002532123987270645
3.821336452052276e-08
0.0002641930639167648
2.2445417171323707e-08
0.00042364841231177526
7.135511948523415e-08
7.865094939712332e-06
0.35402530509420393
8.832005079138258e-06
0.19670890999989032
1.6210704010775944e-08
0.006128844786112969
1.976222205885501e-05
0.0003933105855996424
0.0
