1.0712426236783947
12.187914857711522
12.269732742077695
12.131156703663814
12.131156703663816
0.4717458715034589
0.0
25.899406132014356
44.07045450279374
44.22711528200974
46.28827491370836
44.92442598498617
26.5140833251747
0.0
44.2546442467953
100.00000000000003
100.0
98.45075066810016
100.00000000000001
49.732359494923635
0.3624699091871644
49.68857424857348
99.99999999999997
100.0
100.00000000000001
98.62924490836717
58.02142487816396
3.43140697910394
52.43327297710239
96.54001110057149
100.00000000000004
97.53742128532637
96.87955254169435
73.58795059027315
4.206120958370889
0.0
1.9572055254414489
1.9572055254414487
1.5486870332465528
3.629376752306082
4.626295718226256
0.7710492207918969
0.0
0.0
0.0
0.0
0.0
0.0
0.0
0.0
12.187914857711522
12.269732742077691
12.131156703663814
12.131156703663809
23.992993374329295
0.0
44.07045450279376
44.22711528200972
46.28827491370835
44.92442598498617
63.9088366780301
0.0
65.62205413263915
63.65598873966356
99.99999999999999
94.08536316327283
98.26474043605323
6.788038937002821
62.631146557679486
65.04328128660585
53.63146488630521
99.0357593509421
96.17957606242766
0.3383382040668396
30.988250064241516
28.381054942866236
24.812798904644666
23.2916019514212
52.95603095012119
0.23166236365115708
1.957205525441449
1.9572055254414487
1.548687033246553
3.629376752306082
98.28188258626157
0.0
0.0
0.0
0.0
0.0
0.0
0.0
0.0003979317660218887
0.00019896588301094434
0.000639494927572022
0.008448653355571586
0.0
0.0
3.5389176445051778
0.002742973187822426
0.005485946375644852
0.02850862499803226
0.2908842271388316
0.29088422713883166
0.29088422713883166
3.794225557110184
0.05404072123993975
0.0
0.0
0.013089819666946008
0.24870961429512656
0.24870961429512656
3.4120163729412023
0.011534763378545016
0.0
10.219728749943158
0.0
0.028426428848080856
0.3126910329094148
0.8812202069013233
0.08585332579956906
0.0002985796490913602
0.15668455191453098
0.15668455191453098
0.6169360854933854
0.6169360854933854
0.31336910382906197
0.8549822035377523
8.66982807521931
11.829770491415402
4.014924619733829
1.1838960367812572
0.8549822035377523
0.8549822035377523
0.1288784565668916
3.8268765337504274
3.826876533750429
0.5549898536417006
0.22199592771501375
0.0
0.0
2.5039207557660568
5.295347157961334
3.424992012145549
1.868959262387182
5.291969161999992
3.61256701902301
0.0
19.463690313002004
50.3261182562335
32.38647432333794
22.091546773007412
51.39115456478164
33.39475343009384
0.0
53.728449262645434
69.6492876974261
80.2713035108584
56.710915282699624
52.344727209792296
49.732658074572726
0.36246990918716443
61.630713177994075
83.85297743830574
72.06612209741712
79.72893559074215
73.86926951508057
59.31010526860991
0.0
56.926464375596844
62.61260036808735
59.32633415643587
88.42086468774826
82.66230716045399
73.58795059027315
4.206120958370889
1.3665696983958329
0.0
0.20769136454849796
0.6965784215186717
0.23166236365115694
0.0
0.7710492207918969
0.8527937780532424
0.0
0.0
0.0
0.0
0.0
0.0
0.00044052904456107764
0.011967347028602509
0.026771470414394507
0.007402570807653287
0.0
1.9660653762761493
0.0
0.02954374746057677
0.3950459607487836
4.091546771922147
1.3638488976684775
2.107903077027341
0.08546508555473896
0.0
0.0
0.0
0.0
2.1079030473553977
0.0
0.0
0.0
0.0
0.5685291739919085
0.0
0.0
0.15668455191453098
0.15668455191453098
7.141876820139495
2.6658979510373766
0.6125795778191233
0.006602545760708301
0.2382206768137744
0.45050641152140464
0.4265796450168363
0.09427341338512524
0.08767086762441693
0.0
0.0
0.0
0.0
0.0
0.0
0.0
0.0
0.00019896588301094434
0.00019896588301094434
0.00019896588301094434
2.0757780444233966
2.075778044423394
0.0
0.002742973187822426
0.14657479502635712
0.14657479502635712
0.0
2.476107475759881
2.476107475759881
0.0
0.05404072123993975
1.9287036604674794
1.9287036604674803
0.026179391290555024
0.0
0.0
0.0
0.011534763378545016
0.3922078358057034
0.44906069350186584
0.05685285769616172
1.3949961272439138
1.3949961272439138
0.02842642884808086
0.08585332579956906
2.91901337592744
2.919013375927438
0.0
2.584580870086296
0.8527937780532425
0.0
0.8549822035377523
4.39646545966938
4.3964654596693835
0.8549822035377524
1.3199132288034832
0.8549822035377524
0.8549822035377524
0.1288784565668916
0.5549898536417007
0.5549898536417006
0.5549898536417006
0.2219958226016857
0.0
0.0
