0.0
7.147995681374093e-07
1.2208411103041046e-08
2.160031302663438e-08
1.9932240353091838e-08
1.8792310795086633e-08
1.788454312105762e-08
1.8543362553537784e-08
1.927925402207379e-08
7.382420191886962e-09
3.1828559466570283
1.9321901547989816e-08
1.9293691128575424e-08
1.797490685736953e-08
5.73147468633347
0.0
5.399036992751489
11.033000288200915
4.2687947880275185
7.966497424241377e-07
25.452863540776615
28.6942122062185
3.2666734640803883
2.6677818577850698e-08
217.38184096076185
3.8057603819389954
103.23768363127029
6.505861397099953
1.4590287700836967e-08
2.3660357451434093
0.0
1.9641888399083907
0.03272382141397081
6.731253803964427
2.6214180605440416
19.453526015372255
4.945825518490922
43.96002457228241
11.1247865081767
12.204775870363083
260.80009435168984
4.280421164667289
3.852079050507226e-08
1.0443584424573868
1.3815249810536655e-08
0.0
4.895895268021221
0.0675856463397826
0.9882175722924816
6.44450816859104
1.0978246533205822
5.735868978252196e-09
56.22318589494056
0.4638157321159797
7.4594043412543956
0.12786133877395353
3.587080787942544e-08
0.000833641550004677
4.963172978669015e-08
0.3300803100498767
0.0
0.00022607132990195807
5.796992957212703e-07
0.05433258516203779
1.3965807445330572e-06
0.12304277208151476
8.797807430261901
4.0866720864501093e-07
0.04203853884342816
2.4305794801464565e-07
3.10727903091466e-08
1.1441964957584738
3.569894097942351e-08
0.09415235358942864
0.00036111160092690584
0.0
4.784778831835424e-07
0.04228876507674788
2.0457188494055795e-06
4.396877560253063e-09
31.685649383955855
1.0067881404000084e-06
0.03667655221274284
1.1414676933907594e-07
3.73348377768203e-08
0.1429921939574217
9.84723559396258e-08
9.396535114499355e-08
8.177664520049089e-08
0.000496843444603771
0.0
1.3697097111830277e-08
2.81490927629899e-08
5.777524989357406e-09
1.638150594877766e-08
1.8478530680252873e-08
35.42778570801683
2.80880470419508e-07
4.471349459109517e-08
1.5589624079228993e-06
1.0048290910043969e-07
4.771633163672651e-06
1.5566990470049922e-07
0.000286997223475421
0.0006631797694941457
0.0
3.864751467621439e-08
8.986017161717606e-09
2.0208137442880986e-08
2.1223545151926416e-08
1.508535253601539
3.21862675094067e-07
5.360491692382136e-08
0.22100649863277824
5.593523584699099e-08
0.008267116530934527
0.10257674502286816
0.00022087286044632112
0.09428927934266858
1.3821502781881555e-05
0.0
5.660832764703116e-09
8.432657844938465
1.2091864814978286e-05
7.890027926830023e-06
1.4367473441408175e-07
5.9168678201520006e-08
1.6993768352499552
0.00011449339193693484
3.269347965655928e-08
2.5840539423195175
1.0763849691574363e-06
3.3663573289683415e-07
0.07571033191204102
1.3944437262299285e-06
0.0
7.97350080451509
4.10533087066135e-07
0.05254846352959889
2.1867103456504483e-07
9.917848993432437e-08
0.005508901241124776
0.00024597215049256596
1.0237740141995764e-06
7.975577863178073e-08
6.174380958522996e-07
6.056850122994068e-08
3.038130160103186e-07
0.0007501533066485922
1.3533283491188868e-08
0.0
0.001630465934431446
0.08530021225750722
2.5627279223113906e-07
5.155152111793037e-08
0.004727887303865747
3.4747638161131996e-08
4.07495186858145e-06
0.004744019634284297
2.914920980425828e-06
0.10071606907862042
0.01143959582635898
0.0005398430055583871
6.363124742224977e-09
51.71392501052057
0.0
0.7037787203790342
3.007121656359032e-07
2.3965911931592464e-08
1.0996607312473974e-06
0.11581322994103938
0.00042749221465321493
0.03487287932311719
0.21671458549103353
2.9901242325654946
0.0002341667702475419
0.00011224389998317168
2.979676857994072e-08
0.0004139721576245645
0.0002357299580397687
0.0
0.000578433983652764
2.8802266761708355e-08
0.053391662997102025
0.035382511929678145
8.072192436438598e-05
0.02447115271752011
0.0400745657697908
0.15221914456960628
3.849211251758025e-05
1.8661509698415055e-07
4.442493804289843e-08
1.8189861439603794e-07
3.8667376465445393e-05
0.0007441920281144646
0.0
