0.0
11.466427218411948
11.466427218411946
11.466469998826014
11.466469998826014
23.999618285275027
0.0
46.16927549793216
46.169275497932155
46.02412056216132
46.15026684768919
63.88496778705753
0.0
95.12639878335285
99.4470019623572
99.91081817365374
99.99583945871731
99.99999999999991
0.0
82.65997663075107
100.00000000000004
99.99999999999987
100.00000000000003
100.00000000000007
0.34387631740131197
58.197333223771224
72.2112310102436
70.01105442550876
75.23909239500355
100.0
0.0
0.5600409020531002
0.727340967419329
0.49328953043876483
3.3865682131807295
32.54883487049968
0.0
0.0
0.0
0.0
0.0
0.0
0.0
0.0
0.0
0.0
0.0
0.0
0.0
0.0
0.0
0.1509218207286455
0.0
0.0
0.8738014247617835
0.0
0.0
0.0
2.3683002221710847
0.0
1.4847430570545035
0.5793741093835575
0.01085257267825794
0.36100657767295663
5.499819282877
2.130895525358747
0.7609438384539173
0.0
0.0
0.0
0.0
0.0
0.0
0.0
0.0
0.08690905131505776
0.1792499208642915
0.0
0.0
0.0
0.0
0.0
0.0
0.0
0.0
0.0
0.266655262433343
12.799739378261265
12.79973937826126
12.79979641881335
12.79979641881335
0.26664813236433227
0.0
24.018785844484885
41.89929017597084
41.89929017597094
41.76831112014357
41.87868911998045
23.955290052038674
0.02426273230715032
42.41737668102234
72.6579648328442
54.88160836211514
57.59758363163827
72.44655267754827
35.6451824345706
0.34008514025449327
55.46937026190967
78.54966316320237
74.51282227931462
70.12880721754165
68.25414274598927
47.50869859527472
0.37269768050748314
52.379501828586555
68.33945033738853
61.157593292242936
63.63546676753813
60.14216590773066
58.704070793405094
1.1008177920006703
0.0
3.6341834372860284
3.646133441955045
3.629415482170716
3.8360782452237148
3.2791915158302047
0.5829673739220982
0.0
0.0
0.0
0.0
0.0
0.0
0.0
0.0
0.0
0.0
0.0
0.0
0.0
0.0
0.0
0.0
0.0
0.17248208083273772
0.0
0.04783132553821113
0.8738014252249487
0.08682058142606358
0.16278859017386915
0.1519360174956112
0.1519360174956112
2.702316400880408
2.5503803833847942
1.714604857306915
0.0
1.8687597770860152
1.93202052423464
0.3640951137717232
1.4901239361606002
1.4901239361606002
0.6122946559367086
0.0
0.0
0.0
0.0
0.31500315473951657
0.3150031547395168
0.07269292462138296
0.0
0.06776242377733559
4.138704052399281
4.070941628621948
0.8806916579770102
0.3218932487843041
0.08498829300213653
0.07421538261232379
3.067891114994273
2.3656160492584113
0.0
0.0
0.0
0.0
3.7331736740668036
3.7331736740668036
3.7331736740668036
3.733073853100652
3.733073853100653
3.733073853100653
0.0
36.028178766727436
36.028178766727315
36.028178766727315
35.93293507805796
35.932935078058
36.005503428180425
0.021229890768756532
49.48358680735255
74.52712015777132
58.74946835148528
40.76012141591042
38.27489207056694
47.544878056771196
0.29757449772268163
66.20658508712532
71.62587763424396
65.69311445915565
62.47706715158756
58.327422363168175
54.58772589936686
0.32611047044404773
57.48735346197725
57.18921453105017
57.18921453105017
57.776892008284456
56.99437081983554
52.06833700996526
0.9632155680005865
0.2710558584088707
0.0
0.17924992086429142
0.0869090513150577
0.0869090513150577
0.0
0.5100964521818359
0.028704647612211025
0.0
0.0
0.0
0.0
0.0
0.0
0.0
0.0
0.0
0.0
0.0
0.0
2.721066925117316
0.0
0.0
0.0
0.0
0.9289723334780804
0.9289723334780807
2.040800193883057
0.07596800874780563
0.0
0.005183453580225491
0.28106202625604404
2.9459594580488377
2.9459594580488373
0.041194055498957514
0.0
0.0
0.0
0.005183453580225491
8.236497162531654
3.7947820177241898
0.0
0.0
1.328519718238318
1.328519718238314
0.07269292462138296
1.2226601157158536
0.40186506657095444
0.0
0.0
3.706683296738047
3.7066832967380363
0.0
0.875379928806398
0.31658152916045645
0.07436475637686947
0.06493845978578332
0.0
0.0
0.0
0.0
0.0
0.0
