1.0712416151996442
12.187907304848347
12.269591470499067
12.132512609304328
12.132512609304328
0.44679047505929326
0.0
25.899075673922198
44.06749544706437
44.19066129021776
46.05826559502713
44.833085841376366
26.538407387272947
0.0
41.99169349101532
99.02815677709047
98.19817538823375
100.00000000000003
100.0
50.61051557979966
1.2513541971949091
47.72372131415704
100.00000000000006
99.99999999999996
99.99999999999999
98.39227266458084
67.24421069528118
3.7712726502986103
55.30705809179905
91.26543350160333
92.30677008086488
100.00000000000001
100.0
80.53982074287471
5.139318879151187
0.0
1.9908238721211355
1.9908238721211369
1.5544223012744678
3.63115821821802
4.626034950569808
0.7710058161806798
0.0
0.0
0.0
0.0
0.0
0.0
0.0
0.0
12.187907304848348
12.269591470499066
12.13251260930433
12.132512609304335
23.991300555849524
0.0
44.06749544706433
44.19066129021777
46.05826559502713
44.833085841376366
63.90220376445379
0.0
57.64974201975168
56.819760630894955
70.74319035436923
77.65886992015201
98.35494131359644
2.725542910050032
61.564814697290494
61.497172234971636
52.5620763779544
100.00000000000001
97.30838026636236
0.0
36.02210059415444
37.06343717341604
10.281059888132422
55.972418258311265
87.14795040752205
0.2355338373067023
1.9908238721211355
1.9908238721211375
1.5544223012744682
3.6311582182180207
72.32553076379068
0.0
0.0
0.0
0.0
0.0
0.0
0.0
0.0004380391950812348
0.0002190195975406174
0.0006823868417187133
0.008809763599680933
0.0
0.0
2.9124055701838616
0.004161575333467825
0.0
0.12485049445917441
0.8632526760454425
3.462712350592771
3.4627123505927706
2.7261350621443845
0.053760040164450656
0.0
0.0
0.0
0.0
0.0
1.8486816927958512
0.1116191581284807
3.9448093475954913
4.326151601883909
0.7876524420314048
0.3725396519954685
0.3725396519954685
0.3725396519954685
0.13188031404016543
0.0
0.0022724205465050945
0.013221414450981711
0.40133193099765224
0.40133193099765224
0.0490482388505487
0.20444981949468155
0.0
4.088971909583454
4.088971909583455
0.99645320195319
0.37113560927081546
0.23390751315695502
0.1286393227450356
3.827338118985935
3.827338118985935
0.5551417910593476
0.2220567159437945
0.0
0.0
2.503921671892743
5.295328887328881
3.424710398338055
1.8680968148016848
5.293122801799501
3.6407455441603624
0.0
19.463720387696647
50.31475891220473
32.27517678557057
21.675539238175325
51.263662557800664
33.50542608623656
0.0
52.80912548216025
68.42675935358251
62.76228666830151
55.076294990574894
50.61051557979966
50.61051557979966
1.2513541971949091
60.67690062081093
95.76817937436827
88.09408477550359
87.97164792030651
76.76507078921334
67.77804920445534
3.976491518371643
56.800418442222835
59.73460626865335
58.24124596969643
90.53476407596501
90.54350714766385
80.01472530539934
4.934100011078153
1.1494214468803248
0.05943744928580554
0.2441343374853975
0.7080969338292331
0.2355338373067023
0.0
0.7710058161806798
0.0
0.0
0.0
0.0
0.0
0.0
0.0
0.00046336724417809594
0.010914308716122197
0.027809613088511743
0.010137224111334841
0.0033790023205811258
1.659962776602992
0.021402169718267368
0.12485049445917443
0.8632526760454425
4.538791889915762
2.0884324014908047
1.6599627632736047
0.0916839321814152
0.0
0.0
0.0
0.0
0.8998567912678073
0.0
27.635856747546953
0.6878935631743563
5.57088349155233
1.9086047050635613
0.29179879311785156
0.0
0.0
0.0
0.0
0.0
0.0
0.05478098680739222
0.31955616079890886
0.4303741489107652
0.47190608217573154
0.17639120586428303
0.0
0.0
0.0
0.0
0.0
0.0
0.0
0.0
0.0
0.0002190195975406174
0.0002190195975406174
0.0002190195975406174
2.0812457264576008
2.081245726457599
0.0
0.004161575333467825
0.14616794809975028
0.14616794809975026
0.0
3.188889723906219
3.188889723906219
0.0
0.053760040164450656
1.9234145506326896
1.9234145506326898
0.0
0.0
0.0
0.0
0.1116191581284807
0.010215417686484509
0.010215417686484509
0.010215417686484509
3.8710794884921946
1.5690713349978658
0.0
0.13188031404016543
4.483930653174524
4.483930653174523
0.04105874553017927
0.0490482388505487
0.0490482388505487
0.0490482388505487
0.20444981949468155
6.951294098675577
6.951294098675575
0.0
0.9379762997838701
0.31265873067032357
0.0
0.1286393227450356
0.5551417910593477
0.5551417910593476
0.5551417910593476
0.2220566994696828
0.0
0.0
