0.0
11.466454738235152
11.466454738235159
11.466498630105466
11.46649863010547
23.99967741950713
0.0
46.25376720408306
46.253767204083076
45.81967466290436
45.92330689787261
63.6256773553928
0.0
98.5881762076509
100.00000000000006
99.99999999999997
99.99999999999997
99.99999999999997
0.0
88.60639953525927
99.99999999999999
99.99999999999994
100.0
100.00000000000006
0.0
59.81825342349845
63.33555792606701
66.83032211577488
73.84360410730949
100.00000000000009
0.0
0.8440968195537207
0.8963768644553632
0.9326953371310096
0.8804152922293726
26.796451361713984
0.0
0.0
0.0
0.0
0.0
0.0
0.0
0.0
0.0
0.0
0.0
0.0
0.0
0.0
0.0
0.8197047116914837
0.0
0.0
1.2150993739278269
0.0
0.0
0.0
3.015553393383879
0.0
1.2150993801834085
0.3189011690228701
0.0
0.5167046951772147
7.857534160664423
2.4522314528546145
0.8174104771659552
0.0
0.2330312344063908
0.2330312344063908
0.2330312344063908
0.2330312344063908
0.2330312344063908
0.0
0.0
0.014228559488449258
0.056903352232724705
0.0
0.0
0.0
0.0
0.0
0.0
0.0
0.0
0.0
0.2666564829805292
12.799769434576715
12.79976943457672
12.799827957070463
12.79982795707047
0.26664916766881097
0.0
24.062944563203622
41.975980338772956
41.97598033877289
41.577962839211494
41.668641044808716
23.96627058728857
0.1036322349682721
43.44374175852951
69.03971628766189
49.84379550291751
51.61237140892999
79.97173072848621
40.414959140118334
0.0
57.92843377819462
72.63252925245871
78.78669870572193
69.75274539967997
65.66569297193921
49.775479986901864
0.47778040229436464
52.63875550891374
68.7784422643201
72.57370082461011
70.91584952025353
62.33743787527451
58.89055451102104
1.2878279187907624
0.01860628017080665
3.781545278917743
3.785279567839288
3.745416102970191
3.7416818140486456
0.5944069808430251
0.31890771895278514
0.0
0.0
0.0
0.0
0.0
0.0
0.0
0.0
0.0
0.0
0.0
0.0
0.0
0.0
0.0
0.0
0.0
0.9368053847902671
0.0
0.0
1.2150993775624357
0.0
0.0
0.0
0.0
0.0
0.0
1.3895627531225774
0.0
2.7824781761214727
2.995230124645054
0.5572217453083842
0.8611744919620246
0.8611744919620246
0.8611744919620246
0.0
0.0
0.0
0.0
0.043589356558417565
0.043589356558417565
0.0
0.0
0.0
4.070941632512169
4.070941632512168
0.8806916625428567
0.32189326080835834
0.08498829904053298
1.3323395572375043
2.4981366698203162
2.4981366698203162
0.0
0.0
0.0
0.0
3.7331907617274083
3.7331907617274083
3.7331907617274083
3.7330883473633523
3.7330883473633536
3.7330883473633536
0.0
36.094416844805494
36.09441684480545
36.09441684480545
35.65794022008459
35.6579402200846
35.6579402200846
0.09067820559723809
49.107670990099095
67.92659696004615
52.651692303949
41.80389171410426
37.14231188058699
42.24473095819705
0.0
61.391837342971336
76.36141039888231
65.66261715867859
63.18400029428825
59.412630881622476
56.88626284217356
0.418057852007569
58.51587034385942
58.33697117933447
58.33697117933447
57.97897871621752
56.41384907324216
51.52923519714341
1.126849428941917
0.17446337548551266
0.0
0.04267479274427551
0.8916104712645375
0.8916104712645377
0.8916104712645377
0.279044254083687
0.0
0.0
0.0
0.0
0.0
0.0
0.0
0.0
0.0
0.0
0.0
0.0
0.0
0.0
0.0
0.0
0.0
0.0
4.409833931888511
4.409833931888507
1.3987260803236463
0.0
0.0
0.0
0.0
3.0419437553067605
3.0419437553067747
0.0
0.0
0.0
0.0
0.0
6.002659722299761
2.4424872567971776
0.0
0.0
0.0
0.0
0.043589356558417565
1.7759879806319554
0.6561467555410656
0.0
0.0
3.969724888003488
3.969724888003498
0.0
0.8753799324809597
0.3165815369118458
0.07436476166046636
1.165797112582815
0.0
0.0
0.0
0.0
0.0
0.0
