0.0
0.000302906726886548
0.001208908975581492
4.3188146397243864e-08
1.0896462622819692e-08
8.827955870022708e-06
4.716049483847658e-06
5.7056098663812775e-06
5.006051106169966e-06
0.6308927720058745
1.1093359892492615e-07
4.269700485482611e-06
1.4422716190655742e-09
2.710964165682405e-06
1.0598170940317284
0.0
0.5299219357894442
3.942649193406444
0.530009153377798
0.14960412730973016
0.39237701492798116
1.9237567841699617
0.99644283850458
3.912255066674935
274.17982780815726
8.857843349428695
102.47714525110676
0.9982387469425007
0.0001131874839136647
0.8263048684433915
0.0
0.8263046789227173
1.8391631324264358e-05
7.485076700245438
7.328561141818616
3.4199325632559656
7.062098943524767
15.282985855717772
121.44245623918926
10.567445062135482
212.0972102606946
1.5143970730640464
0.6170486662376129
1.6104011187877587
0.00015710203985115138
0.0
2.7063795456272413
4.593725177555639e-05
2.6151023444411703e-05
0.0004098758819301709
2.763320403453262e-05
0.0001079686673848117
14.902988512553032
1.640240002288361e-09
1.9480163394620632e-09
1.7839683048682965e-09
0.00012976264433184356
0.0017976419591487491
0.00015557627188639755
0.11948880302670026
0.0
0.0002191248535543444
5.033089771786695e-05
3.6871882234382905e-10
5.331215687647408e-05
4.320040016558157e-05
3.0540826537310415e-09
3.335275386621067e-10
2.6656580983381647e-09
1.6464264328740747e-09
6.476422940859334e-05
0.5624799950720956
0.13832068973162176
1.6892644381310429
0.0005133290175460047
0.0
0.00037240068384345327
0.00030451838171761936
0.0003425768514219021
0.00014557897131066666
1.0803989072743454
0.00012189956053880345
1.1668217753572565e-09
6.0237410957178334e-05
1.1016533153640708e-08
0.0032984075675101523
0.12838326516716284
8.52078307518964e-09
8.011934743339157e-05
0.0005136587440697352
0.0
0.0003487365492240641
7.69132087658919e-05
5.994685293645623e-05
2.061043455101154e-09
6.370872955226637e-05
1.4008991524578153e-09
7.123273501688618e-05
1.2128007602530412e-08
0.0021623002628725807
8.3995986880897e-09
0.0007170793356229041
4.531146661826647e-05
0.0003633287643931815
0.000623448647080355
0.0
0.10128356864342755
3.548188474461142e-05
6.964953907428186e-10
9.833903986830727e-05
11.914712347426757
8.423437993562607e-05
0.0007475174086940011
0.00040330000411049324
0.5509008411551586
1.5445078117926907
7.933080386098994e-05
0.0002416221435647908
5.057213161435962e-05
1.5467206738604748e-09
0.0
6.016038478106048e-05
4.06466090883479e-08
0.00015683268766558
17.757774761585885
0.8181115400232677
0.0014589052590538725
3.64645255708301e-05
0.0001567083845641528
0.0003076853051525892
0.42706035390822167
0.00027317245637097884
5.020926029991638e-05
0.0006767684716531177
5.319642062349894e-05
0.0
4.3735014923565764e-09
2.239437234685162e-09
2.176869014251712e-09
1.7162261531722782e-09
0.002058378351721388
3.0244661778532633e-06
0.0011134335963146071
5.2409208619446234e-05
4.275957426114449e-06
7.973154475968345e-05
4.0305221568360165e-06
4.50444919321635e-05
0.0004580346218774145
3.2614240453733722e-06
0.0
0.0006810114946039634
0.7271577641262295
4.322536215258865e-05
0.0326959435259152
0.0007374704931856497
0.0008215400841937855
0.0004362983039354236
4.729781522335701e-05
0.00027505615492778976
2.4553309516610808e-05
7.394541337187041e-05
0.00040604317714249786
3.6319659301995156e-05
2.7196127276826715e-09
0.0
11.923915796780177
8.457185183850308e-05
0.0022266556189420267
0.00113382854753129
4.080921021992358e-09
4.60741258342109e-10
2.1197265126138614e-05
3.2837003717475706e-05
7.030049948394393e-05
0.00039585958363516784
1.5650652369707394
1.7124116718280034e-05
6.034320663118506e-10
0.00038303022838858574
0.0
0.00020299009934870028
0.0022709182497561153
0.002193250256265088
6.796833301557031e-10
5.641611876684646e-10
3.773977257558964e-06
6.076488648688543e-06
1.4877906648105745e-05
0.0003511941671514451
1.7829237096750573e-05
3.010390682328653e-06
6.76861593783445e-10
0.00018764132818367284
0.0009165609394342777
0.0
