1.0712423238351332
12.18791187072164
12.26966562145486
12.11964934434331
12.11964934434331
0.4780810153896354
0.0
25.899334982850156
44.06981478847886
44.21923042605375
46.33810775835219
44.94430345947624
26.524219776034602
0.0
41.75780896266579
92.32847861814813
99.95437252904944
100.0
100.0
51.00802309836191
0.20043869354096464
50.827757802956604
97.14714378588408
99.99999999999997
99.99999999999999
100.00000000000001
67.85644327886538
2.673074500004795
50.98425595985456
87.98691691849226
88.6945249251019
99.9329488121916
100.0
60.24886208780138
2.886994431166451
0.0
0.5430798281728757
0.5430798281728758
0.17636209874307215
2.3131481153969906
4.626296230793981
0.7710493616673983
0.0
0.0
0.0
0.0
0.0
0.0
0.0
0.0
12.187911870721644
12.269665621454857
12.119649344343307
12.119649344343312
23.991042442513745
0.0
44.06981478847883
44.21923042605374
46.33810775835219
44.94430345947624
63.90939542674178
0.0
67.7007996018318
58.9548446879017
92.9182969051435
90.38999454486273
89.91234461562536
0.0
62.62098927503436
58.27323655344019
59.76864395807712
98.75806428473757
93.86495975044919
2.7197303606308187
33.89724114381411
34.604849150423796
43.053589294302064
44.87356248255733
99.99999999999997
0.1356811465720297
3.452146586891041
3.4521465868910384
3.0854288574612347
5.22221487411515
100.0
0.0
0.0
0.0
0.0
0.0
0.0
0.0
0.00036816136840461767
0.00018408068420230884
0.0005857436164165139
0.007758929645334347
0.0
0.0
1.984171396671704
0.0
0.07229833991335986
0.07229833991335985
0.39871249208084275
3.183172931784518
3.183172931784518
1.285789718029628
0.05392797229311481
0.0
0.0
0.0524520712967171
0.9965898720576147
0.9965898720576147
2.993001139936687
0.023714205761911137
0.0
25.15379293950464
0.34595621943591526
2.749178136694077
2.7491781366940775
1.5435481760883767
0.17823203023905645
2.246778000617258
1.9261352658847046
0.5851946763034156
0.5851946763034156
0.5851946763034156
0.19506483689846155
0.17509040839803677
3.5533199531653565
7.381485176502622
4.003255631735305
1.266288005639879
0.48045941245070756
0.17509040839803675
0.12887843414080558
3.8268765091042196
3.8268765091042223
0.5549899496942693
0.2219959778751311
0.0
0.0
2.5039211931173515
5.295338187184835
3.4248563635133698
1.8700840480472292
5.237930879136485
3.6088333765518845
0.0
19.463696804655484
50.32283878396951
32.36157758994312
22.18141289253539
51.41991197848907
33.38517567426617
0.0
52.65816639052599
71.83505568700339
90.19562384793694
56.11840636156456
54.28696042978044
51.70487952566453
0.20043869354096464
61.92578010355724
86.9021351309769
100.0
93.67929277144043
84.58015279258957
67.85644327886537
2.6730745000047955
55.756957865595574
63.46809746364397
67.51805540731914
74.17445742791367
64.71888427669158
60.24886208780138
2.8869944311664515
1.498104636152144
0.0
0.11337162926152614
0.4884053421204145
0.1356811465720297
0.0
0.7710493616673983
0.5945162420198253
0.0
0.0
0.0
0.0
0.0
0.0
0.000401662932214205
0.010002274839718158
0.02621745586998019
0.008107713652618287
0.0
1.1200609981696383
0.0
0.02615186819437536
0.3772434421204613
4.169674716567297
1.3820661135978551
1.1200610018698025
0.08494162104268665
0.0
0.0
0.0
0.0
1.4948965058076804
0.0
0.0
0.0
0.4745159670342757
0.4745159670342757
0.6020441119504982
0.0
0.02313902713113588
0.12495722403910565
8.616078275434166
3.228891287043281
1.0762970877901321
0.0
0.5755230103735421
0.6511040817100606
0.5095954353305985
0.3206427347325532
0.3206427347325532
0.0
0.0
0.0
0.0
0.0
0.0
0.0
0.0
0.00018408068420230884
0.00018408068420230884
0.00018408068420230884
2.077839226739722
2.077839226739723
0.0
0.0
0.20557614794602058
0.20557614794602053
0.07229833991335986
2.325263039082734
2.325263039082734
0.17528428071885319
0.05392797229311481
1.9294229439613757
1.929422943961376
0.10490418602281894
0.0
0.0
0.0
0.023714205761911137
0.8062862867177092
0.871153060655963
0.7567792135416267
1.498104636152144
1.498104636152144
0.0
0.17823203023905643
4.509966937137194
4.509966937137195
0.0
10.24483354198882
2.6117763829566485
0.0
0.17509040839803677
0.1750904083980368
0.1750904083980368
0.1750904083980368
0.7736676920984299
0.2639071408164523
0.1750904083980368
0.12887843414080555
0.5549899496942697
0.5549899496942693
0.5549899496942693
0.2219959392771567
0.0
0.0
