0.0
11.466504732600542
11.466504732600535
11.466539693368054
11.466539693368054
23.99975601518426
0.0
46.13312063690245
46.13312063690243
46.13314120219469
46.13314120219469
63.999761579443515
11.438545829218523
97.16052308699679
100.0
100.00000000000006
100.00000000000006
100.00000000000006
0.0
97.28411405251039
99.99999999999996
99.99999999999997
99.99999999999993
100.00000000000003
2.716620344707065
63.01455814295166
67.24021262560576
67.27771704302089
88.74734528766805
99.99999999999999
0.4914076050460381
1.3380504347837168
1.3380504347837168
0.6475345134245223
0.6251006085451155
29.076398654785987
0.0
0.0
0.0
0.0
0.0
0.0
0.0
0.0
0.0
0.0
0.0
0.0
0.0
0.0
0.0
0.0
0.0
0.0
1.3498364186055996
0.0
0.0
0.0
1.7401832227855059
0.0
1.34983641906073
0.7496004512769856
0.0
0.3499843356580153
1.956502347163016
0.6028389182769092
0.36039240035663794
0.0
0.09787741783581534
0.09787741783581534
0.09787741783581534
0.09787741783581534
0.09787741783581534
0.0
0.0
0.0
0.0
0.0
0.0
0.0
0.0
0.0
0.0
0.0
0.0
0.0
0.26665937974332027
12.799823260408257
12.799823260408246
12.799869874764937
12.799869874764939
0.26665355294873333
0.0
23.999894731333693
41.86647397799805
41.86647397799799
41.86649043023179
41.866490430231806
23.999870052982978
0.0
37.9206395204706
66.53008510691507
59.30878860563831
64.02126450705155
72.47422094447141
32.562641459395714
0.0
53.34087085971191
72.20503113591188
71.23476187745769
62.963129718372414
60.48593071501263
56.054896763260665
0.43969415938989165
49.79286991382407
60.69891808948082
67.95452078748848
71.15142302983664
55.22447869757302
56.760745934774484
0.5778917394378372
0.0
1.376767499800198
1.5763564729238742
0.7716491456634276
0.7940830505428346
0.6771127434087247
0.15859375717856972
0.0
0.0
0.0
0.0
0.0
0.0
0.0
0.0
0.0
0.0
0.0
0.0
0.0
1.1446227344210838
0.0
0.0
0.0
0.0
0.0
0.021574457735609724
1.3498364213305636
0.0
0.0
0.0
0.08986925268031164
2.041429342452892
2.0414293424528918
1.909981501555382
0.0
1.4237234413609097
2.051514340909827
0.652789780667345
1.3392479317827983
1.339247931782804
0.7114570322338887
0.0
1.7401832227855059
2.0647161368175397
0.0
0.8886152651761006
0.8886152651760993
0.0
0.0
0.783503739032126
4.070941643171556
4.070941643171551
0.880691679298214
0.321893295414354
0.08498831621140994
1.369672373194579
2.5681356997398397
2.5681356997398397
0.0
0.0
0.0
0.0
3.733231316406486
3.733231316406486
3.733231316406486
3.733149741282266
3.7331497412822663
3.7331497412822663
0.0
35.99984209700054
35.99984209700055
35.99984209700055
35.999805079474456
35.99980507947446
35.99980507947446
0.0
46.861573819642516
68.20276993714938
54.681903921152404
45.03384897248504
40.92588238584024
52.919489715380436
0.0
66.85800169637005
71.65568515182797
66.13076971375241
60.312527039091414
56.78092898378096
49.83153840688521
0.3847323894661552
58.28131452557406
59.72640733276695
58.30907408220143
56.75912454545996
53.02100577385867
49.66565269292767
0.5056552720081077
0.8515704491443866
0.0
0.0
0.5924736504826341
0.5924736504826341
0.5924736504826341
0.13876953753124852
0.0
0.0
0.0
0.0
0.0
0.0
0.0
0.0
0.0
0.0
0.0
0.0
0.0
0.0
0.0
0.0
0.0
0.0
0.0
0.0
0.0
0.0
0.0
0.0
0.358629220446276
3.617505136311793
3.6175051363117983
0.029899898208439177
0.0
0.0
0.0
0.0
13.473859690787126
5.535207919438513
0.0
0.0
1.601006926709423
1.601006926709423
0.08078313811113924
2.8147718336477667
0.0
0.0
0.0
1.4383487379210158
1.438348737921012
0.0
0.8753799379092134
0.31658155537534743
0.07436477668498369
1.198463326545257
0.0
0.0
0.0
0.0
0.0
0.0
