0.0
0.00029947244966915907
0.0011945704188060543
0.0012714474043647003
9.666550402242704e-09
8.722627653631994e-06
4.66052235642799e-06
5.6393808384346845e-06
4.947075136777602e-06
3.983431531097064e-06
2.0150622694552088e-09
4.21820397799692e-06
4.4714869819787676e-10
2.6804742035060362e-06
1.8261195948322722
0.0
1.82609985004231
3.4684107614338364
0.9131593632725711
0.6532275735029233
1.0493841544648423
1.871239791255867
1.0494183365268457
2.4838863802760938
333.5895592741497
2.694791086819683e-05
46.95350592724323
1.0861929601933995
0.00011196301519710342
0.6901130113600025
0.0
0.6901128850434747
0.4375925825884085
8.800136325817274
9.233359587289035
3.733203409875408
5.905062883138639
20.45504724440711
54.320046581797754
19.841928555745024
264.136063477765
1.8139021690215422
0.8663299045305257
1.730413797253222
0.00021320692789298458
0.0
5.506782329824475
4.542436045501051e-05
2.5855763552547103e-05
0.02984278052334165
4.325547937114202
0.0001067580333081395
10.657623302443717
9.391154202935867e-10
2.6980279951077755
1.2238690332298333e-09
0.00012821833675810796
0.0020817492000973926
0.00014660608150929223
0.18790928437571322
0.0
0.00021654166684185143
4.97503363164514e-05
3.6528967749810405e-10
5.270322810810024e-05
4.2705546652311774e-05
2.743173771448293e-09
3.034619872771452e-10
2.188275119524167e-08
6.349266334295453e-09
6.399882882562393e-05
0.0002220132124554819
0.001361930107807666
3.9369551120924458
0.0005268862575191274
0.0
0.0003681777252131195
0.0003008140179501314
0.000339070768325692
0.0001438896547356546
5.132686184789929
0.00012047253874991379
1.2501202866122322e-09
5.9608946816584786e-05
6.881419938263251e-09
0.004409928921616334
1.1319247439101684e-08
6.787173451847239e-10
7.912137045385705e-05
0.0006679431547806061
0.0
0.0004804393582373524
7.605165465010731e-05
5.9252429930881275e-05
8.013498668300433e-10
6.30370991835485e-05
1.079816972759125e-09
7.044829208988078e-05
1.1815461228603563e-08
0.002154123094104685
8.592068239210522e-09
0.0007084387656039996
4.47556906739701e-05
0.0003316387233944586
0.00061660175651683
0.0
0.10847681024455445
3.506957619213559e-05
6.270272701275174e-10
9.730324565236467e-05
10.985259111043678
8.334865327689698e-05
0.0007386505979859164
0.0003984866993966793
1.2472845397277492
1.7177023722877458
7.838051218909703e-05
0.00023876206430667853
4.9987863469511855e-05
1.25933767930141e-09
0.0
5.946311118429404e-05
4.1600837384148666e-08
0.00015501745596875898
19.183630733315184
0.7037576635819175
0.0011193931075426595
3.6026286293413656e-05
0.00014785902908802783
0.00030415641033876
5.3059982839792565e-05
0.0002171205018310712
0.001410210153651021
0.000670210061495861
5.2589296932256216e-05
0.0
1.2974764867583186
1.7978073869573855e-08
3.137147958333133e-10
6.413336531044819e-09
0.0020338591085058526
2.9884173596828483e-06
0.0011001306639360365
5.1782715291591975e-05
4.224435415957474e-06
7.878839508579805e-05
3.985596347516983e-06
4.3793184901736804e-05
0.00045336899012074266
3.221506063869539e-06
0.0
0.000673108252968172
0.6696838794291402
4.278004395675976e-05
0.09928742095626121
0.0007373023003592027
0.0008118254153104646
0.0004310627859873257
4.6726623521800976e-05
0.00025689461897245453
2.4259950831737292e-05
7.15875740718793e-05
0.00040193838415279693
3.589205653984706e-05
3.4780008212255426e-09
0.0
10.950838274569522
8.3685026989775e-05
0.002204526055992434
0.001120309573449912
4.129832112569556e-09
3.504568233906076e-10
2.0933057155252933e-05
3.2455671804160485e-05
6.948646197457218e-05
0.00038482236914554513
1.4451518791474944
1.6922505925961778e-05
5.601600492824223e-10
0.0003784857287174211
0.0
0.00020056657363565694
0.0022454269384680286
0.0021793996894306977
6.882903630581685e-10
3.556247113727168e-10
3.7266022450204995e-06
6.0051367303756925e-06
1.4703393347153438e-05
0.00032463582602920607
1.7618883947142608e-05
2.974051554475503e-06
6.331074275742741e-10
0.00018590588107474096
0.0009062378418522432
0.0
