0.0
6.744048876975601e-08
1.160987468483786e-08
2.6417757607023585e-08
1.9220932905689587e-08
1.0458737153234813e-08
9.681123490886412e-09
9.622585941541263e-09
1.0193076229819386e-08
5.048507186186851e-09
2.444950909091743
1.2449167753707828e-08
1.064215143613766e-08
9.489492949883156e-09
6.760522346754335
0.0
7.288954281639723
9.947810236667298
4.563408572321862
3.3950263511030277e-07
0.9909832750395025
9.183456231598369
1.0283953869116107
5.826206103806437e-09
183.88177483009582
0.32324210959093713
171.32319364636098
10.576750853287638
0.2786984143037182
2.7836861513799684
0.0
2.14132492561379
0.31026193942093844
13.486402398705131
13.22233307558734
19.006541716275514
11.42611261119805
46.669699320801136
11.198217585132944
43.85045218108683
195.46891088133086
4.499934963470081
8.110528162994607e-09
0.9191988912447107
5.294881676964076e-09
0.0
5.746576598444431
1.5609952918175433e-07
0.9410251318468174
6.487348976783162
0.97472322927112
2.4830107143439003e-09
58.660157689254476
0.3177973060346947
7.392945212554677
4.0369760321618966e-08
0.00013263658897832905
0.001033150899806949
1.144218375348928e-08
0.3818534564985962
0.0
0.0002038070932709962
2.952799254853727e-07
0.05485478568491274
5.098593434166955e-07
2.465921648504111e-09
0.6937545163492161
1.8665160025087043e-07
0.04203047447658871
6.17855047882541e-08
9.691780387861886e-05
2.43126557034887
5.954201300629168e-07
0.8311268006598043
0.00029855365176044765
0.0
2.7913999144646754e-07
0.04317272679724878
7.499029893105832e-07
1.977693745373966e-09
20.509548277848058
4.996090491116173e-07
0.03680183064304877
6.423414666931586e-08
1.1878256405443554e-08
0.060065698310024396
1.063874052043335e-06
4.601215652983868e-08
6.176790997681728e-08
2.6834704342278962e-06
0.0
1.2598399486420091e-08
6.394166126659555e-08
2.2878194658297482e-09
1.0615147989296156
7.385860523327957e-09
35.40984571974178
9.572090640134763e-08
1.4423576638709407e-08
8.723402089438761e-07
0.052398767674298
5.184607844732922e-07
7.816291870432439e-08
2.296584794860387e-06
6.1822467312113365e-06
0.0
1.8308617330393328e-07
2.5058153925949577e-09
0.14224901491964725
8.940831252187284e-09
1.4534170775820994
1.1479543024019439e-07
1.1773137553316417e-08
0.7027843929201865
2.56594656259567e-08
0.007969743395947115
0.11460631108677315
8.364253513755854e-05
0.10486983472190331
5.481936015824601e-08
0.0
2.285464770255626e-09
1.295500358399937
0.00010857944613526882
2.437291007548297
0.6820182207289015
1.6320037185750588e-07
0.457246040316036
1.2590136486838628e-08
1.7398199979929752e-08
1.969841675230056e-07
4.659442090870025e-07
1.910468758530915e-07
0.07608829435735011
5.081477655130428e-07
0.0
10.250800736955911
1.8667191803346208e-07
0.053650348893865066
6.001322849633292e-08
0.003911968633700058
4.82999443608062e-07
1.577579100866926e-08
0.00044858728109861267
2.6358972635597763e-08
4.841963426021696e-07
2.532098728567071e-08
8.961796694136743e-06
0.0008622102070646468
1.7401721245914473e-09
0.0
0.0012474214617225578
0.09052170067814944
9.038934926569089e-08
8.860814015819747e-09
0.09471845966502883
1.2692000222791632e-08
6.048680621476787e-07
0.007873114341483295
1.0876399130998908e-06
0.08975492212312865
0.012096032726137188
0.000169964299296578
1.4292866772572224e-09
105.23730290587815
0.0
0.7441262456958325
1.097273061576073e-07
0.5257927436777782
0.037411018969652626
1.044392015110605e-07
1.3621208622402068e-08
4.3106461960793397e-08
6.0850171813849554e-05
2.4425955631026435
0.00023126783904925418
9.971560861038235
1.7779525379574042
1.5059987250892045e-08
0.00023298049514693385
0.0
0.00020301190960060028
0.1827773085541021
0.04556573445673964
1.5621681433046738e-07
0.000396708419734192
8.130314927489461e-08
4.640166617635163e-06
0.2962741314447493
6.118525069859679e-06
0.2332021244917507
0.21877607410685912
0.27781299815963373
1.3001009153435493e-05
0.00031553134296656555
0.0
