0.0
0.00026395814930556656
0.0010529115809421248
2.1108333934330985e-08
8.420840172207493e-09
7.728234752082595e-06
4.12306666134538e-06
4.9885852997977815e-06
4.3762151543958645e-06
3.524597912495051e-06
4.8120654566838485e-08
3.7382674930171545e-06
0.9114785486259296
0.31341609502440354
1.613406534672584
0.0
1.0967275523024134
4.387304349033504
0.6997024437654056
5.187101211010942
5.018281924503141
2.7437301038552073
5.01913280791475
5.509275165240242
263.5171054550094
4.500229645478734
98.68660075956075
0.33498028921747136
0.696214091387378
1.3847357189157627
0.0
1.3847345920154221
0.8645039957978075
7.909987099291328
4.192306931384913
2.2325888554814775
4.191458077263676
18.92576343445508
109.41907542971593
14.259085344909309
213.41516312713614
0.6617329198241942
0.22050125067475154
0.8186930860983292
0.00013376283212985227
0.0
1.9406883804728738
4.020067801986759e-05
2.281465169965746e-05
0.0003575994610818183
2.4117927158819293e-05
9.411060123673225e-05
34.27761090561678
9.087503712108986e-10
4.813422359488471e-10
5.205036892137623e-10
0.00011135067235759814
0.001412151762844059
0.00013336119202124062
0.0025119070299384513
0.0
0.00019102264047183627
0.00036419776132473413
2.8559346386387645e-10
4.65247071005959e-05
3.76844435339823e-05
11.475622974854486
2.7560924427931356e-10
5.90306190202606e-10
6.367424910872468e-10
5.5629627824577407e-05
3.6915807233625246
0.0012083766152156555
1.7633212870398034
0.000460541683670441
0.0
0.00032388239463711666
0.00026639522789532896
0.0002968225034102425
0.0001268529951597016
5.29832675427138
0.00010621688443232812
8.842887620351105e-10
5.251060947652544e-05
4.6604671370469894e-09
0.0035383350341183324
0.5854282023680295
2.445040644082061e-10
6.931094672729858e-05
0.0005505963920582934
0.0
0.0003922731212359156
6.710072817876645e-05
5.2315790315143715e-05
4.776210951041072e-10
5.546930408487945e-05
1.1751292706301852e-09
6.209138960635216e-05
2.5611750791971955e-07
0.0021581969229699976
5.770335420016896e-08
0.0006247777890302291
3.935523853548566e-05
0.000327247633216878
0.0005978663757143243
0.0
3.8231268377173106e-05
3.0969945974611165e-05
4.70218321915971e-10
8.562510276957273e-05
10.51400380451389
7.348066929380227e-05
0.0006509630722836821
0.0003514219199425914
7.882978027718581e-08
0.23366778077220657
6.901843318742062e-05
0.00021146047900486714
4.42200244118792e-05
7.496977704723354e-10
0.0
5.2501398725050106e-05
1.4742794345792058
0.00013889185190664558
21.683651854263495
0.9033161234491618
0.0013053205687821895
3.169245317000187e-05
0.0001344880292687912
0.000268177630701127
4.683025387549266e-05
0.00019152681059038054
4.380285994428509e-05
0.000590043378271545
4.642145442207136e-05
0.0
2.530721246999984e-09
6.301390208112733e-10
6.173426212356674e-10
6.847070885613332e-10
0.0018079394556197114
2.62942754381284e-06
0.0009697702618791862
4.6239653706767166e-05
3.7290969701075095e-06
6.945400527772101e-05
3.5157444873477576e-06
3.933689607026619e-05
0.00037538396814673007
2.8456272559877516e-06
0.0
0.0005939087291558393
0.6571253299661157
3.771633429653348e-05
0.0012625332904684023
0.785645553352492
0.0007157843890709284
0.0003801918922102399
4.112936809964988e-05
0.0002296249666802493
2.141395062042749e-05
6.453666109403584e-05
0.00040096905251043116
3.1692121887298385e-05
6.753407982747257
0.0
8.411204306342192
7.377452538690481e-05
0.0019401597792055166
0.000987596783350449
3.352666307165814e-08
2.2330266550605457e-09
1.8385847493690678e-05
2.863720694528914e-05
6.12848143216484e-05
0.0003449353116094748
2.0567652039005475
1.4942417053830415e-05
3.437266119589427e-10
0.00033328921600151595
0.0
0.00017697262991505334
0.0019782400365809484
0.0019211677463260933
5.3879055424827485e-09
3.5235731996893245e-09
3.281151148417955e-06
5.2977759890257595e-06
1.2963254815325327e-05
0.0002893699500961986
1.5534802440794846e-05
2.6258437642962284e-06
3.9469899939665196e-10
0.00016338064033980047
0.0007991262872375542
0.0
