0.0
0.0002211204667479372
0.0008188757054534907
0.36918582941293016
2.5101429436195406e-09
4.9329196971551565e-05
3.209600018227993e-05
3.496796857353796e-05
3.1347577102603325e-05
0.49423787386902673
5.395396212555089e-08
4.427762699110783e-05
9.52425164093206e-10
2.3040779252624247e-06
2.891690338158697
0.0
1.915326665679054
3.999331885735929
3.4832837645349057
1.4148759499159227
1.485380523529686
2.2591405231051205
1.485495449262924
4.361063212251315
316.18665509414336
4.647618226621034
48.30408643258017
2.818214933162276
0.0009403919200428887
1.0307581770451804
0.0
1.0307582175530332
1.3161289286728788e-05
10.609278128867867
8.439009543722406
6.161784647056752
8.438904258927689
18.570843343124366
50.23995358316689
11.581197275704742
267.78789423331773
0.9829902842754784
0.5923846183622243
1.252898488259774
9.34049356063888e-05
0.0
3.2618427864574113
9.7229798279848e-05
2.7240850099548843e-05
0.00029647676512516353
5.850485373950617e-05
8.434932616488875e-05
26.132912683485063
1.7323184608598572e-09
4.366200936763038e-10
1.3325322558936385e-09
8.711081068805827e-05
0.0012671217651819171
8.347691845383427e-05
0.0014253184536837725
0.0
0.0001378092117137054
4.7269665960596515e-05
8.764235521047338e-10
8.26246135681522e-05
4.292249606872064e-05
8.933136280872008
8.090797684459229e-10
8.103814198333229e-10
7.248204783666021e-10
4.29618183837464e-05
2.0734659241661597
0.6631444511050633
3.167197907673552
0.00012381589082876434
0.0
0.00011705366246301529
0.00045393876184570835
0.00012852365880584954
8.706174534584772e-05
12.860213909736196
0.00012206645021305831
0.005931629480402345
7.427947983069776e-05
5.7927205911651465e-09
0.2700136515896153
0.2439723399977729
0.0016480934927174075
4.674809517467929e-05
0.00023936296199784344
0.0
0.00023965447072595486
4.564751501901739e-05
4.001125204118113e-05
6.553356795138101e-10
3.711872874818195e-05
6.430924256366718e-09
0.00010283470765603826
5.73774218169675e-09
0.0019298132860060655
1.5924673043761733e-05
0.0005379266648738608
2.701323940129918e-05
0.00027099185834621913
0.0004751766000810693
0.0
2.6521991362984033e-05
2.366157723337505e-05
9.743369055821174e-09
6.4203982557867e-05
9.1912220894117
0.00011457173989998263
7.832830903966254e-05
0.00032576582828230743
0.17566743186595182
0.0023564983974504166
6.866345807112652e-05
0.00017728811648321405
6.487021731623515e-05
7.940451756666018e-10
0.0
4.0066500000064036e-05
0.0006354246437353989
0.00017687889876242012
22.228340140140325
5.453520902178631e-05
0.0008857183244583728
0.023029784208178212
0.00010107914441081996
0.00018583614420718234
0.043045361608421165
0.00013781305027652386
4.7127104172682766e-05
0.0005132397007807081
8.2475428913144e-05
0.0
1.0178138127477964e-09
8.521522227133515e-10
7.217787816135048e-10
7.194813230510657e-10
0.001574749645835395
2.6593605445893625e-06
0.0008097164087383574
3.9315848053636164e-05
4.012940881865288e-06
5.306388384040397e-05
3.602105812365253e-06
7.679510844313067e-05
0.00033247201006091363
2.1383640176673073e-06
0.0
0.0005190299187219672
0.5744513731489476
7.365759608905846e-05
0.000856276538240932
0.1376866424649849
0.05380408449571487
0.0003230540301307794
0.006035937779427709
0.033464596298152
2.208417253667099e-05
0.00010751512366143351
0.00031355875414162813
2.383063493110677e-05
3.6971274529346516e-10
0.0
8.966282612134794
0.00011479791149511657
0.0010789034969857112
0.000874603390473975
0.0045912342204367206
8.797667830975303e-10
1.273340472359263e-05
2.3303568955159513e-05
0.7953241881537938
0.0002826604577109283
1.5145712921273333
1.134441246760411e-05
7.045912610837118e-10
0.00025787376227540625
0.0
0.00018973230401276648
0.0009076013210277017
0.0025259938793899097
1.3659842908476099e-06
6.40150137440098e-10
2.231127599341276e-06
4.260313663321916e-06
1.1206855059402486e-05
0.0002438903243071036
1.2781591275890562e-05
1.9764054387507446e-06
7.902596041036507e-10
0.00012636425516883117
0.0007003567940800098
0.0
