1.0712468680891505
12.187942602542376
12.27019429095242
12.131180360754634
12.13118036075463
0.44853322802135087
0.0
25.898794051372043
44.06498932122712
44.15981061865733
46.05844522412023
44.83275534657132
26.467996323536518
0.0
44.35662591705815
92.11640948361327
98.55973543746758
100.00000000000001
100.0
47.839264926863194
0.0
49.68926722234108
94.30365876311902
100.00000000000001
100.0
99.58174630710741
66.34283619508696
3.534783732835479
54.45152284382616
93.82977486657195
93.7419250317013
99.99999999999999
97.49550473586379
63.681628536047846
3.130494897300566
0.0
0.6312459069050386
0.6312459069050387
0.23289341618537812
2.313147823983131
4.626295647966264
0.7710491996125735
0.0
0.0
0.0
0.0
0.0
0.0
0.0
0.0
12.187942602542371
12.270194290952418
12.131180360754634
12.131180360754643
23.992031934261284
0.0
44.0649893212271
44.159810618657346
46.05844522412023
44.83275534657132
63.90622247959054
0.0
62.770948900035975
54.59467571613551
72.56997490419322
70.79616247325863
94.17160284695076
7.151435596248916
67.75905561128938
60.8147001889911
48.084621757672465
99.99999999999997
97.10598257390015
0.0
35.90510040626131
35.81725057139062
26.054912698157363
38.93730638438236
99.99999999999997
0.1755156465988461
3.388108186051876
3.388108186051877
2.989755695332216
5.070010103129969
71.28293492525982
0.0
0.0
0.0
0.0
0.0
0.0
0.0
0.00038335403892675855
0.00019167701946337927
0.0006424752962580435
0.008800708811633303
0.0
0.0
3.1193047929532653
0.0029593564242720873
0.0059187128485441755
0.14811111182652953
1.1009977357995167
4.450136441136992
4.4501364411369915
2.1546640594770174
0.05385395491544186
0.0
0.0
0.0
0.0
0.0
2.6302964716121315
0.009904022787948302
0.0
26.822118349476376
0.19764589022191564
1.490153790363939
1.4901537903639395
1.2885785970085868
0.11976139405445725
0.0
0.18144289723824983
0.18144289723824983
0.5527757801666326
0.5527757801666328
0.36288579447649966
0.7457675941796988
10.134211758416345
13.396295010348437
4.00785084611179
1.170739658842951
0.745767594179699
0.745767594179699
0.12887847064075067
3.826876523638136
3.8268765236381372
0.5549898071426517
0.22199590238426034
0.0
0.0
2.503917788763889
5.295411224906028
3.425913929534072
1.8684333562038429
5.293458880172786
3.6392368854316146
0.0
19.463745898729194
50.30480873810708
32.180656391881875
21.67706940567885
51.25725685104882
33.438226290376456
0.0
53.76987878792368
67.18204477694644
62.90449091818323
61.460477994900415
56.870735005751136
50.1337764242192
0.0
61.53781235829003
84.2707109415831
72.76349357465351
82.47643516047576
77.15365716522348
67.14044315425308
3.788649743765562
57.65771558624611
59.40761221696439
62.9797447871927
99.99999999999999
76.9816223567622
62.81244116710622
2.8719249887927205
1.1846374599706135
0.0
0.18623026856517086
0.892203405191898
0.31542076068920355
0.07158040977547188
0.7757530971903355
0.7488635464081439
0.0
0.0
0.0
0.0
0.0
0.0
0.0004507982767946642
0.011081101136061514
0.025261584332864195
0.007090997645854561
0.0
1.732947185300586
0.025382834043462286
0.14811111182652953
1.0240894164904908
3.6770691745126625
1.2256895977961952
1.7329470448039186
0.08791590453475853
0.0
0.0
0.0
0.0
1.4456589216264055
0.0
0.0
0.0
0.2964052533323864
0.10533802248804033
0.17547248044396757
0.0
0.18144289723824983
0.18144289723824983
8.560796152437057
1.6788004880087537
0.5596000873619774
0.0
0.24781572802067192
0.43942730233238353
0.37784184287688216
0.07987342393608529
0.07987342393608529
0.0
0.0
0.0
0.0
0.0
0.0
0.0
0.0
0.00019167701946337927
0.00019167701946337927
0.00019167701946337927
2.0862280643517526
2.0862280643517535
0.0
0.0029593564242720873
0.14575025544370931
0.14575025544370934
0.0
4.053338017255113
4.053338017255113
1.0240894164904908
0.05385395491544186
1.9267720918154139
1.926772091815414
0.0
0.0
0.0
0.0
0.009904022787948302
0.33689016714559283
0.46067298578526017
0.519074595518856
2.127692316763609
2.1276923167636093
0.0
0.11976139405445725
4.276267531287181
4.276267531287181
0.0
3.279731415921832
0.7488635464081439
0.0
0.7457675941796988
1.0899841243858903
1.0899841243858903
0.7457675941796988
1.2413990502210426
0.7457675941796988
0.7457675941796988
0.12887847064075067
0.5549898071426517
0.5549898071426518
0.5549898071426518
0.22199573332040465
0.0
0.0
