0.0
0.0002835328095549661
0.0011311087552965892
0.0012037502157995765
8.662386902720663e-09
8.257267767033217e-06
4.411363635390188e-06
5.337850483483756e-06
4.6825920542108655e-06
3.7704636770750137e-06
1.772522062498454e-09
3.9921226845495135e-06
4.012927351758852e-10
2.5371889556954317e-06
1.8242826909987926
0.0
1.8242639794845814
3.4631004373731886
0.912235609814402
0.653236276589874
1.0491033114514443
1.870144348553783
1.0491504134062208
2.4791209782821384
333.57353776221845
2.5505267011930633e-05
46.953681591812774
1.084954079545228
0.00010598862025131492
0.6892582749965577
0.0
0.6892581621518368
0.4368438172291689
8.798613742333597
9.239989270095501
3.7373971070065672
5.909923543499699
20.45274224851322
54.333232386126404
19.83508575832627
264.1324837932905
1.814279379731523
0.8663898142659496
1.730652846299432
0.0002018466169933976
0.0
5.5074941634699135
4.299983939538873e-05
2.4473988969811976e-05
0.029949217771487464
4.326171530369944
0.0001010678027103941
10.671271344636779
8.419767868303082e-10
2.697019074763104
1.0986862167589485e-09
0.00012138062352032904
0.0019710425778233956
0.00013881551587067512
0.1877850945634822
0.0
0.0002050068061430034
4.709151448078496e-05
3.279549070412967e-10
4.988714269176631e-05
4.042307326912219e-05
2.4570930912019155e-09
2.7228023408978056e-10
1.9346211855008045e-08
5.684250079108513e-09
6.0581941843450325e-05
0.00021016210140282097
0.0012896866587409877
3.935180945888076
0.0004984798259410423
0.0
0.00034854119003506685
0.0002848799282725822
0.00032090495291656163
0.00013621964987058246
5.150592931688828
0.00011403574819982018
1.1199267640081991e-09
5.6421756818052734e-05
6.172091101702233e-09
0.004175744432643642
1.016930283276366e-08
6.095322553671004e-10
7.490490097861847e-05
0.0006323206764490548
0.0
0.00045488756960425624
7.199095912810666e-05
5.6087775952835914e-05
7.186420035855289e-10
5.9667899993207546e-05
9.674736996185656e-10
6.668331955265582e-05
1.060336220619358e-08
0.002039768510339995
7.718477025446769e-09
0.0006708493975683607
4.2369698762071785e-05
0.00031392169048715524
0.0005837706487382391
0.0
0.1080938058971864
3.3196636152219944e-05
5.62153316549854e-10
9.210563662874732e-05
10.963485568388068
7.889547231283828e-05
0.0006994217347312176
0.000377322423732296
1.2475745141705485
1.7143431068313189
7.419538199801291e-05
0.0002260242105034358
4.7316143698244776e-05
1.1250606544685695e-09
0.0
5.6287280921089937e-05
3.739070369862486e-08
0.00014674596634893484
19.195163325515264
0.6991975430753998
0.0010599521809186482
3.410042558291448e-05
0.00013996617073696934
0.0002879496960235879
5.022426849642144e-05
0.00020555565720493523
0.0013352109044043078
0.0006346662238932981
4.977893318774777e-05
0.0
1.297645723475212
1.6076136261553194e-08
2.8147039455265753e-10
5.741159432199793e-09
0.001925921245750196
2.8285944802362546e-06
0.0010417192000993555
4.903298776834599e-05
3.9987211397417206e-06
7.457901636157206e-05
3.7725564029244777e-06
4.1451707890556096e-05
0.00042915426001515297
3.0494956816203467e-06
0.0
0.000637265674003422
0.6683324523761799
4.049301021623424e-05
0.09968983100078352
0.0006981767857331243
0.0007686943190470304
0.00040818808296250284
4.423421171323814e-05
0.00024314498043320222
2.2964086056500466e-05
6.776256746126056e-05
0.00038054826238893564
3.397638993131889e-05
2.9431087459793776e-09
0.0
10.928093889837704
7.921433584240752e-05
0.0020874473435348443
0.0010608312011427137
3.7103416243080766e-09
3.1450621843192043e-10
1.9816283503616397e-05
3.072027016475358e-05
6.578087072283854e-05
0.00036431254802042574
1.4253677235889688
1.6018529013645784e-05
5.012914891725597e-10
0.00035832501518291563
0.0
0.0001898767812161785
0.0021261982245157716
0.0020637204748012485
6.183882698946349e-10
3.190830189072413e-10
3.5279229994003237e-06
5.684891779451942e-06
1.3922536966185903e-05
0.00030727661809198167
1.66838778270301e-05
2.815246838091466e-06
5.665577195184861e-10
0.00017597944327785143
0.0008579837607886904
0.0
