0.0
11.466459294697312
11.46645929469732
11.46650223872527
11.466502238725269
23.999684348581514
0.0
46.25093260509565
46.250932605095485
45.827057089557655
45.9282501815745
63.6344876000495
0.0
100.00000000000011
100.00000000000006
100.00000000000003
99.84861012424888
100.00000000000004
0.0
76.75140373687135
76.16032982051212
85.65984014860865
100.00000000000001
100.00000000000001
0.0
59.95838406095299
59.970951918067506
60.36075576595564
70.0027046764712
100.00000000000001
0.0
3.4641526445794937
3.4641526445794937
3.4641526445794937
3.4641526445794937
30.509142766607315
0.0
0.0
0.0
0.0
0.0
0.0
0.0
0.0
0.0
0.0
0.0
0.0
0.0
0.0
0.0
0.8004117325748314
0.0
0.0
0.9130522747525034
0.0
0.0
0.0
0.0
0.0
0.9130522754137115
0.6727713662657998
0.0
0.5816214108611496
8.091696418002323
2.5924852500949624
0.8641617409445423
0.0
0.09750378763526844
0.09750378763526844
0.09750378763526844
0.09750378763526844
0.09750378763526844
0.0
0.0
0.0
0.0
0.0
0.0
0.0
0.0
0.0
0.0
0.0
0.0
0.0
0.26665670005855635
12.799774393872864
12.799774393872871
12.799831652576808
12.799831652576808
0.2666495427205644
0.0
24.061463066975588
41.97340747114481
41.97340747114451
41.58475791622101
41.673301871735745
23.967064453260363
0.1011930920166344
44.639771607485386
65.21532447880011
65.2153244788001
68.91570418906842
77.55305639334416
33.528179670086246
0.2803387203459607
58.027156270175595
87.35891086088594
87.03693249923991
70.94930766868555
72.04080708898637
40.822269175798475
0.0
52.339563359683154
65.11037353970971
65.12473680498411
70.64476894102513
58.20600328583655
59.66804943463582
1.5469929069451285
0.0
3.4641526445794937
3.4641526445794937
3.8991073396906857
3.8991073396906857
0.0
0.0
0.0
0.0
0.0
0.0
0.0
0.0
0.0
0.0
0.0
0.0
0.0
0.0
0.0
0.0
0.0
0.0
0.0
0.9147562657998074
0.0
0.0
0.9130522797565424
0.0
0.0
0.0
0.0
0.0
0.0
1.0612562958893867
0.0
1.4783487708361895
14.433443897920858
0.664710183841314
1.2463315947024634
1.2463315947024634
1.2463315947024634
0.0
0.0
0.0
0.0
0.0
0.0
0.0
0.0
0.40462069453996197
4.475562326383015
4.07094163184305
0.880691654415675
0.32189325315566486
0.08498829569131203
0.8063895648983965
1.5119804341844891
1.5119804341844891
0.0
0.0
0.0
0.0
3.7331938008197914
3.7331938008197914
3.7331938008197914
3.7330935980879016
3.733093598087903
3.733093598087903
0.0
36.09219460046336
36.09219460046341
36.09219460046341
35.665991108593765
35.66599110859376
35.66599110859376
0.0885439555145551
53.384836503086866
62.24765336557211
52.43577094463254
43.21896018576146
39.05871886495812
49.82306111706974
0.2452963803027156
61.42564118754633
77.24752212887857
66.60020288267344
63.50884596792699
60.19317153181894
61.233403665854524
0.0
58.356975902139816
58.10240956266961
62.64370478261819
60.16666340597107
57.36984666211058
52.20954325530635
1.3536187935769874
0.25878048538517634
0.11057646511483309
0.43495469511119195
0.0
0.0
0.0
0.0
0.0
0.0
0.0
0.0
0.0
0.0
0.0
0.0
0.0
0.0
0.0
0.0
0.0
0.0
0.0
0.0
0.0
0.0
4.3060418679404595
4.3060418679404595
0.712398179333311
0.0
0.0
0.0
0.0
2.582511654955629
2.582511654955635
0.0
0.0
0.0
0.0
0.0
4.549599083137068
2.0748562837848055
0.0
0.0
0.0
0.0
0.0
2.689395441583408
0.4631671417869247
0.0
0.0
3.640543576968842
3.6405435769688426
0.0
0.8753799392007153
0.31658153841939546
0.07436475872989802
0.7055908692860968
0.0
0.0
0.0
0.0
0.0
0.0
