0.0
2.3987922354003087e-07
4.5919407773506547e-08
3.158081504362741e-08
3.192939737973447e-08
2.4680272338879506e-08
2.3740915093266212e-08
2.3173518159744946e-08
2.5089569223629916e-08
1.0416910214798267e-08
5.929326366772534
3.023074659805306e-08
2.5117751851089895e-08
2.2130024949767133e-08
8.792668288607228
0.0
5.533558312867689
11.954318944539171
5.675001244995376
0.18809688497583738
10.344139113700724
37.15517176988974
1.4383797984945024
1.9560317988528454e-08
193.29326748866646
0.2668020369408813
119.40935949012831
15.639500214604142
2.5118452955475593e-08
2.7740898280414514
0.0
2.119223354217925
0.03283305584761839
10.69054447300168
3.5891265362814875
6.625725789121718
3.8419787719307883
46.435106714686455
11.510390796360976
34.10425852749793
242.0599068185682
0.655759759132449
1.8512988019634397e-08
0.8573664180616345
1.2973954687092033e-08
0.0
5.50775640494078
8.140701968399064e-07
0.8157752140230556
6.430809736096462
0.8151486159591372
6.4704454203496166e-09
56.96644857741475
0.26291827185512495
7.44935034892519
1.0921775421372542e-07
7.428301917739294e-08
0.0010296418819025427
2.5789600835309213e-08
0.5956683795668539
0.0
0.00021433705455103162
8.276883097027555e-07
0.05493143112701957
9.570786484885762e-07
0.17077369590598576
0.07705626594214095
4.766023533998923e-07
0.04214847532470914
1.8065428736385053e-07
3.9398639824958615e-08
3.4400239957911882
6.420851014964833e-08
0.09700209521743432
0.0004550497209071817
0.0
7.316070249247865e-07
0.04385153576893658
1.3842500303956265e-06
5.402721899319258e-09
8.881722927667715
1.2415480384936142e-06
0.03739572633189481
1.5040418608650302e-07
3.1980115105446066e-08
1.0483695294888597e-07
4.6321169082532805e-08
1.1032021952002918e-07
9.251571418543873e-08
0.00046101123610090667
0.0
0.0005783157329062092
0.030558849236223925
5.909563845293493e-09
3.04353184694544e-08
2.2214556235323324e-08
35.438398684325506
2.2514048758511602e-07
4.27976459022352e-08
1.8042571110624365e-06
3.842421642660849e-08
1.1335381278415227e-06
1.7553967094646066e-07
9.522760285874676e-05
0.000659524936348602
0.0
0.08608607240429329
9.378169868549325e-09
5.0434691958115394e-08
2.660258192647512e-08
1.5736774714732393
2.649114215545136e-07
0.015997202254595937
9.780372131259243e-06
1.6534577860987694
0.00811284087032295
0.007131112050701607
0.0009542122493235144
0.007130246446705813
4.642391168272706e-08
0.0
5.751187578534595e-09
10.284940417149432
0.00011783857574624345
3.1074706638582303
0.7145221718980567
0.13173183109067974
1.3304579801960823
3.762339919728853e-08
8.339221998619579e-08
1.9413494142475176
1.075506296298911e-06
5.023875967388767e-07
0.07615439388986965
9.491913805952156e-07
0.0
10.951720164638989
4.851915766686988e-07
0.05353991075189874
1.6181319076832704e-07
0.001926458151199683
1.0606982749021154e-06
0.02395913311414212
0.00045574845764427747
7.381561927404632e-08
1.9115200152639632e-07
7.349973586256154e-08
9.711897101062685e-06
0.0006259008062701984
1.7064920306871e-08
0.0
0.000915201483412066
0.09285648574369379
1.695404637707956e-07
1.5750859245643632e-08
0.06305212075687791
0.38126652634822866
1.2201483471289823e-06
4.4954435226334545e-07
0.1255140359805585
0.09561214383042016
0.011080772656633176
7.378481146975096e-05
7.793916626217724e-09
74.7207545348613
0.0
0.7445063051348306
2.477680198530106e-07
2.9241700954354247e-08
0.1310738110466153
0.06221344932997244
5.77139188945388e-08
2.5758465038513465e-07
0.1848772410696266
3.9868789943075686
0.00023778333815041884
2.824842879511846
8.57633678379198e-09
2.7885498903892603e-08
0.0002407294608373383
0.0
0.00021586019414738904
2.9542121164497937e-08
0.04524766895903229
0.032885217044984184
0.00040517800218982375
1.9168052192783038e-07
0.051837202256567946
0.3136809961198286
6.296075405134171e-06
0.07034244617792353
9.705744875578615e-09
0.00591701559536269
1.3400822069079613e-05
0.0003211591549294759
0.0
