0.0
11.466465419105111
11.466465419105102
11.466507094587485
11.466507094587481
23.999693670280788
0.0
46.25107721949331
46.25107721949338
45.82668047218554
45.927997999418096
63.63403814179739
0.0
99.99999999999986
100.0
100.00000000000003
99.8490147388864
100.00000000000003
0.0
76.74786603328651
76.15602136251222
85.63179561576389
99.99999999999999
99.99999999999997
0.0
59.960081228873264
59.971927261616116
60.35828302505189
70.00305490725174
99.99999999999996
0.0
3.465306919883661
3.465306919883661
3.465306919883661
3.465306919883661
30.44320377775618
0.0
0.0
0.0
0.0
0.0
0.0
0.0
0.0
0.0
0.0
0.0
0.0
0.0
0.0
0.0
0.8013959684627566
0.0
0.0
0.9131357023146836
0.0
0.0
0.0
0.0
0.0
0.9131357029307836
0.6723958723787256
0.0
0.5820399058776973
8.10027958998156
2.5952351989745153
0.8650783910982223
0.0
0.09738630731864853
0.09738630731864853
0.09738630731864853
0.09738630731864853
0.09738630731864853
0.0
0.0
0.0
0.0
0.0
0.0
0.0
0.0
0.0
0.0
0.0
0.0
0.0
0.26665699437017343
12.799781056839931
12.799781056839919
12.799836624149762
12.799836624149755
0.266650048456444
0.0
24.06153864660063
41.97353873246918
41.97353873246926
41.58441126273239
41.67306409906086
23.96702395668185
0.10131752723268916
44.63154262058321
65.22836431048027
65.22836431048037
68.89206293108505
77.56226906271735
33.53662379702658
0.28069345750755653
58.02280936919594
87.35743472521358
87.03614369061185
70.9259551261542
71.95908046722411
40.75674993778327
0.0
52.338296102568435
65.11058234823898
65.12412067137342
70.64225502383955
58.20351477097482
59.66754816231268
1.5468258163009243
0.0
3.465306919883661
3.465306919883661
3.900163915727463
3.900163915727463
0.0
0.0
0.0
0.0
0.0
0.0
0.0
0.0
0.0
0.0
0.0
0.0
0.0
0.0
0.0
0.0
0.0
0.0
0.0
0.9158811068145791
0.0
0.0
0.9131357070280529
0.0
0.0
0.0
0.0
0.0
0.0
1.0617697462182532
0.0
1.4802194517118892
14.425896630653988
0.6651884638602255
1.247228369737923
1.247228369737923
1.247228369737923
0.0
0.0
0.0
0.0
0.0
0.0
0.0
0.0
0.40708564547059034
4.4780272788986215
4.070941633428025
0.8806916576930317
0.32189325888023307
0.0849882984831086
0.8060050691996412
1.5112595047493296
1.5112595047493296
0.0
0.0
0.0
0.0
3.733197921182428
3.733197921182428
3.733197921182428
3.733100678390217
3.7331006783902163
3.7331006783902163
0.0
36.09230796990098
36.092307969901
36.092307969901
35.665580389680834
35.66558038968085
35.66558038968085
0.08865283632860302
53.38801565199944
62.23289484721572
52.42351826378324
43.2161397734016
39.05809294904639
49.81642727504141
0.24560677531911196
61.424152745554196
77.25127824524404
66.60169251796114
63.516208774836336
60.18793887236653
61.13512481059912
0.0
58.35582228523126
58.10129077681999
62.64277279785666
60.162171538626524
57.368203168731235
52.20910464202359
1.3534725892633086
0.25909946599768613
0.11046542291257888
0.4348569958438018
0.0
0.0
0.0
0.0
0.0
0.0
0.0
0.0
0.0
0.0
0.0
0.0
0.0
0.0
0.0
0.0
0.0
0.0
0.0
0.0
0.0
0.0
4.311336865722247
4.311336865722248
0.7110442553357582
0.0
0.0
0.0
0.0
2.581799221220773
2.5817992212207708
0.0
0.0
0.0
0.0
0.0
4.566596727175171
2.0808766031915016
0.0
0.0
0.0
0.0
0.0
2.6874017770701566
0.46281797311720796
0.0
0.0
3.640755809839175
3.6407558098391823
0.0
0.8753799392024288
0.3165815408396201
0.07436476117272002
0.7052544355496865
0.0
0.0
0.0
0.0
0.0
0.0
