0.0
3.7280620507177176e-07
1.7096004417857444e-08
2.3613312776423905e-08
3.775864614900403e-08
2.574549989431805e-08
2.3785993110672464e-08
2.3193501728806298e-08
2.5697193833450953e-08
8.327592797396938e-09
3.387721935849232
2.910931427710773e-08
2.5699591598172835e-08
2.3399680812703908e-08
2.732729987181888
0.0
2.547898056568166
8.9942297409755
1.1385164991171486
9.014081331592566e-06
6.155469245796465
19.101433353733743
4.6347387353328315
1.9710280833589033
150.23436965842933
0.26628676430991777
177.96675164780382
10.76227383213215
1.714375744675778
3.0484999836260203
0.0
2.434363044162688
1.7477374962405563
12.784901086970997
6.9799083307623215
15.792130088474682
5.197201671939389
48.49607379439876
11.432182933280224
42.01332681674736
203.6341405311224
5.002335155827034
3.3632772168024855e-08
1.1484629952993046
1.8017665040035626e-08
0.0
4.5333688294887695
8.973641579240649e-06
0.8158427637924724
6.4519925173924575
0.8154187234694736
5.451595499775743e-09
72.07297762328253
0.26287592069944565
7.438411600884652
1.0643784850027862e-07
4.0003147546022486e-08
0.0011586013679098623
2.784473201597484e-08
0.11499784988024209
0.0
0.00020303055034457307
2.6399760962184406
0.05512632786723151
1.0480674895298952e-06
2.0710557302777628e-08
0.05680681979515767
4.262276202500938e-07
0.5480483510104519
0.3002369529883226
2.4701832416751908e-08
7.350145546093664
4.0247849043567623e-07
0.10507656784767336
0.0007291630098295924
0.0
8.596123161056668e-07
0.047458716227112785
1.5086628614431063e-06
4.479370238905049e-09
9.435257258363581
1.0740988650095097e-06
0.03969036143753603
1.2870573412989057e-07
2.334567570766979e-08
1.0366256492371217e-07
2.1534089644620142e-08
8.380882511756612e-08
9.028037561383074e-08
0.0004766005446873618
0.0
0.000598539800906328
0.036039077469268654
4.865551692968409e-09
1.9491948290155967e-08
1.8638038890579934e-08
35.43367154522062
2.0176053048683882e-07
3.221206816151785e-08
1.6935604379537834e-06
6.568699290947338e-08
1.0015078737096151e-06
1.8952363993097548e-07
9.861923711844143e-05
0.0006804363210039933
0.0
0.10031496094236401
4.383756110016413e-08
2.5049282887979796e-08
2.2603813922220057e-08
1.5703550287317145
2.3940579551051135e-07
0.20603335751884888
0.0030884982664334923
2.9887164509133246
0.3487049718609882
0.006178523885685647
0.00046795834956547133
0.0061773604209146415
2.9071114421421072e-08
0.0
4.59708799489158e-09
18.891730320036757
0.00011110439733585724
1.0923266490882293
0.5170862637636651
1.1676107582932139e-07
1.7830233299074352
3.342742821119729e-08
4.5226791729530705e-08
3.71045601190184
9.315163597462396e-06
5.900144142465396e-07
0.07673618399151741
1.0407065528500154e-06
0.0
22.065285746780756
4.3109278987944295e-07
0.05246485579360935
1.433942285107759e-07
0.002036902822942182
9.602725696466525e-08
0.03798556999384844
0.0004933888836444606
9.404527868900177e-08
1.8039887080848154e-07
1.0636263935871951e-07
7.745694925588719e-06
0.0005768592680951396
1.574710809875684e-07
0.0
0.0008994033828694094
0.09347308108507987
1.3829168539466087e-07
2.785280967257129e-08
4.819472731165179e-07
0.4051947203805987
1.6099998862262531e-06
0.016601142238878482
0.3869860264859967
0.09558725369165214
0.010999037451454568
0.00017947325413949453
4.231981841960232e-08
76.19733021804319
0.0
0.7492077832161779
2.1653857212321138e-07
1.5908008955761314e-08
1.332935281240809e-06
2.0815376090893715e-08
0.00047764239738863406
1.056212965890636e-07
6.297704828171549e-05
4.551619820028334
0.00024528666794357723
3.5071569258799014
8.017549528364112e-09
0.0007881866925193761
0.00024879999515936254
0.0
0.00022861883107391846
1.4813676980951217e-08
6.16876876535831e-05
1.4609848791828165e-08
0.00043863743430228865
3.927087046904429e-08
4.5660825092461505e-06
0.3773206954419154
5.96237091357731e-06
0.21919373227707806
9.867026724128192e-09
0.000683839721951687
9.91782230196612e-06
0.00027384324382088667
0.0
