1.070906237763623
12.185861600023436
12.238102767938006
12.118528238467933
12.118528238467949
0.47611668027168375
0.0
25.899234532363398
44.068915132112146
44.29085568974527
45.59319735146822
44.64718446907021
26.374463499839305
0.0
44.75403774265741
79.44062280970321
79.317886431569
100.00000000000001
99.99999999999999
49.95847865016453
0.0
51.2832351386791
78.62390128204088
78.28268463534388
100.0
100.0
49.44930086827785
0.19985741159658024
55.584530430328414
63.620375396890395
65.05879049359463
67.31497708670652
65.16850792791053
68.38014001361663
0.0
0.0
2.0735242191154435
2.073524219115441
1.9034928773958648
3.688224044387645
3.782844092276618
0.6304740133377572
0.0
0.0
0.0
0.0
0.0
0.0
0.0
0.0
12.185861600023436
12.238102767938008
12.118528238467928
12.118528238467949
23.99057153305661
0.0
44.068915132112124
44.29085568974527
45.59319735146824
44.64718446907023
63.900944551660956
0.0
79.44062280970321
79.31788643156901
68.09348990850212
68.48521538515101
100.0
0.0
78.623901282041
78.28268463534387
54.93626879939642
56.05606056770625
100.0000000000001
0.0
63.620375396890395
65.05879049359464
67.31497708670652
65.16850792791053
99.99999999999989
0.2439440143902463
2.073524219115443
2.0735242191154413
1.9034928773958648
3.688224044387645
14.520835126372663
0.0
0.0
0.0
0.0
0.0
0.0
0.0
0.0
0.0
0.23231389301451388
1.0454125591406902
0.0
0.0
0.24547273363875005
0.008928869293922165
0.08594259752613001
0.08594259752613001
0.6121444211212796
1.2580697118592452
1.2580697118592448
0.6824332096596694
0.053730631112257496
0.0
0.0
0.3970310257893456
1.56619530202338
1.5661953020233799
0.7686637377729132
0.0
0.02714971267590807
0.6530559515708109
0.625906238894903
0.026046702733478925
0.026046702733478925
0.05209340546695785
0.046023750669771366
0.0
0.0
0.02945552276278891
0.372754348545863
0.37275434854586276
0.13342704798810653
0.09674152763552303
0.0
4.009612487088973
4.0096124870889716
1.0329438278722054
0.4846114888892141
0.2746209604984011
0.10060074364538851
3.143149016729421
3.14314901672942
0.4575834475668217
0.1830333790876721
0.0
0.0
2.504122874508809
5.290853276489101
3.3618836257765925
1.863587630047011
5.228426115756736
3.609975952408861
0.0
19.463705948743602
49.39400144868038
32.447766579919325
21.03683799953301
50.98666247328406
33.52648105737276
0.0
33.74963292673112
82.49038473779343
50.44050709579003
47.98069214357214
48.90410376708682
51.075737740010325
0.0
38.97425134843697
99.99999999999996
80.67003529176495
80.80281306348289
93.75625081949342
62.40273862428825
0.19985741159658021
32.43590565574721
84.27244860208968
53.54936893877875
36.30607413586943
84.96166279882598
53.46314175947876
0.0
0.04311528296340991
0.0
0.1646572868882506
0.3200725930166984
0.10669083795223086
0.0
0.6304740133377573
0.0
0.0
0.0
0.0
0.0
0.0
0.0
0.0019796105165527243
0.004221182438446855
0.15440379813492222
0.0
0.0
0.24547273096810876
0.008951916660663948
0.23231389301451388
1.0454125591406902
2.9258984923449716
1.0338727330607322
0.6824332827444386
0.09286438287324547
0.0
0.0
0.0
0.0
0.6824332908699343
0.13965126325754998
0.0
0.0
0.026046702733478925
0.026046702733478925
0.10778820934672795
0.0
0.0
0.0
6.868701296788009
2.575762980313473
0.8585876563937016
0.3779557420484406
0.18897787102422042
0.31489229114410017
0.29057170700813034
0.10815716238109782
0.03712850635068053
0.0
0.0
0.0
0.0
0.0
0.0
0.0
0.0
0.0
0.0
0.0
3.066577490068153
2.021164930927462
0.0
0.008928869293922165
0.21769279185794688
0.21769279185794713
0.08594259752613001
6.925759323736035
6.925759323736035
0.0
0.053730631112257496
1.9223625194786096
1.9223625194786091
0.26768316820036536
4.159149323533319
4.159149323533319
0.0
0.0
0.0
0.0
0.0
4.054204267116982
4.05420426711698
0.0
0.046023750669771366
1.5648081273346393
1.5703311081228077
0.005522980788167823
5.517777445445704
1.8392591458960044
0.0
0.09674152763552303
3.2892122033669917
3.2892122033669926
0.0
1.0329438429519167
0.4846115107811465
0.2746209604984011
0.10060074364538853
0.4575834475668217
0.4575834475668216
0.4575834475668217
0.18303337007921394
0.0
0.0
