1.071241164471052
12.187906605236469
12.269614924162772
12.132350264634825
12.132350264634827
0.4427223895998527
0.0
25.899011272950844
44.06693218044955
44.18374374537876
46.0727744531257
44.849094872716336
28.334018468996835
0.0
42.720728023254864
99.26755211866464
98.26142734445784
100.0
99.99999999999999
45.27191397434823
0.3418374155906665
46.545240838444315
99.99999999999999
99.92979681585817
99.99999999999999
98.7509756308856
70.94438808442261
4.437388501616125
54.90487902461774
91.56721005205034
91.79597119855993
100.00000000000004
99.99999999999999
78.28515241038754
5.6177740416336395
0.0
1.79098582258876
1.79098582258876
1.4854784986761806
3.6083060952369856
4.6262948600722
0.7710489873643653
0.0
0.0
0.0
0.0
0.0
0.0
0.0
0.0
12.187906605236467
12.269614924162775
12.132350264634832
12.13235026463483
23.990718405350698
0.0
44.066932180449555
44.18374374537875
46.072774453125696
44.849094872716336
63.80014743791422
0.0
57.091755807009136
56.08563103280238
70.41054139492671
74.2817110385877
96.85722911644743
4.325984671049105
61.84256751752088
63.86480119937089
56.047463373446654
100.00000000000001
97.02488159813966
0.0
36.70596315399834
36.934724300507874
10.364482234245529
39.052193544624
59.616528103799595
0.19769004738864224
1.79098582258876
1.7909858225887596
1.4854784986761802
3.6083060952369856
84.00967507931836
0.0
0.0
0.0
0.0
0.0
0.0
0.0
0.0003926799669505738
0.0001963399834752869
0.000651401093552326
0.008832379823504696
0.0
0.0
3.5571677833369186
0.004022110383142142
0.0
0.13052706446809426
0.902511257892738
3.789070215935972
3.789070215935972
1.7042979747514604
0.05137702248115947
0.0
0.0
0.0
0.0
0.00021578995399671483
2.336900158285191
1.8495012362123289
7.5535298755979605
3.8311534824880864
0.22727616710454965
0.10013039781250685
0.09991480240531886
0.09991480240531886
0.29827818275579915
4.024873293481061
3.4567008140851447
1.5319636180346343
1.1812611724994313
0.7997611634510331
0.15995210650049332
0.2433461443482197
2.5371649737786357
4.35786079284292
4.357860792842921
0.9399307218443259
0.34179230423318174
0.08544782896766269
0.12887849658968498
3.8268765702694894
3.82687657026949
0.5549896674806618
0.22199585593847848
0.0
0.0
2.5039215019957073
5.295328196178831
3.4247548037843867
1.8680424015422699
5.293128575391807
3.640577256964175
0.0
19.463726160909477
50.31255635412085
32.25401579688352
21.67103832468776
51.43777540554637
35.211879501238954
0.0
53.10529581040336
68.06165901468606
62.880600920754986
48.486291532615496
45.27191397434823
45.27191397434823
0.3418374155906666
60.20728278734941
97.15805061208764
88.94457994115336
87.3223928193588
82.53459766756922
71.68187462169985
4.482200222200617
56.88515293944471
59.83108069081497
58.502073153662145
88.13290492553952
87.80600699060125
77.5476658731103
5.572962321049148
1.334666592215755
0.0
0.20074037858035795
0.5783284726875533
0.19769004738864238
0.0
0.7710489873643653
0.0
0.0
0.0
0.0
0.0
0.0
0.0
0.00045506111007703905
0.010922487937656633
0.027722368220187952
0.010080969070448012
0.0033595904915306877
2.012249511691106
0.022367358526004407
0.13052706446809428
0.902511257892738
3.6710379431689604
1.2236791228786168
2.0122493797244454
0.1873614065620988
0.0
0.0
0.0
0.0
1.0022335273440883
0.0
23.96026792105912
0.5404564265973459
5.761751326145255
1.97757606969582
0.31318025949279626
0.0
0.0
0.0
3.5724373030599113
0.3079414647667279
0.09957052158703944
0.0
0.5681724793959145
0.7020000487072621
0.9027404272876203
0.5681724793959145
0.5681724793959145
0.0
0.0
0.0
0.0
0.0
0.0
0.0
0.0
0.0001963399834752869
0.0001963399834752869
0.0001963399834752869
2.082328925667422
2.0823289256674222
0.0
0.004022110383142142
0.1461382289644226
0.1461382289644226
0.0
4.036389371425656
4.036389371425656
0.9025112578927379
0.05137702248115947
1.8381499615853985
1.838149961585398
0.0
0.0
0.0
0.0
1.8495012362123289
0.0
0.0
0.0
4.113491030783393
1.6893041240195354
0.0
0.2982781827557992
6.116580750707973
6.116580750707971
1.5319636180346343
0.6174743995197074
0.31244264340893163
0.15995210650049335
0.2433461443482197
5.736600570554416
5.736600570554417
0.0
0.9399302152284029
0.3417923244069546
0.08544782896766269
0.12887849658968498
0.5549896674806619
0.5549896674806619
0.5549896674806619
0.22199554140050887
0.0
0.0
