0.0
7.326240946107251e-07
1.0875447068135318e-07
1.2494556796590198e-07
1.3009871761141505e-07
6.553157403682618e-08
6.183593732518606e-08
6.907027356881544e-08
6.636595635977576e-08
2.9639177849671063e-08
1.280677607572738e-07
7.546549144743249e-08
8.955571566507813e-08
1.147189980491439e-07
5.3934900906169565
0.0
2.4500345999347535
9.627142163021858
3.245804081259376
2.1030226544621507e-06
0.8939820081604909
12.877935372583572
0.8480959518572275
1.6260268958071022e-07
147.82598444373764
0.2656269279493951
199.42831848281423
10.459081033019798
1.4566086709924169
3.0443568685996416
0.0
2.1411574113425402
1.4705487956144037
19.49184985920821
10.214306312770965
15.170804817181642
6.888325094138831
49.03618907181715
11.467157833052564
32.879349303173846
197.11917718425283
9.98266338390837
4.64248161736527e-08
0.9170380359736401
4.327904763779323e-08
0.0
2.8924651228954534
0.11348793742845151
0.9304419043132228
6.691628111536441
0.9334393031532463
1.5417242979991017e-08
63.07306239057699
0.2622752267179854
7.50811672893424
2.0713756903996864e-07
7.75379725922077e-08
0.0009621632992876996
2.4488375969085737e-07
0.4344953990113609
0.0
0.000265239503660623
2.0735832494589924e-06
0.05504369247174838
2.0765947820032455e-06
2.7017586493896988e-08
0.05668699607439634
1.1187524278489554e-06
0.04181932439124414
3.1844326506474066e-07
5.855280593172129e-08
8.800993607961683
1.0424442352423051
0.09865725186859184
0.0005246557051017022
0.0
1.7072450180370085e-06
0.04441633334480921
3.0250647543715056e-06
1.2294118805017339e-08
14.901966588572847
2.8598408801246686e-06
0.03762938708895373
3.230905635760474e-07
6.790819255386337e-08
0.8531707955227301
0.0026873161933445647
2.996602070916453e-07
1.7227669286122405e-07
0.0004473508661422964
0.0
1.6698153916598246e-07
0.058262678490734125
1.4233606664068976e-08
5.096527358732352e-08
5.0993066402579136e-08
35.415493446185735
4.841305376787458e-07
7.053886453287591e-08
4.1203179319292435e-06
5.356982860096914e-08
2.71117391109158e-06
3.368063938091271e-07
9.674745585239922e-06
0.0008223728216342433
0.0
0.1551136881776437
1.6700902345157082e-08
6.382126239414587e-08
6.117167614219378e-08
1.5464912899030874
5.772313780432915e-07
5.3337101890013674e-08
2.0774720112630402e-05
1.8666202949423716
0.008230128274645218
0.0070165505224907615
0.000746785602204911
0.007014555492179365
7.568371331478305e-08
0.0
1.476301834527386e-08
6.975228062051447e-06
0.0001963038723137449
2.195697793990406
0.8188437359450491
1.3754180557954067e-06
0.3185721554124722
2.738814401289087e-07
0.0006651664123625113
0.14979921840619587
2.6433589773642205e-06
1.176263777263712e-06
0.07648887974912856
2.0748206655226137e-06
0.0
38.40113538066847
1.1178651923220661e-06
0.053298810609455155
3.135525838984203e-07
0.0024730722883469607
2.207680216062295e-06
0.027035098997994784
0.0004575224242177417
1.7665550676062492e-07
4.155503088526276e-07
1.7537598159701013e-07
2.3402219875288262e-05
0.0007072409716935314
1.5751862599236747e-08
0.0
0.0011629118127383915
0.09596350612950191
3.4513804599032565e-07
4.636650078763576e-08
2.5849179844874798e-06
0.2884450691911111
2.6062846604469435e-06
9.041529167867635e-07
2.7285353852313956e-06
0.095495359210726
0.011090433968083844
0.00021903376215270433
9.63759105802301e-09
111.83883587775944
0.0
0.7646247794402061
5.346185208423543e-07
0.3152134484626962
0.3462473990639722
0.15553142578529752
0.08931415368593915
2.4150828744020093e-07
8.905877785987569e-05
2.9028988107545928
0.0002937136687517857
7.515489156913453
0.21678340542300822
3.8840524216092005e-08
0.0002990926024671384
0.0
0.00026280048170579276
0.29028495509662444
0.07086470971339083
0.06206918079843468
0.05357082879159373
8.27088770413057e-07
8.157798188360491e-06
0.18831409235190213
1.2132891707205698e-05
0.0833635362266916
0.06590842310160407
0.005953907643695529
2.659581564648642e-05
0.0004368702983825502
0.0
