0.0
2.7819916796691668e-08
2.1570742519338006e-09
2.6758323651164546e-09
2.7271866151218403e-09
2.370266053308257e-09
2.1345077723313892e-09
2.3627237721698907e-09
2.409926945918272e-09
7.540624074902852e-10
1.7512365360761343e-09
2.4113173608659085e-09
2.314705259263583e-09
2.069938406282012e-09
11.026484376001823
0.0
3.061577039323509
30.098808265246255
1.6991867664688025
1.1300131256948993
55.163014733632636
30.513477454568218
3.0507718347057047
9.72177814277817e-10
205.9272409515457
15.106182134321422
41.272861342737485
2.201938157047778
6.96052514347052e-09
3.459090717442299
0.0
3.311286143534601
0.15815697004040824
5.339633705559664
4.1729499163157153e-07
9.82826760228939
2.288667113800954
65.29572186235067
51.52871476984866
12.227511865113282
197.62601690986213
3.0896740589122356
6.105254623584195e-09
0.6757276657721104
2.152324771903096e-09
0.0
4.324785837512649
7.789453655817701e-08
5.588419820624697e-07
6.448921927464737
0.6049883272880955
5.135121063236236e-10
33.923669342537394
0.17922528696710227
58.311735439180694
1.7019285723775684e-08
0.00022701315285987838
0.00043572279464950303
1.2352397020987952e-08
0.27623737682261335
0.0
1.0243332448025446e-07
1.0384677560566146e-06
0.10057447708277739
0.058870562950209704
0.16937588845279103
0.10197158100669719
0.05455848490425637
0.09494703035465701
1.8653924686489524e-08
3.211684249811937e-08
0.8245673939842064
1.223486387162637e-08
0.6854441191765259
9.826059683735163e-07
0.0
1.5589344147076172e-06
0.022508961933192715
8.842191971827371e-07
4.0689476736075776e-10
0.02243740910695443
0.008329675461017762
10.446111461897402
1.340538856594432e-08
2.7450995975328245e-09
9.894119421110045e-09
5.441379961000061e-09
0.01704686496696551
1.8414732761593108e-08
9.519965414813642e-06
0.0
1.1901783340025991e-09
1.8045339077933588e-09
4.773226617845597e-10
2.330761908310574e-09
2.4864258740104074e-09
41.104518413058834
2.892154593082424e-08
7.726665848682815e-09
4.2089357006535744e-08
1.0078617307178395e-08
1.353793781754897e-08
5.449405737820294e-09
7.947912474676514e-05
1.380610188868441e-07
0.0
1.9869334264874533e-09
7.829285269256602e-10
2.720242666731498e-09
2.9201398301126646e-09
9.513197502692766
2.984307404768993e-08
6.874581932933762e-09
0.7365315948814282
2.5886269151113445e-08
0.0552011776560339
6.516994056767502e-07
4.335100683996035e-06
1.6486540686782278
0.15043887763327027
0.0
5.058311155943781e-10
2.3987108228887827e-08
2.408661194465458e-08
2.409238408537899e-08
9.544080122330123e-09
6.886416258094603e-09
0.05235150165474953
8.645532427880635e-05
1.7077765473657507e-09
0.05336220778058396
1.0228989309185292e-07
1.0322244929268062e-06
0.10462453082700592
0.05079808101476455
0.0
27.748589685507866
0.04954619421324748
0.0944587595769747
1.874988406944405e-08
3.770070252874014e-09
2.543979909473345e-06
8.432322941760534e-09
1.6753129475774111e-09
9.291777674515369e-07
1.4515573913590623e-08
1.3609089255406758e-06
1.620873335670066e-08
0.00024244851868522263
3.8830330168080734e-10
0.0
0.0006344938808311535
0.5897125937813664
2.3443657620281196e-08
4.049066876567463e-09
1.3863346661283828e-06
8.470113725973267e-09
6.045752006244451e-09
3.941462605939461e-07
4.3109150046719353e-08
0.5665833848742784
0.0032264260902737842
3.702524526603698e-05
3.1460066993760185e-10
21.812634806574685
0.0
8.035970130992858
2.7876464440839307e-08
1.3051955840139816e-09
0.2279646625247969
6.103456111157239e-09
3.3923670101555774e-09
1.8337768671875859e-09
8.521575999326164e-09
2.8858585113827577
0.0002065872095702342
0.00016284427908872003
2.603263038281469e-10
10.616717854370746
0.00020660552733330767
0.0
0.00019226654024164815
1.1692330072757527e-09
0.010880382814263815
5.934545935248734e-09
1.8263559300066672e-09
1.630023458205049e-09
7.160939731585929e-09
0.22023235170476088
2.927250684957217e-05
2.3845654294035712e-05
2.6904537213375635e-10
2.0515405229308775e-08
2.9290768742618108e-05
0.0006505282233488857
0.0
