0.0
11.46636794979628
11.466367949796272
11.466429863097936
11.466429863097929
23.99954541347408
0.0
41.95641076343248
42.025842980677375
45.87582601145056
45.960905875816536
63.69268882546804
0.0
99.99999999999969
100.00000000000009
100.0
99.75863346467496
99.99999999999999
0.0
80.09233460790409
79.67757851868959
86.77702376235716
99.99009414107242
100.00000000000003
1.5110823434197274
68.28766941807086
68.2785264177696
59.66562550175981
76.70542958488123
100.00000000000003
0.04099850328166044
0.40466008491997685
0.46754894446841916
0.4065719755937758
3.2755825020859675
28.679548376652306
0.0
0.0
0.0
0.0
0.0
0.0
0.0
0.0
0.0
0.0
0.0
0.0
0.0
0.0
0.0
0.6729608441216121
0.0
0.0
0.7363679226977803
0.0
0.0
0.0
0.14395587699313306
0.04798527879116024
0.7363679189253759
0.7356497012138308
0.0
0.28599654605517744
7.0578781358045255
2.522767062000392
0.8409223412868132
0.0
0.0
0.0
0.0
0.0
0.0
0.0
0.0
0.0326699975644085
0.06738094046218383
0.0
0.0
0.0
0.0
0.0
0.0
0.0
0.0
0.0
0.2666523223603025
12.79967500278398
12.799675002783964
12.79975755385285
12.799757553852842
0.2666420034766925
0.0
24.051676212953513
46.232206857283145
46.16277464003841
41.62964675641937
41.70409163773959
23.97230868808809
0.08507986436597706
47.53574068605986
63.29900896194212
63.29900896194196
69.95628975441645
75.2143196320575
34.41330570185039
0.0
52.66999085472086
83.5747336982437
84.5140018629711
71.72681945633701
70.24900515990726
44.212601430942804
0.0
50.87662937049103
58.653284806997085
58.59905051753844
66.17576393108324
55.53467131621392
58.93936830755479
1.30409919520251
4.143178919260788
4.221364564452903
4.225856625849222
4.2215011280724575
4.426430451393328
3.1413207707578197
0.5584570161776474
0.0
0.0
0.0
0.0
0.0
0.0
0.0
0.0
0.0
0.0
0.0
0.0
0.0
0.0
0.0
0.0
0.0
0.7690981075675566
0.0
0.0
4.8686097909316395
0.0
0.0
0.0
0.02759712559640451
0.0
0.0
0.4193320638694476
0.0
1.2974259485812756
13.45170889626478
0.32685319549163144
0.6128497415468086
0.6128497415468086
0.6128497415468086
0.0
0.32335241039123197
0.0
0.0
0.07973822750347244
0.07973822750347248
0.0
0.0
0.19158340961305792
4.262525022138369
4.070941612525307
0.8806916242556904
0.32189318813095147
0.08498826540037575
0.07109504090957561
2.2661557986215675
2.26615579862157
0.0
0.0
0.0
0.0
3.733132513044236
3.733132513044236
3.733132513044236
3.7329880486736933
3.7329880486736937
3.7329880486736937
0.0
36.07751431943033
36.07751431943028
36.07751431943028
35.719175913602804
35.71917591360282
35.71917591360282
0.07444488132022993
49.74524447141589
64.96527192285332
52.7185204136929
40.93913485483418
36.732536058512956
48.50293164364997
0.0
66.1690091615496
74.70670609562725
68.92002049684
66.13728039979755
61.93266859352056
64.8700114544971
0.0
57.67600427251477
57.4305450183971
57.44476682518607
56.9835243824388
56.09626832293089
51.57194726911043
1.1410867958021962
0.0
0.0
0.06738094046218396
0.03266999756440848
0.03266999756440848
0.0
0.4886498891554415
0.0
0.0
0.0
0.0
0.0
0.0
0.0
0.0
0.0
0.0
0.0
0.0
0.0
0.0
0.0
0.0
0.0
0.0
3.620383036745911
3.62038303674591
0.0
0.0
0.0
0.0
0.1379855545822063
2.097381232521124
2.097381232521127
0.0
0.0
0.0
0.0
0.0
2.6788706109201526
1.2295334880771467
0.0
0.0
0.0
0.0
0.007244548853078722
1.2435993212750263
0.30649602379854646
0.0
0.0
3.950523715218738
3.9505237152187407
0.0
0.8753799290929273
0.3165815038087415
0.07436473222532879
0.062208160795878584
0.0
0.0
0.0
0.0
0.0
0.0
