0.0
1.325317198957534e-07
9.946894021370874e-08
0.9595577619441452
5.045390621209705e-08
4.962072300283279e-08
5.17758627957027e-08
4.6565961969723485e-08
5.070979118895365e-08
5.332240498569604
10.278379600569053
5.865750957665242e-08
5.079622306189839e-08
4.348575967082435e-08
6.288621972909478
0.0
6.288621800306034
7.9818050088494665
4.257206649146546
1.2953874297577624e-06
4.793250266271615
15.075111282744368
1.4527960630933971
1.4632307931853785e-08
198.09142188917406
8.67841259767167
149.62230618043222
2.939599166023138
1.1801604677896957
3.7547516410350807
0.0
2.1339429660664573
1.2126615045206595
11.880719822108258
11.05407049027001
16.411612394261603
10.201945496468516
52.819218045958905
11.460889761363882
14.361538115148363
206.87653118603896
7.2561624282724075
4.524796402544654e-08
0.6910792749411865
2.4687348853338594e-08
0.0
2.5900887468194957
1.2443584298258946e-06
0.859887249743467
6.563009327989674
0.9002266294013503
9.001048873983753e-09
79.30932421349473
0.29153406542564486
7.502205209924448
1.6067687337987571e-07
4.75634286653093e-08
0.0011547357476667315
8.869009248666333e-05
0.42080849825570943
0.0
0.0002666491545834304
1.3353683536477827e-06
0.054351110801589116
2.5719310880055345e-06
9.106573304086083e-09
5.1331175680978705
8.631791237060297e-07
0.04188640238136898
2.404849242694309e-07
4.282588255238821e-08
1.3798796699123757
5.194133961748735e-08
0.09109495775618627
0.0009445568390618407
0.0
1.3729694376463935e-06
0.04108402200724813
3.829475445634235e-06
6.889312408438524e-09
11.152784353959925
2.3986702291237624e-06
0.0353795970667511
2.611429002106121e-07
3.4897860729313705e-08
0.5874177012803229
3.808139099729391e-08
1.7016311771080926e-07
1.2831390556239403e-07
8.392869476327495e-06
0.0
2.7700727717183875e-08
0.38750161009053796
6.743554553083303e-09
0.06373881513311606
4.5891182026266924e-08
35.378382876327535
4.227620532763803e-07
4.154278563318025e-08
0.05654198119453532
3.343409927106768e-08
2.084054581984553e-06
2.593089890269168e-07
3.872979940771855e-06
3.332240688050276e-06
0.0
1.2678069571297946e-07
7.737046707676931e-09
0.16641417357686053
5.255768812929655e-08
1.499290645600213
4.688144002380903e-07
5.2260346314149866e-08
0.5011467776069904
1.072596193778796e-07
0.007929290972614344
0.14106277490401645
0.0001456870056632955
0.12401815125065727
2.1476139939666541e-07
0.0
7.052245629078421e-09
5.657218140929289
5.698387544745295e-06
2.140956781947723e-07
2.9445593331163784e-07
0.08946629935962296
0.7260747529952642
7.044641665816377e-08
0.000850822830243425
0.44733377356993936
1.7622862547989748e-06
9.35170890144797e-07
0.07537131782238118
2.5596202606713963e-06
0.0
21.24812130142046
8.620654563366302e-07
0.053390905257322235
2.3520737341938647e-07
0.002532024791375443
0.00570454598326239
1.3382630200814253e-07
8.166510209794263e-07
0.0004805649176065562
8.025870723574506e-07
1.201869499317999e-07
4.712460857181753e-07
0.0008094004926164473
8.125384964601299e-09
0.0
0.0017269954899958408
0.09479418537759045
3.291704464938727e-07
2.224173110689122e-07
0.007689124658222511
8.84851582618596e-08
3.4862062618058353e-06
0.007705246113633078
4.034576022667081e-06
0.10322737211320747
0.01113177850318229
0.0006963447677383908
6.470461943669938e-09
57.90696704135152
0.0
0.7743119330058831
4.433680008909032e-07
0.31236007623685336
0.20495602231449073
6.238764909775564e-08
0.0005850658366231977
0.03921249804154201
0.4959243452574357
3.9782374554500652
0.00030308878511571736
0.00018274078043057187
7.807833924840672e-09
1.6599654056464307e-06
0.00030480098420712697
0.0
0.00026928667931442983
0.05878090039055422
0.11803950335263841
7.519629560422862e-08
0.00043565971995941183
0.03233923274699592
0.06390442266963313
0.17470396478362726
1.013800920371114e-05
1.515863083496854e-06
8.91333869450782e-09
0.30731453612876036
1.0466008164829311e-05
2.0866658465430052e-05
0.0
