1.0712433509390558
12.187918220241743
12.269765758915824
12.131127006696497
12.13112700669649
0.47316081680739697
0.0
25.899299259998333
44.06949410428521
44.04334374152299
46.663435937155256
45.08475436260279
28.46414074273889
0.0
46.546068693930046
97.06172446287553
100.0
100.00000000000001
99.99999999999999
51.882883266731135
0.9790213766226686
49.73640715574488
97.24850067956895
100.0
99.99999999999999
100.00000000000001
64.4744102016633
1.6142253078132431
51.566734765442206
93.94180634459553
91.52613807130861
94.5960909004092
96.14356889481962
61.53489840041426
3.4222363749471056
0.0
0.44631915893556234
0.45024981065457087
0.17212052308254217
2.313148139917074
4.62629627983415
0.771049375981047
0.0
0.0
0.0
0.0
0.0
0.0
0.0
0.0
12.187918220241743
12.269765758915826
12.131127006696495
12.131127006696493
23.993033679182062
0.0
44.06949410428522
44.04334374152299
46.663435937155256
45.084754362602794
63.80620004952801
0.0
78.42376276127979
73.93467120584161
81.92938458219936
78.57071354355253
96.223790156031
3.2181340610755393
64.83494094877072
60.3041241282734
62.266769301931255
66.23328198929558
98.64861552335584
2.7368748203385174
28.63899505530271
32.534215138804036
37.13058585882478
31.708725617881115
100.0
0.12383851749689209
3.346264035459829
3.3501946871788375
3.072065399606809
5.213093016441343
40.661622060169314
0.0
0.0
0.0
0.0
0.0
0.0
0.0
0.00041354339649265646
0.00020677169824632823
0.0006517207418666343
0.008508155880694038
0.0
0.0
2.7886842746015374
0.0027483787092185265
0.005496757418437054
0.0
0.0
0.0
0.0
2.576003842398919
0.051518204367886435
0.0
0.0
0.08054754432218252
1.5304034215628306
1.5304034215628306
4.013699820091819
1.857384798818535
7.48339056040003
7.7892983344641555
0.28049352641707753
2.195090005279173
2.195090005279173
1.8346018234667676
0.1681718602235893
2.039791951894812
1.7042579125350235
0.8312160559548079
1.263030355837056
1.263030355837056
0.8636285997644964
0.48623050876150586
9.411522574424799
12.913060786665735
3.9877687210024573
1.690103707536555
1.0495983933750765
0.9724610175230118
0.12887842928770443
3.8268765101412003
3.826876510141198
0.5549899675159755
0.2219959862150811
0.0
0.0
2.5039205550059935
5.295353425300263
3.425058274274371
1.8688724533881804
5.291862674579562
3.6114605735487206
0.0
19.463700062170094
50.32236773475877
32.350272130918164
22.736044722066886
51.782362786665786
35.11068027817057
0.0
57.453400473477096
84.33858693352917
73.5815852788784
80.61354716353097
70.04858773553984
51.882883266731135
0.9790213766226687
61.49409911956037
86.10017820385818
98.6945969017326
88.89235277860321
78.62715032559191
65.7262757196686
1.6142253078132431
55.60011587759684
61.60111931376204
59.2077141739802
74.09686451023498
65.12169874521629
61.53489840041426
3.422236374947106
2.2343823226105273
0.0
0.152263484869867
0.4759408397141176
0.13169982093490937
0.0
0.771049375981047
1.3684374101692578
0.0
0.0
0.0
0.0
0.0
0.0
0.00044494904362030603
0.012013839053714464
0.0267150341772507
0.007350666517451148
0.0
1.5508160214511777
0.0
0.027420617024833446
0.3712902502526629
4.745333267839371
1.5879701166550737
1.5508160173145307
0.18168741767632088
0.0
0.0
0.15033012489627237
0.05010991897155076
1.779317495206389
0.0
0.0
0.0
0.11371619948836315
0.0
0.6043953841559241
0.0
0.088099684136666
0.9075525389988537
8.502831551935726
3.1885618286878348
1.0628539399753083
0.0
0.5621772798604489
0.6636861995784114
0.5893064439476179
0.33553403935978865
0.33553403935978865
0.0
0.0
0.0
0.0
0.0
0.0
0.0
0.0
0.00020677169824632823
0.00020677169824632823
0.00020677169824632823
2.0776211080743074
2.0776211080743066
0.0
0.0027483787092185265
0.14660922800287768
0.14660922800287768
0.0
0.0
0.0
0.0
0.051518204367886435
1.843206641427985
1.843206641427985
0.16109508970283187
0.0
0.0
0.0
1.857384798818535
0.33484307875594305
0.3874356763267083
0.8940731762645402
4.441742294608371
2.7005467359080377
0.4661644132975098
0.16817186022358926
3.678051186957717
3.678051186957719
0.0
10.428026583496134
3.4523846146850348
0.0
0.48623050876150586
0.4862305087615059
0.4862305087615059
0.4862305087615059
0.45328648100132046
0.0
0.0
0.12887842928770443
0.5549899675159756
0.5549899675159755
0.5549899675159755
0.22199597087118775
0.0
0.0
