0.0
3.5201049177194154e-07
3.581313552732034e-08
4.3090529079281e-08
5.3237886644793164e-08
3.79037011780169e-08
3.5943410730445835e-08
3.7597990800159316e-08
3.8648293625209094e-08
1.6341663154590948e-08
3.621142199640602
4.4509963361313263e-08
3.863849534694248e-08
3.508912951300181e-08
4.12686245371161
0.0
2.377468682760117
9.36908312140837
2.518900232253555
1.114624374802498e-06
6.097149333675266
18.290192366695965
4.038133811268356
1.8268066749465035
160.81809233518334
0.26352617678223844
180.74832234750264
10.521478704976309
5.1587825706897314e-08
2.983242387201536
0.0
2.287395069640103
0.032602405396687406
9.122396462198436
7.330128836471327
14.713789901111845
4.364688534591859
46.912846799106795
11.518938735622637
43.4163172415775
212.79147989326424
5.83553724683194
6.90083869345131e-08
0.7554258391561941
3.6621468462780174e-08
0.0
4.345940830963936
1.0607235153116305e-06
0.8086003440729234
6.514579558098381
0.8085343846828661
9.224062167289563e-09
68.58406046749697
0.26030368024319067
7.5647727131799005
1.4201543375349918e-07
6.503507233875539e-08
0.00045645720727281676
5.463962367387126e-08
0.3686786620777913
0.0
0.00024327203671425078
1.1826446211142972e-06
0.05464132643199248
1.3721849665127741e-06
3.06009449329023e-08
0.05649113432966943
7.155161216955212e-07
1.7614820262979087
0.45384900124676264
3.8264273202188964e-08
2.1295577973751803
5.746387457384525e-08
0.09715048990178793
0.00025451353248110174
0.0
1.1119056980901523e-06
0.04371098791466221
1.947739519151922e-06
7.527830971178076e-09
14.82579808922283
1.8293542081282316e-06
0.037367183000327625
2.0550607694766496e-07
3.928955738836247e-08
1.5577274073654249e-07
3.3878623755279166e-08
1.3928626526718164e-07
1.4846548332105913e-07
0.0003590821079420705
0.0
0.0006069056907926973
0.044628184485089026
8.000002653882093e-09
3.299176418077066e-08
3.1743188744310015e-08
35.426884155648
3.167249980308349e-07
5.44567339737389e-08
0.0006461919460242141
1.4194067802647778e-07
1.697823981884114e-06
3.354647628572756e-07
9.319206188314735e-05
0.0006760990612261185
0.0
0.12158730097392206
1.0666807509874241e-07
4.1468916346413194e-08
3.844298684991758e-08
1.5649278729702392
3.7486742394964066e-07
0.3169714514503027
0.0033936531674908657
1.8289606723273446
0.5173728515933255
0.0067881488034790514
0.0007084940776322444
0.006786794593339326
7.473355875465494e-08
0.0
7.676872036388973e-09
23.394165167716313
0.00010472371054862906
9.668870005483115e-08
2.712349195038516e-07
1.414875461290275e-07
2.2143783929329293
5.763236624503669e-08
7.364100025795065e-08
3.9561558218414343
1.4460222299090502e-06
7.691523497317573e-07
0.07588131166790066
1.3543409405952695e-06
0.0
4.357775420208572
0.0007078325865598385
0.052968905131966046
2.1997205249601893e-07
0.0020125811783662344
1.1225903140454026e-07
0.02049010708686737
0.00045450582661362554
1.1753794360823073e-07
2.993438201045345e-07
1.2640658108251963e-07
1.1734307126260994e-05
0.0006079901034470483
3.4342051487418914e-07
0.0
0.0009724714415659669
0.0944599861873842
2.379629705474546e-07
5.8209192826069316e-08
6.716262350209654e-07
0.21925865562812283
1.7326016009587018e-06
0.00012915197503933035
0.24956831359036863
0.09554245992446084
0.010913115768502953
0.00010596358574485274
9.676843503090441e-08
85.58333818130983
0.0
0.7568227929979661
3.541245147104725e-07
5.060879866366263e-08
2.270924771534733e-06
4.932696992735569e-08
0.0004673933009052689
0.0004822003138983215
0.13700166755742854
4.398405710958719
0.00024205540671999625
3.833678186105011
1.619164246403567e-08
0.0005221593690340187
0.0002464969789956928
0.0
0.00024359350814992991
4.869832119648049e-08
6.837711077900831e-05
3.813813105363975e-08
0.00040470110758120803
0.00048232533975020424
0.07747318016663463
0.3626175676302046
7.152167018977914e-06
0.17024005698751293
2.024165739419111e-08
0.0005105695685831143
1.155704273869991e-05
0.0002727343585391043
0.0
