1.0712498603613987
12.1879589046742
12.270409884087089
12.131059232323706
12.131059232323718
0.4483974380930663
0.0
25.8982456593182
44.06008420896655
44.09938969477696
46.07702612661235
44.840259303032504
26.48792218959879
0.0
40.68480193601276
95.05790681184902
93.6078725100102
100.0
99.99999999999997
45.44478072716636
0.47385486928063514
50.83308700157935
99.90078103437338
100.0
100.00000000000001
100.0
74.82103772388038
3.5435924828839926
53.526278341585694
89.20611177152144
88.84779721076434
100.00000000000003
93.42705364736557
58.53566750511277
2.3195344839290053
0.0
0.3909745293574696
0.39097452935746957
0.11847107349370065
2.313148096404184
4.626296192808369
0.7710493504920078
0.0
0.0
0.0
0.0
0.0
0.0
0.0
0.0
12.187958904674199
12.270409884087089
12.131059232323704
12.131059232323716
23.992029445372992
0.0
44.06008420896655
44.09938969477696
46.07702612661235
44.840259303032504
63.90551029762234
0.0
55.10890469070849
53.658870388869644
71.8166493896263
71.49648706987088
89.03748622274325
0.0
60.612377812296124
59.64903558602305
55.87096016804221
90.70797156746852
98.09814618979192
0.20578435169340906
32.93368677961664
32.57537221885964
27.30007456687379
31.09120143193192
100.0
0.09225657563889478
3.290749907576785
3.29074990757678
3.0182464517130105
5.212923474623496
77.24289503770018
0.0
0.0
0.0
0.0
0.0
0.0
0.0
0.0004144123704009987
0.00020720618520049934
0.0006802673419307152
0.00910944265510418
0.0
0.0
5.220123500073973
0.0030228905351968294
0.00604578107039366
0.19070686326292013
1.6147367739642373
6.9889485350015885
6.9889485350015885
2.1369203114178283
0.05383726052663636
0.0
0.0
0.0
0.4566521347172138
0.4566521347172137
2.6223778851653163
0.05954968094484411
2.057238446949881
9.804067201589884
0.32354212937586785
2.3119780203292133
2.3119780203292133
0.46239553214148066
0.318008126904191
5.019892071800911
4.138856738401865
0.6959991394424396
1.1495677824634898
1.1495677824634898
0.34799951633427384
0.6224955470308712
8.479315821074069
11.799501901070084
3.942681627026867
1.2786836645266886
0.6337263416597083
0.6224955470308713
0.12887843696842455
3.8268765072962565
3.826876507296255
0.5549899347221188
0.22199596967314372
0.0
0.0
2.503916428829327
5.295444040293156
3.4263440006409573
1.8679756379532
5.293280950798735
3.6393420159750764
0.0
19.463795754653248
50.285666957406484
31.995873550537116
21.710300420335166
51.26955980826249
33.450137558194115
0.0
52.27820078545142
69.90832901542905
74.48386456528668
49.561795843408326
42.24687316276173
41.31924624086166
0.4738548692806352
62.57657094952885
88.35289719778672
94.0881649332284
91.0917966378272
86.55069646925803
74.82103772388037
3.5435924828839926
56.73207777429453
58.20646738945356
74.25704087400624
92.40459928751378
70.8955382237365
58.535667505112755
2.319534483929005
1.5994820407238202
0.0
0.08089299228956696
0.32919861084713975
0.09225657563889475
0.0
0.7710493504920078
0.0
0.0
0.0
0.0
0.0
0.0
0.0
0.00047306115673021587
0.011117044362566471
0.024750094305797516
0.006816797743542633
0.0
2.900068612490592
0.03269021006726293
0.1907068632629201
1.318603637623811
3.7103003879711576
1.2367667766746433
2.9000685995503166
0.08858390754581474
0.0
0.0
0.0
0.0
1.0228958495504552
0.0
18.931428326243008
0.0
1.8405243693896736
0.6135080056779952
0.7166290828068962
0.0
0.0
0.0
1.883547952056043
0.6983941889436305
0.2327980255889153
0.0
0.9399660118319633
0.9938946604205047
1.015856974277155
0.8810353333990464
0.8810353333990464
0.0
0.0
0.0
0.0
0.0
0.0
0.0
0.0
0.00020720618520049934
0.00020720618520049934
0.00020720618520049934
2.0956241556193924
2.0956241556193906
0.0
0.0030228905351968294
0.1457474031273104
0.14574740312731044
0.0
3.938603516183904
3.9386035161839046
1.318603637623811
0.05383726052663636
1.9261770549525408
1.9261770549525399
0.07025411999235008
0.0
0.0
0.0
0.05954968094484411
0.0
0.060664018096672725
1.0312904022986944
4.210196386642742
3.1665719223476225
0.46239553214148066
0.318008126904191
5.792383759411316
5.792383759411317
0.6959991394424396
7.075646133226257
0.2424304964213896
0.0
0.6224955470308712
0.6473579122876095
0.6473579122876091
0.6224955470308714
0.8594375982415964
0.6224955470308714
0.6224955470308714
0.12887843696842458
0.5549899347221187
0.5549899347221187
0.5549899347221187
0.22199591365091903
0.0
0.0
