0.0
11.466382139867129
11.466382139867127
11.466441067463636
11.466441067463634
23.999566916058008
0.0
40.1377974655544
46.25403235154006
45.81898386392357
45.92284431903368
63.62485295320117
0.2658678820627699
93.10554797042336
99.99999999999946
100.00000000000009
99.97689605103001
100.00000000000007
0.01899056300448362
86.06249629955748
77.31862670320177
82.30197401110814
100.0
100.0
1.5295335395404939
63.87042679256233
63.82651431126067
60.660617471266995
74.62753348699528
100.0
0.4669826847848619
1.3501267192413136
1.3501267192413153
0.7615204704012585
0.7615204704012585
22.731445298623406
0.0
0.0
0.0
0.0
0.0
0.0
0.0
0.0
0.0
0.0
0.0
0.0
0.0
0.0
0.0
0.8215100688532839
0.0
0.0
2.688175085980785
0.0
0.0
0.0
0.0
0.0
1.0634616477265557
0.39687695819774416
0.0
0.6232093987992567
7.048220345545304
2.6247416489417392
0.874913871096694
0.0
0.17982026243267638
0.17982026243267638
0.17982026243267638
0.17982026243267638
0.17982026243267638
0.0
0.0
0.0
0.0
0.0
0.0
0.0
0.0
0.0
0.0
0.0
0.0
0.0
0.2666529945693154
12.79969045176893
12.799690451768928
12.799769021897607
12.799769021897603
0.2666431733032312
0.0
24.063083189305214
48.09245589291456
41.97622100692914
41.57732700037682
41.66820489859817
23.966196264430987
0.10386045511028097
38.736652289664455
75.4084620124044
67.07794132245765
72.65923363055676
71.0929806030462
40.223761272531505
0.22161870610320797
53.31552797853279
76.33205094283372
85.2964873906858
71.65645534858466
67.17801433865935
41.93149666940505
0.3438102065477678
51.63367601488365
62.97402038386231
62.63844896831509
65.67767820758814
62.52472258238433
59.63242083638915
1.5351166535654246
0.0
1.377249510792528
1.3772495107925309
4.233864462621655
4.233864462621654
0.6622491230316484
0.19078948752181188
0.0
0.0
0.0
0.0
0.0
0.0
0.0
0.0
0.0
0.0
0.0
0.0
0.0
0.0
0.0
0.0
0.0
0.9388686501180388
0.0
0.0
6.434068795655129
0.0
0.0
0.0
0.0
0.0
0.0
1.8885395963194742
0.0
3.270081950735539
3.4940577394217525
0.6394487212190337
1.0386823313320948
1.0386823313320948
1.0386823313320948
0.0
1.8167180963237501
0.0
0.0
0.9738700400611027
0.9738700400611027
0.0
0.0
0.4381314433919465
4.509073056101982
4.0709416127100555
0.8806916174769556
0.32189318597260347
0.08498826279445758
1.2660065432611218
2.3737622686146036
2.3737622686146036
0.0
0.0
0.0
0.0
3.7331419239704156
3.7331419239704156
3.7331419239704156
3.733004426245236
3.7330044262452353
3.7330044262452353
0.0
36.094624783957826
36.09462478395782
36.09462478395782
35.657186866648786
35.65718686664879
35.65718686664879
0.09087789822149585
54.131955492913825
73.32962538238425
57.87525811773566
41.84700182700796
38.17563937759936
44.525671277623616
0.19391636784030697
66.68377827974335
74.15675115833047
68.40500485405364
71.7147935512571
67.31855587595393
63.98002058477723
0.3008339307292968
58.40092740670942
58.19306050097269
58.66414375661451
57.781047436878225
56.56424964800977
52.17836823184052
1.3432270718697465
5.062616552396612
3.9972362166644193
4.030885020638874
0.7568561406075982
0.7568561406075982
0.7568561406075982
0.1669408015815854
0.0
0.0
0.0
0.0
0.0
0.0
0.0
0.0
0.0
0.0
0.0
0.0
0.0
0.0
0.0
0.0
0.0
0.0
4.419546040896718
4.4195460408967175
0.2853857226310142
0.0
0.0
0.0
0.0
1.7976642933337867
1.7976642933337952
0.0
0.0
0.0
0.0
0.0
6.265027746953639
2.1307606714643854
0.0
0.0
0.0
0.0
0.08853348544240872
0.9355829591943514
0.0
0.0
0.0
3.655628232188709
3.6556282321887266
0.0
0.8753799364897721
0.31658150811756647
0.07436472994515038
1.1077557253534827
0.0
0.0
0.0
0.0
0.0
0.0
