0.0
0.0002993039943616178
0.0011939015821452118
0.0012707311141865304
9.642845126336633e-09
8.717703180766119e-06
4.657867659894945e-06
5.636167842483522e-06
4.944255687793187e-06
3.981161121343845e-06
2.002238379369783e-09
4.215804598114554e-06
4.466131017442877e-10
2.678952429221646e-06
1.8260407760171038
0.0
1.8260210420438932
3.470416821101728
0.9131198979295434
0.6541679544991763
1.0509015031032267
1.8719043501572696
1.0509362915615703
2.4861163808281503
333.5455524003815
2.6932557464706828e-05
46.97096257822825
1.086476716265112
0.00011189929449875922
0.6901827494467898
0.0
0.69018262376678
0.4384714833579754
8.801773340733526
9.239201706881833
3.73766055234169
5.908720677078719
20.455877047020294
54.32876326104068
19.837593538686132
264.11305636423975
1.8143208538087068
0.8664656010639307
1.7306864459343494
0.0002130866134405632
0.0
5.507649337472101
4.539869411198292e-05
2.5841048410498292e-05
0.030075973179654783
4.3262298333593225
0.0001066978060716412
10.66214427702821
9.372590649139918e-10
2.696565534105311
1.2217001049649896e-09
0.0001281459281561911
0.0020805847394215447
0.00014652441727644575
0.18818613788320193
0.0
0.00021641998552157627
4.9721993405494774e-05
3.6497458741475205e-10
5.26732163374033e-05
4.268122218656016e-05
2.7338111701230404e-09
3.031614626781982e-10
2.1797080260973583e-08
6.315975160021849e-09
6.396260458910656e-05
0.0002218876044293533
0.0013611732517248003
3.936386552042384
0.0005265825970139157
0.0
0.0003679701826893816
0.0003006466783387135
0.0003388781058512358
0.00014380845883497134
5.147958150896335
0.0001204045478257717
1.2473599112136038e-09
5.957519905852712e-05
6.870252096585495e-09
0.004407461522185517
1.130965834708702e-08
6.773938170946608e-10
7.907686264111823e-05
0.0006675658612693167
0.0
0.00048017136725665276
7.600881582911074e-05
5.9218908928095123e-05
7.987660261463502e-10
6.30013771676812e-05
1.0785180851829804e-09
7.040836800357845e-05
1.1820004792845243e-08
0.0021529186475730297
8.584124278984154e-09
0.000708043023346462
4.4730539287671133e-05
0.000331450651928489
0.0006162547442593426
0.0
0.1084806546110476
3.50497519450734e-05
6.244496506703905e-10
9.724810326025002e-05
10.987250915530996
8.330140112851206e-05
0.0007382372524675802
0.0003982636690217326
1.248192454667572
1.7172571795737999
7.833603720479091e-05
0.00023862739873488082
4.995940143013848e-05
1.2565403995165746e-09
0.0
5.942947530494124e-05
4.1563109694879464e-08
0.00015492983114089726
19.17696350582217
0.7034612650520837
0.0011187665550307004
3.6005782589622193e-05
0.00014777526835898407
0.0003039850697854767
5.3029753680927845e-05
0.0002169985567241428
0.0014093996900483613
0.0006698364165547458
5.255934607515049e-05
0.0
1.2987854576482938
1.8318074302706242e-08
3.1340298006922014e-10
6.378646377081524e-09
0.002032723385706436
2.9867173330669895e-06
0.0010995152810898301
5.175375036069533e-05
4.222033098797269e-06
7.874372976749291e-05
3.983325288679027e-06
4.376833121245467e-05
0.000453111674110433
3.2196862342594382e-06
0.0
0.0006727293605372847
0.6698749176976442
4.27557687431932e-05
0.09966181938827423
0.0007368900578258552
0.0008113707405801215
0.000430822065464116
4.670021688820679e-05
0.0002567489187925452
2.4246161140583503e-05
7.154698939630674e-05
0.0004017123953262926
3.587180254036908e-05
3.4631980973049136e-09
0.0
10.952454557520701
8.363759321589261e-05
0.0022032923832789467
0.0011196832252719838
4.126310351010243e-09
3.498966425202936e-10
2.0921268027867863e-05
3.2437252994534144e-05
6.944722074443128e-05
0.0003846053122344216
1.4444566263431315
1.6912937643195512e-05
5.576312413915362e-10
0.000378272578853375
0.0
0.00020045341134669516
0.0022441715143263472
0.0021781810798573876
6.877035309983022e-10
3.5505118669131783e-10
3.724508976976969e-06
6.001748446062881e-06
1.469516197721798e-05
0.0003244527886197286
1.7609038928249273e-05
2.9723721593476973e-06
6.302360897968792e-10
0.00018580061850738508
0.0009057277103307541
0.0
