1.0709051101755707
12.185858317389037
12.23811416583754
12.117335417821678
12.1173354178217
0.47563744507201283
0.0
25.89921404156678
44.068743399449275
44.28779260244245
45.60103435948008
44.65031727457318
26.375942987797572
0.0
44.7530866422959
79.43107597227964
79.30780767066
99.99999999999993
100.0
49.24737808034119
0.0
51.21248295683574
77.94516025993956
77.5643011630241
98.05180138543778
98.69721974343436
41.762683943916706
0.8527986567752479
55.582824955282156
63.62843263545209
65.03504791275788
67.43410127386579
65.29044761521492
75.78501629042348
0.22165538630474974
0.0
2.128403977619654
2.383050681447378
2.4930471200948063
4.053763786837036
0.6062353383371715
0.10103898768374553
0.0
0.0
0.0
0.0
0.0
0.0
0.0
0.0
12.18585831738904
12.238114165837539
12.11733541782168
12.117335417821689
23.99034002511791
0.0
44.06874339944929
44.28779260244245
45.60103435948008
44.65031727457319
63.900959616522975
0.0
79.43107597227967
79.30780767065997
68.1009015616578
68.1009015616578
100.0
0.0
77.94516025993948
77.5643011630241
56.5294894978703
57.17490785586685
99.99999999999982
0.0
63.628432635452086
65.03504791275788
67.43410127386579
65.29044761521492
100.0
0.2503954800655943
2.128403977619654
2.3830506814473775
2.493047120094806
4.0537637868370355
11.620414226715974
0.0
0.0
0.0
0.0
0.0
0.0
0.0
0.0
0.0
0.23303258383176723
1.0486478862269473
0.0
0.0
0.2465358969059804
0.00933184588362347
0.09350122533069806
0.09350122533069806
0.6237203481630164
1.2305115699004232
1.230511569900423
0.7617162593478505
0.05373102602354919
0.0
0.0
0.49793781098544565
2.457267810461214
2.4572678104612145
0.9063347244431044
0.0
0.6439702178602759
0.6619507448645757
0.6619507448645754
0.0
0.0
0.0
0.019399906084226388
0.0
0.0
0.028429636302715236
0.3100397309995302
0.31003973099953014
0.11101753740913307
0.08692916945543076
0.0
4.04448460814352
4.044484608143523
0.8962935653520923
0.3527317650803137
0.11977726732200572
0.09754470992933711
3.2802170455631
0.44046408108203383
0.0363058951182248
0.014522902641163238
0.0
0.0
2.50412273402391
5.290839183297161
3.3618825443920164
1.8636322962715461
5.222774564081433
3.610223612999386
0.0
19.463707723232297
49.39038939424278
32.44163053016478
21.04801282167494
50.99133991350579
33.52501680061471
0.0
33.74971920125785
82.55007650711096
50.50017011419856
47.76141011846353
49.08206320483477
51.18514298853646
0.0
38.980679865070805
100.00000000000001
83.04462377513508
87.73653843836928
99.61273573792121
57.24446632816236
0.8527986567752479
32.43607062413478
84.60261353882244
53.87947886358417
36.29762756645138
88.13198243411277
62.642688766970196
0.22165538630474974
0.04388536662710643
0.0
0.011196125522041026
0.004896990294455532
0.004896990294455532
0.0
0.10103898768374554
0.0
0.0
0.0
0.0
0.0
0.0
0.0
0.002021037685885765
0.003972924492977324
0.1541712579032347
0.0
0.0
0.2465358147882785
0.009167158977328905
0.23303258383176723
1.0486478862269473
2.915150363426119
1.013716364355921
0.7617178786033252
0.09221019122852976
0.0
0.0
0.0
0.0
0.7617181220636938
0.14724337641928162
0.0
0.0
0.0
0.0
0.10971342916521604
0.24037205634922232
0.0
0.0
6.859691577264434
2.572384298227414
0.8574613299470192
0.4075635259964783
0.0
0.010739024932798859
0.017038160160384362
0.005842034638343327
0.0018907304589527584
0.0
0.0
0.0
0.0
0.0
0.0
0.0
0.0
0.0
0.0
0.0
3.070045527870393
2.0213976416434454
0.0
0.00933184588362347
0.22388835569907858
0.2238883556990786
0.09350122533069806
6.90063171721555
6.90063171721555
0.0
0.05373102602354919
1.9223751746899351
1.9223751746899351
0.17316339923029003
4.019881158335832
4.019881158335832
0.0
0.0
0.0
0.0
0.0
2.826527834411086
2.8265278344110865
0.0
0.019399906084226388
0.6596254396609964
0.6596254396609962
0.0
5.4948263845848695
1.831608713039015
0.0
0.08692916945543076
2.9555953150610907
2.955595315061091
0.0
0.8962933916129865
0.35273190193358633
0.11977726732200572
0.09754470992933711
0.03630589511822484
0.036305895118224796
0.036305895118224796
0.01451787378432249
0.0
0.0
