0.0
0.00036386215059565764
0.0014517426909572348
0.0015437854144478354
1.4249263669503747e-08
1.0593972215827001e-05
5.656740606794285e-06
6.846171345804477e-06
6.004395783781273e-06
4.834422366543525e-06
2.9653259030578515e-09
5.120202921298227e-06
6.588227386589686e-10
3.2537553694132723e-06
1.8264205878942317
0.0
1.8263967006249924
3.4693580841274523
0.91333133530658
0.6524533492977294
1.044354978051019
1.8581552071207728
1.0440671663447028
2.4852924703984285
333.5681060997904
3.269590904204197e-05
47.00668732318444
1.0841366057026125
0.00013596794197647086
0.6901100395199835
0.0
0.6901098543355529
0.4372280898238949
8.799756511014388
9.233749299999392
3.7441681894506034
5.906356572022237
20.45872482647789
54.36297616965351
19.830032491226657
264.08733272827686
1.8160204487535647
0.8665325084839666
1.7303345883585748
0.0002587453518714838
0.0
5.506727896529353
5.5152685441326395e-05
3.137923548147343e-05
0.029839633966550174
4.3252462982317965
0.00012962903338759174
10.663764952154892
1.3841219323355975e-09
2.6982699480718995
1.7985084940935625e-09
0.00015559673586647646
0.0025277283693746896
0.0001778472002273077
0.18840909488704632
0.0
0.00026281075694240506
6.038152547809437e-05
5.379876271356426e-10
6.396131414525936e-05
5.182674655499616e-05
4.047628999425852e-09
4.47183915462619e-10
3.235423433156529e-08
9.363439991070884e-09
7.765773090699131e-05
0.0002693646731917657
0.001655413421451684
3.9372333581422043
0.0006369197173969709
0.0
0.0004467559645201012
0.0003659915479985979
0.0004105783948270621
0.00017471306940090061
5.139184358491141
0.00014619857726325713
1.8432423976714017e-09
7.23373380018421e-05
1.0149937081940395e-08
0.005360037622661466
1.6676685401928515e-08
9.99863663575305e-10
9.601566764178216e-05
0.0008109027804544934
0.0
0.0005830574771927204
9.221505907175637e-05
7.190846910082258e-05
1.1814573740328304e-09
7.649599111632222e-05
1.592516126603824e-09
8.549923798349649e-05
1.743975281931589e-08
0.0026185910288417857
1.2659006317200268e-08
0.0008613140629832791
5.431245935252262e-05
0.00040234129435188083
0.0007489376443297403
0.0
0.10862937192185189
4.2559860128796526e-05
9.255050126149162e-10
0.00011808503881933253
11.027653724647553
0.00010115732375076276
0.0008977703998579332
0.0004843552674690237
1.246958986551141
1.7183957743725127
9.511712902210911e-05
0.00028977473445174396
6.066894968562301e-05
1.8846242949682915e-09
0.0
7.216378740692445e-05
6.131823749425975e-08
0.00018823167299406073
18.935335674557493
0.7164244118049439
0.0013607680277417157
4.371869353535702e-05
0.000179427188483428
0.00036930496132346635
6.439150721707472e-05
0.0002635041797798994
0.0017115203047577392
0.0008149202405207315
6.382227668690536e-05
0.0
1.2971713440268657
2.637560390314351e-08
4.623005272508822e-10
9.457953179819241e-09
0.0024725773345665425
3.627187982544042e-06
0.0013373140157745048
6.294330201826872e-05
5.127506352976844e-06
9.562065548909801e-05
4.838150630415925e-06
5.314993812950475e-05
0.0005499129991597396
3.910026455302812e-06
0.0
0.0008175815056923668
0.6723206955816396
5.192108890723069e-05
0.09862635671095982
0.0008965067329036592
0.0009866282211098308
0.000524045601172875
5.670724021971792e-05
0.00031132055446299333
2.9444181230891708e-05
8.688509039283973e-05
0.000488308878864648
4.3558163440900224e-05
4.93170758086874e-09
0.0
10.994057805146369
0.00010156663017315774
0.0026796789777445433
0.0013618008141071274
6.086806361085334e-09
5.163031460532362e-10
2.54000481034008e-05
3.9374495582567753e-05
8.436375454679072e-05
0.00046726787931183325
1.4806170348739334
2.0534981178162268e-05
8.297056766826116e-10
0.0004595323745930848
0.0
0.00024352281564476975
0.0027293463403175707
0.002649613776108581
1.0143344040016822e-09
5.241026859517901e-10
4.522683246280709e-06
7.289459864137668e-06
1.787222564572961e-05
0.0003932547783785236
2.1417517816872424e-05
3.609405147724019e-06
9.37790050974288e-10
0.00022559863333050295
0.0011007290846676637
0.0
