0.0
11.46645998331852
11.466459983318517
11.466502784622502
11.466502784622508
23.99968539657182
0.0
46.25096304623116
46.25096304623103
45.82697781052636
45.928197096368066
63.634392987825706
0.0
99.99999999999991
99.99999999999997
99.99999999999996
99.84901992067311
99.99999999999993
0.0
76.7514840243408
76.16052853171762
85.66041667920655
100.00000000000006
100.00000000000003
0.0
59.95907643479192
59.97172594090151
60.35568012293417
70.002106533592
99.99999999999999
0.0
3.4661355792735744
3.4661355792735744
3.4661355792735744
3.4661355792735744
30.499001640339454
0.0
0.0
0.0
0.0
0.0
0.0
0.0
0.0
0.0
0.0
0.0
0.0
0.0
0.0
0.0
0.8006189173109415
0.0
0.0
0.913100853475522
0.0
0.0
0.0
0.0
0.0
0.9131008541372074
0.6725902193671884
0.0
0.5811963880116706
8.090416312114025
2.5920751191519678
0.8640250306952395
0.0
0.09712276116318858
0.09712276116318858
0.09712276116318858
0.09712276116318858
0.09712276116318858
0.0
0.0
0.0
0.0
0.0
0.0
0.0
0.0
0.0
0.0
0.0
0.0
0.0
0.2666567331063185
12.799775143099659
12.799775143099657
12.79983221150497
12.799832211504976
0.2666495995556541
0.0
24.061478976644963
41.9734351014925
41.97343510149244
41.5846849446713
41.6732518197828
23.967055928325166
0.1012192858417022
44.633995086249705
65.21998667539042
65.2199866753905
68.90697619812985
77.5583681138557
33.53315400653725
0.2804867150278451
58.02781774873107
87.3586943832745
87.0365490191893
70.95137440084754
72.03519305816835
40.82847030166844
0.0
52.33979594436097
65.11115382877253
65.12561040718414
70.64319602846712
58.20410505998639
59.666935678580735
1.5466216549399396
0.0
3.4661355792735744
3.4661355792735744
3.900607235361867
3.900607235361867
0.0
0.0
0.0
0.0
0.0
0.0
0.0
0.0
0.0
0.0
0.0
0.0
0.0
0.0
0.0
0.0
0.0
0.0
0.0
0.9149930483553617
0.0
0.0
0.9131008584468302
0.0
0.0
0.0
0.0
0.0
0.0
1.0611541946178282
0.0
1.4791292100778173
14.430968107865905
0.6642244434419093
1.2454208314535788
1.2454208314535788
1.2454208314535788
0.0
0.0
0.0
0.0
0.0
0.0
0.0
0.0
0.4046283402420344
4.4755699722646325
4.070941632022613
0.8806916547857166
0.3218932538034239
0.08498829600727699
0.8057838552999471
1.5108447286874027
1.5108447286874027
0.0
0.0
0.0
0.0
3.7331942634884596
3.7331942634884596
3.7331942634884596
3.7330943937791567
3.7330943937791576
3.7330943937791576
0.0
36.092218464967374
36.09221846496739
36.09221846496739
35.665904651057964
35.665904651057964
35.665904651057964
0.08856687511148942
53.38594020911334
62.24459347820539
52.4331917213094
43.21749091620842
39.058316719633204
49.81976061908935
0.24542587564936447
61.42586768541226
77.24676901285703
66.5997946618142
63.508284232331796
60.194787926697046
61.242705355528706
0.0
58.35878194885308
58.104537191248546
62.64123705588869
60.1599478574514
57.36728330043684
52.20856871875815
1.3532939480724475
0.25847500603344203
0.11042166575685733
0.43447165608829236
0.0
0.0
0.0
0.0
0.0
0.0
0.0
0.0
0.0
0.0
0.0
0.0
0.0
0.0
0.0
0.0
0.0
0.0
0.0
0.0
0.0
0.0
4.307156479539778
4.307156479539775
0.7121018660678734
0.0
0.0
0.0
0.0
2.582706891087233
2.5827068910872364
0.0
0.0
0.0
0.0
0.0
4.545373156261424
2.072746763872186
0.0
0.0
0.0
0.0
0.0
2.6859086507288206
0.4624663574046494
0.0
0.0
3.6410151269687483
3.6410151269687367
0.0
0.8753799392022927
0.31658153869423705
0.07436475900636737
0.7050608733874538
0.0
0.0
0.0
0.0
0.0
0.0
