0.0
0.0003643565930528527
0.0014537108161296946
0.0015458823117519302
1.4284070710572952e-08
1.0608421209742231e-05
5.66447384812079e-06
6.855525788228438e-06
6.012605235403999e-06
4.841029820123614e-06
2.969050218478898e-09
5.127223610446023e-06
6.606105890238985e-10
3.258196417956542e-06
1.8263681629483406
0.0
1.8263442439774702
3.469617964938424
0.9133052873033828
0.6526479671942466
1.044680118194607
1.8583592845985402
1.0443931697925721
2.4855859830285674
333.55925396534457
3.274067283352585e-05
47.00989193072502
1.0842161612474508
0.0001361536427937866
0.6901017839405266
0.0
0.690101598436897
0.43737639180951376
8.799999094500444
9.234902407676284
3.7449244693954618
5.9071133179781965
20.458888163071034
54.36515939679185
19.82889668001454
264.08320274113686
1.8160719577100108
0.8665588183083903
1.7303835094051765
0.0002590974779279465
0.0
5.506885068867794
5.5227930501099476e-05
3.142210608853658e-05
0.02988225228130169
4.325367795519874
0.00012980554191470087
10.66502031044939
1.3876734866612795e-09
2.69800252962731
1.8031695609106632e-09
0.00015580878776035495
0.002531162012444454
0.0001780894682821775
0.18846859016509063
0.0
0.00026316885516307684
6.046401957641835e-05
5.394873471385756e-10
6.404869112385734e-05
5.189754848754982e-05
4.056691525754472e-09
4.4841646319218163e-10
3.2413029377081704e-08
9.381007921246995e-09
7.77636397439679e-05
0.00026973184810313383
0.001657656935860071
3.937096986080853
0.0006377965356681599
0.0
0.00044736404958113977
0.0003664866646192425
0.0004111391233911291
0.0001749509910870553
5.142741076188443
0.00014639814830493843
1.8478622913922297e-09
7.24360551537179e-05
1.0176696803320432e-08
0.005367300162852796
1.6723492277394156e-08
1.0024647804981628e-09
9.614659511681685e-05
0.0008120078255258879
0.0
0.0005838515708671174
9.234100483423657e-05
7.20066400100986e-05
1.1841933952658601e-09
7.660041351305792e-05
1.5968110778966665e-09
8.561594971186323e-05
1.7490721800338643e-08
0.0026221382701744644
1.2694336524893479e-08
0.0008624799991162881
5.438656430458037e-05
0.0004028905404020967
0.0007499560427551768
0.0
0.10862422365493421
4.261796440785434e-05
9.275159127161674e-10
0.00011824622921953984
11.028343689056381
0.00010129544093853589
0.0008989872747444112
0.0004850117868854327
1.247135087360535
1.718250665297341
9.524701341620211e-05
0.00029016993621995655
6.0751850902294346e-05
1.8894420219550177e-09
0.0
7.226230660356892e-05
6.148961808248372e-08
0.00018848837668425958
18.932990008665392
0.7163397731915869
0.0013626115124142604
4.377841457731847e-05
0.00017967178553424102
0.0003698078080909999
6.447949065279256e-05
0.0002638632469387365
0.0017138452162357562
0.0008160227767756362
6.390947651228505e-05
0.0
1.297427546034615
2.6516365143220107e-08
4.6357413185654487e-10
9.475375895039136e-09
0.00247592578778939
3.6321450965968622e-06
0.0013391258846262252
6.302859380005423e-05
5.134510751912206e-06
9.575117370551982e-05
4.844761122270167e-06
5.3222549574009944e-05
0.0005506634456710627
3.915365557455228e-06
0.0
0.0008186933535530134
0.6723714008174371
5.199201454238061e-05
0.09869850829841198
0.0008977208860040554
0.0009879659737018457
0.000524755130435532
5.678462299554832e-05
0.000311746191594581
2.9484385322693733e-05
8.700372932262355e-05
0.000488972399751322
4.361761648837462e-05
4.935653995705384e-09
0.0
10.994671394416715
0.00010170529705059712
0.002683310451145477
0.0013636456736642903
6.10392135461035e-09
5.176685131088109e-10
2.5434730173886937e-05
3.9428329004454515e-05
8.447869688121713e-05
0.0004679039438440349
1.4804245598003518
2.056302739675606e-05
8.314234113652108e-10
0.0004601577117389242
0.0
0.00024385452908651955
0.002733044542605559
0.0026532021735556693
1.0171853252908012e-09
5.254870293654392e-10
4.528856766168178e-06
7.299399474144653e-06
1.7896446811646448e-05
0.00039379292839631405
2.1446526309021604e-05
3.6143330558189284e-06
9.397286157427771e-10
0.00022590648062664916
0.0011022258765833411
0.0
