1.0732384095552454
12.181378769786077
12.236293728015124
12.125518253495594
12.125518253495603
0.4920240153601746
0.0
25.89882414797372
44.037029327145696
44.01166366635378
46.458605651894786
44.99240098025696
26.554586936527954
0.0
48.52872448016812
97.21848414073978
100.0
99.08686193910137
100.0
53.50492619245081
0.0
51.75958994320033
95.90946257454121
100.00000000000001
100.0
99.58588739346708
49.124560561549735
0.4285584571836603
49.64666278175768
97.82111686661011
89.43886808625498
100.0
98.82098354201605
59.02224496513803
1.5125021332882946
0.0
1.21054171084228
1.3053483988667816
1.001594296828478
3.097746451138371
4.610199146253335
0.768366511896172
0.0
0.0
0.0
0.0
0.0
0.0
0.0
0.0
12.200267566185849
12.255182524414902
12.144407049895372
12.125518253495596
23.99153648211377
0.0
44.03883013094434
44.0116636663538
46.45860565189479
44.992400980256974
63.910412235791206
0.0
74.05821752706183
71.27670166780158
91.37607473717084
90.67949957260248
100.00000000000003
0.0
67.74251021051411
61.6551475726832
60.65870151619718
87.92407968229114
85.09663241052638
4.4969769009494165
29.617823607303713
38.07470267671098
6.454773730274878
33.76062334156445
99.0084019461247
0.14241636937493893
2.3366903168795132
2.4314970049040108
31.59098703953466
33.68713919384452
100.0
0.0
0.0
0.0
0.0
0.0
0.0
0.0
0.0
0.0
0.27560224201228095
1.2402102101730097
0.0
0.0018008037986160619
0.022490403997008693
0.005039423694378709
0.013713760716388567
0.03389380550641888
0.4037098885532979
0.460260036317268
0.460260036317268
3.5942853671822705
0.05404072956459915
0.0
0.0
0.10010666253701807
0.0
0.0
3.381759596267803
0.04786135549450363
7.081835928096366
7.04711144037557
1.0232672941765897
1.299412846541414
1.299412846541416
1.4136629873882978
0.055416491664937784
0.0
26.448565564376448
0.5771773557930964
0.7288620109530786
0.7288620109530786
0.5771773557930964
0.08767550783602102
0.0
4.086016036250421
4.08601603625042
1.0315733379784673
0.37818148349132474
0.17223869811406967
0.11414773533624159
3.8553146252683996
3.855314625268399
0.5643436386961052
0.22573745979889992
0.0
0.0
2.5026821082952697
5.290090431409434
3.3626152914703766
1.862270716530955
5.296254314505157
3.592223338790374
0.0
19.463743259195752
49.113473604139884
31.869419609140778
22.398613937889998
51.49073026651049
33.36834164390318
0.0
55.46454044390037
69.50230848598802
74.57835545948397
94.0689634216985
89.14060530370202
64.46455849245507
0.0
62.27733341966278
80.99612138673393
91.63119236624556
88.2800243124688
79.79536114829719
53.44679019225015
0.4285584571836603
55.48872813673004
65.36387623124824
60.28091854974656
84.37636234789085
73.75529723311843
59.56088052032362
1.5125021332882944
1.384934383399343
0.0
0.08260843395872573
0.6075082040766062
0.18961337604900147
0.0
0.768366511896172
1.1387353908110567
0.0
0.0
0.0
0.0
0.0
0.0
0.0017763722238913495
0.005344499592361837
0.15730201254265574
0.0
0.0
0.052833182631721945
0.008027863453618144
0.27560224201228095
1.2426070936965419
4.404660989692731
1.4698547765349415
1.8339515427812656
0.08398833106324874
0.0
0.0
0.0
0.0
1.9968252137279805
0.25249438875739905
0.0
0.0
1.4993873549162529
0.0
0.4990325014143707
0.0
0.0
0.5771773557930964
11.181637137050798
4.092121102321155
1.3393079697015944
0.1385347031777773
0.3646162527060881
0.6911727606717877
0.4784322935133136
0.15187578554761433
0.08260843395872569
0.0
0.0
0.0
0.0
0.0
0.0
0.0
0.0
0.0
0.0
0.0
3.3029295332325384
2.0627193230595298
0.0
0.005039423694378709
0.15800060777513997
0.2197257912224978
0.07543894416374661
1.4039494171274514
1.4039494171274514
0.018888796399776586
0.05404072956459915
1.9300937305850683
1.9300937305850683
0.0
0.7007469623088453
0.7007469623088451
0.0
0.04786135549450363
0.10823903933624515
0.13108316689074176
0.022844127554496402
1.659861979976584
1.659861979976584
0.2749275965772409
0.055416491664937784
1.8841606466581198
1.8875634431640225
0.0034027965059030903
12.570064554182874
2.203607805396266
0.5771773557930964
0.08767550783602102
2.9809674083495232
2.980967408349521
0.0
0.9800876223634328
0.32669580390158726
0.0
0.11414773533624158
0.5643436386961049
0.5643436386961052
0.5643436386961052
0.22573741738671355
0.0
0.0
