0.0
0.000364357462594405
0.001453714304547858
0.0015458860265893759
1.4284149860108608e-08
1.060843518199556e-05
5.6644918290055485e-06
6.855547232827254e-06
6.012625022922648e-06
4.841045494741613e-06
2.969075072059419e-09
5.127237588892412e-06
6.606136772208774e-10
3.2582068927123467e-06
1.8263682755312045
0.0
1.8263443565046247
3.469617389412614
0.913305343924596
0.6526473839394584
1.0446792440598978
1.8583587630818437
1.044392290907552
2.4855852881335956
333.55927753403876
3.274076594345868e-05
47.009885369859624
1.0842161832451342
0.00013615345417099792
0.6901018329098986
0.0
0.6901016474047104
0.43737591827626704
8.799998291050741
9.234897574312
3.744922416914955
5.907109348614308
20.45888905509556
54.36515808970156
19.828900149644664
264.08321085904146
1.8160719597579114
0.8665587670658188
1.7303834003360752
0.00025909810006889683
0.0
5.506884724485133
5.52280551822282e-05
3.142221827159199e-05
0.029882162370086344
4.325367521415856
0.000129805841801395
10.665019091206382
1.3876124783568543e-09
2.6980030959527994
1.8031789664113678e-09
0.00015580914067917604
0.0025311680567402005
0.00017808989695894373
0.18846844962985285
0.0
0.00026316950326322965
6.046424818384157e-05
5.394897899380537e-10
6.404894281815888e-05
5.1897743454846305e-05
4.05671698151952e-09
4.484185931824909e-10
3.241323969696019e-08
9.38105564893605e-09
7.776380996415383e-05
0.0002697324728036676
0.001657660911467225
3.9370974290217777
0.000637797997227468
0.0
0.00044736503977159
0.0003664875457511909
0.0004111400320079377
0.00017495139924511504
5.1427242535474935
0.0001463983428367848
1.8478723909491267e-09
7.243625210247607e-05
1.0176748237732373e-08
0.005367313054415781
1.672356800520011e-08
1.0024699066960235e-09
9.614682785364646e-05
0.000812009781948902
0.0
0.0005838529807374868
9.23412286621085e-05
7.200681079647801e-05
1.1842003354892795e-09
7.660057882185266e-05
1.596819542523014e-09
8.561613534499937e-05
1.7490795461473772e-08
0.0026221445597279956
1.2694394668914823e-08
0.0008624820673039497
5.438669597763317e-05
0.0004028915116802374
0.0007499578464476603
0.0
0.10862438739384621
4.261806580779904e-05
9.275215822227395e-10
0.0001182465143421162
11.028341841067228
0.00010129568251496533
0.0008989894443397189
0.0004850129918221526
1.2471345898352557
1.7182511710226578
9.524734345863469e-05
0.0002901706480462912
6.075208090319293e-05
1.889451836110717e-09
0.0
7.226247738906119e-05
6.148989833333816e-08
0.0001884888543208666
18.93299559159997
0.7163401152474921
0.0013626148090780785
4.3778564216689117e-05
0.0001796722168950943
0.0003698086949109518
6.447974446338188e-05
0.00026386389515328383
0.0017138494181597854
0.000816024536214582
6.390972702628584e-05
0.0
1.297426788718997
2.6516317134827577e-08
4.63576337232972e-10
9.475423784138016e-09
0.0024759317268431883
3.63215688482713e-06
0.001339129096473716
6.302874085981763e-05
5.134529360518033e-06
9.57514039874142e-05
4.844778069825619e-06
5.322267773828773e-05
0.0005506647674891662
3.915374812555714e-06
0.0
0.0008186953227414262
0.6723712676654976
5.199213892300167e-05
0.09869831873925423
0.00089772305847971
0.0009879683449117633
0.0005247563258385971
5.6784799175185275e-05
0.0003117469392071289
2.9484489307241153e-05
8.700393836861082e-05
0.0004889735750194027
4.361772009251506e-05
4.935725617049533e-09
0.0
10.994669901050468
0.00010170553942886719
0.0026833168879737395
0.0013636489356330377
6.103949009465027e-09
5.176711707506836e-10
2.543479183674947e-05
3.9428424374584196e-05
8.447890037884104e-05
0.00046790506955105395
1.4804253651248582
2.056307646564481e-05
8.314287157004154e-10
0.00046015884188682486
0.0
0.0002438551069100829
0.0027330510972911823
0.0026532085312189076
1.0171899320595802e-09
5.254897339648145e-10
4.528867745562188e-06
7.299417080739459e-06
1.7896489742986785e-05
0.00039379387600358817
2.1446577737270836e-05
3.6143416748579546e-06
9.397346245091223e-10
0.00022590703718265929
0.0011022285273639713
0.0
