1.0712472173969778
12.187941931268186
12.270132277029166
12.132109360848954
12.132109360848963
0.4467892698211833
0.0
25.897807742867702
44.0562672694067
44.052512642038806
46.07529356394998
44.839673384219715
26.506005635498074
0.0
41.794515685826575
92.1204648481383
91.52880401073284
100.0
99.99999999999997
45.526102836758675
0.6601838639377459
49.812915935714514
97.1942956068941
100.00000000000001
99.99999999999999
97.75788490684616
66.68360555638819
2.9260582499734675
54.723614141343745
91.51319971447167
92.07902547501433
99.99999999999999
99.6714806854295
81.4251092657506
4.734202637272848
0.12253043784631074
1.997421504822108
1.9974215048221082
1.5700231356952004
3.6364890298848764
4.626296077884515
0.77104932003854
0.0
0.0
0.0
0.0
0.0
0.0
0.0
0.0
12.187941931268183
12.270132277029164
12.132109360848952
12.132109360848963
23.99051842844736
0.0
44.056267269406696
44.05251264203882
46.075293563949984
44.83967338421972
63.90443966928221
0.0
52.84381366630232
52.25215282889688
71.81370852854688
75.13717750837387
96.39478060658193
0.0
70.42668234127802
68.27292036853736
59.453279918413315
98.6675032695676
95.74754235916535
0.0
36.90967782411422
37.475503584657
11.01495990142249
54.550970072075
100.0
0.12252970842077454
1.997421504822108
1.9974215048221085
1.5700231356952006
3.6364890298848764
56.9125238249784
0.0
0.0
0.0
0.0
0.0
0.0
0.0
0.00044685259422162375
0.00022342629711081188
0.0007185888645098047
0.009494037411610283
0.0
0.0
2.0628806422051613
0.003992284732641551
0.0
0.22654403603489048
1.5663913938974865
9.166434716801502
9.166434716801502
2.3993537714955115
0.05381224501167462
0.0
0.0
0.0
0.0
0.0
2.3632130015713324
0.0774215798646925
2.7019399649739064
3.168700749162261
0.46676078418835587
0.15558667534441709
0.0
0.0
0.12268473419381956
0.0
0.003451154505442043
0.02422582027091858
0.4387982320464619
0.43879823204646196
0.14626596404466113
0.3262145989712316
3.218328730799307
3.218328730799307
2.5181742121440633
1.086271205575904
0.3950075980807115
0.09875185586868905
0.12887843224320852
3.8268765218340515
3.8268765218340492
0.5549899312874346
0.2219959738180226
0.0
0.0
2.5039182090594014
5.295404881659404
3.4257891005635135
1.8670763593237256
5.292756539618957
3.64083713033553
0.0
19.46383444251523
50.270966454736
31.85269685009455
21.70686050829547
51.270255498045806
33.468039564087945
0.0
51.871703659055605
70.45902043914421
79.25801070364192
48.337542704276885
43.528275864754896
43.528275864754896
0.6601838639377456
61.51398333864239
93.46084049344306
87.26476388579664
85.52171872166342
79.0226063598602
71.23617576852938
2.926058249973467
56.42805621235071
59.3455228555797
57.812686843017374
88.16288501807692
87.10675928941204
76.99746732111431
4.734202637272848
2.000478868338358
0.01320229015471271
0.28082166107267287
0.7384243349761751
0.24506014626708528
0.0
0.77104932003854
0.0
0.0
0.0
0.0
0.0
0.0
0.0
0.0004951625673989929
0.011002744172619991
0.026378994881668782
0.009225793822191537
0.003074505902037326
1.1833216609474349
0.038834908977723834
0.22654403603489046
1.5663913938974865
3.72429338317315
1.2530530439009777
1.1833216426561257
0.08958760890041385
0.0
0.0
0.0
1.014676422488559
0.36273407254465223
0.0
26.081378066826076
0.6881465720480169
5.770868074438493
1.97386593736504
0.26587731049781327
0.0
0.0
0.0
3.2091649526599766
1.0686616678198295
0.35622019804247484
0.007301666795571721
0.08530155693954233
0.26371452157723746
0.5445361826499105
0.18538577111223953
0.08688192401798447
0.0
0.0
0.0
0.0
0.0
0.0
0.0
0.0
0.00022342629711081188
0.00022342629711081188
0.00022342629711081188
2.1027405988708385
2.1027405988708376
0.0
0.003992284732641551
0.146120932806557
0.14612093280655702
0.0
3.9423725087011197
3.942372508701119
1.566391393897486
0.05381224501167462
1.9252825707282195
1.9252825707282197
0.0
0.0
0.0
0.0
0.0774215798646925
0.0
0.0
0.0
4.856403237155572
2.000478868338358
0.0
0.12268473419381956
4.171281066028097
4.1751753677147665
0.045443666047651154
1.131651521085472
0.35688751456188106
0.0
0.3262145989712316
7.997895010697991
7.997895010697995
2.5181742121440633
1.0862711664819384
0.3950076218171218
0.09875185586868904
0.12887843224320852
0.5549899312874347
0.5549899312874346
0.5549899312874347
0.22199592123528994
0.0
0.0
