0.0
11.466398439223013
11.466398439223017
11.466454051120579
11.466454051120586
23.999591842983513
0.0
47.98157355349869
46.21481319290657
45.92112583487358
45.99123871246256
63.74674998170381
0.0
100.00000000000013
100.0
100.00000000000007
99.86704672080403
100.0
0.0
79.18883085483957
79.04032858758563
84.28331157742659
99.99999999999993
100.0
0.4953199914696073
63.932903109323725
63.828864283729054
60.80128921552889
71.342844918829
99.99999999999994
0.0
0.24583736539880563
0.2938693404844612
0.2445630318935202
3.074956438062015
25.62067827190152
0.0
0.0
0.0
0.0
0.0
0.0
0.0
0.0
0.0
0.0
0.0
0.0
0.0
0.0
0.0
0.5545759128289237
0.0
0.0
0.8009218419555807
0.0
0.0
0.0
0.40855544965104906
0.40855544965104906
0.800921833889335
0.723215129360301
0.0
0.23585393161482657
6.486059592264359
2.4696919118165126
0.8232306272085095
0.0
0.025680629653232458
0.03536971491987658
0.025680629653232458
0.025680629653232458
0.025680629653232458
0.0
0.0
0.024952192184059432
0.05146258159524027
0.0
0.0
0.0
0.0
0.0
0.0
0.0
0.0
0.0
0.2666537930445418
12.79970816706111
12.799708167061112
12.799782316257863
12.799782316257872
0.2666445243949473
0.0
24.042585552393295
40.17386278022558
41.94062314081784
41.67134250275999
41.73269127065035
23.977180001409224
0.07011287758906737
46.11282606078214
62.200057115042206
62.65560368904415
71.24393402039321
75.94572018068426
35.62596021739546
0.32535166617180694
52.271742517068986
75.86483142948696
77.14017116340086
68.90086459022444
69.29896744888876
40.24012535580426
0.0
52.15388761424431
63.33453549136285
63.55999807034347
67.2750358512009
55.869144269879584
59.10267166991083
1.3585336494847977
4.326727816817006
4.424216474313756
4.4276473296770185
4.424125450491952
4.626296408075419
3.084027194200884
0.548271492754946
0.0
0.0
0.0
0.0
0.0
0.0
0.0
0.0
0.0
0.0
0.0
0.0
0.0
5.548582658786001
0.0
0.0
0.0
0.6338010432330556
0.6360006116516154
0.18045403764966816
4.902769054815704
0.0
0.0
0.0
0.0
0.0
0.0
0.5192123611140063
0.0
1.4582151060815263
14.289100094362254
0.2695473504169446
0.505401282031771
0.505401282031771
0.505401282031771
0.0
2.581842355425102
0.0
0.0
0.05955777627273327
0.05955777627273325
0.0
0.0
0.4479393965049932
4.518881016024054
4.070941619519053
0.8806916370858959
0.32189321278013044
0.08498827698523757
0.06979836384377656
2.224824079990378
2.2248240799903813
0.0
0.0
0.0
0.0
3.733153102623586
3.733153102623586
3.733153102623586
3.7330233415292606
3.7330233415292624
3.7330233415292624
0.0
36.06387832859003
36.063878328589986
36.063878328589986
35.76857753389459
35.76857753389461
35.76857753389461
0.06134876789043395
52.160147372627115
67.52194611756367
56.5184899393703
45.74716003671848
40.94871630965951
52.52015871727991
0.284682707900331
71.52650396749581
78.60584436388447
72.67315702034868
65.5093318382647
60.6469693753913
60.384938860917835
0.0
59.00430021967884
58.93974856708386
58.93974856708386
57.020589257000736
56.15625344472
51.71483771117199
1.188716943299198
0.0
0.0
0.05146258159524
0.024952192184059464
0.024952192184059464
0.0
0.4797375561605778
0.0
0.0
0.0
0.0
0.0
0.0
0.0
0.0
0.0
0.0
0.0
0.0
0.0
0.0
0.0
0.0
0.0
0.0
2.983497377149863
2.983497377149864
0.2868834057462741
0.0
0.0
0.0
0.11305155080001568
1.876656656577885
1.8766566565778862
0.0
0.0
0.0
0.0
0.0
4.114826669003761
1.696796486163523
0.0
0.0
0.0
0.0
0.005406190922786188
1.241385682692273
0.4252118909000209
0.0
0.0
3.879917224133749
3.8799172241337447
0.0
0.8753799307244157
0.31658151539004875
0.07436474236208288
0.061073568363304444
0.0
0.0
0.0
0.0
0.0
0.0
