1.0712437837568143
12.187920424579806
12.269792129280562
12.132412086696876
12.132412086696865
0.4467310071888507
0.0
25.901111316766453
44.060557939472446
44.13831252954616
46.29586349354658
44.92803757912059
26.618112761839583
0.0
41.8273392466268
100.00000000000003
96.47546697449042
99.99999999999996
100.0
60.346963996169116
1.7484215836924484
49.05466669067438
99.99999999999999
100.00000000000001
100.0
97.76469146534201
63.02146275203649
3.5206575909344937
55.747133858069176
92.03316493091067
92.46565048243049
100.0
100.0
76.36538236148873
4.066490843050703
0.11827235238479278
1.7672437283165807
1.767243728316582
1.3093727406908298
3.373692927539028
4.626296286439641
0.7710493779126127
0.0
0.0
0.0
0.0
0.0
0.0
0.0
0.0
12.187920424579806
12.269792129280559
12.13241208669687
12.132412086696853
23.991199337778248
0.0
44.06055793947242
44.13831252954617
46.295863493546584
44.92803757912059
63.90307812021559
0.0
53.59904007658024
55.276814673032725
72.29774818165524
70.00242638598867
96.11788570148616
0.0
68.87373098595009
68.47076866065615
63.29963025121162
100.0
93.41903298052993
0.0
35.7775488793868
36.2100344309067
13.831615056736043
32.95704291923917
70.41804701030571
0.11827227312824747
2.294982097051449
2.29498209705145
1.8371111094256978
3.901431296273896
72.62433947621008
0.0
0.0
0.0
0.0
0.0
0.0
0.0
0.00045960991070949684
0.00022980495535474842
0.0007070946384636384
0.009062734745229522
0.0
0.0
3.3241651658101783
0.00413959730190617
0.0
0.12261333626165845
0.8477839157037882
4.938663160210212
4.938663160210213
2.4392214710454545
0.0537804545108359
0.0
0.0
0.0
0.0
0.0
2.936788319734023
0.14192012400650086
3.1386771353423053
3.0324022268283204
0.8734641853628965
0.8083379311056459
0.46553561743220195
0.25130957224792005
0.13222363917322452
2.0995131370514253
1.8044749740025297
0.9360617975080494
0.33916907829970716
0.3391690782997072
0.005598587360322627
0.26371471528251816
3.338302470884015
5.392063698806315
5.392063698806315
1.1629156307345498
0.4228082796781863
0.10565615162567507
0.1288784275673128
3.82687651190206
3.8268765119020562
0.5549899735305954
0.22199598918049357
0.0
0.0
2.503920388635009
5.295357568189712
3.425110846879865
1.8677198927948955
5.292979351063949
3.640838403479976
0.0
19.463535331920284
50.29853900852147
32.11936132176554
22.10347773530411
51.40480419006536
33.49080638772665
0.0
52.74235656939075
72.00827736556612
98.06308622987346
77.18855196936845
68.74153486452386
60.34696399616912
1.7484215836924486
61.26603670257503
92.74053860404786
82.96141531942537
74.16379702788099
67.87691770778017
63.03511453672285
3.5343093756208663
56.78977360891329
58.5966226431324
59.09134576271719
94.93869105028566
94.32916858296824
76.35173057680234
4.05283905836433
1.3171889899205846
0.0
0.18227366401390943
0.7342005307269852
0.23654462551304023
0.0
0.7710493779126127
0.01964628866991591
0.0
0.0
0.0
0.0
0.0
0.0
0.00047728968310889003
0.010945051180850908
0.027283316478880045
0.009802969863253946
0.0032676282716450466
0.05026900047930874
0.021019189544700227
0.12261333626165846
0.8477839157037882
4.103477727019259
1.3678259047270471
1.8467584237223575
0.09086425336433221
0.0
0.0
0.0
0.0
4.848025709861749
0.0
11.324805664145975
0.18265522925472394
2.5707319144413825
0.8984091358046036
0.18265522925472394
0.0
0.10627490851398509
0.10627490851398509
1.4483199051350395
0.21254981702797018
0.21254981702797018
0.0
0.295038163048899
0.4165524439086205
0.5988261079225301
0.295038163048899
0.295038163048899
0.0
0.0
0.0
0.0
0.0
0.0
0.0
0.0
0.00022980495535474842
0.00022980495535474842
0.00022980495535474842
2.089170886771032
2.089170886771033
0.0
0.00413959730190617
0.1461598983737927
0.14615989837379276
0.0
2.4450878471451283
2.4450878471451283
0.8477839157037882
0.0537804545108359
1.9241450435636722
1.924145043563671
0.0
0.0
0.0
0.0
0.14192012400650084
1.8924479069722377
1.8924479069722377
0.9797390938768816
9.971553579247573
2.4701913321325444
0.0
0.13222363917322452
2.396090487013548
2.3960904870135478
0.0
1.5537576828411441
1.0586770865774935
0.0
0.2637147152825183
5.627997705333253
5.627997705333255
0.0
1.1629890805373826
0.42288173817570673
0.10565615162567507
0.1288784275673128
0.5549899735305952
0.5549899735305953
0.5549899735305953
0.22199598321952663
0.0
0.0
