0.0
3.296135326808271e-07
5.419156802483902e-08
6.420626652624121e-08
7.510288695612753e-08
3.974430767568535e-08
3.9717705617598404e-08
4.058344358899997e-08
4.119820224835493e-08
2.3663827358760593e-08
6.819267436969886
4.127993937594132e-08
4.127164239141149e-08
3.82526033367998e-08
7.7567635016666365
0.0
7.534673721383064
15.834502345044037
5.2358392627470405
1.2664055266198492e-06
21.688607217648066
20.264755148268282
2.075346988499988
2.1832787069213837e-08
223.74798861001366
5.805608958000701
94.59036788744693
8.918742614500097
7.092924046941925e-08
2.661377657822366
0.0
2.1781798361411546
0.032348461910031455
10.349083174483006
2.4610035587377292
17.233286441578404
5.8173561884466505
45.750166275243586
11.508098953045367
14.523123192469491
248.9491650766684
4.752230467782791
0.0065230034799556354
0.8329455886688224
2.3589613108753515e-08
0.0
6.67643375308551
1.1471807678446757e-06
0.7896389503508527
6.570685344112794
0.8359871467010673
1.117934902679603e-08
50.4557436395249
0.27022598360183464
7.57374493817373
3.521322848276595e-07
6.307084701976657e-07
0.0014031377712667911
1.1114892025673015e-07
0.7913784889176751
0.0
0.000311420231078679
1.2476262287922104e-06
0.05423882931670327
2.545778670657757e-06
3.560351600910547e-08
1.2339697726499468
8.557122635602172e-07
0.0422145319650928
5.035695613319566e-07
1.706068246616674e-07
0.00023732401121450789
6.72774348135838e-08
0.08517491184589177
0.00053988594448336
0.0
1.3057807484988043e-06
0.03823995915531493
3.7455932772105566e-06
8.72182816915416e-09
26.610035913796686
2.4539978346718514e-06
0.03361701581737549
2.723519650226328e-07
7.812968244879237e-08
0.5772528107449592
2.686194091341683e-07
2.2418873609382334e-07
0.0002807178850821191
0.0004913846253596518
0.0
2.4344875323545602e-08
4.7738463680206155e-08
1.0190569473312995e-08
3.9266387960761775e-08
4.4056824345445585e-08
38.77189778828866
6.126481717375429e-07
1.2437582110462555e-07
2.5897848044879245e-06
8.236942647764684e-08
3.5877005448284434e-06
2.9663108602025155e-07
4.829416388567993e-06
2.155236110047504e-06
0.0
6.83641975352976e-08
1.742788196411165e-08
4.744904222113996e-08
5.1279657960592186e-08
9.707246496112596
6.885008451298894e-07
6.831215558945864e-08
1.0509363292942557
1.3592718657183198e-07
0.007480514171840781
0.16985611780216306
0.0008104964091996967
0.14215242262954672
1.1839256434570126e-05
0.0
1.0037518447506401e-08
11.47699807446589
1.4121607571126726e-06
1.4095626261145502e-06
2.8540084360327533e-07
0.0625848896289139
0.6897840462072101
2.2667483845552514e-07
4.75160334818427e-08
0.017672099387171084
1.6361838989443902e-06
9.033370348381321e-07
0.07516922392650821
2.536828572732707e-06
0.0
2.879056873075058
8.608309280032298e-07
0.05391719132988908
4.26854027687693e-07
5.903922829934887e-08
0.007285521951758682
0.0036684009100379574
1.1473844422460626e-06
1.465917300500738e-07
6.927549165302118e-07
1.1890037245932602e-07
3.6544025561190237e-07
4.5477498693320246e-05
3.1145494131180334e-08
0.0
0.0009641826200891843
0.5948271216077916
5.330969993387613e-07
3.6869037508571697e-08
0.09084051205184548
0.015488184359855273
3.851250171326694e-06
0.008187072896196409
3.003012615321601e-06
0.09073131215676183
0.009018199765937117
1.0968279902347616e-05
1.3892593182375471e-08
43.554356404187246
0.0
2.906889383961551
6.479210643903216e-07
4.437740185853694e-08
2.073646930033065e-06
5.305611597333026e-08
0.0003794701678781334
1.9611787313440322e-07
0.0030189586500641227
2.9666098860799406
0.0002868627629079019
0.00015940576358565542
0.14200231468928354
0.0005222436758532643
0.00028763863155183524
0.0
0.0011119025699076592
6.062042835068579e-08
0.13970944390100906
5.573254424641889e-08
7.047876899694917e-05
6.80300316117187e-08
1.742295341010081e-05
0.17787129040263353
5.092907976139611e-05
2.3529180669354012e-07
0.04815775352595279
1.58433208613756e-07
5.10689132327794e-05
0.0008966641119620572
0.0
