0.0
0.0002992904434262531
0.001193847431099683
0.0012706735964826297
9.64300119365107e-09
8.717290185369235e-06
4.657663575030381e-06
5.6359218721258854e-06
4.944040112541749e-06
3.980987338033466e-06
2.0032369101234826e-09
4.215615322315315e-06
4.4657368229953857e-10
2.6788301926170287e-06
1.8260609320271461
0.0
1.8260411989429448
3.470315019040374
0.913129971431622
0.6540961641734496
1.0507864149327812
1.8718474541532368
1.0508211800445588
2.4859963320084084
333.5489184275818
2.6931355381432063e-05
46.96971950019202
1.0864582289861378
0.0001118937978915267
0.690186947731106
0.0
0.690186822010941
0.4384163974379438
8.80168613849899
9.238773171695703
3.737351435326525
5.908443241869396
20.45580074643592
54.32784178263512
19.83808450638462
264.1146524998757
1.8142989847907538
0.8664564285119933
1.7306682026681608
0.00021307700306667283
0.0
5.5075912486156895
4.539660233102448e-05
2.583992860062076e-05
0.030060226174472543
4.326184247209796
0.00010669296443771507
10.661608007041991
9.372351945264775e-10
2.696668520311393
1.221661529031554e-09
0.00012814011480463125
0.002080490103377517
0.00014651776359473636
0.18816541490874564
0.0
0.00021641022236885006
4.971987624582436e-05
3.6493278810731167e-10
5.2670987024172595e-05
4.26794026080582e-05
2.7340372069102173e-09
3.031296331981045e-10
2.1802106300833273e-08
6.317132442558703e-09
6.395969688109665e-05
0.00022187754048537753
0.0013611112995221104
3.9364436244181453
0.0005265587262452589
0.0
0.0003679533856427529
0.00030063302894073893
0.00033886262106670696
0.00014380194137875738
5.146614267324259
0.00012039885196478181
1.247344442135245e-09
5.9572385681853796e-05
6.869822133144099e-09
0.004407261530206666
1.1308245058214652e-08
6.773647014945882e-10
7.90732858377511e-05
0.0006675356844591828
0.0
0.00048014952380562873
7.600537513694741e-05
5.9216230424779514e-05
7.988136307776028e-10
6.299851358239979e-05
1.078424708307041e-09
7.040517658390227e-05
1.1818010535183527e-08
0.0021528209482579866
8.583114826062082e-09
0.0007080108737905879
4.472851367487523e-05
0.0003314356922919327
0.0006162268534308114
0.0
0.10848582739537613
3.504816635014522e-05
6.245175912540105e-10
9.724372810971964e-05
10.986839262525418
8.32976576180065e-05
0.0007382038088799745
0.00039824565950087625
1.248125040819974
1.7173158228331578
7.833265162228575e-05
0.00023861662530061454
4.995727306792071e-05
1.2565113467084555e-09
0.0
5.9426786244585236e-05
4.15580690888247e-08
0.00015492286442029635
19.177915810608333
0.7034570994097389
0.0011187158427445258
3.6004225642744604e-05
0.00014776860740389232
0.00030397131301834225
5.302751003504013e-05
0.00021698876273803415
0.0014093366843813127
0.0006698056879224556
5.2557120601467755e-05
0.0
1.2986863593555915
1.8297188601861748e-08
3.133702137699736e-10
6.379880359088347e-09
0.002032631075735392
2.9865870945902828e-06
0.0010994653904361144
5.175139575857426e-05
4.221851857547804e-06
7.874017643148552e-05
3.983153698563676e-06
4.376636020213961e-05
0.00045309125349124056
3.2195403908518246e-06
0.0
0.0006726989158112313
0.6698460939969757
4.275384582968112e-05
0.09963797109221309
0.0007368566480259766
0.0008113339578883511
0.00043080240833640515
4.669816458882388e-05
0.0002567373302392188
2.4245116660155754e-05
7.15437684856869e-05
0.00040169420449381757
3.587017824075603e-05
3.4663947351848333e-09
0.0
10.95207421740576
8.363383412983887e-05
0.002203192426531114
0.001119632378805021
4.1257933689688515e-09
3.4987529416929184e-10
2.0920321505273538e-05
3.243579040937261e-05
6.944408235508967e-05
0.00038458791783549265
1.4444266532149261
1.69121727303344e-05
5.577063329541837e-10
0.0003782554988638854
0.0
0.0002004443799127919
0.0022440696537860986
0.0021780822599762684
6.876173869200409e-10
3.550295731266887e-10
3.724340150846871e-06
6.001477101198829e-06
1.4694495416561226e-05
0.00032443804080280257
1.760823958870119e-05
2.9722376169836714e-06
6.303217292312264e-10
0.0001857922495682486
0.0009056867261568008
0.0
