1.0712363925421806
12.187875584347106
12.269105323234799
12.120554419001017
12.120554419001007
0.4887363206677231
0.0
25.899551138994145
44.071746735022636
44.24302564782892
46.19490166577658
44.88718163238693
26.49510393402183
0.0
38.29718636735567
92.5277819645479
99.04517738943028
100.0
100.0
38.57117344668511
0.0
53.62038163038994
95.56325408380958
100.00000000000003
99.99999999999999
99.99999999999999
57.44262057008392
2.53177518675755
47.90019513570223
84.67287283424929
84.08313889332118
100.00000000000007
92.87062981483038
66.11544477512267
3.2338859233585655
0.0
1.851271161327615
1.9173275804973073
1.5564969394380035
3.631980322172611
4.626296098251357
0.7710493263065994
0.0
0.0
0.0
0.0
0.0
0.0
0.0
0.0
12.187875584347104
12.2691053232348
12.12055441900102
12.120554419001007
23.990507233143685
0.0
44.071746735022586
44.24302564782893
46.194901665776584
44.88718163238693
63.907789354070054
8.62291028470763
66.50902666336535
58.87051403126117
76.5188485366316
81.67502530909
99.98513134242816
0.0
69.29238544768292
64.62230032911454
60.98980257691359
69.51249348970278
100.0
4.682403413434891
36.93919241368467
36.34945847275654
22.899559507177177
26.755185039707712
100.0
0.21779642720806633
1.851271161327615
1.9173275804973078
1.556496939438004
3.631980322172611
24.363003106206385
0.0
0.0
0.0
0.0
0.0
0.0
0.0
0.0
0.0
0.0
0.007210444727348571
0.0
0.0
5.095496341274638
0.0673319057836524
0.0673319057836524
0.14622112990832237
1.0394916437497768
2.5195454761773566
2.519545476177356
6.183680416947247
0.05423844831224186
0.0
0.0
0.02084609714745147
0.0
0.0
3.6960557512653573
0.0
0.0
3.180451904776321
1.0996397945163638
3.171495832736013
3.1714958327360128
1.4819457496049846
0.6326236774045648
4.6416805700747314
4.30447475358754
0.9820396961158442
0.9050003039746091
0.7509215996717499
0.25030717314927853
0.42182528403985314
10.744409993067304
10.744409993067299
3.433265661825114
1.4810165351556828
0.5385514080731817
0.13463783769649165
0.12887843436562207
3.8268765219833525
3.8268765219833503
0.5549899381330691
0.22199597345811767
0.0
0.0
2.503924776127626
5.295259422820858
3.4237402162346697
1.8696444900861384
5.2002089201595805
3.585046369171383
0.0
19.463677157547497
50.3305374034488
32.434509029874114
21.923160096291443
51.3372463682305
33.4126854435399
0.0
51.30823195715989
71.80852867168512
58.79748308466296
44.48750870241263
40.684215958455376
45.0353056394436
0.0
63.94252333963894
76.03072167322647
66.60295066600216
73.25466436351066
66.22485503499595
57.4426205700839
2.53177518675755
56.653879996539466
63.68323563206965
74.95479711783705
77.24951888642607
72.46023668097801
66.11544477512267
3.2338859233585655
1.998022587404513
0.0
0.0
0.6514803880486243
0.17615106425500354
0.0
0.7710493263065994
0.5679881672348355
0.0
0.0
0.0
0.0
0.0
0.0
0.001993998552432099
0.009377243778282645
0.02859204844756324
0.01152898458183034
0.0038429608246267613
2.8308313014406266
0.009013115880707547
0.029965520548398576
0.424541675664532
3.923160101219908
1.3077200295221585
3.3465646671034093
0.08644736033208855
0.0
0.0
0.0
0.0
3.346564673789088
0.4566997802910615
8.365607378854557
0.9139575823701491
8.914702535594886
3.0505589043594226
1.179467867990222
0.0
0.0
0.0
0.0
0.0
0.0
0.0
0.33720581648719306
0.3812440424028112
0.6744116329743862
0.6744116329743862
0.6744116329743862
0.0
0.0
0.0
0.0
0.0
0.0
0.0
0.0
0.0
0.0
0.0
2.0732072299556776
2.0732072299556776
0.0
0.0673319057836524
0.2259210804007212
0.22592108040072106
0.4808177136888247
3.10897847213198
3.10897847213198
0.0
0.05423844831224186
1.9273824600981069
1.9273824600981064
0.0
3.128892029079424
3.128892029079424
0.0
0.0
0.0
0.0
0.46420553096266665
2.9119801697746617
2.9119801697746617
0.9139575823701491
0.6326236774045649
2.0790480211081603
2.0790480211081603
1.3192455126030374
4.1144152462000525
0.5679881672348355
0.0
0.42182528403985314
3.597649302481557
3.5976493024815546
3.4332656618251143
1.4810165202422036
0.5385514187221334
0.13463783769649162
0.12887843436562207
0.554989938133069
0.5549899381330691
0.554989938133069
0.22199593703760043
0.0
0.0
