1.0712432669096068
12.18791810309457
12.269771351766654
12.131123369066952
12.131123369066945
0.47525685174053395
0.0
25.89928580154644
44.069374659930666
44.04321681299945
46.65228088403707
45.069615941368994
26.587316582629786
0.0
42.47050482450655
96.75436896643092
100.0
100.0
99.99999999999997
43.52523553245496
0.0
48.38947731117401
99.99999999999999
100.00000000000001
100.0
100.0
64.86259415753577
3.5189539271837202
54.56754645443278
92.12939305375721
93.76482991991374
100.00000000000001
99.84878496588112
78.90065754616238
4.8206167249685965
0.0
1.7188277024457095
1.7188277024457095
1.4179795090734886
3.5858079158173832
4.626296220106536
0.7710493593958164
0.0
0.0
0.0
0.0
0.0
0.0
0.0
0.0
12.187918103094571
12.269771351766657
12.131123369066955
12.131123369066955
23.993038626216887
0.0
44.069374659930695
44.04321681299946
46.652280884037076
45.069615941368994
63.91296336773368
0.0
67.3610519737077
62.48941896133756
87.15131460443146
80.47015271317184
96.41732621045708
3.130324495175575
56.628551236775714
54.92207826027693
58.46523982153961
76.0259317167299
99.76158646544438
0.0
37.581990267129186
39.21742713328572
10.214366445539136
46.99699611441431
100.0
0.2022148152713654
1.71882770244571
1.7188277024457097
1.4179795090734888
3.5858079158173837
40.11477385837625
0.0
0.0
0.0
0.0
0.0
0.0
0.0
0.0003992356427269335
0.00019961782136346674
0.0006441691659197477
0.00851670444989972
0.0
0.0
2.875733638522927
0.002749385970172326
0.005498771940344653
0.015608465244860774
0.20280152864902623
0.9235220360100473
0.9235220360100475
3.0716513485927077
0.05408014432036801
0.0
0.0
0.0
2.3408858510124144
2.3408858510124144
5.9444107413311205
0.0
0.5846193078865365
4.471786506721235
0.00892873879768147
0.09944241059120934
0.09944241059120934
0.05244725806645124
0.24040181349682022
4.924920012041998
4.464352438626118
0.8154037244022602
1.3354066558760118
0.8748390824601309
0.17496780613563112
0.18706396985073734
0.0
4.015622145206684
4.015622145206683
1.291674178949864
0.4815070965279819
0.1528472317408359
0.1288784317825356
3.826876512918553
3.826876512918555
0.5549899554796085
0.2219959813052827
0.0
0.0
2.5039205152312354
5.2953538617320195
3.4250695814176106
1.8688564948893458
5.291849359092259
3.6113225233898807
0.0
19.463701278257773
50.3219020265969
32.34577718817369
22.747994825300328
51.602762697981724
33.32564679935302
0.0
53.003642583155624
76.52758102516042
65.99444327380218
43.86986514246168
39.998743061284344
40.31900687641395
0.0
60.947279293305456
86.91346122889587
86.21183573915691
72.96850746315616
69.74602514615415
64.86259415753574
3.51895392718372
57.83302912559239
59.427187871669744
56.824150723163214
90.72691064188625
90.19995884236894
78.90065754616236
4.8206167249685965
4.237937770976826
0.0
0.11627880100876374
0.43595898535628463
0.14531962640972387
0.0
0.7710493593958165
0.0
0.0
0.0
0.0
0.0
0.0
0.0
0.000444551344556281
0.012019218126162492
0.02669749473942282
0.007339232543592804
0.0
1.626001976806885
0.0
0.027156830526000344
0.36834056006437654
4.74799478086255
1.5826648919888417
1.6260018755576808
0.08159671402934342
0.0
0.0
0.0
0.0
1.7064729691796154
0.0
6.188182957239991
0.0
0.026223629033225622
0.02622362903322562
0.0
0.0
0.0
0.0
2.276747936535193
0.7834268298666573
0.2740968465885095
0.0
0.6187736735925274
0.688540965702213
0.6466136665343308
0.921135146831762
0.921135146831762
0.0
0.0
0.0
0.0
0.0
0.0
0.0
0.0
0.00019961782136346674
0.00019961782136346674
0.00019961782136346674
2.0778495066273415
2.0778495066273424
0.0
0.002749385970172326
0.14661348297620228
0.1466134829762023
0.0
0.0
0.0
0.0
0.05408014432036801
1.9322656047492026
1.9322656047492028
0.3601362380997518
0.0
0.0
0.0
0.0
0.0
0.0
0.026786205225091928
4.237937770976826
4.237937770976826
0.0
0.24040181349682022
3.735955434180174
3.7359554341801764
1.275971297818141
0.7559683663443892
0.3686346119542732
0.17496780613563115
0.18706396985073734
6.360175136244962
6.360175136244962
0.0
0.5381554674225801
0.221743267069288
0.1528472317408359
0.1288784317825356
0.5549899554796087
0.5549899554796086
0.5549899554796086
0.22199595375085301
0.0
0.0
