0.0
11.466417846344664
11.466417846344669
11.466469430338524
11.46646943033852
23.999621367365382
0.0
46.234056318126505
46.23405631812638
45.871009491998045
45.95768075051108
63.68694074703045
0.0
100.00000000000006
100.00000000000006
99.99999999999993
99.97253390094818
100.0
0.0
81.15928442429573
80.04445154478573
84.08103116430087
99.99999999999996
100.0
0.6229121118279022
63.62520013636644
63.82194551674637
60.98169551644006
72.04329912878141
100.00000000000004
0.0
0.2714191658145282
0.3132945192303204
0.27277698528776073
3.085579021243971
25.685836351129247
0.0
0.0
0.0
0.0
0.0
0.0
0.0
0.0
0.0
0.0
0.0
0.0
0.0
0.0
0.0
0.6855481184557614
0.0
0.0
0.5104500744252227
0.0
0.0
0.0
0.6302972716799666
0.6302972716799666
0.5104500829262846
0.7159791234827931
0.0
0.26083731406533367
5.074469726749175
1.8827619675776819
0.6275872934673576
0.0
0.026865413846319925
0.3235478697463863
0.026865413846319925
0.026865413846319925
0.026865413846319925
0.0
0.0
0.021753940437587032
0.04486618661350141
0.0
0.0
0.0
0.0
0.0
0.0
0.0
0.0
0.0
0.2666547229003197
12.799729283936392
12.799729283936397
12.79979806259487
12.799798062594867
0.2666461255680112
0.0
24.052642779937717
41.958089452106826
41.95808945210668
41.625213442196014
41.70105079339492
23.97179079687565
0.08667125851309586
48.020103827605226
64.03669496745636
64.99367188002996
66.81770481483966
74.10589199441614
33.382586515316795
0.34913212244219144
46.203137061247226
78.10352723304
78.70791003678501
70.94707380186374
70.84796326316244
40.44867573529702
0.0
51.59997007290469
63.29570284795767
63.520554711249105
67.31089371540243
55.447199062060776
58.862299951785
1.2784097443189446
4.3900349302046555
4.412645230188317
4.415636326860875
4.412742217293548
4.613656648433279
3.058582917184292
0.5437480668155034
0.0
0.0
0.0
0.0
0.0
0.0
0.0
0.0
0.0
0.0
0.0
0.0
0.0
0.0
0.0
0.0
0.0
0.7834835639494417
0.9569769125734253
0.0
4.754968664331928
0.0
0.0
0.0
0.0
0.5306442505516463
0.5306442505516469
0.9913086443979918
0.0
1.5557784332716504
14.345285555795623
0.2980997875032385
0.5589371015685718
0.5589371015685718
0.5589371015685718
0.0
0.5515078579692902
0.0
0.0
0.05313639151887413
0.05313639151887419
0.0
0.0
0.20988965836028484
4.280831283442202
4.070941625081922
0.880691647938649
0.3218932333788163
0.08498828629761607
0.06922250730584106
2.2064685176217504
2.206468517621743
0.0
0.0
0.0
0.0
3.733166120604475
3.733166120604475
3.733166120604475
3.733045757952156
3.733045757952157
3.733045757952157
0.0
36.078964169906605
36.07896416990659
36.07896416990659
35.7139232807454
35.71392328074539
35.71392328074539
0.07583735119895887
50.28813867421534
64.13025637546917
52.79630092358679
45.047904981368006
41.27358739282811
52.7292538468356
0.3054906071369175
69.66656082622121
73.9764777140884
70.74491360436272
64.84628724557179
60.524805114527275
60.607111704127306
0.0
58.8111498472592
58.70805241027719
58.70805241027719
56.82906500243969
56.01996840337889
51.50451245781188
1.1186085262790768
0.9761723107336173
0.0
0.04486618661350158
0.021753940437587
0.021753940437587
0.0
0.47577955846356546
0.0
0.0
0.0
0.0
0.0
0.0
0.0
0.0
0.0
0.0
0.0
0.0
0.0
0.6572636192122885
0.0
0.0
0.0
0.0
3.688100129460576
3.6881001294605764
0.0
0.0
0.0
0.0
0.11724502356153262
0.7069013933728723
0.7069013933728746
0.21190867130124708
0.0
0.0
0.0
0.0
5.855843937903883
1.9523446214672346
0.0
0.0
0.0
0.0
0.004824056664215716
1.2255808598907956
0.4215972436716297
0.0
0.0
3.9831047622022813
3.983104762202274
0.0
0.875379931526534
0.3165815246301464
0.07436475051041405
0.06056969389261093
0.0
0.0
0.0
0.0
0.0
0.0
