0.0
0.0011117291276390169
0.6423936168000107
0.9250004298529394
1.0373135374767879e-05
1.4241644810126978e-05
8.67047032945649e-06
9.934865370011423e-06
9.727174790217595e-06
1.5254977126636073
7.617226912531272e-06
7.2369440342097994e-06
7.609097284320755e-06
3.5087529445996025e-06
2.4763264877031386
0.0
2.13964170560058
4.359933320773664
2.254052748565785
1.392387053208442
1.2657719853638192
2.2252553394028647
4.909087127064121
2.0722695816571313
305.41856671534657
0.689300829880495
59.20125401629471
4.627853155646379
1.8085151305417413
0.7814365609103309
0.0
2.785403057794205
1.808532814940573
6.765811733888479
5.690070253719401
5.9806010639711475
2.453424330460445
16.630047596085873
93.27461758688665
3.0847572234143747
252.00676778704187
3.6588216898466524e-06
0.0013468852687921122
1.4787835246822898
0.0001595955403237971
0.0
3.7491998403585236
0.5130556270658603
0.40669598860617034
0.0004175489861409227
4.2549244118293724e-05
0.00011765909331456165
6.712138005552533
7.47917526562769
2.1252663357104087
1.2943501571486489e-07
0.000130673897868691
0.0005567391327382525
0.00015112676837795205
0.24335483706086422
0.0
0.00021556868967299435
6.750602118363322e-05
0.0022115530111230814
7.318619354070707e-05
6.048794067050224e-05
9.013681388487846
1.881408184596074e-09
2.485586175330626e-09
1.7318343741405739e-07
6.349971330553323e-05
2.052687826792698
0.36170494880310217
4.16512979134737
0.00015705068168300548
0.0
0.00013119327801047064
0.0006454549523303819
0.00014629938032660505
0.00011351198946304636
4.465865062953852
0.00010179839015217767
0.6605280037294952
5.342440180794749e-05
2.664098445180958e-08
0.24682127556933375
0.28833241832403367
0.0015329311830841684
8.34295112384549e-05
0.0002478743498406112
0.0
0.00020137775489726257
9.822811183206003e-05
6.416404858287105e-05
1.3735618529734491e-09
6.458275419886962e-05
0.09519594687887462
7.437229209793801e-05
8.568327926986636e-09
0.0015346392052580247
1.1616802103390671e-06
0.000772459692244981
4.734778147168239e-05
0.00026375335554099685
0.00043568601910421535
0.0
0.021035313228685668
3.791608988431327e-05
6.687355382851767e-10
0.0001144704280102911
14.017607089612415
9.92345544868772e-05
3.7762177106719056e-05
4.784919891303011e-05
0.023612108069322457
0.1649165309512135
0.00010371749672940852
0.00014835397272403554
6.850397850289552e-05
9.130654536587036e-08
0.0
6.432126518358846e-05
0.026601956253148318
0.00013700258478537345
13.203058039366471
2.5666039989955427e-07
0.0016279855763233603
4.7165443174149525e-05
0.00016318048492331463
0.00033132056522277014
7.663454989454289e-05
0.00024069949745309763
6.722542873413924e-05
0.0007111753562922258
7.285679693721272e-05
0.0
0.7401104311697109
2.2491576152927693e-09
3.33489957289862e-09
1.7856797097896123e-07
0.002267687665788405
3.7947359382662267e-06
1.572420910417003e-07
0.001265764974366437
5.750877856719305e-06
9.040099757238901e-05
5.155183390982366e-06
1.700788489100816e-05
0.00047061834728401124
3.487217249883269e-06
0.0
0.0007410344056580399
0.8761004359759454
5.102270591867589e-05
0.0016006224898500343
0.0007936134346855678
0.0008934719452218232
0.00046465550535856745
5.756233240312091e-05
0.0003333040012145663
3.1551481416605836e-05
2.1573207777295706e-05
0.0004976370845324417
3.8927975773519556e-05
5.141840903646272e-10
0.0
14.017607045001565
9.977210243083674e-05
0.0663886079357908
0.0012270631440041055
7.046711336882001e-07
1.104989160367747e-09
2.2359030995920715e-05
0.14378738496092802
0.5284037204078018
0.00029314137466692034
0.33584624263835194
1.839228483466009e-05
5.468528845414954e-10
0.0004170924371855526
0.0
0.0003430963100294231
6.729080420618258e-05
0.004820525672366733
1.11001746903413e-07
1.3247859689898218e-09
3.977050109230547e-06
6.605533695075999e-06
1.617495969418803e-05
0.00030488368549311403
1.936190403017514e-05
3.231166224432954e-06
6.223441322895749e-10
0.00022053908246137818
0.0009972322632640833
0.0
