0.0
9.967914630288626e-07
1.2832653452742437e-08
2.266174723400765e-08
2.1421869908589203e-08
1.9466484392895954e-08
1.9043609509013656e-08
1.9859305294538966e-08
2.0426757312001076e-08
7.335372339529147e-09
8.06888539314334
2.428316921892525e-08
2.272412646608832e-08
2.075157418994183e-08
4.5638318747336255
0.0
3.222723414180115
10.881123124065324
4.855465295354245
5.566611630167043e-07
3.9562983153007445
17.12334237058588
4.788920119464345
0.4705982074840947
167.77894940414993
10.272632605099599
155.89558792634443
13.40151983606581
1.895482357179869e-08
3.0851316271864353
0.0
2.3787260056644874
0.02625712805972144
14.745537278640132
12.967396580611382
15.828252756346625
5.381985066375694
48.06422704259654
11.383589350648734
27.391414577625
214.51034173169856
3.7863014472656222
3.2098482649811035e-08
0.8837328262863848
1.5011382541871322e-08
0.0
4.960869929743885
5.490586315997218e-07
0.8857712636201904
6.484500835428273
0.9462360691139956
5.5164297942107756e-09
62.69209476362169
0.28707040106736853
7.474605396326568
1.431911218010419e-07
1.9373211187739435e-05
0.0003601333614313312
5.740738883924659e-08
0.5933696179201382
0.0
0.00010653455345826596
6.124226733422347e-07
0.05978509813659934
7.213582023007797e-07
1.3953730986243011e-08
0.06185030276536655
3.6823011161224964e-07
0.04361625919048536
1.6473172734353855e-07
4.33604271030423e-06
5.7396836866952015
0.5989472505993725
0.09590325727844799
8.308353288414246e-05
0.0
5.725849251486767e-07
0.04329573051604654
1.0366547638105977e-06
4.557221298260346e-09
22.338598486123693
1.0214148541188126e-06
0.036401458153851034
1.0844696073416576e-07
3.6186029235182427e-08
0.38588749516636867
0.002516986539091407
8.454543450235365e-08
1.0056823321349982e-06
6.303557688059277e-05
0.0
2.4284932668583547e-08
0.011436323239497831
5.5348637062841614e-09
2.152220669491875e-08
1.6576488378268297e-08
35.431714316993194
2.069765213322251e-07
4.106377491670533e-08
0.00026986279732335746
0.000255298605845456
8.55242859873453e-07
1.1712999407708433e-06
6.706820635312548e-05
0.00022919819187932825
0.0
0.033444092313164406
6.380290830828699e-09
3.57842007800237e-08
2.0090266702496286e-08
1.584914990556731
2.39934358161121e-07
3.159911637456515e-08
0.37882660533576573
1.059150386848157
0.008268185666567123
0.008244857057045434
2.441982872094169e-05
0.008243898941170134
5.6847567244564436e-08
0.0
5.674003827706945e-09
6.077803901134144
3.743887882614273e-06
2.556713814635525e-06
1.3431157885468914e-07
0.03944702679700679
0.5047586737651869
1.0908917651909048e-07
2.6409870083236215e-08
0.012574180328812612
6.931565283537979e-07
3.966348441897084e-07
0.08357018553973813
7.231915240772777e-07
0.0
19.065583554477158
3.700595379705737e-07
0.05486423283435442
1.581592537727036e-07
0.0009179223164890833
0.0010546268881065348
1.3398040159192977e-08
9.99770439061604e-08
6.492456473395249e-08
2.1096299408643393e-07
5.791240065530498e-08
1.3070054248232293e-07
0.00029411266374235905
5.234671747947108e-09
0.0
0.0006667065638470551
0.09282495622646615
1.827499697839731e-07
2.980269811182056e-08
4.621744371467179e-07
0.15802696181650827
9.997840678267593e-07
3.7503283877113256e-07
7.145902946965687e-07
0.0957785133475049
0.01188538971497594
8.175110472577276e-05
3.3530502020284592e-09
95.01854383136866
0.0
0.7183430397378712
2.3147584168062004e-07
0.6050654518064522
0.26207524246482095
2.2703965230477496e-07
0.021515231657946967
0.1414842117847885
1.150016915368826
2.0705967568222405
0.00011366673749402159
6.424952876464133
0.10263481416822262
9.437535727151426e-07
0.0001145888765871891
0.0
0.00010886032019343138
0.10637257429203602
0.13410907995161633
3.421146706301002e-07
0.026093039623370964
0.07542471285236466
0.1071802754910377
0.19121775209623612
5.954013092605194e-07
0.2409161032821555
0.06557071264210251
2.3440581658493232e-07
7.931554026070239e-07
6.419165504332361e-06
0.0
