0.0
3.7849368267875846e-08
1.3439905876692085e-09
1.0849729689188274
2.8737819334441895e-09
2.779270218237962e-09
2.6894085553420834e-09
2.8566547518127745e-09
2.8572599282374506e-09
1.4695916211446698
2.3859034396413417e-09
2.8672932521307595e-09
2.8999254657774334e-09
2.3839225763761136e-09
5.652782276507354
0.0
4.056804999981667
11.35312428455392
4.460921747854549
17.221204136104472
3.5158257566710858
20.10041005592022
6.300336796440563
1.979533651902298e-09
207.98564914384278
14.767599901783367
90.77527210777961
11.590810902300895
2.6519103436499006e-09
2.2821603789216898
0.0
1.4848588461044732
0.03284007094245083
4.637969565364858
3.2660829304212626
7.5399947131427085
4.8330729325706265
43.16308684701971
62.776704226331624
11.116268250258761
231.01166735415163
1.523828735716454e-08
0.9573827550274999
2.5012143595054903
2.5730858521750546e-09
0.0
12.87161067879178
1.192073175591322e-07
1.4556842044494762
6.52180929624584
0.6794510007291439
6.715275276156539e-10
21.02122870117093
0.21568313980497097
7.680344525944099
1.0692047565130905e-08
3.024674021436036e-09
0.0005691374506942642
2.5702846274344262e-09
0.2860507561173471
0.0
0.00020019224596642488
8.977831415186369e-08
0.05360771839849382
2.594384081714442e-07
5.814457461028736e-10
22.89533532867268
4.955842931355195e-08
0.042947128074721966
1.4289606532403023e-08
1.993807077212565e-09
1.100003428557507
0.36389880759794485
5.240624909923627
8.558774126074101e-08
0.0
7.951500673507931e-08
0.03283697647262167
3.888250982937511e-07
5.082980485324625e-10
6.959070975161766
1.6780868576259338e-07
16.006317771012665
1.867011418925957e-08
1.2887949196480866e-09
0.1823203513232034
0.882114909578632
0.03610344832850749
2.1574393099359952e-09
3.07002209344293e-08
0.0
5.108387405896014e-09
6.275122536364132e-09
4.66660137552116e-10
0.08433088258706495
3.1061947869882305e-09
36.97273764867866
2.5628901043993484e-08
1.5292520376811524e-09
0.16204078403518013
0.0029619115954297136
1.3658616574044606e-08
2.322643109245809e-09
1.1904125263014325e-07
1.4660628599131216e-07
0.0
1.6239068493093235e-08
5.238948566428665e-10
0.21426676285129778
3.6442027181001225e-09
4.652741560794473
3.06349336303249e-08
2.2355622277375815e-09
1.1518350103221795
0.5201241550672948
0.22479640709844945
0.1355525330584608
1.7997528885557847e-05
1.7190821347268477
5.148772535965079e-07
0.0
4.984567290860019e-10
9.836999114100984e-08
9.782949707075437e-08
9.716061211264961e-08
1.5765290439289113e-08
2.4601203967957684e-09
0.34641382555961103
5.057607757512351e-09
1.7669838440952703e-09
1.0775625144862101e-07
1.5462211261465655e-07
5.381724233696639e-08
0.07391424203855598
2.583193061326992e-07
0.0
13.038783695799134
4.9659545543072123e-08
0.055065655082575646
1.4148504465856528e-08
2.008410489786017e-09
1.274319989430043e-08
0.2911634016425388
1.545601008376074e-09
1.2697470001631531e-08
1.7186682593158252e-08
1.055404229040742e-08
2.0827358453811567e-08
0.000261114426307332
5.502396418925634e-10
0.0
0.0007526576275195708
0.11252880534143228
2.0406810598537354e-08
1.8017473126568798e-09
0.08892172068640355
0.0019721506000601853
0.001962184778778824
3.352092305757043e-08
5.5434121468470425e-08
0.5700734250553561
0.007691695684036215
0.0001529525792880321
4.373536723440493e-10
70.99395076021237
0.0
1.057517543528392
2.515493353817177e-08
0.5026628754084709
0.17923702203470032
0.05946653733560806
5.819514855283863e-09
0.05488727909794845
0.41007363128304086
2.5758495785070705
0.00019099614785500878
1.0226079721219818
5.24037402446484e-10
5.784787210185884
0.0001910518153993557
0.0
0.00019516250293202683
0.1815503578072986
0.047595179555673786
0.0336712137462801
2.819510564810328e-09
0.0321081296043612
0.04844672308293704
0.11405292367469858
4.7524197061752056e-05
0.050719515711668925
5.822208456161487e-10
0.24413896782641226
4.7582141465319886e-05
0.0001691954634911723
0.0
