0.0
0.0004034266529702205
0.17728503745024252
0.4308478303983022
2.2346742525370358e-08
1.1762534496614032e-05
6.28342949182673e-06
7.603013560238162e-06
6.669674735594624e-06
1.2756301069849059
0.7321747708388842
5.696513847109205e-06
5.980302588741061e-09
3.6126413275329057e-06
0.9378590137305942
0.0
0.700553936677087
2.8004013902439966
0.3787317861891901
8.089120394676072e-05
0.3253363999434767
1.8341431189101831
0.3252933352255497
3.017759439372079
282.1234388988704
8.0173137231936
102.81461667931922
0.9335900090767146
0.27614789021242814
0.9771779976801921
0.0
0.9771776482752319
0.6021352114230251
9.66349495104083
8.775318494714483
3.6901600374337087
8.775364673298364
14.487795185445467
113.14911339004716
9.960351232444467
212.99245492519563
1.419513909345112
0.34260526994176577
0.9951425933471172
0.00020931764526096704
0.0
2.719606549757861
6.11932259708458e-05
3.482711199036941e-05
0.0005458943399081647
3.6802089790360996e-05
0.0001437976635435694
15.25655922158651
2.7212392886810154e-09
2.1836952160444165e-09
2.278538015308395e-09
0.00017284518284885162
0.0023947207828391185
0.0002077685147519316
0.09310202173242492
0.0
0.00029235300760134585
6.704864987510834e-05
5.235223045219554e-10
7.100122213087212e-05
5.75297340458433e-05
3.2146132188617745e-09
4.857178777218279e-10
2.7578107155923875e-09
2.2055040293672836e-09
8.624266368917503e-05
0.4237688039283988
0.0018359151368941343
1.5125952281138417
0.0006878842164929828
0.0
0.0004961581762344502
0.0004057284419852884
0.0004562838642006688
0.00019388400731950223
2.752504903178651
0.00016241850023561885
1.5927765356024095e-09
8.021933655483723e-05
1.956005241870819e-08
0.005364823374656923
6.977004396523234e-05
0.01910139489585964
0.00010683541571078477
0.0008412576222185666
0.0
0.0006005441344620426
0.00010266253385298748
7.986518634495158e-05
3.856438865909677e-09
8.485168419099882e-05
1.5519165421776837e-09
9.488194163860945e-05
2.6387131345928635e-08
0.0028977465778816333
1.4746466701836885e-08
0.0009549373148102665
6.0441968663256966e-05
0.0004561680862380416
0.0008307843212076345
0.0
0.030623604942066358
4.728270610430968e-05
1.1832483464696609e-09
0.00013097709250887288
9.379183726407682
0.00011218788226248392
0.000995490931330597
0.0005371555203334072
0.5808324702826123
1.6261898965079267
0.00010569332757202343
0.00032197134895073403
6.735535065577409e-05
2.0608997928586765e-09
0.0
8.015090520682578e-05
6.993004901094518e-08
0.00020892575178399833
19.891888330997624
0.4963251150091821
0.19436314878251346
0.211835264864348
0.00020866816180345436
0.00040992506217997797
7.154957412090128e-05
0.00029317995816780494
6.686727030308403e-05
0.0009013716831962256
7.084697041485498e-05
0.0
4.442365892730778e-09
4.131777402627569e-09
2.4120802300502055e-09
2.305176309611377e-09
0.002740913820554926
4.030815739648324e-06
0.001482778376746317
6.980175343446077e-05
5.697075162830209e-06
0.00010612401814492383
5.367956606373603e-06
5.996101368282998e-05
0.0006116573288429317
4.348265149401668e-06
0.0
0.0009070589184371437
0.5718580931116547
5.7576725405500444e-05
0.022810716464372053
0.000990742498971808
0.0010944822899264513
0.0005810775848063736
6.303982516401008e-05
0.00035127453735732975
3.269324387812772e-05
9.842291247038148e-05
0.0005413579566027957
4.8404145924551454e-05
0.08483985627982969
0.0
9.263304882352296
0.00011263800120011905
0.0029656417695302683
0.0015100851453846275
6.995033837179262e-09
8.608685987690379e-10
2.8270859764015985e-05
4.3737923114380385e-05
9.363439849379137e-05
0.0005270318254471497
1.7599597347569125
2.2819104620500854e-05
1.0500366373460908e-09
0.0005104212644148867
0.0
0.0002703780749222167
0.003024504845930005
0.002937502084781108
1.1645189007260442e-09
1.0633915133077547e-09
5.0344258153586945e-06
8.095238157654286e-06
1.981569991450061e-05
0.00044188381595105554
2.374851069572489e-05
4.0131641097503595e-06
1.175423180309849e-09
0.00024997519027075894
0.0012211564402915373
0.0
