1.0712420382138532
12.187911745364442
12.26969353263581
12.13119487357794
12.131194873577947
0.4561531047326834
0.0
25.899539606424334
44.07164647580623
44.241795213176886
46.22032119121129
44.909670605319555
28.66608905537424
0.0
41.33550864336605
91.56953951972575
98.74520839415553
100.0
99.95080019022204
46.909991715823494
0.5079815874904626
50.45807177231825
100.00000000000001
100.0
100.0
99.99999999999999
59.66498792035506
1.3833839074891527
50.14188803183844
86.37436102300619
86.13557295535836
99.99999999999997
91.30203630847961
65.48597665658367
3.5716215760037655
0.0
1.9646368381136776
1.9646368381136774
1.5507297790578587
3.6300576344302393
4.626295669053445
0.7710492070310501
0.0
0.0
0.0
0.0
0.0
0.0
0.0
0.0
12.187911745364438
12.269693532635811
12.131194873577943
12.131194873577945
23.9929439276654
0.0
44.07164647580624
44.24179521317689
46.22032119121129
44.909670605319555
63.78457802273864
0.0
67.52944870803606
58.08449580594373
81.49503092326233
82.82650923312934
100.0
0.0
62.66841658940243
60.3976125509102
72.50279410739749
100.0
100.0
3.051292273623416
36.01341828494934
35.77463021730151
17.040482733462433
24.319898536117044
100.00000000000003
0.2328478134933951
1.9646368381136778
1.9646368381136776
1.550729779057859
3.6300576344302398
46.75283085794646
0.0
0.0
0.0
0.0
0.0
0.0
0.0
0.00037653167219614726
0.00018826583609807363
0.0006224412648375375
0.008375749645150277
0.0
0.0
4.084711256020999
0.0027355164027146077
0.005471032805429215
0.08523092986868695
0.6737707141125773
5.1718720805656275
5.1718720805656275
3.54400476700304
0.05138930562512414
0.0
0.0
0.0
0.5423760047739887
0.5423760047739887
4.296418677384008
2.142119683729633
10.768855498231977
7.8296240352475674
0.28894218874951166
2.6996042937433744
2.6996042937433744
1.7380798389705912
0.09451432277572329
0.0
0.0025035112555462885
0.017654634315745526
0.49413243623624575
0.4941324362362459
0.17704115737419632
0.7913345577039466
11.208231002328487
14.42845430120954
4.011557856584989
1.1747177243381604
0.7913345577039466
0.7913345577039466
0.12887845751710345
3.8268765341813165
3.826876534181319
0.5549898441856244
0.2219959230816508
0.0
0.0
2.503921002174632
5.295341442692659
3.4249145341803215
1.8690675293170564
5.292101410611559
3.613942657282297
0.0
19.463678193541664
50.33077043096008
32.43137010041558
21.931951743735183
51.55224540219917
35.472922508114415
0.0
52.54255039794727
69.6177965783334
77.2428206176818
50.37592839535237
45.742583161504434
45.22811388274824
0.5079815874904627
62.13674949297599
87.71896988486893
100.0
80.19561547623593
72.55414872738808
60.76179346144902
1.3842221139541107
55.845324276953086
60.599442234137754
60.64188172986908
77.18092086872235
69.95783922557582
65.48224130356424
3.570783369538807
2.0256132725631613
0.0
0.20418803677689526
0.70048772133161
0.2328478134933951
0.0
0.77104920703105
0.7133762276286473
0.0
0.0
0.0
0.0
0.0
0.0
0.0004341754287394638
0.011910578627667413
0.02684237784866764
0.0074664130299611775
0.0
2.269284037072445
0.0
0.032176762858434
0.42450525186554916
3.9319517684144785
1.310650578491426
2.2692840020593446
0.20195795337442138
0.0
0.0
0.0
0.0
2.270804039407403
0.0
18.01885537560475
0.0
0.2219253742044669
0.2219253742044669
0.4775760739234476
0.0
0.0
0.0
5.66183157498008
2.086500072378511
0.6954999727222638
0.0030072452031282464
0.24670948123053021
0.4535483297495752
0.4140341304990688
0.08733324952692371
0.08432600432379547
0.0
0.0
0.0
0.0
0.0
0.0
0.0
0.0
0.00018826583609807363
0.00018826583609807363
0.00018826583609807363
2.0734948471093184
2.0734948471093206
0.0
0.0027355164027146077
0.1465322430760521
0.1465322430760521
0.0
3.5756262528229623
3.5756262528229623
0.5407063687601938
0.05138930562512414
1.8243873456180164
1.8243873456180173
0.08344240958926423
0.0
0.0
0.0
2.142119683729633
0.0
0.054176442497319684
0.9210029965542655
2.918945362681032
2.9189453626810327
0.0
0.09451432277572329
3.213488097045251
3.2134880970452495
0.030302432217122633
5.515974733243601
0.7133762276286473
0.0
0.7913345577039466
0.8525402946967874
0.8525402946967868
0.7913345577039465
1.2787390297587504
0.7913345577039465
0.7913345577039465
0.12887845751710345
0.5549898441856245
0.5549898441856244
0.5549898441856245
0.22199581075485036
0.0
0.0
