1.0712431765669141
12.187917805512463
12.269771321599112
12.131122810798686
12.131122810798693
0.4777337667917133
0.0
25.899285694788347
44.069374553142765
44.04321670540394
46.65228124025729
45.069616402714345
26.58738092737024
0.0
41.983791982071175
96.28474139673062
100.0
99.99999999999999
99.99999999999999
43.49102498012266
0.0
51.17978605387984
99.99999999999999
100.0
100.00000000000001
100.0
72.39301198565701
4.407222795377572
53.413900383598126
90.34735064293163
91.82196500927563
100.00000000000001
100.0
74.40171579469771
4.336230628385896
0.0
1.6353746358296446
1.7222452698844775
1.459361156966798
3.5996017407683536
4.626296121815579
0.7710493339459585
0.0
0.0
0.0
0.0
0.0
0.0
0.0
0.0
12.18791780551246
12.269771321599114
12.131122810798688
12.131122810798697
23.993038376194413
0.0
44.06937455314275
44.04321670540395
46.652281240257295
45.069616402714345
63.912959666757516
0.0
71.25307849982079
65.13404022598839
94.27163009267592
90.2174759974322
92.54846077526628
0.0
63.116663872682764
62.2636778377696
60.457316665043656
87.43911232545634
99.09459019640157
0.0
37.11338478499447
38.58799915133849
13.929322690110142
41.597342830413794
58.79437098441335
0.17995638916141812
1.6353746358296446
1.7222452698844777
1.4593611569667981
3.5996017407683545
95.8867381462534
0.0
0.0
0.0
0.0
0.0
0.0
0.0
0.00039642903811749
0.000198214519058745
0.0006423316411303099
0.008516894007641641
0.0
0.0
4.326803404373377
0.002747018611928465
0.00549403722385693
0.0
0.0
0.0
0.0
1.3635755565551697
0.054011221888291217
0.0
0.0
0.0
0.5201825705669596
0.5201825705669596
2.2610355047517925
0.0
0.3534207914540058
3.1166479027323426
0.05917644066551832
0.019042119097496132
0.019042119097496132
0.019042119097496132
0.2809745970563403
4.447659360304918
3.5623898114781225
0.8530374469937126
1.0472675600664978
1.0472675600664976
0.31024546058744895
0.4361296284637899
1.551958843365046
4.862476220666018
3.7466470057647614
1.1366819303756965
0.5242704654536675
0.4361296284637899
0.12887843623027828
3.826876517557202
3.826876517557206
0.5549899358502021
0.22199597147218048
0.0
0.0
2.5039205130844797
5.295353504831839
3.425069373236246
1.8688556317579268
5.291849713592026
3.611324004635806
0.0
19.463701282068858
50.32190205383587
32.34577742981314
22.747994508017925
51.60263931857644
33.32557876365887
0.0
52.80591548915252
78.15994112790025
67.57676190827051
43.11277478515316
39.64384813605124
40.0763293041064
0.0
62.55140488369727
87.76911974429116
99.8039653251245
94.71717889789137
85.70031013762753
72.39301198565701
4.407222795377573
56.37003274947077
61.03527585945885
58.202225761203465
87.50583768791532
83.26398037005328
74.40171579469771
4.336230628385897
1.4080494607353828
0.0
0.21443838713139507
0.5257682258353584
0.17995638916141815
0.0
0.7710493339459584
0.0
0.0
0.0
0.0
0.0
0.0
0.0
0.00044411712207156483
0.012018786754383046
0.02669551435142646
0.007338534109114106
0.0
2.4037796709680683
0.0
0.027156696242453267
0.36834066265556303
4.747994514744133
1.582664833614981
2.403779662828028
0.08159996902366752
0.0
0.15929641641286754
0.39824069313441557
0.1327468295283975
0.8529859987939168
0.0
18.677937167221476
0.11577729436302314
1.6251149891485648
0.5633704257980906
0.11577729436302317
0.0
0.0
0.0
4.96825990326628
1.7712544714712495
0.5904180789016815
0.0
1.0976405439517567
1.2263038029964846
1.2283711950029184
0.8852695488267948
0.8852695488267948
0.0
0.0
0.0
0.0
0.0
0.0
0.0
0.0
0.000198214519058745
0.000198214519058745
0.000198214519058745
2.0778491956682825
2.077849195668284
0.0
0.002747018611928465
0.14661320303475828
0.14661320303475828
0.0
0.0
0.0
0.0
0.054011221888291217
1.932400746148248
1.932400746148247
0.08002803836591586
0.0
0.0
0.0
0.0
0.0
0.0
0.0
3.2201406975535223
1.4481837823034052
0.0
0.28097459705634026
5.674918017076403
5.674918017076407
0.8530374469937126
1.1483563043588023
0.1937144675746804
0.0
0.4361296284637899
4.887236878175567
4.887236878175567
0.43612962846378994
0.8608716187137149
0.43612962846378994
0.43612962846378994
0.12887843623027828
0.5549899358502018
0.5549899358502021
0.554989935850202
0.22199592825436565
0.0
0.0
