0.0
1.3372442413588702e-08
4.8255320787492265e-09
0.4560735925257153
8.38394960325854e-09
6.198814572016242e-09
6.794132633507497e-09
5.835456147399905e-09
6.301956781883216e-09
1.8991222568951962
7.192732427568883
6.7576904620887275e-09
6.323975052609914e-09
5.358676138821877e-09
4.426802012651495
0.0
6.784106007624555
8.719138878109543
4.465952055072718
1.4386911363673338
11.15370546700957
18.2680030108941
5.093116791371071
2.7581822113299172e-09
165.6426811776521
5.988469238475937
166.9748057291896
13.348207672726994
0.7569666811116578
3.217418952751798
0.0
2.1483080572805586
0.7629117564461281
7.607668031632974
11.63251108903714
13.852593245341193
11.618002463118005
49.50167929607164
11.018255619539705
26.744623142853904
212.97635696068568
6.228033086933966
2.2090057691220558e-08
0.9505084271884483
2.773288418565404e-09
0.0
7.8177987979881065
7.585415829126459e-08
0.9988968809448255
6.467557308283249
1.0367276622171429
1.1545361448778892e-09
69.10922698815054
0.33865213612303413
7.376440103115221
1.5782182961544348e-08
6.863611566347584e-08
0.0010477550958271332
4.719487746219606e-09
1.1558597143397145
0.0
0.00024287866718583062
0.0007499501447137236
0.05476103703450074
3.217145326836385e-07
1.396710724298653e-09
4.63067476281933
9.926562041491087e-08
0.04192203511953489
2.8802773285598523e-08
5.533945751226019e-08
8.234507453841923e-07
0.7574961804821416
0.6740025550271833
2.4349570108137594e-07
0.0
1.8214811728580445e-07
0.04247317515565563
4.7510834897517793e-07
9.124721683233219e-10
13.737582076320423
2.8090178390194455e-07
0.03643724614837407
2.980147841193655e-08
2.979442823374784e-09
2.221962664148238e-08
0.0012243556710487546
0.025876165286584783
1.5006950305384872e-08
0.00024053861011727668
0.0
3.0697974786077217e-09
0.10897754745056193
9.274666021874514e-10
6.685172369053683e-09
3.761709232964403e-09
35.36202255111032
4.10047440499242e-08
3.4514410154474777e-09
4.0720902452812124e-07
3.1905233032418772e-09
2.6756630999035575e-07
3.235942421724654e-08
1.7832902200610902e-06
4.758871981516892e-07
0.0
0.2583612221014697
9.363038914006003e-10
8.632084142951735e-09
4.428503045537907e-09
1.4086458520281344
4.953497822577823e-08
6.132031172329203e-08
0.10918107334499082
1.7132093151429193e-08
0.020791160042909165
0.13090195644726696
0.00022390103569672304
0.1169751547832261
2.6515063918351328e-08
0.0
9.568198643843823e-10
1.3181234321956978
2.2705622388257923e-05
0.22033172997977896
1.5562386120244394
1.1108763827897047e-07
0.6328400783536517
4.963978813486176e-09
1.7846120287177473e-08
0.10103238844140985
2.2808630687383738e-07
1.235398609997404e-07
0.07606144396014215
3.2054787873988495e-07
0.0
9.601402154403523
9.840680845163322e-08
0.05349184673378883
2.5285888212026743e-08
0.002325591083496629
2.0803388572507185e-07
2.045692461715938e-09
0.0004467969966981776
2.4478711025081563e-08
1.8046978928213154e-07
1.9396812722348815e-08
1.3024187555713967e-06
0.0005102209215349329
8.173525793807526e-10
0.0
0.0007416609918088628
0.09405906345733675
3.624717069089332e-08
2.526850804006799e-08
0.009073880255352308
2.594806951168827e-09
5.177513160357843e-07
0.009134672406791562
5.114681923747209e-07
0.16174211170282846
0.012017073075119226
0.00010055215376246875
7.050936239549638e-10
108.16791386707969
0.0
0.7490778982193793
4.865212033444755e-08
2.485265394233906
0.7437416347614403
0.34976019101993605
3.983104519227296e-09
2.4454982855583305e-08
2.227031449067391e-05
2.8657771218151447
0.00014005022884371537
11.374841561352216
1.0672560225310868e-09
7.232993577004325e-09
0.0001406572767582176
0.0
0.00012734992977268825
0.4165029149091687
0.17004874410296872
0.15743485539798188
0.00042155757943786133
4.76106030472027e-08
2.3760978283750308e-06
0.45143696843659553
1.067939297414159e-06
0.1903669448867422
1.149015890301369e-09
0.005500224003369162
2.7329029655865256e-06
0.00013899668128802562
0.0
