1.0709068258707561
12.185865041852036
12.238153255783294
12.11826156040714
12.118261560407138
0.4760343140112996
0.0
25.898709904689948
44.064225272542366
44.20670058881158
45.69271313720872
44.686877886684776
26.394470131718354
0.0
44.69439995466165
78.77353036226727
78.61736064426212
98.41056586163965
97.76068392308156
37.845255228058626
0.0
52.24440688850758
100.00000000000003
100.0
99.99999999999999
98.89992083932698
58.381946923879276
3.120906709216861
52.78248524367201
90.18730528005284
90.63348092475606
99.99999999999999
95.15125755130303
60.74295749089236
3.263283138568386
0.0
0.4045582520540649
0.4919989031923288
0.20227912835510212
2.313148150706192
4.626296301412385
0.7710493820804086
0.0
0.0
0.0
0.0
0.0
0.0
0.0
0.0
12.185865041852036
12.238153255783295
12.11826156040714
12.118261560407143
23.99053656069544
0.0
44.06422527254244
44.20670058881158
45.69271313720872
44.686877886684776
63.90207355490233
0.0
78.77353036226732
78.61736064426213
68.83882546593297
68.18894352737487
100.0
0.0
58.55912847443537
56.64906857717602
60.83809299998375
95.44078496234785
90.02936053505906
0.8427892956359871
33.93403949447875
34.38021513918199
27.74529646462881
35.387863394318
100.0
0.04759475256663101
3.3435570733157354
3.430997724453999
3.1412779496167724
5.252146971967865
47.866931218911105
0.0
0.0
0.0
0.0
0.0
0.0
0.0
0.0
0.0
0.24121317884716567
1.0854593308062768
0.0
0.0
0.4465385712642388
0.008987724840036302
0.08702975373333348
0.08702975373333348
0.35825628683928934
1.9533229137149586
1.9533229137149588
3.4381077630020513
0.05375699509982543
0.0
0.0
0.25339033741257044
1.7737325816771403
1.77373258167714
3.3004654598615515
0.0
12.306117447774946
6.449310794541692
0.39579686507044065
1.5140525705427441
1.5140525705427443
1.3965060580734516
0.08561660811540803
0.0
9.993281464335308
0.4398627619310729
0.9579796707192298
0.9579796707192294
0.8797255238621458
0.37116581598240106
10.860257583007252
12.209017350663586
3.6022817992748286
1.2656023364317228
0.46098426660286496
0.12857405252314458
0.1288784273609071
3.8268765111818754
3.8268765111818785
0.5549899753663052
0.22199598989716823
0.0
0.0
2.504122555208027
5.290861449886849
3.361986379645193
1.8634506439068323
5.227473558071326
3.610070220673049
0.0
19.463753641959208
49.340295191688305
32.27574891882425
21.176753911258743
51.04454212632833
33.50760342734683
0.0
33.75505454942709
83.69112329141306
51.63943844179608
41.679056337083026
41.735021522866944
45.56922260590006
0.0
62.47848402382768
78.31106158562864
88.87474231742658
81.0286881878566
74.33507679584517
58.8760888397986
3.120906709216861
57.02193324637789
61.60727955584295
60.70020788337543
84.8138734812386
68.64412235013742
60.74295749089236
3.263283138568386
1.7323953877341005
0.0
0.06883039302992514
0.5794395496744538
0.17488130227652865
0.0
0.7710493820804086
0.7431821114707892
0.0
0.0
0.0
0.0
0.0
0.0
0.0019874186219638926
0.004197303094868202
0.1544742039692024
0.0
0.0
0.3123394215434611
0.008987808283954913
0.24121317884716567
1.2766518557671294
3.017505741582473
1.00583524448979
1.9100598946369898
0.0918060274546284
0.0
0.0
0.0
0.0
1.9100598960106918
0.5192582507902533
0.0
0.0
0.32666197330133123
0.32666197330133123
0.6226712690978246
0.0
0.0
0.4398627619310729
8.129123030533785
2.9129068175662836
0.9688502706113906
0.0224471371173303
0.049918242084009204
0.4467514354473419
0.5155818284772672
0.2079482117014566
0.06883039302992514
0.0
0.0
0.0
0.0
0.0
0.0
0.0
0.0
0.0
0.0
0.0
3.1133249661523466
2.02786563534607
0.0
0.008987724840036302
0.21858219637044068
0.21858219637044068
0.08702975373333348
6.386116024955884
6.386116024955884
0.0
0.05375699509982543
1.9233057634955
1.9233057634955006
0.0
2.6113897078703454
2.6113897078703454
0.0
0.0
0.0
0.0
0.7915937321709725
1.8319517620087042
1.8319517620087047
0.0
0.08561660811540803
2.9109646387764077
2.910964638776409
0.0
7.631596942992891
2.258204672339627
0.0
0.37116581598240106
2.2535220316184974
2.253522031618498
2.253522031618498
1.2599905393720308
0.4553724772983825
0.10612691540581426
0.1288784273609071
0.5549899753663052
0.5549899753663051
0.5549899753663052
0.22199598474010243
0.0
0.0
