1.0709034656269
12.185852635702046
12.238100269598279
12.117277484810517
12.117277484810502
0.4756184398719432
0.0
25.899218304508615
44.06877582118069
44.28836524571958
45.59956897807444
44.64972699939252
26.37567738241255
0.0
44.75403291676657
79.44058033154207
79.31784158370064
99.99999999999996
100.0
49.66932701937987
0.0
51.21660392982852
77.9881983966589
77.60962824108347
100.0
100.0
46.12178057141832
0.11779477446981956
55.60928570213816
63.56165096830485
65.31097775346285
67.29044043320292
65.1711141548362
68.10815871479417
0.0
0.03309212795222562
2.1150155603821656
2.258279972843234
2.2213598718052507
3.752494792909672
3.1326005149331015
0.5221000577187659
0.0
0.0
0.0
0.0
0.0
0.0
0.0
0.0
12.185852635702046
12.238100269598279
12.11727748481051
12.117277484810492
23.99033082705886
0.0
44.06877582118068
44.288365245719575
45.59956897807444
44.64972699939251
63.9010028339595
0.0
79.44058033154204
79.31784158370064
68.20282702928212
68.51332717534906
100.0
0.0
77.98819839665887
77.60962824108347
56.3819257181995
55.55196703944007
99.99999999999993
0.0
63.561650968304825
65.31097775346286
67.29044043320292
65.17111415483622
100.00000000000014
0.24861690899734637
2.115015560382166
2.258279972843234
2.221359871805251
3.7524947929096726
13.48509432008591
0.0
0.0
0.0
0.0
0.0
0.0
0.0
0.0
0.0
0.232898992974617
1.048046103310388
0.0
0.0
0.2454771416072961
0.00934656672907645
0.09385266832150316
0.09385266832150316
0.6231870457029802
1.2187367509269282
1.2187367509269285
0.7571393608073388
0.05373197704571116
0.0
0.0
0.47417315874512017
2.4040216012184428
2.4040216012184428
0.8651037936342936
0.0016307187636252541
0.012920940261190348
0.5268566187378049
0.5139356784766145
0.2859663977473401
0.2859663977473401
0.1175802569281433
0.05735433138527081
0.6370546771367583
0.0
0.025865967370383273
0.32737970767777486
0.3273797076777749
0.11718361716221151
0.09220615380096575
0.0
4.193680041244087
4.193680041244086
0.9728087609535814
0.42142495105978467
0.26868845240598727
0.08726735560892404
2.591289641828647
2.5912896418286464
0.37579986420162587
0.15031996700683198
0.0
0.0
2.5041227104082555
5.290815457387953
3.3618181606722524
1.8636299383552721
5.222508206255737
3.610235481523589
0.0
19.46370737867393
49.39105175947007
32.442766610148766
21.045934167514996
50.990390670694666
33.52532553709268
0.0
33.74963331895743
82.53213836685272
50.48226059760439
47.76070679789362
48.97915988047756
51.05103784687513
0.0
38.980308678846946
99.99999999999991
82.05552734197113
71.61350360357748
69.60477514615378
60.58434247555718
0.11779477446981956
32.433509942848104
83.6733801705728
52.95109906779082
36.22464533802371
85.25259726363514
56.557443621784614
0.0
0.03193536705548404
0.0
0.06387863754966089
0.1102946510320878
0.039964113082136
0.0
0.5221000577187659
0.0
0.0
0.0
0.0
0.0
0.0
0.0
0.002012892428076616
0.003918074685631995
0.15408618377726152
0.0
0.0
0.24547707601996813
0.009170877024967493
0.232898992974617
1.048046103310388
2.9137595634345512
1.014075691332334
0.7571401541439262
0.09266574927605163
0.0
0.0
0.0
0.0
0.7571402765055762
0.14210757423985293
0.0
0.0
2.284290089434167
0.8321702059079268
0.2505040496815709
0.0
0.0
0.0
6.8926295395386425
2.5507354456021427
0.8628186822584503
0.20566973955546455
0.06482804712536469
0.13363407613137082
0.15754860059889578
0.07237706753892992
0.0
0.0
0.0
0.0
0.0
0.0
0.0
0.0
0.0
0.0
0.0
0.0
3.069411342049937
2.0213652387395475
0.0
0.00934656672907645
0.22417586465337488
0.22417586465337483
0.09385266832150316
6.908711517800108
6.908711517800108
0.0
0.05373197704571116
1.922411233100934
1.9224112331009344
0.20406748430060914
4.028531010126001
4.028531010126001
0.05162076014533118
0.0016307187636252541
0.0
0.0
0.0
3.861489213719015
3.861489213719015
0.0
0.05735433138527081
1.3129942614195533
1.317846428810778
0.004852167391222466
5.624437410584983
1.8748124310011995
0.0
0.09220615380096575
3.135011064925671
3.135011064925673
0.0
0.9414344345278789
0.38990011215364917
0.13903235815525794
0.08726735560892404
0.375799864201626
0.3757998642016259
0.3757998642016259
0.15031973955459058
0.0
0.0
