0.0
0.00036488754636126324
0.0014558230210262536
0.001548133993656007
1.431140011507077e-08
1.0623927227093156e-05
5.672780157545255e-06
6.865572993332288e-06
6.021421797884094e-06
4.848128875593515e-06
2.967407368053274e-09
5.134766565561751e-06
6.624838208683782e-10
3.262977097960397e-06
1.8263489076302413
0.0
1.826324954704445
3.4712849506805252
0.913295836302502
0.6533730261753821
1.045889294244054
1.859058927723058
1.045604276190613
2.487428800460207
333.52633337651883
3.278873590165634e-05
47.02266835432552
1.084527197522065
0.00013635244322903316
0.690182329028916
0.0
0.6901821434731047
0.43806937864195367
8.801318016350349
9.239243761781227
3.7481713016861637
5.909745418530235
20.45951822245687
54.37099602504746
19.82600662018551
264.06599364709234
1.8163228371094418
0.866668432308791
1.730598769431511
0.0002594759826471112
0.0
5.507571613590064
5.5308819932479896e-05
3.1468186219946884e-05
0.030066597064590896
4.325905079385066
0.0001299952918870377
10.667979725659348
1.3907773788709952e-09
2.696863704843046
1.8075316953252487e-09
0.00015603682567085045
0.0025348485443967388
0.00017834941637941032
0.18868420323145244
0.0
0.00026355293788006567
6.055268499775544e-05
5.41150705526899e-10
6.414261406376027e-05
5.197367244853215e-05
4.061436626478251e-09
4.4975829367256285e-10
3.244860539613222e-08
9.377861017465477e-09
7.787759315286077e-05
0.00027012679735813995
0.0016600625896772269
3.9367064268335525
0.0006387433997238313
0.0
0.000448018127278283
0.0003670169924495124
0.0004117443403084528
0.0001752067672404513
5.153608828072997
0.00014661246905409934
1.8516851129352154e-09
7.254253197368723e-05
1.020214974539828e-08
0.005375095349406802
1.6774956374027233e-08
1.004698165681334e-09
9.628729128881172e-05
0.000813196307094507
0.0
0.0005847020199363064
9.247633327513815e-05
7.21122395943681e-05
1.1857162437665823e-09
7.671282508019184e-05
1.601361477894008e-09
8.574156585731117e-05
1.756479397553143e-08
0.0026259441219159832
1.273272012893006e-08
0.0008637307278116495
5.446621271173164e-05
0.00040348163011958544
0.0007510501743287441
0.0
0.10864257848431721
4.26804570221008e-05
9.28033260970444e-10
0.00011841962105346787
11.029363538897279
0.00010144401300755823
0.0009002932143290496
0.00048571623479877956
1.24782400362272
1.7179861788220032
9.53866191717783e-05
0.00029059474922236723
6.08409714510367e-05
1.893264933123565e-09
0.0
7.236827995742856e-05
6.167577856889658e-08
0.000188764482870021
18.928300874510153
0.7161161672854718
0.0013645899556684502
4.3842646044527646e-05
0.00017993491268878742
0.0003703481596523259
6.457406990890033e-05
0.00026424834020436904
0.001716332065569039
0.0008172053289283093
6.400321458598133e-05
0.0
1.298414922327821
2.7036337924956888e-08
4.649603572361721e-10
9.470935976902636e-09
0.0024795185914693275
3.6374774241225336e-06
0.0013410701975395895
6.312011394618633e-05
5.142040155422919e-06
9.589159031346697e-05
4.851864302430916e-06
5.33006843952576e-05
0.0005514693664010145
3.921105400104505e-06
0.0
0.000819887884133559
0.672492280718066
5.206832476071897e-05
0.09899088661831498
0.0008990238106298179
0.0009894014030483178
0.0005255163149391887
5.686777325938736e-05
0.0003122036193197664
2.9527605792551045e-05
8.713135812835885e-05
0.0004896852840660613
4.3681542970853206e-05
4.947418127036334e-09
0.0
10.995417031333345
0.00010185445468344038
0.0026872073899726146
0.00136562507464031
6.122701629979656e-09
5.189750496032119e-10
2.5472010576982042e-05
3.94862683018171e-05
8.460227126433315e-05
0.0004685875963360179
1.4798784111714345
2.059319630703057e-05
8.31635213382321e-10
0.00046082964973429724
0.0
0.000244211000554689
0.002737012801381272
0.002657052065687216
1.0203136014743428e-09
5.268072481638233e-10
4.53549003515492e-06
7.3100837661998255e-06
1.7922438608266696e-05
0.00039437205600001917
2.1477644797769978e-05
3.6196324164232453e-06
9.399515165779265e-10
0.0002262376577746407
0.001103833974047912
0.0
