0.0
11.466520438459954
11.466520438459963
11.46654622391608
11.466546223916078
23.999766041267527
0.0
46.17597158496041
46.175971584960465
46.01173378581932
46.1793590625105
63.936481271784665
0.0
99.99999999999994
100.0000000000001
99.87787971194284
99.84582316394724
99.99999999999997
0.0
74.89846913238625
86.54300483440008
88.14160626728047
100.00000000000003
99.99999999999999
0.07817145876426221
59.844406544959355
59.750959715842974
58.65982570063204
69.31183335996954
100.0
0.0
0.2198409333696457
0.3842473016558061
0.20845234835656806
3.0175118592820938
36.37565237116877
0.0
0.0
0.0
0.0
0.0
0.0
0.0
0.0
0.0
0.0
0.0
0.0
0.0
0.0
0.0
0.16567522251264155
0.0
0.0
0.8485258144800552
0.0
0.0
0.0
0.0
0.0
0.7154627906005548
0.73881804830151
0.003658947440048879
0.4498053588695572
6.485043482536734
2.3998755099219986
0.8170335876136186
0.0
0.0
0.1438872116377743
0.5755488459788846
0.19184961028511496
0.0
0.0
0.0
0.06554407509917227
0.17478420170031575
0.0
0.0
0.0
0.0
0.0
0.0
0.0
0.0
0.0
0.2666597022339179
12.799840841401178
12.799840841401192
12.79987522200935
12.799875222009348
0.2666554046578986
0.0
24.022284892152765
41.90536794259975
41.905367942599945
41.75641019326102
41.903082310365804
23.938290090705976
0.0
46.328613251268145
68.76699496476195
68.61470183435637
72.83974404854823
66.13012217452797
35.74875270164421
0.0
53.768281720777686
85.1045689952148
77.78002268957006
69.67191155893151
81.92714429034933
54.29703080893333
0.629311805849996
54.32906278465456
68.04400340090642
68.16457652483903
68.67865652957032
58.59971285203749
58.49263012418579
0.994821518273742
0.0
4.142291772437468
4.15403508445791
4.141478302079391
4.34212541000264
3.1858562991553767
0.5663744508018949
0.0
0.0
0.0
0.0
0.0
0.0
0.0
0.0
0.0
0.0
0.0
0.0
0.0
0.0
0.0
0.0
0.0
0.18934311144301896
0.0
0.0
0.8485258139451746
0.029271579520391056
0.03658947440048879
0.03293052696043991
0.03293052696043991
0.05122526416068432
0.05122526416068432
1.6288813049701671
0.0
1.6966595293110764
8.741101378366825
0.5098816130622953
1.3299292064981345
1.3299292064981312
1.0028356519215638
0.0
12.099156124560642
0.03422617715842391
0.06376700952357853
0.2338125588728746
0.2338125588728745
0.06376700952357847
0.0
0.05307950863666048
4.1240211570972445
4.070941648460585
0.8806916923374649
0.32189331572799695
0.08498832598835737
0.0721030129546894
3.2003366594254037
2.298283798285656
0.0
0.0
0.0
0.0
3.7332358312748513
3.7332358312748513
3.7332358312748513
3.733175665210582
3.7331756652105796
3.7331756652105796
0.0
36.03342733822907
36.0334273382291
36.0334273382291
35.941624499204735
35.941624499204785
36.61044379124487
0.0
49.30106326714615
71.14368102980424
58.59679804683921
48.988473883334095
47.1247398841763
58.94582884973153
0.0
66.70882872614776
76.1265277152689
71.51340863817774
69.42743066719042
64.67870766508202
62.05374949592379
0.5506478301187465
58.23401395842727
58.03498926390758
58.466650898248524
57.0117486939956
56.87743065157133
52.083104219802344
0.8704688284895242
0.9134185136657971
0.0
0.19663219753831482
0.08739207093717162
0.08739207093717152
0.0
0.495577644451658
0.04680762742976016
0.0
0.0
0.0
0.0
0.0
0.0
0.0
0.0
0.0
0.0
0.0
0.0
0.0
0.0
0.0
0.0
0.0
1.001876094991521
1.001876094991521
1.5916754424869057
0.025612632080342167
0.018294737200244396
0.06850964114209336
0.10290736692711526
0.5480725532164262
0.5480725532164262
0.0
0.0
0.0
0.0
0.0
8.293899841115676
3.6536740546631887
0.0
0.0
0.2121229600579321
0.21212296005793252
0.0
0.9764003530344708
0.30424957829344107
0.0
0.0
3.700011520020308
3.7000115200203028
0.0
0.8753799356057124
0.31658156229420803
0.0743647852398127
0.06309013633535314
0.0
0.0
0.0
0.0
0.0
0.0
