0.0
11.466504543960635
11.46650454396063
11.466538118930472
11.466538118930476
23.9997532267561
0.0
46.24603238103355
46.24603238103357
45.83981935038233
45.93679582381764
63.64971817808228
0.0
100.00000000000004
100.00000000000011
100.00000000000016
99.83271581895958
99.99999999999996
0.0
76.90864862763435
76.34181283932651
85.82486740895193
99.99999999999999
100.00000000000001
0.0
59.940230402199575
59.98027819270078
60.11246110244137
69.45416534205907
100.0
0.0
3.4658178938278503
3.4658178938278503
3.4658178938278503
3.4658178938278503
30.93052170320991
0.0
0.0
0.0
0.0
0.0
0.0
0.0
0.0
0.0
0.0
0.0
0.0
0.0
0.0
0.0
0.7670592671104568
0.0
0.0
0.8868787627499921
0.0
0.0
0.0
0.0
0.0
0.8868787634924858
0.6670314427910866
0.0
0.5746684330439328
8.138449697120254
2.607464460144804
0.8691548148039937
0.0
0.09886784002360208
0.09886784002360208
0.09886784002360208
0.09886784002360208
0.09886784002360208
0.0
0.0
0.0
0.0
0.0
0.0
0.0
0.0
0.0
0.0
0.0
0.0
0.0
0.26665887560594065
12.799823620976797
12.799823620976786
12.799868387603242
12.79986838760325
0.26665327977763337
0.0
24.05890195908251
41.968959705847055
41.96895970584703
41.59650480517686
41.68135921943275
23.96843686516806
0.09697647343527357
44.91980711878121
64.7500483816945
64.8547976310123
69.10884286594793
77.47984583169325
33.18324415722679
0.24643328214435617
57.8747891671329
87.45698753238932
87.14500219049685
71.21723043144316
72.5562253823432
40.732268439495535
0.0
52.348052850158226
65.14199678195534
65.19582331994786
70.49127582193236
58.39092107415037
59.74387234781943
1.5686154744477383
0.0
3.4658178938278503
3.4658178938278503
3.888133342680927
3.888133342680927
0.0
0.0
0.0
0.0
0.0
0.0
0.0
0.0
0.0
0.0
0.0
0.0
0.0
0.0
0.0
0.0
0.0
0.0
0.0
0.8766391624119505
0.0
0.0
0.886878765814668
0.0
0.0
0.0
0.0
0.0
0.0
1.0269082140800145
0.0
1.284958770084389
14.266652282057962
0.6567639234787803
1.2314323565227137
1.2314323565227137
1.2314323565227137
0.0
0.0
0.0
0.0
0.0
0.0
0.0
0.0
0.49522367846254084
4.566165321027689
4.070941642565154
0.8806916765878016
0.3218932918750785
0.08498831457197539
0.8080084757184248
1.5150158919720471
1.5150158919720471
0.0
0.0
0.0
0.0
3.733224258483167
3.733224258483167
3.733224258483167
3.733145916886868
3.733145916886867
3.733145916886867
0.0
36.088352938623814
36.08835293862379
36.08835293862379
35.679908966215386
35.67990896621538
35.67990896621538
0.08485441425586437
53.359510544092814
62.654218625703905
52.850971521283505
43.14929889000296
39.030057221501075
49.70256053887882
0.21562912187631164
61.37346872032517
77.25333916778484
66.5265755664956
63.5346283973686
60.151993083561536
61.09840260331763
0.0
58.40053224682108
58.15023844673684
62.554270711501324
60.13290575126737
57.37425524360499
52.275888304342004
1.372538540141771
0.24777116645405262
0.10774171565561481
0.4223154488530767
0.0
0.0
0.0
0.0
0.0
0.0
0.0
0.0
0.0
0.0
0.0
0.0
0.0
0.0
0.0
0.0
0.0
0.0
0.0
0.0
0.0
0.0
4.1266129351486045
4.126612935148602
0.7443143777037605
0.0
0.0
0.0
0.0
2.6177247220577273
2.6177247220577193
0.0
0.0
0.0
0.0
0.0
4.254797782454421
1.96041231117813
0.0
0.0
0.0
0.0
0.0
2.6585271526601035
0.46352871778761684
0.0
0.0
3.599072597325948
3.5990725973259403
0.0
0.8753799392034819
0.31658155478286804
0.07436477525047848
0.7070074162536217
0.0
0.0
0.0
0.0
0.0
0.0
