1.070905010953839
12.185856583739076
12.238067913868294
12.12010413813072
12.120104138130719
0.4767480094166836
0.0
25.89923946301916
44.06896494190436
44.29175868305631
45.590828173124955
44.64623926578131
26.373986086026566
0.0
44.742979736077515
79.32938479594537
79.20044995371929
100.00000000000006
100.0
49.3245853955667
0.0
51.464656073860525
80.59060213362115
82.11653795119562
100.0
100.0
50.8246264021933
0.5662260499637849
55.607537766780254
63.651947357795635
65.34672456748568
67.69162230424467
65.56452462877394
71.23157685931771
0.0
0.0
2.1132379462443667
2.380635187559553
2.4906360307465465
4.015184707653627
0.9002902963616481
0.15004830268745478
0.0
0.0
0.0
0.0
0.0
0.0
0.0
0.0
12.185856583739081
12.238067913868294
12.120104138130724
12.120104138130735
23.990873413510947
0.0
44.06896494190437
44.29175868305631
45.590828173124955
44.64623926578132
63.90091739575691
0.0
79.32938479594542
79.20044995371927
68.10246168485573
68.10246168485573
100.0
0.0
80.59060213362109
82.11653795119564
57.868611101425
60.82789541023607
99.99999999999991
0.0
63.65194735779565
65.3467245674857
68.20382945009732
66.07673177462655
100.0
0.0
2.1132379462443667
2.380635187559553
2.4906360307465456
4.015184707653626
15.701330152130023
0.0
0.0
0.0
0.0
0.0
0.0
0.0
0.0
0.0
0.2320961744092314
1.0444334586203845
0.0
0.0
0.2578693306586747
0.008390133935292065
0.07590681421762008
0.07590681421762008
0.5667798951286306
1.5142091610815234
1.514209161081523
0.5047356872221003
0.05373002859935406
0.0
0.0
0.44778232478098207
0.0
0.0
0.4789991593539055
0.0
0.7722093786526406
0.5688251637636127
0.5688251637636127
0.07686449630636438
0.07686449630636438
0.04550466798930661
0.06492041256540369
0.0
0.0
0.02586961468862909
0.32740723708696706
0.3274072370869668
0.11719386367630412
0.08349943218177439
0.0
4.063623509566342
4.06362350956634
0.8953552837365302
0.3308967047748464
0.07766489798820014
0.09528426928728699
3.1661626892809274
0.6736972280737262
0.07350329912588952
0.029401593734841972
0.0
0.0
2.5041230480394256
5.290837100119247
3.3617965249375428
1.8635191873506365
5.235920172313965
3.6096451848267757
0.0
19.463705456868112
49.39518532364801
32.44967298789042
21.033455805566902
50.98528483943657
33.5269314018178
0.0
33.750638092381706
82.59229273534424
50.54208004186825
47.79873830397133
49.01105765405501
51.06214594710276
0.0
38.95775670157512
99.48779285414747
65.85055481633746
55.40752321620893
57.5608197046884
54.00632625533809
0.5662260499637849
32.43367912546713
84.98116474761831
54.25882726142437
36.907192984270864
84.64491649016861
60.045582746742916
0.0
0.0
0.0
0.012790712325728778
0.005594237569219507
0.005594237569219507
0.0
0.15004830268745478
0.0
0.0
0.0
0.0
0.0
0.0
0.0
0.0019118887097928053
0.004504760766288301
0.15461889098264822
0.0
0.0
0.2578692920761305
0.00866423442169961
0.2320961744092314
1.0444334586203845
2.988962951555359
1.0997852285102474
0.47899905221381983
0.09288800637019191
0.0
0.0
0.0
0.0
0.47899921817011726
0.14346884842946186
0.0
0.7090734011127795
4.068247874229714
3.92359590651526
3.92359590651526
0.0
0.0
0.0
6.255069771486138
2.000874446916842
0.2072559570073692
0.4621516145019593
0.0
0.012282309074474498
0.019478783830983767
0.006688071505254995
0.002189265463142614
0.0
0.0
0.0
0.0
0.0
0.0
0.0
0.0
0.0
0.0
0.0
3.065427169133116
2.0209937105127316
0.0
0.008390133935292065
0.20946633269583287
0.20946633269583279
0.07590681421762008
6.873548709251125
6.873548709251125
0.0
0.05373002859935406
1.922339868967561
1.9223398689675608
0.13102845635397573
3.920670803092335
3.9206708030923347
0.0
0.0
0.0
0.0
0.0
16.246457370378
16.246457370378007
0.0
0.06492041256540369
2.2072965293368005
2.212147968949603
0.004851439612795828
5.615373077801387
1.8717909847946759
0.0
0.08349943218177439
2.838982523885918
2.8389825238859165
0.0
0.8948599238147097
0.3305909771087991
0.07766489798820014
0.09528426928728699
0.07350329912588949
0.07350329912588952
0.07350329912588952
0.029400023255194956
0.0
0.0
