0.0
2.8375042387504166e-07
4.211301696278155e-07
1.8920472955313012e-07
1.9604512384537022e-07
6.948050176451737e-08
6.70377907495552e-08
6.852033563862192e-08
6.526646650487803e-08
8.63532805279872e-07
6.068238824042042e-08
7.75612501688387e-08
7.226441379073705e-08
6.428775512438935e-08
4.825257091930412
0.0
3.0427625279987067
13.509218279299088
2.7879941700283997
2.4185960723019543e-06
8.770028424538156
25.273300534988422
8.955529463430548
6.506047878875755
167.2305537881021
0.29199814361296994
146.32008035634044
11.965355170350552
0.45923102025477613
2.9509712178402676
0.0
2.2062845823263797
0.4688914965635098
15.168552642742267
7.723445288120315
17.431944559988185
7.54578756821379
45.47355347455455
11.358122817418364
22.85589283126471
223.26863617917724
5.104502025917733
4.4826394678259806e-08
0.9938535867264424
5.44701506758755e-08
0.0
5.84660743164088
7.985518136260345e-07
0.8853234903085621
6.461311069103923
0.8868408717562556
1.4725196775476227e-08
61.57910240592399
0.28778367034073427
7.445669655805635
5.466883781390719e-07
2.690528868455378e-07
0.0008688880483497419
1.0112211709545505e-07
0.2874953642188433
0.0
0.0002697315042825234
2.266761542295017e-06
0.05463560958471429
2.509011215207544e-06
1.340683767090808
0.05646864971890188
1.2534509502908032e-06
0.04234284488858403
6.501027019757273e-07
2.4459423837063945e-07
5.4762604239965755
2.715319643180093e-07
0.09755354468793284
0.0011450358364263127
0.0
1.961057983854782e-06
0.0438301787365247
3.6679437553647354e-06
1.1385631399980153e-08
9.690903029827496
3.2626337431501218e-06
0.037986729554642745
3.759498811062045e-07
7.363626869760489e-08
4.021901491902856e-07
0.0017387842049250584
2.3827027577284794e-07
3.681330810383737e-07
0.00033866211190715617
0.0
3.377939372750402e-08
4.4571169804796894e-08
1.2006774111664992e-08
5.445735568269079e-08
4.173518974351512e-07
41.04217936745565
8.916272119441245e-07
1.329785579364351e-07
0.001006491238114187
1.2593960342286385e-07
3.598190328076968e-06
5.538159416588024e-07
2.7506971967113576e-05
5.027892210258545e-06
0.0
6.598337919217863e-08
1.7309460002166215e-08
6.567831954873486e-08
4.274475166732939e-07
7.098778317075086
9.933372891946096e-07
8.950900256137911e-08
0.31173785546613586
1.6008105294468717
0.008163065158900718
0.007041357896465277
0.0007723438911298902
0.007038994846222808
8.35495897581024e-08
0.0
1.235780380587608e-08
13.181417374650556
0.0006366296217475948
1.400593359639663e-07
4.5583218131892744e-07
1.4830550556086933e-06
0.34663782656569975
0.0001334226732758498
0.0006821807275128103
1.3747286119279962e-06
2.9459510061266964e-06
1.3372919135417272e-06
0.07590523508241359
2.503002350907292e-06
0.0
63.03465030378784
1.2504834189224074e-06
0.05345647797374749
6.021408181851319e-07
0.00510919860733756
1.3906309628456704e-06
1.4236156776449756e-07
0.00045555126610294226
2.1044706945375792e-07
3.3923830759382495e-06
1.7943189733572102e-07
2.4186615920964108e-05
0.0011219893698076872
2.547025591002293e-08
0.0
0.0016404298463208507
0.08860482304626527
0.00026775949106846753
8.866560682701773e-08
0.017505569294729753
0.0010420396318557997
3.1063513787737536e-06
0.005464222860561398
5.504893184623782e-06
0.10125594221534526
0.012246954839182766
0.00011989636088618387
1.3250066815141641e-08
51.92754742272231
0.0
2.199867698890884
9.241275170002032e-07
5.149182744639534e-08
0.0005905170526934254
4.96391155991235e-08
2.4109682239483253e-08
2.9699555056409486e-07
9.981261779287483e-05
4.860307665787546
0.0003009714128222958
0.0001930035642228712
1.2745837545522978e-08
3.755621786194001e-08
0.0006464446888333074
0.0
0.0009254335371211666
4.8334929721768404e-08
0.00048722953985052
2.8043498156912743e-08
0.00039024353521118426
1.5083851904028917e-06
2.5213506851302876e-05
0.39875986675052366
1.2303080883137558e-05
6.5560961076462465e-06
1.4771274982702166e-08
0.005517178525346221
0.00025831072483986455
0.0011592423963377924
0.0
