0.0
0.000393857110984916
0.0015716540784010639
0.00167272156269899
1.1163029885126257e-08
1.1515440672306487e-05
6.149531253233814e-06
7.440286899705308e-06
6.527068655627309e-06
5.25356645047447e-06
1.7426907547046744e-08
5.565608367628877e-06
1.5619897927167314e-08
3.5308040132157962e-06
1.6674900386639908
0.0
1.002199521039516
5.705992106413386
5.105953472367277
1.3432489180756964
1.5493283602430785
1.3237958771713432
1.500915509636383
1.5484987107653416
267.7114945598393
6.878246429699693
103.65778546176641
0.11967041562335694
0.0001473467587993756
1.1729126598689583
0.0
1.1729116159715873
2.3860505818645695e-05
10.014232247377194
7.6814529693729225
2.3243999029306193
7.605869012128932
21.46783299790238
111.67693784936945
10.615998085105375
208.721815403934
0.18560549879434043
0.0016065514095227344
0.7807172760177589
0.00020236359563428246
0.0
1.640863243783385
5.9885119105027504e-05
3.40530690880881e-05
0.000533103773174109
3.599040552949846e-05
0.00014041539684624788
29.341926077401226
2.6075442116117224e-08
0.6869749231728134
0.1019994835286742
0.00016777118021509403
0.0025853405762039567
0.00020152398141886217
0.10751122111872807
0.0
0.0002856392776578317
6.548754253927766e-05
6.513495650646624e-10
6.938298368961267e-05
5.620964025588614e-05
1.7995059623690615e-09
5.420397415579729e-10
1.320344680320569e-09
0.10067001869683319
8.372915928476059e-05
3.415838324404604
0.6122589349265436
1.8905754884386683
0.0005398274726921443
0.0
0.00048448365862723106
0.0003962558978619535
0.0004457432708882123
0.00018929615255503977
6.55300711437811
0.00015852410033004378
1.4740220762951503e-09
7.844568668640678e-05
1.4414833212678733e-08
0.004898851817209131
7.141280469877493e-08
3.7143045156076695e-09
0.00010406237940092743
0.0006311648815285115
0.0
0.0006358987082717958
0.00010037028244235302
7.803523344081492e-05
0.35064651859223384
8.293166820868688e-05
1.7577866422020602e-09
9.272340994851787e-05
1.4181494923946307e-06
0.0032233677297769645
4.660776600926656e-08
0.0009318064260684909
5.941528875660478e-05
0.0004789376503370248
0.0008921600516154232
0.0
5.715296047301252e-05
4.620292334088016e-05
7.918674205380336e-10
0.0001280149054284359
11.356680080758043
0.00010971972234326274
0.5025529455261699
0.0005243134487905885
0.1774205258561735
0.5522962049555711
0.00010316346855749871
0.00024378071402667202
6.58664548236318e-05
1.7011869443321145e-09
0.0
7.831475677077404e-05
2.5741388113688664
0.000205110764046912
17.144093730554317
0.5952054964154341
0.0014689762671017885
4.7353541560833523e-05
0.0002024705950890095
0.0004002902326363607
6.984718207001062e-05
0.00028644261921326685
6.533389024504057e-05
0.0008799151391796941
6.923133216524038e-05
0.0
6.456378001342069
1.3373562041609998e-09
1.2891571827698413e-09
0.20443592428055138
0.0026757528699146013
3.928716104870628e-06
0.001446964650108548
6.81232343225474e-05
5.562710407419625e-06
0.00010376501529976007
5.244011175307418e-06
5.7682086887019275e-05
0.0005968602823502043
4.249692344649889e-06
0.0
0.0008856551258555454
0.7097924908181754
5.6322330209381344e-05
0.008721349428897004
0.0009696409571037764
0.0010683952900714404
0.0005670644758994303
6.151974911837969e-05
0.05857260310107572
0.015998032510006498
9.426008046229745e-05
0.0005291530897369325
4.729580333510314e-05
1.1801092861207592e-09
0.0
11.288404069406916
0.00011016120710180297
0.0029001543154888315
0.0014737971358183006
2.477245424891675e-08
1.1389490375403867e-09
2.755471205811188e-05
4.273241147252566e-05
9.144010841225478e-05
0.0005063654641833135
1.502520403961841
2.2297774949640832e-05
6.195461759166847e-10
0.0004981022271247039
0.0
0.00026394009771611845
0.0029539551763385925
0.002866776718739285
4.050566249818896e-09
1.534455487733596e-09
4.9060959742644246e-06
7.906546437986899e-06
1.9341205593408336e-05
0.0004275553227872148
2.3178021417909026e-05
3.919951922465054e-06
7.060513056289712e-10
0.0002446204422889644
0.0011924030755474692
0.0
