0.0
0.0004887963276552208
1.687846267553869e-08
2.4559411983195013e-08
3.660165536889958e-08
3.0302502745660465e-08
2.5175149412371624e-08
2.5312174248762318e-08
3.0768122904938846e-08
8.863888633911316e-09
0.33622140004076145
3.3757944054984296e-08
3.088570595396558e-08
3.0143151207930143e-08
1.3308464174509218
0.0
2.288610359812366
10.347240548358053
1.369511661146521
0.04300847297211249
10.85337975602093
20.21444310529369
1.2397897954720754
2.742345375053703
143.74064052935492
4.0417073622934385
184.3573931028349
4.48327897394037
1.3763750059053614
2.7612435181174426
0.0
2.25648317782536
1.3828566701427478
12.439528883187087
4.069601525807412
17.738522599702822
10.119456593815773
46.15838034671322
11.334174470311964
37.52808003618436
206.13169517816652
11.29503602377368
1.2755529424911799e-05
0.65874093548813
1.8616256085343445e-08
0.0
2.819624155380718
8.611819828677772e-07
0.8458575738655831
6.549515899825126
0.8887928768431302
5.4924417461695556e-09
67.34557274411193
0.8870429060522118
8.202221505461015
0.5122348810930267
2.2584975060673523e-07
0.0003963631299390005
3.4329783468517386e-08
0.4320081601038329
0.0
0.00017527239580129828
1.7977559342157194e-06
0.05437986472881215
6.123725582138579e-05
0.10033703379168175
0.05582544109038747
4.478381203724683e-05
0.5768319164055546
0.02928211084275331
1.9615437685434296e-07
2.0888179422930215
3.237024628879767
0.08257176246641634
0.0006659082104374581
0.0
6.590002239714938e-07
0.03713090897978074
1.883304043684615e-06
4.510060669486093e-09
26.064212601535154
1.2511169497098167e-06
0.03251923357453172
1.6415860262134175e-07
1.5326128956733738e-08
1.7798822477077727
2.1901001282767638e-08
6.425447248490752e-08
5.994112810800276e-08
0.00035392236316215064
0.0
1.6326818472723678e-08
0.026449761429440128
4.5937765055399085e-09
1.7002629865391507e-08
1.670071292219173e-08
35.2656496288628
2.1426124845465707e-07
1.6268335156101708e-08
1.082163263235137e-06
2.0121560867322654e-08
6.64759089509505e-07
1.2010530812888335e-07
9.160839190180159e-07
0.0005312679045365355
0.0
0.12888093414159002
6.024434884711665e-09
2.209388340795055e-08
2.0877771089762467e-08
1.6110561528679153
2.969675696280428e-07
0.21658957000745355
1.8988237705905173
0.02986298939163376
0.19650610779669417
0.14865424414727474
0.0002296418885511346
0.9709084152102753
0.7745572932622249
0.0
4.0529716828457995e-09
43.37300524326967
4.3543165439918317e-07
6.946023761869383e-08
1.4924382510493537e-07
1.2856385276224097e-05
2.515863907656423
8.108758410155575e-08
2.3953966882049547e-08
4.26960956481204
9.758025109408643e-07
1.0769565843159057e-06
0.07524236509019253
0.00042436158936917775
0.0
20.331040914566803
0.025243122617499385
0.07963513183711747
0.024958872691664927
0.003410257234848793
4.180174048826691e-08
3.267780394571824e-08
6.938670894989022e-08
3.9590160389622785e-08
5.63529893483431e-07
7.82639874511974e-08
8.782219529025226e-08
0.0005170211392493851
8.785675265944489e-09
0.0
0.0011537565767776672
0.09759960199964333
2.3064746067744521e-07
8.878405252840924e-06
0.20596415899341608
2.70907126366711e-08
7.939149317780982e-07
0.008718884448853227
1.0913278032706319e-06
0.07294948274990565
0.007276273964276474
0.0001403694171063792
4.623841193343737e-09
86.31506951538563
0.0
0.7928669074370591
2.7811322308019664e-07
0.8003639271389541
0.31375496134969205
6.357004468505666e-08
0.029513185757209008
0.33008698947672754
1.6954866241134865
4.267201933420514
0.0001916802746293653
2.033032330988184
7.334364510162206e-09
2.6799527419550794e-07
0.0001919345449510739
0.0
0.00017572028764256702
0.10662338502394288
0.3035632562775509
6.312038540173324e-08
0.02717869199673475
0.08758114223378455
0.11624870626295207
0.17571780258718206
5.472445806861739e-06
0.1076805391509488
9.369488464856025e-09
5.4069774460885484e-08
5.511857804783328e-06
3.611792858139109e-06
0.0
