0.0
2.6135266219179816e-06
4.305064806730569e-09
5.4428610628059204e-09
7.754701465625482e-09
5.931324795492788e-09
5.525219452361524e-09
5.522580388470377e-09
5.8038768041587786e-09
2.0263774137288215e-09
4.593232192759253
6.717808044920299e-09
5.793000020728209e-09
4.168085906662836e-09
3.5561991208921717
0.0
2.0526088896176384
7.798610860991497
2.1994985073889515
0.7993154663581518
4.705120090792103
27.61601884191585
4.837210848974871
1.8984104749916364
161.9832846412257
5.771178515267193
158.17818166750274
10.470216250622823
1.3887661357729732e-08
3.0688447221980235
0.0
2.5735086496999564
0.033084094096140555
9.532892126553342
5.165840857767231
15.329122559867715
4.551606032102786
47.583923216002574
11.389266893711596
29.8401217189915
227.54373311254648
3.3064182900566097
1.1961829983459879e-08
1.013696360730926
5.4253748466298314e-09
0.0
4.578753271714226
3.079081831824337e-07
0.8148449139617565
6.461517307438252
0.8144558623200735
1.2355388752572589e-09
73.78771553998172
0.2543596634840232
7.6378062302392635
1.721510498913609e-08
1.170315637566848e-08
0.0006260753837586064
1.3047938760121589e-08
0.33778638532812805
0.0
0.00013114937663105623
2.3169394065558564e-07
0.05493056281367901
2.2100890188715666e-07
0.07751198541726706
1.359368312838482
9.458473503111523e-08
0.17210587494883273
2.7224788517872118e-08
6.823677319642256e-09
5.57648842704457
1.2647905297052441e-08
0.1023517312374183
0.0002665430984341487
0.0
1.5069967362906958e-07
0.046114143220274365
3.118474007185476e-07
1.0361972496943298e-09
8.183980928087905
2.286194936100802e-07
0.03882142528503697
2.7980171861721638e-08
7.921310673270557e-09
3.309593879914623e-08
1.7313318846885596e-08
1.8339140190928805e-08
2.2701966003912858e-08
0.0004844118148086742
0.0
0.00035611020318916285
6.354890962631848e-09
1.1522315303951399e-09
1.6497139696563476
4.177596923433178e-09
33.95137389605135
3.5167919289562956e-08
8.919971577783268e-09
0.00133363434936539
1.9294004559737532e-08
2.1236998301486536e-07
3.781288339301488e-08
0.0001318737145120797
0.00027465696586030273
0.0
1.794589100939631e-08
1.4271024058575063e-09
1.184260583692166
5.0905324572159685e-09
1.6318996203485987
4.417754533628914e-08
0.22341800958705602
0.0031988807640888767
2.216338173041476
0.3457659121403367
0.006398111024023098
0.0004833329794177621
0.006398145606980625
8.939818193883242e-09
0.0
1.095255212276356e-09
26.26133820063031
1.794009246366079e-05
9.91681176163451e-09
3.73253982986028e-08
0.06951955612388405
1.7612554480794538
1.4506407690492595e-08
1.0973525862331627e-08
3.265027576731521
3.6228384300923526e-07
1.0457248137492274e-07
0.0763954482866761
2.173536079573082e-07
0.0
14.699802449787859
9.660705471970264e-08
0.0528215610714312
2.3894553939432585e-08
0.0012339483750326006
2.1063123714407917e-08
0.031579539481685626
0.00048481277125205565
1.7630754466729665e-08
4.35247746342579e-08
2.3388909255138062e-08
5.404464137645404e-07
0.00034676150766816923
1.5541993843316241e-09
0.0
0.0005345754373780454
0.1642301541211567
2.2861921914289297e-08
9.4616275215197e-09
9.181377943735262e-08
0.3368521147914891
3.334164044195685e-07
8.093313929467223e-08
2.6274241518936873e-07
0.09241767405525336
0.010965779587696487
0.00010834775612306012
9.533134219915776e-10
70.54892288520408
0.0
1.2903215227000486
3.935332626144692e-08
0.30786976790115295
0.3311111171540193
0.14898938151007068
0.0003007289136616824
0.1775550104480032
0.9575659709326126
4.337853584391221
0.00015170881646634675
2.188900605874699
2.4096710116190213e-09
0.0005292232665497829
0.00015225992154744902
0.0
0.00014180503624008645
0.08012501417049188
0.07707950035890415
0.06430968909200152
0.0004570672372190962
0.06708045743422716
0.08531560482874503
0.2004669991083748
8.681869231792043e-07
0.08607349061506431
3.139484483619596e-09
2.820261749049547
1.5354164650826203e-06
9.93414835261237e-05
0.0
