1.0712429632882219
12.187918240793085
12.269808778880995
12.131254949343408
12.131254949343393
0.4581485025377535
0.0
25.89949299283224
44.071232086829106
44.23669481244529
46.287930086585966
44.93481228426436
28.359595436289993
0.0
42.820354048256526
99.21002060559488
100.00000000000001
99.99999999999999
100.0
47.34993135495939
0.031072659420349504
49.62378956538528
99.99999999999999
100.0
99.99999999999999
100.0
62.34434555050151
1.4064609174798786
50.529247264979226
88.34151410503378
89.49872382176646
95.98796487046891
95.6869882400987
70.38507931295618
4.086974235099354
0.0
1.9649512525583648
1.9649512525583643
1.550971762661034
3.630138109805179
4.626295383680255
0.7710491276485107
0.0
0.0
0.0
0.0
0.0
0.0
0.0
0.0
12.187918240793085
12.269808778880995
12.131254949343408
12.131254949343393
23.992514767803044
0.0
44.07123208682907
44.23669481244529
46.28793008658597
44.93481228426437
63.803596476156926
0.0
65.46043868288612
62.430320567966966
92.40355534830431
90.72540411110447
96.5939113545006
3.430579323806228
59.5717274585934
57.63972238314515
64.7000116489876
92.74833768033973
99.99999999999999
2.5384236587715887
38.517948102015694
39.67515781874844
28.57467596188766
25.301908927142513
99.99999999999999
0.23296399436170614
1.964951252558365
1.9649512525583641
1.550971762661034
3.6301381098051784
50.56248528771901
0.0
0.0
0.0
0.0
0.0
0.0
0.0
0.0003747796377222407
0.00018738981886112034
0.0006199174467876386
0.008405365100235661
0.0
0.0
4.032249647912192
0.002808197488439533
0.005616394976879066
0.030279626359003588
0.19874266709997657
0.7644555232403817
0.7644555232403818
3.3992660175128697
0.05145750651406308
0.0
0.0
0.05728804338652643
1.0884739885339052
1.0884739885339052
3.7016510281589023
1.8312249881265876
7.372659896885736
19.865105247164646
0.027465121554598525
0.37690410804428287
0.37690410804428287
0.2827321429057724
0.11048441880916945
0.0
0.0026438191527952504
0.018633396543449768
0.49659942234303145
0.49659942234303145
0.17691785772622093
0.8069353047771727
9.941008973299962
13.14645649993964
4.012382831416847
1.176967863280217
0.8069353047771725
0.8069353047771725
0.1288784729924903
3.8268765480558082
3.8268765480558065
0.5549897815784656
0.22199589074370252
0.0
0.0
2.503920257806457
5.295356719381448
3.4251442131611727
1.869028769033724
5.292842402111352
3.6258438366554144
0.0
19.463682418270007
50.3291610961516
32.41577942391211
22.05899721498573
51.56127888109911
35.15421108846846
0.0
53.14576887122352
70.4665437605259
81.35273098857425
51.11545177340962
49.03532147623579
47.211087765251825
0.031072659420349504
61.70795024245721
86.73651910810815
100.0
86.55809668300394
78.94538475776085
63.95063059867787
1.4064609174798788
55.78202072886098
63.298165682032206
58.77959680659309
80.09361483457698
75.16940688454919
70.38507931295618
4.086974235099355
1.7696459599257364
0.0
0.2045580657686607
0.700926608388545
0.23296399436170628
0.0
0.7710491276485107
0.0
0.0
0.0
0.0
0.0
0.0
0.0
0.0004325276279265182
0.011499752103111471
0.026393100277789395
0.007447481543482321
0.0
2.240138710135064
0.007006481227255543
0.03027962635900358
0.2868821797006621
4.0586406449676895
1.3527618339598928
2.240138679706146
0.18412807218700297
0.0
0.0
0.0
0.0
1.9320050647592466
0.0
0.0
0.0
0.14136607145288624
0.14136607145288624
0.12207150112706146
0.0
0.0
0.0
8.75664532856412
3.270240296431775
1.0900800019761663
0.003908562480687125
0.2446480243782312
0.45163749790834284
0.4154561017794594
0.08816317256342
0.08425461008273288
0.0
0.0
0.0
0.0
0.0
0.0
0.0
0.0
0.00018738981886112034
0.00018738981886112034
0.00018738981886112034
2.074280258917817
2.074280258917814
0.0
0.002808197488439533
0.14616425442478648
0.14616425442478642
0.0
2.5608962520432255
2.560896252043226
0.07834305666517027
0.05145750651406308
1.841031473326555
1.8410314733265551
0.11457610400976904
0.0
0.0
0.0
1.8312249881265876
0.06643205076708797
0.07159371870534731
0.08755695155936423
1.769645959925736
1.769645959925736
0.0
0.11048441880916945
3.8953149154192115
3.895314915419209
0.03197931477173063
7.518387215325898
2.436491044273672
0.0
0.8069353047771727
2.420964014358991
2.420964014358991
0.8069353047771725
1.2884142285722606
0.8069353047771725
0.8069353047771725
0.12887847299249033
0.5549897815784658
0.5549897815784656
0.5549897815784655
0.22199572476155202
0.0
0.0
