1.07123663751712
12.187877392129323
12.269138235931852
12.120354427026815
12.120354427026804
0.4921741096332721
0.0
25.899545761300498
44.07170054767876
44.24245985929037
46.198471664558376
44.88860543047592
26.495812700685
0.0
40.5837479676287
99.77978977927268
100.0
100.00000000000003
100.0
41.78626560691983
0.0
51.80477428593329
97.45977928425981
100.0
99.99999999999999
100.0
57.69894354996881
2.4633780894522936
48.20633436319446
99.39212484410046
86.20997526730501
100.0
98.62169482252467
61.97730190415763
3.6630611974573393
0.0
0.6355236299840709
0.7060155544101758
0.2842271401605001
2.3131479834303326
4.626295966860663
0.7710492886783016
0.0
0.0
0.0
0.0
0.0
0.0
0.0
0.0
12.187877392129321
12.269138235931853
12.120354427026816
12.120354427026799
23.99032821142238
0.0
44.071700547678724
44.24245985929038
46.198471664558376
44.88860543047592
63.90783030701631
4.882865102354492
61.40830202102744
58.85513843852879
77.64027407142976
79.82559815445728
97.32569608837952
0.0
69.0268325790685
66.6374246234789
65.00348745445382
89.80078895148151
99.07433832328219
5.1257718082726225
21.012786193824343
33.80064336813375
28.467476255251196
24.36358892481187
100.00000000000003
0.13413873191975892
4.411881300609906
4.482373225036012
4.06058481078634
6.089505654056174
50.077588838697366
0.0
0.0
0.0
0.0
0.0
0.0
0.0
0.0
0.0
0.0
0.007180912485659958
0.0
0.0
4.199316021962921
0.0687313005912632
0.06873130059126321
0.1497522014807068
1.0624735936895888
2.209621948606655
2.209621948606655
4.548810201263337
0.0542488148628318
0.0
0.0
0.050251998144360495
0.9547873659186007
0.9547873659186008
3.372458858390193
0.0
0.0
3.51619943820718
0.5385164559651398
6.039738668878778
6.039738668878779
3.5689930665981855
0.12971104259154953
1.9260685289158568
1.7936230064073437
0.6527375692951252
0.5623208321092266
0.43860352520878443
0.07532965489540228
0.3852472104741184
10.85583662311936
12.21411385603905
3.600845191023107
1.298536217731868
0.486950927198298
0.1623168733785889
0.12887844206497093
3.8268765241489864
3.8268765241489864
0.5549899041980508
0.221995958429558
0.0
0.0
2.5039245609599003
5.295263270365116
3.4238052613544365
1.8696584014438546
5.191623761599536
3.5810924513075157
0.0
19.46367763312738
50.33034481577217
32.43276612159221
21.92959869431607
51.3393396988816
33.412017654338996
0.0
52.23714760802758
70.50358833128728
58.85018869905039
46.74747397241025
41.95080669145527
42.96322561570828
0.0
62.83556848797742
80.68997787345923
78.30039465759599
74.33934627401105
67.37235509858606
57.6989435499688
2.4633780894522936
55.79139911587197
66.36107414481272
82.23129713891088
70.07537653146372
64.593184026365
61.97730190415762
3.663061197457339
1.2914245277988394
0.01856776476097305
0.055933965474571905
0.7485173037817281
0.18006305605434525
0.0
0.7710492886783016
1.9450906363970164
0.0
0.0
0.0
0.0
0.0
0.0
0.002031287769816007
0.009203966157293174
0.02843951046098318
0.01154159187436387
0.003846924016260248
2.3329533482425764
0.009181708838337509
0.02968386658874263
0.4232267228619129
3.9295986910837053
1.3098662128596912
2.3329533181951643
0.08640881358459024
0.0
0.0
0.0
0.0
2.0810343480563223
0.10965469702548965
13.131570367976027
0.0
0.0
0.0
0.3942923534936602
0.0
0.0
0.0
0.03766482744770114
0.03766482744770114
0.0
0.0
0.23530906685510364
0.2868437201007601
0.43614400088171046
0.3147126917741472
0.26489104501702676
0.0
0.0
0.0
0.0
0.0
0.0
0.0
0.0
0.0
0.0
0.0
2.073286649561754
2.0732866495617532
0.0
0.0687313005912632
0.2308001415697797
0.23080014156977985
0.5725016512312715
3.0847718485183204
3.0847718485183204
0.0
0.0542488148628318
1.927397799030822
1.9273977990308233
0.10050382853490572
2.215857653461072
2.215857653461072
0.0
0.0
0.0
0.0
1.6155493694836471
2.9153269580000085
2.915326958000009
1.6239024302011695
0.1297110425915495
2.6438567818812793
2.6438567818812797
0.7851830918036385
6.567139640687209
1.9450906363970164
0.0
0.38524721047411836
2.242567958103432
2.2425679581034323
2.2425679581034323
1.2173776461436627
0.40579244466634146
0.0
0.12887844206497093
0.5549899041980506
0.5549899041980508
0.5549899041980508
0.22199588336219003
0.0
0.0
