0.0
0.00046135822603100157
0.0018398639720989388
1.7590104826592935e-08
6.435814468851873e-09
1.3381318637373129e-05
7.162912232794571e-06
8.662052244780346e-06
7.60131455867314e-06
6.12255806035374e-06
2.579296674680444
6.480645132882994e-06
3.262967845125461
0.8329059279239196
2.6300053819322398
0.0
3.08575833509225
6.1907076317471965
2.9680577003635884
1.3340941220515379
1.5751804978859958
2.267590285541278
1.5749547184209962
3.915008127270325e-05
317.69227703933836
3.411017690523525
51.37138659054557
0.588802549662513
0.0001740792121232549
1.3510736408963742
0.0
1.1605228540985844
2.7854094641221537e-05
12.83437339338902
11.905860795336833
5.864558625856614
9.715560513086665
27.670644026920947
34.50347901039378
17.820032093724492
256.7297325340364
0.9371615648824324
0.33994526344504505
1.2775410863602499
1.5840449479660245e-08
0.0
3.9840005656159097
7.040251607749805e-05
3.9962353433201774e-05
0.9163688058235664
2.8930099014084885
0.0001651764118805581
19.53063687611296
1.2914272406952396e-09
2.0633968582048983
1.4435802550114856
0.00019843413010514692
0.0024704761474612998
1.456839915558377e-08
0.1310801548880425
0.0
0.00033568114020878897
7.684659674435309e-05
6.730561056286984e-10
8.138866585603546e-05
6.590911243700049e-05
13.681851703146977
5.710746012064255e-10
2.306519300522192e-09
2.1583428966384665e-09
9.866983650848738e-05
0.7392850088877491
0.0020969370637983205
4.156556581830509
0.0006327377877955826
0.0
0.0005672934123391745
0.00046341892035865816
0.0005220833350521854
0.00022151653076356924
20.794632453810635
0.00018560043122523316
2.379923888073603e-09
9.18343014255173e-05
1.2753550469678792e-08
0.006971132824819568
5.0121236308945095e-09
1.8593387052204894e-09
0.00012226328328583796
0.0010318227691332531
0.0
0.0004733470387103989
0.00011748875034968631
9.132037686790913e-05
1.0173105670870582e-09
9.713349037119259e-05
1.4599206126938939e-09
0.00010855055883137238
2.2647912878330997e-08
0.0037745749295489623
6.493098739105667e-09
0.0010907340422480366
6.916093540679451e-05
0.000561156034787517
0.001044530317319915
0.0
6.68911239567801e-05
5.4066796426962927e-05
1.3319804987099328e-09
0.00014995894204785024
12.440045020166519
0.00012844179244990254
0.001137551003532513
0.0006135951778590336
9.134230899758745e-09
2.064808765207279
0.00012078444060374074
0.00036757896998108755
0.0007763868630700636
1.502236672530932e-09
0.0
9.164900441273284e-05
7.394984856917601
0.00023887917641672205
18.241162559376818
0.2283180923588834
0.00236878823136187
5.558166134593307e-05
1.8345518464531585e-08
0.0004708316429685767
8.196743054911869e-05
0.0003365949388615538
0.0021749950367918954
0.0010846289349929
8.122138288863189e-05
0.0
7.927305823721566
2.5532488045581474e-09
5.821873722993265e-10
2.266301028130459e-09
0.0031590923963672963
4.598793595384428e-06
0.001693968062536221
7.975714392699343e-05
6.507480081257608e-06
0.00012132202696775434
6.132412835082559e-06
6.747459161043311e-05
0.0006568450629877492
4.968941347647885e-06
0.0
0.0010375203048469353
0.7775027979474283
6.592418277346451e-05
0.0022067808492449185
0.8642869233461624
0.001250713829864361
0.0006639256239176184
7.207266643054483e-05
0.00039633565171656363
3.734431535258587e-05
0.00011029944974536978
0.0007004668824082284
5.534999681742784e-05
2.5054079023913607
0.0
10.781372372600885
0.00012895882275448974
0.0033948605426756097
0.0017252647109745202
1.5131548802728394e-09
7.733917043553297e-10
3.234879221118363e-05
5.0033910762711674e-05
0.00010705751032181386
0.0005928231849865132
1.365707820613152
2.6095710154371276e-05
1.269005880673213e-09
0.0005834327176854608
0.0
0.0003090253419472161
0.003457951150397193
0.0034938330039153516
2.5220047687700967e-10
7.877737572658994e-10
5.7593146618374375e-06
9.256347802544327e-06
2.2641232409486156e-05
0.0002926656241390602
2.713039582353355e-05
4.586716604870744e-06
1.4544375356700524e-09
0.00028653880050692705
0.0013989078537714828
0.0
