1.0712429941142474
12.18791913886228
12.269834979271643
12.131065510970632
12.131065510970632
0.47959773630925007
0.0
25.899083481062753
44.0675773222254
44.191687946834385
46.06760467117578
44.83640861296535
26.46983742391981
0.0
42.73307910866292
95.99786963066128
99.99999999999999
100.0
98.54942373870945
40.63468984656667
0.0
50.515692911268275
99.99999999999999
99.99999999999999
100.00000000000003
99.99999999999999
65.76859098354642
2.233307256088236
50.70276573852662
86.3352746862113
86.0060123942161
100.0
95.69631811685491
63.547815202923545
3.577715025654669
0.0
1.6653721973652842
1.6653721973652846
1.268740758504023
3.3557004721923307
4.6262952203836685
0.7710490833411487
0.0
0.0
0.0
0.0
0.0
0.0
0.0
0.0
12.187919138862279
12.269834979271643
12.131065510970629
12.131065510970625
23.99311179696443
0.0
44.06757732222539
44.19168794683438
46.06760467117577
44.83640861296534
63.90632633939657
0.0
67.77413540379672
60.27024777585042
79.82614284476743
90.42972429850452
99.97074408167072
0.0
61.99119002131033
59.417103259512054
64.59400421483328
83.12377380534873
99.29627133533164
2.6379459398870564
34.63063330148198
34.30137100948678
26.166208126913276
27.785435443947918
99.99999999999999
0.21524112760424313
2.206453741909353
2.2064537419093537
1.8098223030480918
3.8967820167364
37.85549219849316
0.0
0.0
0.0
0.0
0.0
0.0
0.0
0.0003808487607157229
0.00019042438035786144
0.0006356872215119108
0.008623634025216735
0.0
0.0
6.303163031450246
0.0027445719257702303
0.005489143851540462
0.0
0.8228342269193037
3.5054939494314667
3.5054939494314663
2.4297123220039305
0.053856415985354615
0.0
0.0
0.07196242144702243
1.601166266878578
1.601166266878578
4.141652668526175
0.0
0.0
14.067858292850676
0.16931349408869922
3.6375614347743497
3.6375614347743497
1.721978430889405
0.15804419828128288
1.0060129633965134
0.8348819875926805
0.38063513367991764
0.6076872403102431
0.6076872403102433
0.2906827057664429
0.6425585003723353
11.096313557336732
14.448826826245789
3.9950717692813935
1.1704956058463107
0.6425585003723354
0.6425585003723354
0.12887848332523746
3.8268765466693697
3.8268765466693715
0.5549897384632398
0.22199587286010794
0.0
0.0
2.503920083702524
5.295359520933985
3.4251962741847803
1.8686710379370561
5.291651289780997
3.609255860875366
0.0
19.463719589406512
50.314893277544144
32.278130655440094
21.693588003213748
51.262584334844654
33.43648908233034
0.0
53.11031341058199
68.09217241299203
62.741806424065786
42.16201134646174
39.90320066811489
44.266597627041506
0.0
62.65854933444989
87.29009408287504
97.25305099285666
85.86983324131204
80.84514147509417
66.99626307584312
2.2333072560882354
55.94083762010069
60.396220571472995
72.23840511908668
73.58989777972538
66.54749425291732
63.54781520292355
3.577715025654669
2.334682665198746
0.0
0.18849787379522193
0.6676168598824389
0.21524112760424308
0.0
0.7710490833411486
0.8950215891542377
0.0
0.0
0.0
0.0
0.0
0.0
0.0004452628411540494
0.01210074329198255
0.026544027190210585
0.007222544207378475
0.0
3.5017572476416086
0.0
0.023188399427441306
0.846022626346745
3.6935879059240504
1.2311958999247574
3.5017572194962763
0.08781839271221434
0.0
0.0
0.0
0.0
2.574086752570303
0.0
0.0
0.0
0.0
0.0
0.6583089786160744
0.0
0.0
0.14534135288322145
5.178171090963239
1.726056824651199
0.0
0.0
0.4129232489082813
0.5385884587406954
0.4852940594314685
0.17113097580383285
0.17113097580383285
0.0
0.0
0.0
0.0
0.0
0.0
0.0
0.0
0.00019042438035786144
0.00019042438035786144
0.00019042438035786144
2.08128746292817
2.08128746292817
0.0
0.0027445719257702303
0.1466761260076279
0.1466761260076278
0.0
3.985143923966235
3.985143923966235
0.8228342269193036
0.053856415985354615
1.9268588659402428
1.926858865940243
0.17990618907270342
0.0
0.0
0.0
0.0
0.0
0.0
0.5079404319013189
3.373311696470756
3.3733116964707563
0.8269568417351674
0.15804419828128288
4.374467963478017
4.374467963478016
0.0
5.821327976594958
0.8950215891542377
0.0
0.6425585003723353
0.6425585003723353
0.6425585003723353
0.6425585003723353
1.126143046581232
0.6425585003723353
0.6425585003723353
0.1288784833252375
0.5549897384632395
0.5549897384632396
0.5549897384632396
0.22199565449513636
0.0
0.0
