0.0
11.466469604567688
11.466469604567685
11.46651045545796
11.46651045545796
23.999700123119524
0.0
48.15471851969106
48.23579095503641
45.83265535709276
45.93199878362189
63.641168621414394
0.0
93.28543674385973
100.00000000000003
100.00000000000001
99.81031385154293
100.00000000000074
0.0
86.02920035670127
87.73472010227223
82.73541217032013
99.99999999999974
100.00000000000001
0.540583423047411
63.56449999270417
64.0278303288057
60.728973334523644
70.51393859648847
100.00000000000003
0.0
0.2856681218348815
0.3404937324168548
0.2696102362948945
3.1241871913194497
22.844152508233
0.0
0.0
0.0
0.0
0.0
0.0
0.0
0.0
0.0
0.0
0.0
0.0
0.0
0.0
0.0
0.7857814179798587
0.0
0.0
0.8274427986176207
0.0
0.0
0.0
2.453087988189729
0.0
0.8274428012273276
0.5851170066580373
0.0
0.24641593215667898
7.120273166972789
2.5963426939042398
0.8654475597061174
0.0
0.038808831920796635
0.038808831920796635
0.038808831920796635
0.038808831920796635
0.038808831920796635
0.0
0.0
0.02848088793074558
0.0587414536824556
0.0
0.0
0.0
0.0
0.0
0.0
0.0
0.0
0.0
0.26665720648389624
12.799785597810052
12.799785597810043
12.799840065663746
12.799840065663746
0.2666503980021834
0.0
24.060339619583544
40.06552099755222
39.98444856220709
41.5899107823318
41.67683628054478
23.967666442752332
0.09934342652914206
44.63703728762537
70.49431405858635
64.18238073119055
66.94837717597295
75.29150485318647
35.90298524377
0.36201493544305907
53.64037732671422
75.60843200716457
76.68078579516781
70.76670633815013
76.8584166749188
40.75495768418967
0.0
51.83200251458847
63.319589776034725
63.80390686019003
67.17605943300434
56.41173709713885
59.48637111572084
1.4864334668928594
4.198945951164026
4.219350817009378
4.2684702320118255
4.263407125145974
4.467305479076299
3.1172170345784007
0.5541719127575756
0.0
0.0
0.0
0.0
0.0
0.0
0.0
0.0
0.0
0.0
0.0
0.0
0.0
0.0
0.0
0.0
0.0
0.8980359062626956
0.4026299287446213
0.0
4.805320906891906
0.0
0.0
0.0
0.0
0.0
0.0
0.621111585294778
0.0
2.085079832293926
17.99924755604115
0.2816182081790617
0.5280341403357404
0.5280341403357404
0.5280341403357404
0.0
0.6707073234103165
0.0
0.0
0.08152805147437026
0.08152805147437032
0.0
0.0
0.7427829783497091
4.813724616498289
4.070941638148616
0.8806916725718577
0.32189327952613084
0.08498830826200379
0.07054954188273176
2.248767288552528
2.2487672885525294
0.0
0.0
0.0
0.0
3.7332008907745498
3.7332008907745498
3.7332008907745498
3.7331055720305693
3.7331055720305684
3.7331055720305684
0.0
36.090509429375324
36.09050942937528
36.09050942937528
35.67209627701527
35.67209627701528
35.67209627701528
0.0869254982129993
46.06701690276046
71.48121625069697
53.02372605647004
42.98816116019767
39.464090930524854
48.82596321995452
0.31676306851267666
65.81932329038922
73.42180627658007
66.94253351702565
65.23138763374749
60.8865719884434
61.13243652617947
0.0
58.96648016613508
58.896448117498814
58.896448117498814
57.36098962319959
56.38163255857736
52.05057472625574
1.300629283531252
0.06461961801391775
0.0
0.05874145368245537
0.028480887930745546
0.028480887930745546
0.0
0.4849004236628786
0.0
0.0
0.0
0.0
0.0
0.0
0.0
0.0
0.0
0.0
0.0
0.0
0.0
1.2933466742450233
0.0
0.0
0.0
0.0
4.2273340028776
4.227334002877603
0.0
0.0
0.0
0.0
0.1290169781198732
2.4513230139133957
2.4513230139133975
0.0
0.0
0.0
0.0
0.0
3.6708482987753674
1.5543658013202089
0.0
0.0
0.0
0.0
0.007410448128671819
1.2491627705040222
0.34894524282484407
0.0
0.0
3.717463838451478
3.7174638384514753
0.0
0.8753799339409546
0.31658154581490167
0.07436476972925332
0.06173084914739029
0.0
0.0
0.0
0.0
0.0
0.0
