0.0
0.0002993581612423798
0.0011941145947612615
0.0012709616366078768
9.659361676834845e-09
8.719284791916265e-06
4.658744394775325e-06
5.6372302574761595e-06
4.945188295449014e-06
3.981912541081466e-06
2.0140636979803644e-09
4.216588077232347e-06
4.46808887056581e-10
2.6794460839674e-06
1.8261478268475608
0.0
1.8261280894787149
3.468409919718941
0.9131734412489729
0.6532197239041231
1.0493603837028136
1.8712446558801654
1.0493945453647102
2.483865649683315
333.590976634206
2.693760630879407e-05
46.952659159929226
1.0861247037314077
0.00011192057557858005
0.6901096397768445
0.0
0.6901095135690785
0.4375875718343579
8.800051593556455
9.233067474051078
3.732969332654193
5.904963483600476
20.454978111258313
54.31978830247361
19.841969318794487
264.1372288471759
1.8137958883290606
0.8663156838438303
1.7303862126073404
0.00021312562321477519
0.0
5.506694208305613
4.540698035844198e-05
2.5845907950221637e-05
0.02982120975240824
4.325479161474805
0.00010671726779211693
10.657417268385643
9.38468209144747e-10
2.6981458335452144
1.222953921290481e-09
0.00012816940693070384
0.0020809540684207325
0.000146550213641945
0.1879015768620148
0.0
0.000216459073162407
4.973139243564479e-05
3.6500719238318857e-10
5.268317011858289e-05
4.2689287404391455e-05
2.7412950775412177e-09
3.032292365611346e-10
2.187607517694301e-08
6.350986036486362e-09
6.397439840414632e-05
0.00022192830656446108
0.0013614111695631884
3.93696674304246
0.0005266832830070012
0.0
0.0003680368538951682
0.0003006994684490876
0.0003389404693211605
0.00014383471878968524
5.13200657029104
0.00012042631721506379
1.249285190813659e-09
5.958600691864372e-05
6.876175747524211e-09
0.004408246032883166
1.1310420825620108e-08
6.782054288868639e-10
7.909118756604908e-05
0.000667688133284567
0.0
0.00048025613063061465
7.602259119859192e-05
5.922980816338114e-05
8.008166095157378e-10
6.301302971165768e-05
1.07900559874954e-09
7.042140326715573e-05
1.180551861782581e-08
0.002153301346319916
8.585401028702846e-09
0.0007081685206166124
4.473861217230832e-05
0.0003315119735135271
0.0006163664159948247
0.0
0.10841263106660418
3.50561879457324e-05
6.266697208621731e-10
9.72661091493937e-05
10.985178626061995
8.33168478145119e-05
0.0007383688481974539
0.0003983346873360512
1.2472709815456118
1.717733390473252
7.835066103909521e-05
0.00023867088354373122
4.996882846652526e-05
1.2585105533168354e-09
0.0
5.9440408731057816e-05
4.1568514343759584e-08
0.00015495828037204027
19.18404765374699
0.7037451403499672
0.0011189660552630369
3.60125614952564e-05
0.00014780261011139236
0.0003040403127056452
5.303978904071778e-05
0.0002170376895526319
0.0014096719995945908
0.0006699542740225143
5.2569280993630414e-05
0.0
1.2974790167134174
1.7936372967615514e-08
3.134742814850724e-10
6.415472480226036e-09
0.00203308336790609
2.987277762612341e-06
0.0010997109705966732
5.176295660784226e-05
4.22282612085804e-06
7.875830987306732e-05
3.984077412380043e-06
4.3776463802794384e-05
0.0004531955981070666
3.220275741403941e-06
0.0
0.0006728513328253358
0.6696717311772935
4.276371681967249e-05
0.09928101950545545
0.0007370211615332458
0.0008115156550869732
0.0004308983055991796
4.670881692945194e-05
0.0002567962991141747
2.4250710124089536e-05
7.156024693997988e-05
0.0004017850016468067
3.587835553209114e-05
3.4764567621039035e-09
0.0
10.950700137435126
8.365309328702107e-05
0.002203685020062841
0.0011198821396492123
4.126606083266698e-09
3.501930463249245e-10
2.09250684524941e-05
3.2443278621305675e-05
6.945993433764656e-05
0.0003846754295720598
1.445106908727873
1.691604564202181e-05
5.598443000874325e-10
0.0003783412558107072
0.0
0.00020049004923590946
0.0022445702882000727
0.0021785684836538974
6.877528028230093e-10
3.5535693477246e-10
3.7251798294168596e-06
6.00284411656879e-06
1.4697783081454836e-05
0.00032451152817020076
1.7612162090571424e-05
2.972916134527392e-06
6.327500064722425e-10
0.00018583490085978733
0.0009058919633275765
0.0
