0.0
0.0003742675425874554
0.0014932189126843987
0.0015878302052563047
1.508382624616534e-08
1.0896983681908032e-05
5.818359008920359e-06
7.041789220417998e-06
6.175943649954479e-06
4.972471933167355e-06
3.1337316246780028e-09
5.266681614341801e-06
6.972954627889496e-10
3.3466679562439593e-06
1.826294896613086
0.0
1.8262703421339583
3.4598081475354987
0.9132719540632941
0.6524700973192449
1.044093157985192
1.85769803449727
1.0437975859671096
2.472608869468817
333.580312774759
3.3629441685781034e-05
47.00133114146915
1.0838363461978626
0.00013985263183647552
0.6893397086268674
0.0
0.6893395164939606
0.4353535545033542
8.794058099301303
9.22093470254688
3.72518893016524
5.907842359254075
20.458335235430905
54.372688694738926
19.828369557533666
264.13024056581435
1.8160565668845836
0.8655507709594357
1.728293066492471
0.00026612263622405796
0.0
5.500264058672199
5.672921632088601e-05
3.2275347559487984e-05
0.02857060128907922
4.320125646196454
0.00013333197254159984
10.681217109206791
1.4653331243578906e-09
2.7066754238326585
1.903721155852419e-09
0.00016003670215657595
0.0025999114826626693
0.00018292525819853933
0.18843539452139713
0.0
0.0002703175298868028
6.210643364389974e-05
5.692678367298834e-10
6.578798809849427e-05
5.330661920619274e-05
4.280320012468957e-09
4.731078971814261e-10
3.364670558331484e-08
9.977066559036195e-09
7.987318944101767e-05
0.00027704449147963027
0.0017027645034112205
3.9366878104487295
0.0006548443518407007
0.0
0.0004595022827264489
0.0003764653116506756
0.0004222641579922292
0.0001797037361147954
5.164911542159729
0.0001503726471833806
1.9576917825164395e-09
7.44023025196299e-05
1.0746360807796015e-08
0.005513222884234409
1.7662001089390034e-08
1.0623492456524507e-09
9.875754754064686e-05
0.0008340740035026989
0.0
0.0005996997507391375
9.484258066707868e-05
7.396199192267658e-05
1.2540417034428722e-09
7.867957134786351e-05
1.6848533290929859e-09
8.794043593291089e-05
1.790159487236748e-08
0.0026934313694800516
1.34092247194143e-08
0.0008859347199497323
5.586330990269927e-05
0.00041382045460194275
0.0007703344611659047
0.0
0.1079489458095375
4.377521428054145e-05
9.887522673346246e-10
0.00012145640555186945
11.05338377746573
0.00010404617991633242
0.0009234280048402206
0.0004981991832126018
1.2453826746840844
1.716574281222444
9.78333130383678e-05
0.0002980500453436384
6.240208982191606e-05
2.0084789526028274e-09
0.0
7.422460000031792e-05
6.495215583450233e-08
0.00019361312052806158
18.925838197678285
0.7157437804667075
0.0013996649695821226
4.4966721052953215e-05
0.000184544889075329
0.0003798539252793424
6.623035265233222e-05
0.00027103095472183524
0.001760497750168581
0.0008382171024641618
6.564502361349796e-05
0.0
1.2961472483200034
2.2066824201224696e-08
4.890878598955631e-10
1.0082126757553936e-08
0.002543253772260743
3.730805110942379e-06
0.0013755404999298967
6.474236933405466e-05
5.2740049152894786e-06
9.835061773352788e-05
4.976494668996049e-06
5.4668158473603976e-05
0.0005655897759786141
4.021771914723971e-06
0.0
0.0008409420369585451
0.6725788280412912
5.3404102249520644e-05
0.09849275295711825
0.0009221575090402922
0.0010148110534373782
0.0005390244081915145
5.832694942068391e-05
0.00032015875687039917
3.0285097961620043e-05
8.936685222150833e-05
0.0005022656743222621
4.480229691034159e-05
5.251506882230534e-09
0.0
11.019260862164396
0.00010446727551490844
0.0027562637915996527
0.0014007214764623715
6.447531509892219e-09
5.472989229265916e-10
2.6125672217313194e-05
4.0498786319578187e-05
8.67734238803221e-05
0.00048061346829662073
1.479278435964404
2.1121416583540792e-05
8.837604116349154e-10
0.00047265043526110247
0.0
0.0002504799645846586
0.0028073482906960895
0.002725362076038888
1.0744199330987e-09
5.555748400848147e-10
4.65196367356444e-06
7.497735203654037e-06
1.8383031217855574e-05
0.00040445476149913485
2.202971275818887e-05
3.7125095053334914e-06
9.991328657629931e-10
0.00023203825483734123
0.0011321763417568868
0.0
