0.0
5.887908351657155e-09
4.440319665035768e-09
0.17772936247059767
3.352958289336606e-09
2.0894120763517574e-09
1.8846180439862785e-09
1.895277643405341e-09
2.1112095330385735e-09
1.37351506166398
0.948767081097658
2.6759321499799493e-09
2.1549851777111423e-09
2.022105865942685e-09
6.3217735332748966
0.0
4.36895210373373
7.452299158131816
4.1466788393333145
0.09572994549323752
11.426819825292464
28.298566666803556
0.9406819251468499
2.1784151309832953e-09
196.002506635575
0.29605194088477244
139.35103620553747
13.616070900400553
0.20833956190837444
2.9859852158272693
0.0
2.046239771886712
0.23978966017921424
8.522178492168447
5.753523512308506
12.760672031960404
6.643541654219782
47.71163676130006
11.40635654714035
28.521106382460616
233.6860821764136
1.1032637279848005
1.5796916558303375e-09
0.7314826768348193
1.1970363804141828e-09
0.0
2.720691085488613
4.037364281161022e-08
0.8960146319135261
6.474558348106737
0.896767705360304
3.930042439010255e-10
74.0019434194174
0.2912998593152041
7.453603972946921
1.3211498973732971e-08
2.2223026806258407e-09
0.00027939487248397035
2.2454038238528776e-09
0.47380144082503206
0.0
0.0001037238767659513
5.093569873144002e-08
0.05437038067853772
6.693796658556151e-08
7.719369796289302e-10
2.603371570854338
3.43557485073852e-08
4.444314320710913
2.0161953033845352e-08
1.8275969466760544e-09
1.1799589842193372
2.4598919693819035e-09
0.09189633014758364
0.0004213935810299424
0.0
5.4208090000201376e-08
0.04132636301837492
9.7118789161595e-08
3.2471734566592207e-10
7.130207954148893
9.286559737944768e-08
0.035663271586754204
1.0324080812289707e-08
2.944810977548726e-09
9.098613990185612e-09
1.251115100789573e-09
6.259713553758524e-09
5.703092531792157e-09
0.00021996200683919667
0.0
1.3860741144881636e-09
2.293000941556351e-09
3.4009833973113253e-10
1.5060746410197455e-09
2.351066558777074e-09
35.44789892426815
2.3140367745976396e-08
3.721658229544734e-09
0.0007825707449831484
9.835824834763714e-09
8.354902522593928e-08
1.5199343205854268e-08
3.800951408178766e-07
1.0278364631963319e-07
0.0
4.00040024430692e-09
7.551012820609478e-10
1.8259694358779421e-09
2.6146355990912886e-09
1.569602655268758
2.498490855823093e-08
4.475232183163495e-09
0.0035999075199052467
0.8552716327777237
0.00794528813389695
0.00719842721296507
0.000285577366378821
0.007198369651975657
9.913288176457257e-09
0.0
3.3885639145775487e-10
17.652213066527807
5.745828794643927e-06
9.016700913150754e-09
1.2596664379884515e-08
4.4525175008778805e-09
2.106062422233799
2.319538127362516e-09
5.42116538701072e-09
2.9577624105703957
5.727608287687242e-08
3.706836470949745e-08
0.0754971726853594
6.683200598930778e-08
0.0
26.51232185267418
3.445171485970887e-08
0.05300458416286243
1.6824667308521448e-08
0.000991767060699734
4.200695021789157e-09
0.005735927116569175
2.3559678422072117e-08
4.204262549551166e-09
2.5643941989728292e-08
4.5215341638683425e-09
1.8768027355104486e-08
0.0002771344160661033
1.7628944192762804e-09
0.0
0.0005238406108885355
0.08978732465485323
1.938673567097093e-08
3.080814201842038e-09
0.14588362330737464
0.04211922161218061
1.0445484181213324e-07
0.003385089680160138
0.29275957321675256
0.09922144468171601
0.011122216579602617
8.60298353767465e-05
7.065332898876103e-10
55.98480382301298
0.0
0.7151483357287743
2.4206221851408246e-08
4.166414683975123e-09
0.01899639958237489
2.9194717495174114e-09
0.0002458014379465381
8.115532520447334e-09
0.019140650290896507
4.532619055348629
0.00012235530400131866
5.119558625059916e-05
1.441428011540471e-09
1.2660410204362446e-07
0.00012247071881476808
0.0
0.00010690366812108961
4.063811544870537e-09
0.032977385948161686
2.8727704882382014e-09
0.0005060693300547462
3.1469660515173726e-09
0.00902285908445803
0.33300479823435414
1.5753301313941485e-07
3.302545563693647e-08
2.041320719920776e-09
3.907447014572257e-08
1.939125941919651e-07
4.133489974915467e-06
0.0
