1.0712411453475494
12.187905864716083
12.26959515364695
12.130995758133489
12.130995758133475
0.44214998051958887
0.0
25.899013722581813
44.066945778384536
44.183897760645664
46.14735604605207
44.87825476194218
28.245853068345372
0.0
42.45120896346044
97.82722933548033
96.73739439103583
100.00000000000001
100.0
43.179224380034874
0.15135817206721286
49.618697495262516
98.0455045099106
100.00000000000001
100.0
98.43529896290025
70.34492161254558
3.8891076840261447
53.043864725846944
90.0952618781378
90.99531058848112
100.00000000000001
99.55070988754763
69.39150363590466
3.9068632533786896
0.0
1.8331801212942818
1.833180121294282
1.5090016517614053
3.6161482768066673
4.62629580671266
0.7710492480986118
0.0
0.0
0.0
0.0
0.0
0.0
0.0
0.0
12.187905864716084
12.269595153646952
12.13099575813349
12.130995758133476
23.991724368265828
0.0
44.06694577838451
44.183897760645664
46.14735604605207
44.87825476194218
63.80687597237035
0.0
55.94621952077625
54.85638457633178
70.80132485732118
71.56301446177315
96.94411619550668
0.972833405010703
66.57082137871288
65.23974876065896
54.88144139139635
100.00000000000001
100.0
0.0
37.28418985540593
38.184238565749396
10.848153798131284
40.47367019245538
52.1187833462808
0.20949729394354888
1.8331801212942818
1.8331801212942824
1.5090016517614058
3.6161482768066677
86.03465619300597
0.0
0.0
0.0
0.0
0.0
0.0
0.0
0.0004022148808692128
0.0002011074404346064
0.000655637786992472
0.008750692925085821
0.0
0.0
3.9234057625884704
0.007024041480339057
0.007024041480339057
0.12177054847060773
0.8336575326676186
5.059773197634751
5.059773197634753
2.6360464179689007
0.05153404093054459
0.0
0.0
0.0
0.0
0.0
2.7113073686135762
1.7491301642982875
7.258942719511286
3.7406356869637354
0.48767186133383666
0.624593713364062
0.624593713364062
0.624593713364062
0.1406025325655538
0.6908596202950386
0.6908596202950383
0.6618934862311148
0.8763232002821948
0.8763232002821946
0.6618934862311148
0.0666966584249967
0.0
4.090080679349447
4.090080679349449
1.0149292720226313
0.3768438702792817
0.22969169739017167
0.12887845219942715
3.8268765311569783
3.826876531156975
0.554989867901949
0.22199594241922235
0.0
0.0
2.5039216351160563
5.295328204626244
3.4247189692411517
1.8681859646487062
5.287595063329032
3.6411947559934847
0.0
19.463725992362214
50.31251444429621
32.25439219790306
21.807303678531778
51.471619264786554
35.09937671742891
0.0
52.99580365787426
69.24610299606357
66.81984427371741
46.86035825566018
43.179224380034874
43.179224380034874
0.15135817206721286
61.681216634402716
92.3016446211197
85.91366287844869
85.84952223925742
80.8656258128996
70.45915112582182
3.9999987024325225
56.20410357712414
60.776110354017035
58.635057934145564
80.08937830662235
74.82041963809739
69.27727412262838
3.7959722349723113
1.6103653181528625
0.0
0.2590266346223799
0.6214993703220861
0.2094972939435489
0.0
0.7710492480986119
0.0
0.0
0.0
0.0
0.0
0.0
0.0
0.0004545303465578655
0.010682881283632
0.0277097325620344
0.010216452670404783
0.0034051817734869956
2.1796698790598374
0.019664782428101477
0.11474650699026867
0.810956599974225
4.212781836884564
1.6745794148114113
2.1796698701884094
0.18105364385098463
0.0
0.0
0.0
0.0
2.449621924978532
0.0
10.661808959674977
0.8982573263493477
5.851385142137215
2.0449658806869078
0.41058546501551096
0.0
0.0
0.0
5.823985911413766
2.1839945980783755
0.7279981313415932
0.061869033020113436
0.3609055658730047
0.5163215537616294
0.5285311648130205
0.16065466170141834
0.046566119399402264
0.0
0.0
0.0
0.0
0.0
0.0
0.0
0.0
0.0002011074404346064
0.0002011074404346064
0.0002011074404346064
2.082404427942917
2.0824044279429175
0.0
0.007024041480339057
0.15222569262190844
0.15222569262190844
0.007024041480339056
3.1183467116481802
3.1183467116481802
0.0
0.05153404093054459
1.8437713770590283
1.8437713770590274
0.0
0.0
0.0
0.0
1.7491301642982875
0.0
0.0
0.0
4.138229866347486
1.9611153274564739
0.0
0.1406025325655538
4.089627140408708
4.089627140408707
0.0
3.7745947731377165
1.724905650556658
0.0
0.0666966584249967
2.26769564234926
2.267695642349259
0.0
0.9578848787896327
0.31979961750766805
0.001514612786139482
0.12887845219942717
0.5549898679019489
0.554989867901949
0.5549898679019492
0.22199582913027308
0.0
0.0
