0.0
11.466491765169403
11.466491765169415
11.466527986561157
11.466527986561161
23.999733776596713
0.0
46.25082341608646
46.25082341608651
45.82734154067313
45.92844065785502
63.63482706516379
0.0
100.00000000000018
100.0000000000002
99.99999999999996
99.94758512708269
99.99999999999994
0.0
76.7546307517789
76.1640199590246
85.35697030170714
100.00000000000001
100.0
0.0
59.959237212765984
59.97123629475292
60.36165518664949
70.01114172482143
99.99999999999996
0.0
3.4651293580216067
3.4651293580216067
3.4651293580216076
3.4651293580216076
30.378447971372857
0.0
0.0
0.0
0.0
0.0
0.0
0.0
0.0
0.0
0.0
0.0
0.0
0.0
0.0
0.0
0.7996683445849734
0.0
0.0
0.9120387075992811
0.0
0.0
0.0
0.0
0.0
0.9120387080462482
0.6612590777943176
0.0
0.5821396556771875
8.101664979258077
2.595679063873385
0.8652263481681477
0.0
0.10058852296584639
0.10058852296584639
0.10058852296584639
0.10058852296584639
0.10058852296584639
0.0
0.0
0.0
0.0
0.0
0.0
0.0
0.0
0.0
0.0
0.0
0.0
0.0
0.2666582610479816
12.799809718995908
12.799809718995924
12.799858014184913
12.799858014184919
0.26665222414935785
0.0
24.061405987032096
41.97330836326532
41.973308363265204
41.58501973632889
41.67348146386304
23.967095056554022
0.10109911718174658
44.63181741288298
65.1950898704215
65.19508987042148
68.86414284220265
77.56857133727468
33.45427867179915
0.2583002162247669
58.01654001735598
87.35763400766203
87.03620609045532
71.20882191432129
71.90989403052431
40.75377784749875
0.0
52.33839748335293
65.10694029237999
65.12065352893681
70.64304549296159
58.1977120909637
59.66504342424816
1.545990904130113
0.0
3.4651293580216076
3.4651293580216076
3.899963042513222
3.899963042513222
0.0
0.0
0.0
0.0
0.0
0.0
0.0
0.0
0.0
0.0
0.0
0.0
0.0
0.0
0.0
0.0
0.0
0.0
0.0
0.9139066795256838
0.0
0.0
0.9120387111601874
0.0
0.0
0.0
0.0
0.0
0.0
1.0602195355076467
0.0
1.3470263922623285
14.269226563364544
0.6653024636310713
1.2474421193082592
1.2474421193082592
1.2474421193082592
0.0
0.0
0.0
0.0
0.0
0.0
0.0
0.0
0.4043955375856684
4.4753371772892345
4.070941639703565
0.8806916706754656
0.3218932815535724
0.08498830953992174
0.8060708847090639
1.511382908829494
1.511382908829494
0.0
0.0
0.0
0.0
3.733215654671742
3.733215654671742
3.733215654671742
3.73313113809101
3.73313113809101
3.73313113809101
0.0
36.092108980548204
36.092108980548154
36.092108980548154
35.66630131775737
35.66630131775738
35.66630131775738
0.08846172753402826
53.40468804789815
62.235469637388576
52.44502507618895
43.22173524642757
39.05369124341007
49.63383677068567
0.22601268919667106
61.42200601028874
77.24979954079039
66.59694495603738
63.51594429686828
60.186913976224346
61.130666698629895
0.0
58.357558484706985
58.10313800985502
62.642839382594936
60.16389345670347
57.368046593456704
52.20691299621714
1.3527420411138489
0.25875012800278885
0.11056930072449836
0.4348336844916151
0.0
0.0
0.0
0.0
0.0
0.0
0.0
0.0
0.0
0.0
0.0
0.0
0.0
0.0
0.0
0.0
0.0
0.0
0.0
0.0
0.0
0.0
4.302042701423713
4.302042701423715
0.7098729153007435
0.0
0.0
0.0
0.0
2.584069796395709
2.584069796395712
0.0
0.0
0.0
0.0
0.0
4.5494225034851
2.074531581896067
0.0
0.0
0.0
0.0
0.0
2.688503770060783
0.4628224794164993
0.0
0.0
3.6418162856204153
3.641816285620417
0.0
0.875379939204778
0.31658155042263725
0.07436477084743152
0.7053120241204308
0.0
0.0
0.0
0.0
0.0
0.0
