0.0
0.0002771500867281472
0.0011061436252425495
2.9474208385901782e-08
1.0351242104050631e-08
8.074874532548396e-06
4.313532468028461e-06
5.219911323772652e-06
4.578796664742563e-06
0.706671342796859
1.6948677042826427e-08
3.902962675560449e-06
7.270516191080463e-10
2.4792727774297197e-06
1.5113140192776104
0.0
1.2178820276274636
0.9876687506721944
0.755749120903218
0.08685017669373184
0.48059720597580197
2.0421821592521825
0.4805795316906498
2.2728375337019067
281.34903465125757
8.483776501731086
99.21449982596293
0.7837053014375367
0.00010356387603896106
0.7567474353632075
0.0
0.7567472848338915
0.07760368194983197
9.93298856455316
8.93750089697529
3.006385187124401
8.937520700770007
19.10280142374863
113.47000857533125
8.841791194433249
213.74682547884387
1.3073113728812726
0.8032792861381687
1.604315795560964
0.00014364275374017117
0.0
4.193832327704001
4.202085308089887e-05
2.3922280049465875e-05
0.49395695292959796
2.527887735107307e-05
9.877357416233989e-05
18.650726261308165
1.259961499994248e-09
5.410128166529055e-10
1.916249907925439e-09
0.00011864086908427467
0.001644662952678937
0.00014213523080709609
1.8049835584210956
0.0
0.00020044347730683703
4.6044026547305907e-05
2.3389256259776147e-10
4.8768653263310936e-05
3.951749539826042e-05
0.0919350001690271
1.8286878613175294e-08
1.549403006752206e-09
1.3379251856973442e-09
5.922535860338918e-05
0.00020530763928002513
0.0012614908063093378
2.863427644594046
0.00046934826824591037
0.0
0.00034054381839674394
0.00027884497884048966
0.0003129482277871744
0.00013318183461162944
2.7843303145428115
0.00011149458375935365
8.034230836254228e-10
5.5099432551562347e-05
6.400332070731359e-09
0.0037161344087429118
1.1793671813850771e-08
0.09936518150975321
7.323883491513694e-05
0.0005779665541072797
0.0
0.0004110667805795504
7.035810370767238e-05
5.48446690939835e-05
1.236372381423182e-09
5.827600341045292e-05
8.572157604516977e-10
6.516092625205836e-05
1.0968914551350673e-05
0.00224903278711308
7.3257812710469385e-09
0.0006561937377612009
6.095423635909107e-05
0.0003395118077462245
0.0006271486439433012
0.0
4.006629137888186e-05
3.246289532837608e-05
5.21384662486677e-10
8.995390282243321e-05
10.355703744268968
7.705502566681522e-05
0.0006839832700700762
0.00036903243588061083
0.5756569600067853
1.3628389524255728
7.254411281527748e-05
0.00022098344802208174
4.626076101462333e-05
1.1474276401994232e-09
0.0
5.5039710462174164e-05
3.575273549842591e-08
0.0001434783788814034
20.39974603826002
0.695598238236637
0.0013704946298040007
3.3336303913719176e-05
0.00014334264524656343
0.0002814720346700274
4.909718929960013e-05
0.00020098551700113568
4.592891996841201e-05
0.0006193143578058567
4.86615938424574e-05
0.0
2.2121246813335613e-09
0.584239520910188
9.76206624804957e-10
1.4950205417751166e-09
0.0018998014465899482
2.76507097714745e-06
0.0010188290382976124
4.795596933442211e-05
3.909583432311432e-06
7.28819036559566e-05
3.6866218624715177e-06
4.120603979144447e-05
0.00039338014469461114
2.9825317435611562e-06
0.0
0.0006234173932180649
0.6472314768598357
3.9539646353444795e-05
0.08425330598104608
0.0006810045404166018
0.0007517823640882513
0.0003992391821663049
4.325038046247406e-05
0.00024062092188468202
2.2454401242181254e-05
6.764640734263481e-05
0.0004210496860635463
3.322563574472953e-05
1.6308193641115837e-09
0.0
10.228691998149216
7.736410609503034e-05
0.002037560529185214
0.0010374888106392047
3.560829414060306e-09
4.778283225214838e-10
1.9374954767617423e-05
3.0035673942963353e-05
6.431500414734606e-05
0.00036213178599984834
1.6294427504730271
1.5664504514081026e-05
3.9585943837654235e-10
0.00035033960720170696
0.0
0.00018570890468715075
0.0020778977321720847
0.0020185454929681464
5.92846784146473e-10
6.014314458358513e-10
3.4495945313973475e-06
5.55836757754098e-06
1.3614492959833326e-05
0.00030311150497684615
1.631848228900794e-05
2.7535815527901083e-06
4.5004138584198704e-10
0.00017163606795995903
0.000838804525430782
0.0
