0.0
0.0002237488831464883
0.0008929257296712656
1.2382970248588723
1.1977719499185669e-09
6.46624270376804e-06
3.4508948372623126e-06
4.161327134428771e-06
3.6601577090858865e-06
2.3454192071619233
7.467466765606664e-10
3.122786976770742e-06
3.0890304132093934e-10
2.1237605174086355e-06
4.710566404118996
0.0
4.4303150708779455
5.277932091375414
3.0862670484399497
1.0674985433882602
4.779783406287199
4.76720433427954
1.4175582309311587
0.6931706570070771
318.964551264794
3.4194555686024506
49.894241335177234
1.962903345491786
0.03992821273516967
1.0378968652687022
0.0
0.928956220509533
0.6874216552856923
8.742411394223133
9.143525021010623
6.230936409682332
9.104541802242311
23.361660842200653
54.52883827159559
11.091846749241142
259.48819074225014
0.5868287877210772
0.6484718993462668
1.3349843905375978
0.00011601123037885533
0.0
3.318134075222491
3.385536328685221e-05
1.9198476220002975e-05
0.0003030575995690107
0.04244078994841794
8.330615972402881e-05
28.637005809766283
2.294328135057066
2.2073091608234217e-10
0.4130727918643756
9.585435721662184e-05
0.0010554004011463036
0.00011484771230181273
0.0012778295466413661
0.0
0.00016200034328228626
3.69940121982378e-05
6.327430238623931e-10
3.918215028213007e-05
0.0003040906490760707
5.840638036538442
6.000089644961992e-10
6.368012804993679e-10
4.82669518846182e-10
4.784760181295248e-05
0.6755722868263819
0.2831157810677054
1.2587122771565182
0.00012519720092999637
0.0
0.00010898960932596471
8.660695828327628e-09
0.00012286606833957766
8.516671017235692e-05
10.273436789756015
0.35703190949459773
3.5371881420392344e-10
0.14874127200700826
3.3760974112084925e-09
0.003399847812431429
0.2702221801796178
0.052403071303138274
6.166585253871334e-05
0.00025068141027706785
0.0
0.00024269145655891796
6.710302397517982e-05
4.425942446282652e-05
1.86983653300079e-10
2.488434224918604e-09
3.30833736518874e-10
5.440561374459878e-05
4.8494382451646785e-09
0.001879499319733435
4.915975103583807e-09
0.0005432545262798693
3.440339725309766e-05
0.00028545130509741054
0.00046160819405022615
0.0
3.682562466019211e-05
2.6068611210763027e-05
2.565750330875548e-10
3.8158450703172105e-09
12.308148819110748
6.74079485173091e-05
0.11929981647737979
0.0002978903356858481
0.002077591170541149
0.5830331184408929
5.913794225745595e-05
0.00015261568731901452
3.7187025556949496e-05
3.9925295862312105e-10
0.0
4.436942336541269e-05
0.6009237634252631
0.00011583117013644333
20.846710224497155
1.5144433350386716e-05
0.0011061421909963724
2.682484896019686e-05
0.00011576460705083545
0.00022729776526980456
3.943731570488951e-05
0.00016244983201294127
3.692015643847976e-05
0.0005001623126730085
3.9099343410319224e-05
0.0
4.997007291185148e-10
5.924415082014994e-10
6.196970953888126e-10
5.49473475751926e-10
0.0015306782953274456
2.2260449205183217e-06
0.000822293922547878
3.866359089276509e-05
3.1433148283156172e-06
5.852655280317876e-05
2.965716969900609e-06
3.6606450539393175e-05
0.000317461813369703
2.401966988842687e-06
0.0
0.0005032404932239726
0.7692592984284117
3.3935379140946726e-05
0.0010647775414579902
0.000543550300264675
0.07035790841313423
0.00032160675516964096
3.5359938509803256e-05
0.00020061276795926145
1.8060609473954313e-05
6.18555227453932e-05
0.0003399804548473104
2.6760552006715363e-05
1.3671949391233002e-10
0.0
12.238397776423966
6.759185115774762e-05
0.0011029098562661257
0.0008366938822849615
2.1927353948778795e-09
5.289673293889456e-10
1.607762682961523e-05
2.421417329588148e-05
0.6624326376460705
0.0002996400093585877
1.4005906483461856
1.2619502288213356e-05
2.15202749949134e-10
0.00017924015309991507
0.0
0.00014528700622404566
0.0008792233606214977
0.0024601836063386498
3.640516082564097e-10
2.459954098214202e-10
2.8671017592015453e-06
4.478555717612646e-06
1.0969280349214619e-05
0.0002674687800936414
1.3143852542175212e-05
2.217369470054021e-06
2.4231700481153914e-10
6.403383036513214e-05
0.000677997264520942
0.0
