0.0
0.0005841137886332974
0.001352875483226029
0.0012635710558751491
2.547819217193946e-09
9.83759046820089e-06
5.266361539221729e-06
6.368489970017072e-06
5.588721551842799e-06
4.501677969088059e-06
13.707131207785269
4.7641158952221865e-06
2.29801618056735e-09
3.0339220619425174e-06
3.7394325009011644
0.0
4.348823127489899
3.1791970077141674
3.7677637884505315
0.6289666884101828
0.9734294057144367
2.2905074992028696
0.9734334114774118
1.3205922297077843
269.28639579213325
4.924197040567288
102.31239810945124
0.7839906837810386
0.00012796924567746515
1.4203294162274012
0.0
1.345541667241977
2.0452891494315096e-05
9.951206823328677
3.641041078914234
3.376516455881592
3.641039639152183
24.966182096687408
87.41850803171951
16.33715553931797
227.02956018138107
1.2053366298179284
0.10485179647893315
2.4478302255661517
5.451232593142312e-09
0.0
9.247792602055533
5.17709334443619e-05
2.9395224458791593e-05
0.0004890988379931372
1.706296413568168
0.00012145630023728645
18.99684620111398
1.2730306331806756e-08
2.368764380431457
0.7029614889881481
0.00014580952522883728
0.002154784281649156
8.812651669058443e-09
0.21088739817464422
0.0
0.00024649585663507993
5.6488437265624756e-05
2.691634131440097e-10
5.984547704254572e-05
4.8463195645966794e-05
9.043472745844543
2.604756646231078e-10
3.68586150465038e-08
2.571004804493817e-09
7.254492983616241e-05
0.00025156399105255047
0.36094749165501394
3.1649107840033133
0.00046502546241211054
0.0
0.0004171740444413872
0.034537546460294576
0.0003841167322813584
0.00016288290518011502
14.427913569487146
0.0001886868676754342
0.652962221497693
6.752859110659864e-05
6.153230403879326e-09
0.005142468678610357
1.7926702409483456e-09
8.113201012935231e-09
8.982284040758054e-05
0.0005433698582146599
0.0
0.0005466214335207624
8.64271335605649e-05
6.715652648926582e-05
7.055194795462382e-10
7.142162996227861e-05
1.5972552262592982e-09
7.982210067705554e-05
9.318621998231886e-09
0.0024393079415835793
6.50092456602567e-09
0.0008020578479284807
5.080846597166191e-05
0.00037578307910382666
0.0006984356207345414
0.0
4.9195643597353165e-05
3.975894534234038e-05
6.621850264611238e-10
0.00011025833220741171
4.119379138452724
9.444426774814942e-05
0.0008807087959889961
0.000451182530708254
6.188586173967146e-09
1.7131298284592476
8.878542053562351e-05
0.0002090197138181279
0.0005707787542393546
0.47652566805690383
0.0
6.739753900643331e-05
4.599561724559491e-08
0.00017562930204453913
36.47619141869177
1.3972195361440631
0.0017420122510050137
4.087032456469639e-05
1.404454591612022e-08
0.0003461182967240738
6.02694672669881e-05
0.00024714861872432626
0.001599146556213362
0.0007975709712610445
5.972361194031573e-05
0.0
1.5993175783564407e-09
2.4911172102922906e-08
2.8614028666185293e-10
2.7456780885282244e-09
0.0023026307909635698
3.3818366985942714e-06
0.0012458184439433397
0.07515680113170788
4.781275230453879e-06
8.921349140004537e-05
4.512503618612614e-06
4.962549316321003e-05
0.0005146374931760656
3.6553240143069665e-06
0.0
0.0007625606711718385
0.13722739322393562
4.8474327568895644e-05
0.2955368905794796
0.0491899919874049
0.0009194970581361876
0.13702836857563183
5.297480819806339e-05
0.08984356727141317
2.7459864423123626e-05
8.111554769442945e-05
0.0004551919746803027
4.070229276062393e-05
3.836192417782882
0.0
3.529877774422829
9.482436211749414e-05
0.002496479195641736
0.0012685945378108827
5.137999891676778e-10
1.7804788435791837e-09
2.3766833823648246e-05
3.6789668609858325e-05
7.872162365412514e-05
0.00043593275367149244
4.0623186406564855
1.918936909814574e-05
6.604155510949089e-10
0.0004287862986089889
0.0
0.00022721239279720377
0.002542723778066096
0.0024677468447950775
8.56343673351883e-11
1.5293533072324021e-09
4.230697503208374e-06
6.80669546194348e-06
1.6649503461498327e-05
0.00036806398573108396
1.994928436527366e-05
3.3730225558992935e-06
7.674029635947756e-10
0.00021065529332668122
0.001026515234032322
0.0
