0.0
0.00021456406824426336
3.3947535175885e-09
0.9892944161447675
1.7729525082913736e-09
9.292930053002617e-06
5.828494611687048e-06
6.5139143116028125e-06
6.535874133988173e-06
1.976823079179971
1.9196971669646218e-09
4.5101039483693374e-06
5.580505788820158e-10
2.660393007945708e-06
2.329954703834171
0.0
2.7861768756046605
11.950554221657178
2.2961364731297658
1.795047925736028
2.1018435200956196
2.737446606478772
1.8723027063671693
2.1332013655899185
312.81986943340326
1.625105765310213
53.40844892918069
3.959768990987542
0.04891615257387072
1.2466670915932472
0.0
1.0262276621637194
0.6237859918905609
10.050873500616875
6.77754838981173
5.667220470218397
6.527567617021296
25.569266098167606
53.37605635750135
13.73636008779755
256.9478197367988
0.15845719472249792
0.7224258699665022
1.5038021708658333
4.744715007808233e-09
0.0
3.848611844333595
3.691558389713433e-05
2.643740979580607e-05
0.0002990738293538093
0.47955862775971086
8.007740697899652e-05
30.338348466538537
0.4762207951589563
4.170615872828745e-10
3.9592035668738695e-09
9.216815871727118e-05
0.0008897158694996744
5.572836587769119e-09
0.0013932761873352451
0.0
0.0001603976711350727
4.566002055263344e-05
6.334268988798432e-10
4.948900441749171e-05
4.096345378663386e-05
18.134242031169066
6.284655604413963e-10
6.651523747680104e-10
5.359696143882853e-10
4.3844621603332794e-05
0.4358997926983771
0.0006069918722477302
3.603409989284321
0.00010603293477507166
0.0
8.857473540098625e-05
0.000435927030959412
9.874746473611905e-05
7.682351210414027e-05
6.040178422747653
6.851097152667244e-05
1.147687092557039
3.817630608979134e-05
3.6284474524437995e-09
0.1064563313621677
6.616503661854708e-09
0.10997251402650055
6.080000097051127e-05
0.00016683619411193607
0.0
0.00017690446344181777
6.564384824579595e-05
4.330199824835141e-05
3.2399294755978974e-10
4.190887724225308e-05
0.16039043781288959
4.8332470797372113e-05
8.437512890295492e-06
0.0017786727535170092
2.220899151279134e-09
0.0005228341099444648
4.6863595467947596e-05
0.00029812922989362904
0.000456333254916377
0.0
3.623264084561705e-05
2.557809475920905e-05
3.53230842864335e-10
7.380566975505943e-05
11.893286186978571
0.00012588011619206441
2.5910633239850714e-05
0.0003013771011437991
1.3382566822034163
0.2873706720741348
7.130440026511506e-05
9.982846128019978e-05
4.574602276091496e-05
4.423366228356257e-10
0.0
4.3407822819222574e-05
0.06151124794381195
9.217607552721604e-05
20.261028381806852
1.259784648344042e-06
0.0011425153466605542
3.17946273808028e-05
7.168890240995919e-09
0.00022553054897699973
5.186332897072752e-05
0.00016076036338188136
4.548467748271272e-05
0.0005043055518456619
4.928312016973134e-05
0.0
1.5667294933677631e-09
7.071924827467479e-10
6.354157085704664e-10
5.961012202898453e-10
0.001521055265102923
2.5510696090217884e-06
0.0007697171791298915
3.8069613575751673e-05
3.873688011491741e-06
5.902179400314352e-05
3.4735024194232393e-06
8.148226202948824e-05
0.00029615698543318633
2.3536546257789968e-06
0.0
0.000498927351651675
0.7433303831138991
8.015250956065852e-05
0.00106073120196731
0.0005164653838000356
0.0005442521473399979
0.00031441500120026435
3.980446602015698e-05
0.03940798187512879
2.1260188756401253e-05
0.00011838370998528288
0.00034041879652300315
2.6266067766746647e-05
2.2047139015987458e-10
0.0
11.854085515106265
0.0001260243584799242
0.0009925651442297912
0.0008272818100571651
1.2279694191650809e-09
4.921917411592427e-10
1.5925822122845405e-05
2.4105740543067163e-05
0.6376857033213426
0.00029883670123269227
1.1464926209264874
1.2412175122006424e-05
3.653651908696619e-10
0.0002837224264090454
0.0
0.0001967600570431054
0.000873277529252237
0.0024086922812116274
1.4021624952038435e-10
3.255101016842404e-10
2.8404741503740186e-06
4.459193619176924e-06
1.091580350774849e-05
0.00024458464434292694
1.3064189315309013e-05
2.1802107300507064e-06
4.0754734237682635e-10
0.00013941256615236333
0.0006728801030873739
0.0
