0.0
1.8253385868217584e-08
5.076323139654147e-09
0.4332635584561838
8.683841709840805e-09
5.100148244284992e-09
5.938909237304612e-09
5.151835272594185e-09
4.898292286229368e-09
1.3707470057306308
4.063888642756819e-09
5.571909335746451e-09
5.295022196332654e-09
4.439930941729702e-09
3.465556275938517
0.0
2.1987914737448175
13.281356211953804
2.5239237583107466
1.414209374793615
4.599616684749485
27.517519982314752
11.999976362261599
1.5482035139368036
153.69123690130158
6.064854289616063
151.10517542716215
9.656067999135644
0.33355211709421084
2.873218883773841
0.0
2.066519734431938
0.3705547781125381
13.211205639404655
13.574583480177171
10.395978703023896
9.523799774590247
46.564316612252725
11.358223112252748
28.1632273108908
220.4936390862021
4.26903801090859
3.540874483980286e-09
1.0033901686726225
3.993352566810822e-09
0.0
6.175822739202761
5.970305545053385e-08
0.8937733790322513
6.463488880702201
0.8935937571676174
1.04495326221474e-09
60.74918888264761
0.289273298491531
7.420175342246951
1.86466223599145e-08
8.67602825687961e-09
0.00040686328668816294
7.037830850250849e-09
0.9108166144306888
0.0
0.00013040670907656573
1.6773724284876435e-07
0.055071593068097946
2.1399750944910854e-07
1.218147085669895e-09
0.056879807097237084
8.538813023984481e-08
0.0416782614617356
2.3288202106263765e-08
6.038060475321755e-09
4.764486539084167
0.7762553758473749
0.09866871392151291
0.00027203639855239
0.0
1.421699229625181e-07
0.04445172703983667
3.140453181253598e-07
8.222939501483898e-10
8.021849290516037
2.2367612013079092e-07
0.037856917910779705
2.527342656594349e-08
2.9444031213470373e-09
0.49243636183829276
4.713989351841802e-08
1.5985422610568608e-08
1.380985129389904e-08
9.598484163550648e-08
0.0
2.7208121688262545e-09
4.036014326947206e-09
8.4265132095536e-10
3.786064766285734e-09
4.512058168477421e-09
35.950690379829496
0.17430518117037164
4.134212354847904e-09
0.04226968961299747
1.6612444392757636e-08
9.824057170162457e-07
2.801936137968156e-08
6.009631271249625e-05
2.971089031628869e-07
0.0
5.0580796443821725e-09
9.317843320712281e-10
4.67016006210888e-09
5.193816533190985e-09
1.6863964141710444
4.593087844899796e-08
2.817046997850538e-08
0.3282780382388193
1.565396788910237
0.008213770800753747
0.007017509759883223
0.00023340050789860597
0.007017340966321094
5.8009828233869e-09
0.0
8.566668243261339e-10
22.20986994100928
2.656593874748973e-05
1.077224006440589e-08
3.07974807609179e-08
0.17020261568835587
0.5884878044967619
5.975427210427193e-09
0.00031896892284625025
0.23567820309698442
2.3671493973580093e-07
9.644809092233927e-08
0.07663074228770055
2.130177087646251e-07
0.0
64.4924603656624
8.512620499715124e-08
0.052718002097260706
2.2823160749201016e-08
0.00237148393019808
1.8246916847555685e-07
2.615892255900292e-09
0.00046746880797678847
2.438736995018108e-08
4.882451861044403e-08
1.6286017977024397e-08
1.2541907184576532e-06
0.000577617661196315
7.082755657094715e-10
0.0
0.000765610933473747
0.09368010330540139
3.4704599495135525e-08
0.08675842088803151
2.136312199759231e-07
0.27568176170694275
2.4485163222710707e-07
8.681220773937734e-08
3.1514211268876287e-07
0.35309550563531095
0.011096946053598036
0.00019636885386583585
6.006006405490328e-10
80.67234144376958
0.0
0.6327743095457589
4.3746759114076174e-08
3.955709663602694e-09
0.0002881472457652582
3.2893580570579795e-09
1.365109137501737e-09
2.097404862922923e-08
2.2411321493227106e-05
5.110386849073342
0.0001447901373719121
7.34912419251312e-05
6.700964745156135e-10
2.682572511281647e-09
0.00014530822114451578
0.0
0.00034458571517363603
3.1858681402250947e-09
2.714914253126974e-05
1.4289987898491249e-09
0.00044150807147162334
9.511503575092161e-08
1.8643776729490257e-06
0.7567312172355948
1.038144381339949e-06
4.486358705305509e-07
7.035922664033123e-10
0.005972655532028763
2.320502373679711e-06
0.00013833080602782596
0.0
