0.0
7.694942759935784e-08
2.061433578974502e-08
2.5056032423539317e-08
2.426950473774685e-08
2.1061887961723512e-08
2.0478796790397388e-08
2.1743412380378876e-08
2.1401170208261253e-08
6.722133385261833
1.9061474163343078e-08
2.2558667687419802e-08
2.251723956558751e-08
1.9553408370346684e-08
6.444408911360869
0.0
3.2449359750859452
9.794532897133909
4.062187749403296
1.0840305390760816
10.962274454358333
24.23950695350772
3.600799866849835
1.912544805799176e-08
172.594306352732
6.079521819285501
148.7665671637945
3.798401434600338
1.82243881167959e-08
2.9954602637874626
0.0
2.4764425082038306
0.032810226377529624
12.786234193145436
8.805589141461542
11.974418478948865
11.572936087960096
47.760504763546635
11.402931940402215
26.36155697912429
216.13092718192462
9.184207587350592
2.8639981341441014e-08
0.9565643250834998
1.9609549916374492e-08
0.0
5.340658408062184
2.622910840521556e-07
0.8704330557740854
6.44781749343926
0.8718665328917569
4.932785678023834e-09
60.219897177555495
0.28299774607347056
7.418057586832683
1.8073280315206842e-07
3.863619841422645e-08
0.0006270675831003078
3.063083100572637e-08
0.709114636837864
0.0
0.00020213498265887796
7.172867526884671e-07
0.05457201621943799
7.677174593382374e-07
6.9672168508586425e-09
0.0564021934936457
4.096299222404404e-07
0.042558717724191696
2.1297120376894673e-07
3.004370271077962e-08
4.895503269835801
7.693947758891082e-08
1.0079265715405485
0.00042199116814658545
0.0
6.255082552751429e-07
0.04374057908729716
1.1198985960099326e-06
3.8343611124097704e-09
6.569059769016722
1.0614806006874831e-06
0.03739356181553673
1.1887483165611406e-07
1.49419527696804e-08
0.40377017841737983
1.6068018259884632e-07
8.70270543706783e-08
6.449423355087252e-08
2.6958625961360015e-07
0.0
1.0485331096184276e-08
0.030185651691664088
3.856658862405687e-09
1.823164599770263e-08
2.0762575913701612e-08
41.443600206024556
2.8251786858307505e-07
2.1445757898521834e-08
1.7733383668510569e-06
1.0276484379177575e-08
1.1371530051705429e-06
1.2975064137505317e-07
6.056502095318214e-06
1.6776311545347929e-06
0.0
0.09030181072739268
4.28491828127213e-09
2.2498315181680254e-08
2.41859627871801e-08
6.612912569669214
3.1594560053081664e-07
2.6660600163474104e-08
0.45418182763833004
1.606237792052056
0.008120535223957358
0.0846401570154647
0.0003993584408228018
0.0070830276730082815
2.766385584912394e-08
0.0
3.988704674847998e-09
12.469798175230014
9.731451398648614e-05
4.635324872235318e-08
1.432224752966452e-07
7.45886340465917e-07
0.46127332783569486
2.3397857528973054e-08
8.01046584654638e-07
1.3247691033394262
9.284271167367482e-07
4.2834996532524527e-07
0.0755197937376916
7.659769757518783e-07
0.0
59.79760555453812
4.0892967699140133e-07
0.05460866623227219
1.9564702092257523e-07
0.0036764496749482137
5.975473427418792e-07
1.3988331294169128e-08
0.0004582473502929025
0.004162164058432271
1.0968429484086461e-06
6.077835512429035e-08
5.135634197248053e-06
0.0005955199485011974
3.808990583517699e-09
0.0
0.0011088916512112027
0.08645820426466277
3.0598925907166795e-07
0.024080716865138553
0.005833466257055098
1.7732933525556633e-08
1.3030253360224778e-06
0.005866039865442596
1.8443162312744306e-06
0.1296058779033248
0.012225616386916074
4.599570665926872e-06
3.126860950843806e-09
52.85620249389754
0.0
2.0712492601348624
2.985610482768066e-07
0.31093916850686637
0.4991868277517269
0.013612138252617787
7.075844705676846e-09
9.16797599866447e-08
5.7356570513559725e-05
5.130529515444538
0.00022079923400479133
0.34544357174926593
3.6226152923877544e-09
1.2939216339949547e-08
0.0002231296128243295
0.0
0.0007351318275949541
0.09847103828723978
0.10101181465934246
0.0177449021372196
0.0004118783182774318
3.3870309478543e-07
9.032962934872774e-06
0.25173338259089373
4.635596175484985e-06
0.09719175939850655
3.976147369980922e-09
0.0055388308572918874
1.089184186205432e-05
0.00032905800355836825
0.0
