0.0
2.3147020618419133e-05
1.9031198357767223e-09
1.6257147889647139
1.7318475350230213e-07
0.24115847785440692
4.203077136538329e-09
3.3354165470373006e-05
2.650071342163039e-08
2.9118226516458856
8.740330492465517
0.24044441144406564
1.196951137003663
0.7715906560876958
3.2502622639308942
0.0
3.46593067505363
16.791315849298478
2.330786348377757
0.008714700013751898
18.36421105473343
9.052426702941979
0.8834858201070761
4.2924922641631173e-10
133.74957495188653
3.0780523708030336
175.56688811456945
15.65152913335937
3.391496916091021
3.6806256791298577
0.0
2.3925056409061174
3.4193129562184037
20.588138339084807
12.089793242671638
17.23771360216729
7.625393613633269
56.422507986499795
11.075372061274583
25.88620600021079
176.89008489002586
5.037448492532637
1.2040210690172964e-09
1.371099326189471
7.587461947134237e-10
0.0
2.6402935880373946
0.008711202842589888
0.8451468032178897
6.437761692067638
0.8450231282031911
2.6425472519893725e-10
79.41149960513009
0.8874948372997081
7.395814594325365
5.197911141000045e-09
1.8470343864327078e-09
0.00013136130961110287
3.059427891618868e-09
0.11757118827540004
0.0
5.2132504944077666e-08
0.000924315535998644
0.06071829008451839
4.950746569399137e-08
2.416746009777859e-10
0.0629301240374456
1.706276814540371
0.044038222630958856
0.12187692144757029
1.6005081742061745e-09
10.635494497718703
0.5916444982772266
0.11626169984710209
0.0003039748026565208
0.0
3.621382010594429e-08
0.05251929929389593
6.684484622168892e-08
1.8697265984824998e-10
15.665860701321169
0.9235215965749825
0.042763993006941364
7.522389646540481e-09
1.073911905910783e-09
0.5460793287159819
1.1520040469246244e-09
4.733438169224511e-09
3.7376081546367064e-09
0.00022198699613608215
0.0
0.00022164263240627674
0.05299325972334433
1.8682356430448378e-10
1.121766475273651e-09
1.1078668126025285e-09
35.41287054460764
1.155027181114098e-08
1.2005688782061109e-09
0.03656788951171824
1.0849982854925397e-09
5.913216390246589e-08
7.1558013673116594e-09
1.3645135115248397e-07
6.420303794159195e-07
0.0
0.13271414377906499
2.069140296652054e-10
1.4372927717869465e-09
1.342984806032587e-09
1.5493807748612591
1.3722273868523981e-08
1.4986022250568935e-09
0.48109499044009
3.0374164888950252
0.009982230021823576
0.006729304956803334
3.844136677429952e-06
0.006729252441014279
1.1137258431014948e-09
0.0
1.895431031232619e-10
6.20696350407003
4.846191318605e-06
6.6999921334649954
8.724759169165671e-09
0.09231645143166788
0.18463296685537137
1.952346459266476e-09
1.5597115847739844e-09
0.4629697293155959
5.196853252989025e-08
2.4781757069789405e-08
0.08484921015184443
4.949966719306576e-08
0.0
37.50882433169622
1.828153721319364
0.055547571633306064
7.2710439915191655e-09
0.0010570458893009737
1.6412810611329428e-08
0.0012161556158603911
7.108242345289591e-09
4.374012902070111e-08
5.109573772858132e-09
2.6554328291095655e-09
1.0292410524698072e-08
0.00033560745628095077
1.9157368287327076e-10
0.0
0.0007658364505845323
0.09729368557272584
9.966188005574779e-09
8.49535212361542e-09
2.2940860634242318e-08
0.48962464949872264
7.840268589424527e-08
2.0003691738976215e-08
5.766826533857898e-08
0.09556631336554625
0.012703468635222575
9.162297782121652e-05
1.554770725042621e-10
102.77841484774177
0.0
0.7527239072685664
1.2233183832408475e-08
0.6706182627867003
0.33509773796025855
3.793660356471189e-09
0.0002672651923253458
0.2226844440940715
1.267213504658807
2.815615275419124
0.00013174056399979861
8.251904982708183
2.2824061585791312e-10
3.4657038492368803e-07
0.00013183739350702047
0.0
0.000118096615297847
0.1213636651857144
0.12025440915694016
5.34200802987078e-09
0.0006428505157546664
0.09882606079338327
0.13056384056439624
0.23544640414564844
8.155139593342698e-08
0.40279906475200544
2.736544360066394e-10
1.307920964718662e-07
1.470406618011827e-07
3.518980830981858e-05
0.0
