1.071243069486974
12.187917483974564
12.269772030727456
12.131123262033878
12.131123262033892
0.47773142959208903
0.0
25.899285508908214
44.06937435615451
44.04321650740657
46.65228109895068
45.06961626398138
26.587380743819036
0.0
42.978103226170575
97.12376964683295
100.00000000000001
99.99999999999999
97.96901126770365
46.014394509031305
0.0
48.1101634124745
96.99550689873006
100.00000000000003
100.0
100.0
62.77321784258824
2.6309095695496043
53.56994684060144
88.42594096203578
88.0872767995857
99.20595975201209
99.3234462808363
61.58047346228986
3.085901229280939
0.0
0.49154071567673596
0.49154071567673624
0.15539910830330414
2.313148076638455
4.626296153276911
0.7710493393108583
0.0
0.0
0.0
0.0
0.0
0.0
0.0
0.0
12.187917483974566
12.269772030727458
12.131123262033876
12.131123262033897
23.993038106157897
0.0
44.06937435615449
44.04321650740657
46.652281098950674
45.06961626398138
63.9129596367431
0.0
70.69836092619461
65.38842038333424
85.39642744136876
94.24207293073164
96.36804623992393
1.2566401760486448
56.37593013202935
51.65970978612375
62.44596615088567
86.9560958481171
100.00000000000001
0.0
32.1322698344295
31.79360567197937
18.986840639244342
19.02214110618384
100.0
0.12010707280023634
3.4143697981011685
3.414369798101168
3.0782281907277365
5.235977159062892
48.75791397419013
0.0
0.0
0.0
0.0
0.0
0.0
0.0
0.0003905496175845948
0.0001952748087922974
0.0006376731763152404
0.00851610606555533
0.0
0.0
4.3806783198869335
0.00274332036022593
0.005486640720451859
0.0
0.0
0.0
0.0
2.918572922852667
0.05401123241917772
0.0
0.0
0.30503709555214953
3.9643188398251294
3.964318839825129
5.195143419745019
0.002677650919476505
0.0
14.828220632099441
0.3812963123459316
4.0622218636221135
4.062221863622113
1.452132188225784
0.16759340473384665
2.755726310575107
2.486797370509163
0.4362573458228649
0.9886886516403173
0.7197597115743728
0.2399198422642089
0.7829760957085344
12.584759171385599
15.769418748882316
3.967635673205259
1.2604725735240696
0.7829760957085345
0.7829760957085345
0.12887844112341268
3.8268765082861838
3.826876508286184
0.5549899242346543
0.2219959629363214
0.0
0.0
2.5039205049313766
5.295352999397754
3.4250703276535948
1.8688527772328756
5.291849958735356
3.611325764050071
0.0
19.463701287866687
50.32190215746188
32.34577763849242
22.747994497552416
51.602639328357974
33.325578931569055
0.0
53.2098544430297
77.17068715254389
66.93893595993883
51.50735470947435
48.789681142139074
47.475810911824524
0.0
61.02856577692736
87.8330249244951
95.67048892255666
73.15233992167533
68.41397049141217
62.77321784258824
2.6309095695496048
56.67908057467821
56.685431953794534
71.26434038057714
86.83341417759459
68.66173696185211
60.11069151972186
3.085901229280939
3.483416179239219
0.0
0.12123184637148862
0.4309052839810902
0.12010707280023644
0.0
0.7710493393108582
0.0
0.0
0.0
0.0
0.0
0.0
0.0
0.00044239836752294295
0.012017940663807337
0.026689267912445386
0.007335920089224093
0.0
2.4337101869503814
0.0
0.027156442068234116
0.36834054512919817
4.747994502980967
1.5826648234077316
2.433710165402629
0.08160008658776653
0.0
0.0
0.0
0.0
1.7117272368658287
0.0
0.0
0.0
0.1560269018447925
0.15602690184479248
0.6773283035598981
0.0
0.0
0.0
0.3445846985656744
0.11486151219458557
0.0
0.0
0.36203786426579404
0.4271916566416671
0.45531457881330634
0.5378578801318892
0.5378578801318892
0.0
0.0
0.0
0.0
0.0
0.0
0.0
0.0
0.0001952748087922974
0.0001952748087922974
0.0001952748087922974
2.0778486539479957
2.077848653947993
0.0
0.00274332036022593
0.14661295239456631
0.14661295239456623
0.0
0.0
0.0
0.0
0.05401123241917772
1.932400721435195
1.9324007214351964
0.2921330024186296
0.0
0.0
0.0
0.002677650919476505
0.005355301838953009
0.005355301838953009
0.8699291220516705
4.908877227046471
3.902246517005577
0.0
0.16759340473384662
3.2347989405270092
3.2347989405270123
0.7051862858888096
5.036236220968082
0.15275498007135707
0.0
0.7829760957085344
0.7829760957085344
0.7829760957085344
0.7829760957085344
1.093774314089695
0.7829760957085344
0.7829760957085344
0.12887844112341268
0.5549899242346542
0.5549899242346542
0.5549899242346542
0.22199589933822428
0.0
0.0
