0.0
0.0007237987109541602
0.0016759726911482495
0.0015646668749025577
4.223144205530005e-09
1.2245268681586647e-05
6.540505208116498e-06
7.914549983636372e-06
6.942714123034828e-06
5.59247944182187e-06
5.419453778316674e-09
5.915245770262847e-06
1.7097191461198005e-09
3.7587042880729723e-06
1.2658522363309983
0.0
1.2658286724791652
2.67625228567346
1.160167406177788
0.26806631345461057
0.5258011455842585
1.8478930021395488
0.5255113540896248
2.4292740178997088
281.71250837810055
8.504711371246911
92.99827836966374
0.9855539038642017
0.00015696785666165604
0.6714159804203282
0.0
0.6714155969930412
2.5430381558122295e-05
9.709352057749634
8.612127235402184
3.6639217248616687
8.612461902884199
19.23768920588857
110.41886753883173
9.059145257239592
220.50954992027644
1.4987875941066802
0.7400606249720829
1.4767232962955503
0.00021778839156886228
0.0
3.860732721421436
6.372006460875348e-05
3.6270207044680855e-05
0.0005681463402861915
3.83282197037183e-05
0.00014970641487062697
20.008469146846863
7.477602288048904e-09
1.6305919036710636e-09
2.5534751530580787e-09
0.00017988725417263915
0.0024927973605524006
0.0002160981797393984
1.4711611446738488
0.0
0.00030428900781767447
6.98149691329977e-05
5.710262473666474e-10
7.393013761845975e-05
5.9903691287460095e-05
0.32248228182019967
7.993287162369885e-08
3.423576306410851e-09
2.709480572548333e-09
8.976880097084778e-05
0.0003114241522522798
0.0019107476197712443
2.7159722381057074
0.0007164953637781563
0.0
0.0005166397363621567
0.000422146810791606
0.00047545924860300685
0.00020185197941716295
1.4882254271225992
0.0001690397899888312
2.0594127568426933e-09
8.352853546649978e-05
1.809233644627232e-08
0.005629510330367496
2.8763202852234397e-08
0.08744364530045064
0.00011118379841066649
0.0008759960745900249
0.0
0.000624340993975893
0.00010688613995773398
8.315366264101447e-05
2.964182628473831e-09
8.834773146207387e-05
2.2601348826021675e-09
9.880052822072577e-05
5.738615996052932e-07
0.0034303584103735113
1.7237578788570716e-08
0.000993832717357302
6.305332811884302e-05
0.0005227705460019138
0.0009510463447386227
0.0
6.085637916529908e-05
4.922817461814764e-05
1.3771775422211448e-09
0.00013636829686352014
10.812840763460237
0.00011681261845450754
0.001036113483872942
0.0005590550930426254
0.37114150331367035
1.447694757117284
0.00011002670810313232
0.0003352250006325793
7.013603549512211e-05
2.5821429556572285e-09
0.0
8.345101071556836e-05
8.472879932684566e-08
0.00021755320173374974
19.592424394378277
1.091095884489348
0.002075911331534214
5.053048370729535e-05
0.00021719660949379502
0.00042673375709787733
7.443013182989997e-05
0.00030514395439928125
6.962537348867136e-05
0.0009380639062234035
7.376991555304545e-05
0.0
1.332222587893047e-07
0.7485288704402433
3.42466252242959e-09
2.9300871094572834e-09
0.0028775942134185457
4.192278089646799e-06
0.0015432156276223375
7.26463475851385e-05
5.927585175742564e-06
0.00011048368083348877
5.5891812122693216e-06
6.246862281975191e-05
0.0005972552133773327
4.52691553540923e-06
0.0
0.0009448401798119524
0.6758025304936759
5.995341751741246e-05
0.10082463460276841
0.0010310033752036639
0.0011391346825774967
0.0006047479288132307
6.561862445384243e-05
0.00036592568006431537
3.403906646250604e-05
0.00010254695522307042
0.0006378601176161265
5.0392704559363435e-05
6.37453467250413e-09
0.0
10.667248317132024
0.00011728057441465118
0.003086422426815276
0.0015716380512682893
8.309874015441671e-09
1.1234992427269519e-09
2.9421307759386164e-05
4.554293971991163e-05
9.748449073728228e-05
0.0005489783987104224
2.0874437406300537
2.3757409367127605e-05
1.2021939460722803e-09
0.0005313346848561803
0.0
0.00028148808168897285
0.0031477461859497936
0.0030572707650955424
1.3826498394682636e-09
1.381984151819493e-09
5.239971506249807e-06
8.427943905989956e-06
2.0625019145184417e-05
0.00046018661058860053
2.4716897615591778e-05
4.1771877830609625e-06
1.3573620721455885e-09
0.0002602656824624133
0.0012712493525959228
0.0
