1.071245891532092
12.187935412733022
12.270060528816618
12.131253171882884
12.131253171882879
0.44863884923495334
0.0
25.899128743667145
44.06797686196606
44.196601395621606
46.2185420012961
44.89671000271162
26.51726299449285
0.0
41.8430831937675
92.48664357704509
99.29438149957014
99.99999999999997
100.00000000000003
46.66681000409635
0.3546947228220247
41.997831899654045
98.86080258141375
97.91320359515008
100.00000000000003
100.0
66.39705423698001
4.030368410867437
51.16596551130637
88.4085969288314
89.42107622739542
99.96352593881153
97.6911749025576
65.601385730244
3.9122510537018695
0.0
1.711386261029646
1.7824941388408677
1.4516732942816297
3.597038833354725
4.626295686361658
0.7710492173146495
0.0
0.0
0.0
0.0
0.0
0.0
0.0
0.0
12.187935412733026
12.270060528816618
12.131253171882884
12.131253171882886
23.992034003888243
0.0
44.067976861966066
44.1966013956216
46.2185420012961
44.89671000271162
63.907064869382964
0.0
67.21993814240695
58.078509243387586
87.14567134086776
81.93955995858991
96.60609651407997
13.949587391971999
56.28011380449102
55.6576220628761
60.84486427356683
88.13702969457646
99.15542115286854
2.2268878241916785
37.65716038356543
38.6696396821295
26.36664529422182
32.422924346976615
65.47777043692616
0.201339123849594
1.7113862610296464
1.7824941388408677
1.4516732942816297
3.597038833354725
100.0
0.0
0.0
0.0
0.0
0.0
0.0
0.0
0.0003884128663914731
0.00019420643319573654
0.0006400697689410277
0.008616452884416025
0.0
0.0
4.650134423440171
0.0029272943242650224
0.005854588648530045
0.0924141128826414
0.9194135531219058
2.870412039308049
2.870412039308049
2.187176769963926
0.053873621573493964
0.0
0.0
0.0
4.060461949904631
4.060461949904632
3.1664539895265005
0.0
1.9434794899691628
7.495622851254996
0.09047836502276821
0.9637673586936054
0.9637673586936053
0.2892920604148555
0.24177223235352077
4.8198064159735114
4.210461260022475
0.5859713919448262
1.1719427838896523
1.1719427838896523
0.3906475029579752
0.3964653990518894
5.8859598534434685
9.467287256894041
3.977792802502466
1.1435302494772692
0.3964653990518894
0.3964653990518894
0.12887846156174548
3.8268765300394842
3.8268765300394842
0.5549898313550041
0.22199591598250557
0.0
0.0
2.503918655649474
5.295393240559484
3.4256464453729683
1.868726037452376
5.293566892419478
3.6391686616231596
0.0
19.463715514112288
50.31646545683162
32.293170729001254
21.965495659602084
51.351949744020985
33.424142253063096
0.0
52.74875256308959
70.67374969932885
83.20077058496761
46.91989299056455
41.27289078565584
40.147044512209796
0.35469472282202463
58.37353834701632
89.8170094402461
94.5020677271938
76.16657096696319
72.19254288034979
66.39705423698
4.030368410867437
55.65866514268827
62.66088059083151
59.2972345580515
79.98844403934925
71.39631158623676
65.60138573024402
3.9122510537018695
1.632372008623455
0.0
0.2156532596414307
0.5033401608841768
0.16778114607146513
0.0
0.7710492173146495
0.0
0.0
0.0
0.0
0.0
0.0
0.0
0.0004458633357452911
0.011063286113361532
0.02560363931659668
0.007270784963057587
0.0
1.7235393284628358
0.015833396387456615
0.09241411288264141
0.6389864918556084
3.9654953721246695
1.3218316721599035
3.142133890862846
0.08712633440076611
0.0
0.0
0.0
0.0
1.5700906984531995
0.0
14.938572064310105
0.0
0.1189133752524758
0.11891337525247583
0.33751862381937847
0.0
0.05548745126183908
0.2996325491761723
8.845430561961704
3.0535346507043055
0.459700349329919
0.0
0.5498108429294861
0.6743057893688127
0.8830878422964592
0.5524199625760402
0.5524199625760402
0.0
0.0
0.0
0.0
0.0
0.0
0.0
0.0
0.00019420643319573654
0.00019420643319573654
0.00019420643319573654
2.080507667046493
2.0805076670464917
0.0
0.0029272943242650224
0.145752629291984
0.14575262929198407
0.0
2.957284977781038
2.957284977781038
0.6389864918556083
0.053873621573493964
1.9274758645539607
1.9274758645539611
0.6191463371634962
0.03600865265674073
0.03600865265674073
0.03600865265674073
0.0
0.0
0.051465309909903834
0.3229004033452594
3.8585906785769666
1.632372008623455
0.0
0.24177223235352077
3.4004472224820317
3.4004472224820317
0.8621813732328462
8.889964633176342
2.3624772487055345
0.0
0.3964653990518894
1.3045804408443304
1.3045804408443302
0.3964653990518894
1.111448976929461
0.5642472536465288
0.3964653990518894
0.12887846156174546
0.5549898313550042
0.554989831355004
0.554989831355004
0.22199577909238583
0.0
0.0
