0.0
0.0002809484542935864
0.0009974673857539903
1.0710819781793878e-08
4.815166876778366e-09
5.070808933975186e-05
4.727483302318879e-05
4.448984489012538e-05
4.1984205853245863e-05
3.7243507078099853e-06
14.155166174227986
4.512991065695358e-05
2.750973106771886e-09
2.5488232831701134e-06
2.938999796989803
0.0
2.735602724071792
6.7854723055350785
2.4564585078323318
5.317465065581374
1.4865269785832176
1.333220083554222
2.5948754193915686
7.938675562653514
263.4711115107286
2.936048814095424
94.7614870304502
0.4260241370566044
0.000170434346219615
1.587988047783354
0.0
1.576276200087799
1.717337469738832e-05
7.237984976823524
9.891299560123157
8.971968069655679
6.359770225103893
20.46311470463775
86.5570943718911
12.799850890440565
220.38639818644458
0.6575949458213215
0.12235818312407175
0.4816337777219978
8.457895280770688e-09
0.0
1.3553221820840395
0.00011581098002732719
2.4347114475983362e-05
0.0004096513923082052
0.19111936324331505
0.00010156845597953873
26.10274834299106
1.174927180533592e-09
0.4576273876248013
0.8244265499398077
0.0001041377533203777
0.001222203842020724
8.13998138933866e-09
0.0027886943226637694
0.0
0.00017475739125027962
0.0003905949257644202
4.179056307806359e-10
0.00011816720993547053
4.0436256653824404e-05
9.78221715199505
3.4029823922190994e-10
9.536883174641157e-10
1.0281668010864353e-09
5.505420471288059e-05
1.6230744231411578
0.0013309001621613285
3.5887297650666223
0.00037458616904854745
0.0
0.00028506262892933904
0.0002819129397135247
0.0002530999066528722
0.0001370841314041155
15.199590051572631
0.00011484041018368859
2.1187464435570816e-09
5.760731324869143e-05
5.054741580221496e-09
0.0038507254678600247
0.3586292234658143
1.4932000946638124e-09
6.404898618124041e-05
0.0005822733244385903
0.0
0.0003777992189680953
5.4713599323407284e-05
5.503455686335197e-05
6.998531507126364e-10
5.2285797306692035e-05
9.534278306606445e-10
6.802158147039228e-05
1.0935773030283585e-08
0.0023512127970017165
5.003144239143851e-09
0.0006643742612236381
3.662553272085409e-05
0.00034436765204513505
0.0005823338589101836
0.0
3.206762803651567e-05
3.222739542043274e-05
9.397201093041227e-10
8.055006965557255e-05
11.993607329671274
0.00014483396554854796
0.0010681759620021403
0.0007191639382474214
0.46485247438495736
0.0006999600386195669
7.028836782662082e-05
0.00029181023298674105
6.82835422101208e-05
8.617042262952e-10
0.0
5.5142910129147904e-05
0.05396733203299009
0.00024095227647451812
18.545697300639304
0.00010711042244585577
0.0014393489524618516
3.426250684493544e-05
9.284489064509426e-09
0.0005898263654173946
5.005353962997446e-05
0.00017482048383275984
0.0013355424350052882
0.0006738498844654489
0.00011827854363735446
0.0
1.2724114767335454e-09
9.441525058939279e-10
3.6711364002250585e-10
1.08405209232351e-09
0.00194498335203049
2.8358372558711177e-06
0.0009880022198102694
4.902852815783057e-05
3.978547826525131e-06
6.512810529749508e-05
3.7537916944868696e-06
9.29682527794603e-05
0.00038317556656881457
2.943611958388887e-06
0.0
0.0006360300638241037
0.7496004512769859
9.3663027728629e-05
0.09923474638944947
0.6284800227189674
0.0007048887918027415
0.0004086070409926208
4.12065919538918e-05
0.00022948943253471606
1.6010297820973078
0.0001300900935944676
0.0004335017964939535
3.2756624975038094e-05
1.1759754992302995
0.0
8.867358274306081
0.000145077589193226
0.0020868164087710244
0.0010751123799830086
1.1319489560437524e-09
1.4410181114732233e-09
1.7207584882773466e-05
2.9410593677058483e-05
6.567629958300631e-05
0.0003492608915163327
1.4237970889354026
1.54019111012912e-05
9.449971022319083e-10
0.0003206504582400894
0.0
0.00023325340389522125
0.002137850079254941
0.0020730422970012376
1.886698342742698e-10
5.262866419622148e-10
3.03284450887094e-06
5.398456382257424e-06
1.377306888603473e-05
0.00028778025311067
1.5943798229881207e-05
2.696446482272013e-06
1.080923742762479e-09
0.00015767693556691594
0.0008578883402805308
0.0
