0.0
0.0006082898969848977
0.0018359453631817727
1.991366654195674e-07
1.2535520138564763e-08
1.3382002309070198e-05
7.123266874597306e-06
8.428016880419417e-06
7.555009416845624e-06
0.22675496654937466
1.7296908967892548e-08
6.445955862833487e-06
8.518233923661353e-09
4.362443734473864e-06
14.079346432684158
0.0
0.9784855369914368
5.709473681149258
1.4124468576207516
3.898241430532033
0.5682532441499435
0.6957133900998319
0.5683072457562255
4.551541386714222
325.07999385419885
3.1751067538152014
41.95638982439713
1.8312512779216001
0.0001698507443333711
1.2552244771968446
0.0
1.2554252437312325
2.783051243839225e-05
7.779883843357416
9.012059818166456
4.863820949043185
9.012009272869152
23.969907175198635
38.91228865964227
12.23524080818483
272.0978792569645
1.1414538933028195
0.8342516310355241
1.6647858280816574
0.00023405069721430948
0.0
4.388625785418936
7.00209305917104e-05
3.952611527866946e-05
0.0006241905258650988
4.1763451823562694e-05
0.00017117344517441734
35.078404735775194
3.288738054748048e-08
2.2601212702040294e-09
1.0081252169174145e-08
0.00019458255828517447
0.001482347752701665
0.00023185336577858902
0.0026338699729690418
0.0
0.000331821858439108
0.0018236645562544655
1.9214973922197725e-09
8.067401816457112e-05
0.0006248511995934065
8.378138677843133
4.854778368155892e-09
4.54100439135433e-09
4.050738764532428e-09
9.727505910695183e-05
1.4658120565844397
0.5636269628077637
2.190982577299973
0.00025822504723401363
0.0
0.00022455670533591494
1.8644350675966148e-07
0.0002533760034784599
0.00017584455320139407
14.008556295179032
0.08927396698240059
2.72925470769145e-09
0.09801550311931309
2.2898619607545988e-08
0.006421905567812474
0.33800778891844296
3.800401648905504e-08
0.00012554410368164162
0.0006546190537596711
0.0
0.0006776757771183116
0.00013622206473270227
9.1109970124583e-05
9.001724279234931e-09
8.853749783486185e-08
3.692279607394095e-09
0.00012124218098241062
1.7786425186765766e-07
0.00388343154664218
1.5586476181108506e-07
0.0011179620256072153
7.02924098289758e-05
0.0005586921605790195
0.000949889476547387
0.0
7.500665508516444e-05
5.366086236856853e-05
1.5713077711144474e-09
1.476815800425554e-07
9.645324206436772
0.0001380775900936127
0.0006355883440178912
0.0018090606852949307
1.0823052060697795
0.5522958009752815
0.00012127571294316207
0.00036057111068820997
7.678516584960941e-05
3.1170407731181865e-09
0.0
9.131694872572548e-05
0.0006959193151592968
0.00023821312018728588
21.29341190995914
3.381794530665154e-05
0.002276995823316104
5.508814433643879e-05
0.0002352795899864775
0.00046711366691734997
8.118761569282003e-05
0.00033264674924441057
7.599460335586976e-05
0.001029699041695746
8.050115922810987e-05
0.0
2.960538460643004e-09
4.423413877652714e-09
3.639723054078811e-09
4.452972536726513e-09
0.003149741076649697
4.574172641221789e-06
0.001691768352519642
7.95438998375814e-05
6.472849744008804e-06
0.00012047070559193574
6.1060681741936985e-06
7.346164498737173e-05
0.0006522055306013599
4.9470097170753646e-06
0.0
0.0010352187263347702
0.6028327293924094
6.964466230992012e-05
0.0021926117137470165
0.0011319442417022953
0.0012479400632880405
0.0006616829441013426
7.24344015272503e-05
0.11452483383195261
3.717787986171484e-05
0.00012305597140569715
0.0006996115409782767
5.5037901297263075e-05
1.4735809573542741e-09
0.0
9.531191503107124
0.00013844351782051355
0.0022769431328221153
0.0017264455894073205
9.078932505412942e-08
2.6157655987108123e-09
3.284365825248196e-05
4.977185271698442e-05
0.6401048249277957
0.0005961040328841501
1.3935473893444579
2.5953609484272693e-05
1.215557018856584e-09
0.000368739467974439
0.0
0.0002972485016435558
0.0035343005214655463
0.003351521451911833
1.4597528228038254e-08
2.1000243153405542e-09
5.8893322865195405e-06
9.20579526246141e-06
2.256721728906489e-05
0.0005228271615892086
2.7035819105315714e-05
4.562112612134375e-06
1.3691598566426745e-09
0.00013212286039199813
0.001394879546838991
0.0
