0.0
11.466511230258977
11.466511230258977
11.466543453992587
11.466543453992587
23.99976347044048
0.0
41.967203643648475
46.24409767929413
45.844858126282304
45.94016979185512
63.65573149568785
0.0
99.99999999999977
99.99999999999996
99.99999999999999
99.92886057936836
100.0
0.0
78.55779207691893
78.2392802652792
83.22403274310467
100.00000000000001
99.99999999999999
0.5608829961860907
63.5194852641754
64.12499397665248
60.97250576187167
76.83111451739447
100.00000000000003
0.0
0.2500661682242861
0.2923711614293148
0.22793882244753433
3.05133136265747
22.19201105185048
0.0
0.0
0.0
0.0
0.0
0.0
0.0
0.0
0.0
0.0
0.0
0.0
0.0
0.0
0.0
0.7538911079500321
0.0
0.0
0.8379129991833117
0.0
0.0
0.0
0.8500779160732795
0.2833593014836393
0.8379129974490104
0.6198141217146668
0.0
0.2993183796929562
7.664421412070609
2.794761395404814
0.9315871288116446
0.0
0.0205481244563134
0.0205481244563134
0.0205481244563134
0.0205481244563134
0.0205481244563134
0.0
0.0
0.02197667096168891
0.045326564434485385
0.0
0.0
0.0
0.0
0.0
0.0
0.0
0.0
0.0
0.2666592050759633
12.799830885923441
12.799830885923443
12.799873850901589
12.79987385090159
0.2666538344536951
0.0
24.057890788259034
46.244097679294136
41.967203643648546
41.601142693236454
41.68454040061267
23.96897869677972
0.09531166557269556
46.310827571655466
63.95682421668104
63.95682421668085
65.77556315242798
76.82605837036766
36.4430485094837
0.5281810333622595
51.91085041074272
81.13674397162491
82.56057150969758
70.41958630695171
62.39199174359764
40.17052445490735
0.0
51.80463485956643
63.171129184199984
63.794659533403056
67.2472505341637
55.55306698459689
58.913460617461155
1.2954633019854886
4.29217801714841
4.389509444057103
4.46101083719967
4.456408527272401
4.6580794230016815
3.0703902143731794
0.5458471464009782
0.0
0.0
0.0
0.0
0.0
0.0
0.0
0.0
0.0
0.0
0.0
0.0
0.0
0.0
0.0
0.0
0.0
0.8615898376571796
0.0
0.0
4.792874727460493
0.0
0.0
0.0
0.0
0.0
0.0
0.5671614205267952
0.0
2.5481114228174135
12.034522032181872
0.3420781482205214
0.6413965279134777
0.6413965279134777
0.6413965279134777
0.0
0.0767547235751183
0.0
0.0
0.07352776495100713
0.07352776495100709
0.0
0.0
0.05994582255725623
4.130887468649482
4.070941646092226
0.8806916870237288
0.32189330691578066
0.08498832173607027
0.0694897535451355
2.214986309871364
2.214986309871365
0.0
0.0
0.0
0.0
3.7332288710634858
3.7332288710634858
3.7332288710634858
3.7331536823517304
3.7331536823517326
3.7331536823517326
0.0
36.086836182388524
36.08683618238851
36.08683618238851
35.68540398574636
35.68540398574637
35.68540398574637
0.08339770737610862
49.04783768345784
68.10271683336546
52.667532263916286
42.63737486042592
39.53019019800957
49.447216256875656
0.46215840419197707
65.8047578340928
76.29082308664199
69.94350950502871
65.47784137131383
60.756326670862705
60.01373043618677
0.0
58.796972572359685
58.721174306593184
58.721174306593184
57.03915087547599
56.107254082112746
51.54927804027851
1.1335303892373028
0.0
0.0
0.045326564434485496
0.021976670961688885
0.021976670961688885
0.0
0.477616253100856
0.0
0.0
0.0
0.0
0.0
0.0
0.0
0.0
0.0
0.0
0.0
0.0
0.0
0.0
0.0
0.0
0.0
0.0
4.0557711209768526
4.055771120976847
0.0
0.0
0.0
0.0
0.11601605565351304
2.2043053370477628
2.2043053370477645
0.0
0.0
0.0
0.0
0.0
4.675410952214889
1.9432287253976837
0.0
0.0
0.0
0.0
0.006683637672165158
1.1861802691570376
0.3230693859271138
0.0
0.0
3.965232261830726
3.965232261830736
0.0
0.8753799360457923
0.31658155889356443
0.07436478151906148
0.060803534351993496
0.0
0.0
0.0
0.0
0.0
0.0
