0.0
11.466465480747875
11.466465480747875
11.466507143401085
11.466507143401083
23.999693763779085
0.0
46.2510824072854
46.25108240728534
45.82666696126131
45.927988952494786
63.634022017755726
0.0
99.99999999999984
99.99999999999989
99.99999999999996
99.84906415637396
99.99999999999993
0.0
76.74781199351985
76.15597286566518
85.63165529981791
100.00000000000004
99.99999999999997
0.0
59.96014648916923
59.97199679681849
60.35770563033791
70.00278827227893
100.00000000000001
0.0
3.465497967808477
3.465497967808477
3.465497967808477
3.465497967808477
30.44144515060848
0.0
0.0
0.0
0.0
0.0
0.0
0.0
0.0
0.0
0.0
0.0
0.0
0.0
0.0
0.0
0.8014312774160062
0.0
0.0
0.9131474958916801
0.0
0.0
0.0
0.0
0.0
0.9131474965078746
0.6723712676654954
0.0
0.581996133308059
8.100171530552473
2.595200577998524
0.8650668507786359
0.0
0.09734938216040669
0.09734938216040669
0.09734938216040669
0.09734938216040669
0.09734938216040669
0.0
0.0
0.0
0.0
0.0
0.0
0.0
0.0
0.0
0.0
0.0
0.0
0.0
0.2666569974130448
12.799781123811231
12.799781123811234
12.799836674015515
12.799836674015511
0.2666500536375102
0.0
24.061541357960664
41.97354344124726
41.97354344124721
41.58439882674427
41.67305556907356
23.96702250381278
0.10132199123355809
44.63075819320769
65.22905995699678
65.22905995699682
68.89104770909861
77.56301170003002
33.53726274910408
0.2807140621104551
58.02287767675257
87.35737129322722
87.03606292213043
70.92608590560786
71.95810319163915
40.75725269757444
0.0
52.3383096703182
65.11064017460467
65.12418338334679
70.64200887317776
58.20338937293146
59.66749385705664
1.5468077145500354
0.0
3.465497967808477
3.465497967808477
3.9003036738770547
3.9003036738770547
0.0
0.0
0.0
0.0
0.0
0.0
0.0
0.0
0.0
0.0
0.0
0.0
0.0
0.0
0.0
0.0
0.0
0.0
0.0
0.915921459904007
0.0
0.0
0.9131475006021509
0.0
0.0
0.0
0.0
0.0
0.0
1.0617682201929843
0.0
1.4803281086452527
14.425637789981256
0.6651384380663532
1.247134571374413
1.247134571374413
1.247134571374413
0.0
0.0
0.0
0.0
0.0
0.0
0.0
0.0
0.4071442649400992
4.478085898384032
4.07094163344393
0.8806916577257958
0.3218932589375867
0.08498829851108383
0.8059475377110252
1.511151633208174
1.511151633208174
0.0
0.0
0.0
0.0
3.7331979637826276
3.7331979637826276
3.7331979637826276
3.7331007509251433
3.7331007509251433
3.7331007509251433
0.0
36.09231203694108
36.09231203694102
36.09231203694102
35.66556565537478
35.665565655374785
35.665565655374785
0.08865674232936332
53.388141154075896
62.23241764443585
52.42307870637742
43.215961737254865
39.05804205614536
49.815982706528274
0.24562480434664818
61.42417613485961
77.25121015450698
66.60166004281358
63.516148701571
60.188070732066095
61.135878950366916
0.0
58.35599919168557
58.1015007720681
62.64249452075614
60.161500511541405
57.36796365400494
52.20905712492456
1.353456750231281
0.2590697332164962
0.11044900973367934
0.4348057060685775
0.0
0.0
0.0
0.0
0.0
0.0
0.0
0.0
0.0
0.0
0.0
0.0
0.0
0.0
0.0
0.0
0.0
0.0
0.0
0.0
0.0
0.0
4.311526820483475
4.3115268204834765
0.7110012725273245
0.0
0.0
0.0
0.0
2.581814752817645
2.5818147528176483
0.0
0.0
0.0
0.0
0.0
4.5662445539193905
2.0806901287594366
0.0
0.0
0.0
0.0
0.0
2.687037798985516
0.462747388556943
0.0
0.0
3.6407788019915617
3.6407788019915484
0.0
0.8753799392025715
0.3165815408639566
0.07436476119719836
0.705204095497147
0.0
0.0
0.0
0.0
0.0
0.0
