1.0712430071237249
12.187917179582076
12.269769209427933
12.131125808074826
12.131125808074819
0.47368191397690973
0.0
25.899295097458786
44.06945882497988
44.043306263831774
46.66344386431249
45.08359336676277
28.259981358215928
0.0
41.507270494860165
99.99999999999999
99.99999999999999
100.0
100.0
52.72150438042471
0.8095161772104954
50.2635756014584
96.84077059307498
100.0
100.0
99.99999999999999
62.81162359774109
1.653996377495278
52.07203854571546
94.66086002475457
99.99999999999999
96.72204168638042
95.7645420666525
62.18766592755778
3.5332623765503754
0.0
0.5501471004641854
0.5501471004641852
0.19535727890133023
2.3131480851364774
4.626296170272955
0.7710493445895664
0.0
0.0
0.0
0.0
0.0
0.0
0.0
0.0
12.187917179582074
12.269769209427933
12.131125808074827
12.13112580807481
23.99303462682159
0.0
44.06945882497987
44.04330626383178
46.66344386431249
45.08359336676276
63.817841487245204
0.0
70.45505733056457
68.64916500185957
84.99689655935846
80.78854827925946
97.7899560559843
2.7896120164137534
65.01685879021376
60.14995751217901
59.717846193213944
78.68313523368347
99.32143945236207
1.634546767148651
28.18778030762781
23.720446391272652
33.283095945363186
30.67464276845738
99.99999999999999
0.14810637589532025
3.4523804711014914
3.4523804711014936
3.0975906495386383
5.215381455773787
37.19450876764178
0.0
0.0
0.0
0.0
0.0
0.0
0.0
0.0003878326024008621
0.00019391630120043106
0.0006358870399213118
0.008511383154900212
0.0
0.0
3.250606204117553
0.0027431890934262616
0.005486378186852522
0.0
0.0
0.0
0.0
3.0496005688200682
0.05179007300902104
0.0
0.0
0.046882054282620725
0.8907592543792097
0.8907592543792096
3.7245273366192553
1.6595270570274319
6.67722002474174
18.85166442659316
0.22196932181162005
2.2999187756137967
2.375199692910751
2.0350713087571517
0.16142373544606742
2.1479188230040895
1.8309533998571237
0.5632339666808834
0.5632339666808835
0.5632339666808834
0.1877445596038917
0.5079983470258294
10.336685910024105
13.814175772108436
3.9854882091101635
1.2026984930606202
0.570232212118886
0.5079983470258295
0.12887843983159783
3.8268765076644944
3.8268765076644926
0.554989930619399
0.22199596756038065
0.0
0.0
2.50392052222273
5.295352677814252
3.4250649856279978
1.8688604623895133
5.291859337370266
3.611423143729635
0.0
19.463700428111366
50.322231313111836
32.34895369934829
22.739551486142727
51.763499657983516
34.916026074837774
0.0
52.61232864425582
79.78782705176236
70.53155011075646
64.15324228528439
56.680620311732866
52.721504380424705
0.8095161772104955
61.85414473029015
86.08544333947796
98.75574933414758
92.69988324057523
76.39082291989106
63.91284460279904
1.653996377495278
56.22255831552963
61.86086924589544
59.84845683022516
74.41495133886889
65.44531685552634
62.18766592755778
3.533262376550375
2.0168554452701115
0.0
0.1268975765051522
0.5388208771633782
0.14810637589532027
0.0
0.7710493445895664
1.2420083060916873
0.0
0.0
0.0
0.0
0.0
0.0
0.0004419707387208808
0.012013993971635713
0.026694375696559948
0.007340428649410285
0.0
1.8058923430989224
0.0
0.027342711325827468
0.37042446577309174
4.73955147801717
1.5798504743800792
1.805892283900763
0.17077344078195053
0.0
0.13413537633776837
1.9829165712303718
0.6590455940056013
1.7076718411211735
0.0
0.0
0.0
0.8933917978403276
1.2521658123999286
0.5502730429778987
0.0
0.10845355757375398
0.5856488771050571
8.676455509962727
3.2536708037944466
1.0845569230277676
0.0
0.5367786808059186
0.6213770516007294
0.5284613704469303
0.31696542314696685
0.31696542314696685
0.0
0.0
0.0
0.0
0.0
0.0
0.0
0.0
0.00019391630120043106
0.00019391630120043106
0.00019391630120043106
2.077687261621049
2.077687261621048
0.0
0.0027431890934262616
0.1466099390361955
0.14660993903619549
0.0
0.0
0.0
0.0
0.05179007300902104
1.8529326756326372
1.8529326756326374
0.09376411155159027
0.0
0.0
0.0
1.6595270570274319
0.5399479266558679
0.5815673056353949
0.7075273419045133
3.024544638636993
2.0168554452701115
0.0
0.16142373544606745
3.340487230012232
3.340487230012234
0.0
8.918033473179474
1.7331722069137072
0.0
0.5079983470258294
0.5079983470258295
0.5079983470258295
0.5079983470258295
0.9476248623437328
0.5079983470258295
0.5079983470258295
0.12887843983159783
0.554989930619399
0.554989930619399
0.554989930619399
0.221995908617723
0.0
0.0
