0.0
11.466473579127944
11.466473579127934
11.466513609401302
11.4665136094013
23.999706177702006
0.0
46.23413969018307
46.23413969018296
45.8707926465494
45.95753557908759
63.68668195372867
0.0
99.99999999999982
100.00000000000003
100.00000000000001
99.79707724825195
99.99999999999999
0.3931098079242505
81.51003615971379
80.53924637005238
84.79877572803716
99.99999999999994
100.0
1.601430939079759
61.22394898355832
65.65271534602151
59.75939597179744
69.59167141014845
100.00000000000003
0.048311261516250106
0.3990693989637757
0.4600184571200215
0.4012211847652968
3.2649237089617285
28.38716751622856
0.0
0.0
0.0
0.0
0.0
0.0
0.0
0.0
0.0
0.0
0.0
0.0
0.0
0.0
0.0
0.686114755426009
0.0
0.0
0.6017959779032818
0.0
0.0
0.0
0.0
0.0
0.601795884996614
0.6567096978073137
0.0
0.2910723825368989
4.340642915073731
1.620473478743566
0.5401578125238713
0.0
0.0
0.0
0.0
0.0
0.0
0.0
0.0
0.03166192126278255
0.06530242767169157
0.0
0.0
0.0
0.0
0.0
0.0
0.0
0.0
0.0
0.26665739818592477
12.799789921076595
12.79978992107658
12.799843294774407
12.799843294774403
0.2666507264736973
0.0
24.052686285373916
41.95816512174621
41.95816512174596
41.62501384963415
41.70091391560507
23.971767540964052
0.08674293253821558
44.001541378400105
65.13538984691914
65.03788008413304
68.32799058816947
76.66861769621234
34.10733884788386
0.3195846674129341
47.59506633048488
78.24117646966971
78.70768014531286
71.97705589165405
72.6892710797282
40.99126715060571
0.0
50.79555305659436
65.71683461875814
61.22209048586993
68.61294627000294
57.908089881869394
58.895452411492975
1.28946056608142
4.155187350774366
4.232003569359455
4.236357073513473
4.23215726834528
4.436707448645019
3.1335552668064226
0.5570764878012304
0.0
0.0
0.0
0.0
0.0
0.0
0.0
0.0
0.0
0.0
0.0
0.0
0.0
0.0
0.0
0.0
0.0
0.784131149058296
0.0
0.0
4.945987064781755
0.0
0.0
0.0
0.0
0.5689629491268775
0.5689629491268775
1.0598224377548178
0.0
1.643398190378514
13.913472558444465
0.33265415147074157
0.6237265340076404
0.6237265340076404
0.6237265340076404
0.0
0.38649438288534743
0.0
0.0
0.07742468014400217
0.07742468014400203
0.0
0.0
0.23370330047122478
4.304644940377563
4.070941639906345
0.8806916757318615
0.32189328541760454
0.08498831134795784
0.07091931452873455
2.2605537237933095
2.2605537237933073
0.0
0.0
0.0
0.0
3.7332035746029466
3.7332035746029466
3.7332035746029466
3.7331101706317633
3.733110170631763
3.733110170631763
0.0
36.07902942806085
36.079029428060856
36.079029428060856
35.71368681368235
35.71368681368236
35.71368681368236
0.07590006597093862
50.72117530205002
66.46895650747719
53.85864023622194
42.842426414599835
39.13170786741823
49.63906332943534
0.27963658398631736
70.3099467413024
73.81511471267011
72.1155098054227
65.96487550088855
61.23586068126013
61.450357081823405
0.0
58.91870510692618
59.889678848024836
59.88967884802485
56.94229850698546
56.069717565786185
51.53352086005635
1.1282779953212425
0.8438098933341309
0.0
0.06530242767169128
0.031661921262782514
0.031661921262782514
0.0
0.4874419268260766
0.0
0.0
0.0
0.0
0.0
0.0
0.0
0.0
0.0
0.0
0.0
0.0
0.0
0.9845979350317668
0.0
0.0
0.0
0.0
3.691148858863316
3.691148858863316
0.0
0.0
0.0
0.0
0.017672537770987488
0.2598200868535888
0.2598200868535891
0.05127916057293863
0.0
0.0
0.0
0.0
4.949076027137654
1.2657148400011964
0.0
0.0
0.0
0.0
0.00703737718732062
1.2363316352881517
0.3112583574359012
0.0
0.0
3.9684370784469962
3.968437078447006
0.0
0.8753799344792187
0.3165815487011379
0.07436477242946311
0.06205440021264274
0.0
0.0
0.0
0.0
0.0
0.0
