1.0712344903213225
12.187865321853032
12.268968556565104
12.1244121299726
12.124412129972589
0.4808495907924766
0.0
25.899656297472035
44.072696033725215
44.25473301150421
46.12297456784585
44.85849362372134
26.480951559146813
0.0
42.92309713464893
97.6869139385463
100.0
99.99999999999999
99.16067018657422
40.37564810829392
0.0
53.027512920988976
96.4675115770544
100.0
100.0
100.0
57.635654922315744
2.555829121578952
52.190024422449966
90.12298188311793
89.97641309485525
92.82878118541788
91.48802656222442
62.23498578233729
2.759430933107243
0.10626594490498707
1.2624994342009797
1.2624994342009788
0.8414053157355021
2.87167259973816
4.6262949354534
0.7710490026369226
0.0
0.0
0.0
0.0
0.0
0.0
0.0
0.0
12.187865321853032
12.268968556565104
12.124412129972601
12.1244121299726
23.99182239352609
0.0
44.07269603372519
44.25473301150421
46.12297456784585
44.85849362372134
63.906955486520005
0.0
64.30608216332188
63.16940069113267
71.7589974683067
90.50692497433946
97.58473926010356
0.0
74.76389004857035
73.92217028650889
60.54949675359721
76.8645369190729
99.99999999999999
1.522122809565451
35.920930859862366
35.774362071599654
16.143503714515926
14.80274909132245
100.0
0.06389608078739184
2.9925742705336638
2.9925742705336624
15.291697004300184
17.321964288302855
31.551758838092454
0.0
0.0
0.0
0.0
0.0
0.0
0.0
0.000432809471341829
0.0002164047356709145
0.0002164047356709145
0.007593407901392303
0.0
0.0
6.529104281857825
0.042408694485681284
0.04240869448568129
0.04659101924238158
0.37882677882394106
2.859653775423158
2.8596537754231566
5.620367683330221
0.05388950795006571
0.0
0.0
0.03206727733753672
0.0
0.0
3.9999999367198247
0.0
0.0
1.5143690045647387
0.6760128616117497
4.479185917915842
4.479185917915842
2.037635477403925
0.05765522921948288
0.0774208912305694
0.07742089123056942
0.07742089123056942
0.3258639770961812
0.32586397709618115
0.0387104456152847
0.4249322087021345
11.295861339160211
11.555027928936125
3.4109986860525097
1.458406632270303
0.5469020032044727
0.18230031159323312
0.12887848093775353
3.826876577384012
3.8268765773840148
0.5549897102850743
0.22199586682297137
0.0
0.0
2.5039256327248487
5.295236191814312
3.4234639310772104
1.8693252504312472
5.255499822796801
3.606078606747309
0.0
19.463667537008362
50.33450182295236
32.47057191745891
21.79344280622994
51.294821342480425
33.426004089600724
0.0
53.18750823843601
68.00016546118498
57.73575444138545
41.19827109197127
39.24151256541513
44.10521239258191
0.0
63.96466855889531
77.66001136277458
67.87651916715552
74.65601670757637
65.13681961916632
57.63565492231575
2.5558291215789524
57.515643614886166
57.11313441869644
65.68055260117626
91.95705457660578
76.93207650531217
62.23498578233729
2.759430933107243
1.883265027242017
0.12163643603158145
12.870968746827671
0.7782921561435616
0.21253188980997417
0.0
0.7710490026369227
0.45056417578961844
0.0
0.0
0.0
0.0
0.0
0.0
0.0017157287784680946
0.01067398984332854
0.029363224577516143
0.01121355620499321
0.003735729450130988
3.627280163184146
0.007751370367697459
0.03342646280434035
0.4494001801762854
3.79344284740571
1.2644809257889464
3.627280088405484
0.08722841503673025
0.0
0.0
0.0
0.0
3.141131446282201
0.3474748073244411
4.543107012662348
0.20463839652870972
8.45308702404014
3.265163707381772
1.946911367297974
0.0
0.0
0.0
1.1514556276209351
0.10422368895987726
0.0347396269758378
0.0
0.16938366680538144
0.2529781209017898
0.4037300154974677
0.21897585756549187
0.07323809158158213
0.0
0.0
0.0
0.0
0.0
0.0
0.0
0.0
0.0002164047356709145
0.0002164047356709145
0.0002164047356709145
2.07153039566706
2.0715303956670628
0.0
0.042408694485681284
0.1862502533145742
0.18625025331457423
0.042408694485681284
3.59660333131622
3.59660333131622
0.0
0.05388950795006571
1.9273474503427988
1.927347450342799
0.06413424547946842
2.3347711362564016
2.3347711362564025
0.0
0.0
0.0
0.0
1.414123283182165
4.160510219701488
4.160510219701488
0.0
0.05765522921948288
1.8828795952331414
1.8828795952331414
0.0
3.132618757882869
0.48927462140490313
0.03871044561528471
0.4249322087021345
3.151832096276589
3.151832096276588
3.1518320962765882
1.3672562443472394
0.4557518307274401
0.0
0.12887848093775353
0.5549897102850742
0.5549897102850742
0.5549897102850742
0.2219956367426497
0.0
0.0
