0.0
11.466487785082677
11.466487785082677
11.466519730135829
11.466519730135827
23.99971479797061
0.0
46.15715393364255
46.15715393364261
46.10008186286776
46.10008186286768
63.911259840948574
0.0
99.99999999999966
100.0
99.9784579824034
99.97299359376106
100.00000000000001
0.0
76.6092914487694
80.39454819303381
94.31741095025504
99.99999999999994
99.99999999999997
8.002093206189068
61.898193507430975
61.04498078062657
51.45388636105316
81.88894161629875
99.99999999999997
0.3524165397348482
2.841782401121614
2.841782401121614
2.841782401121614
2.5016435961682677
25.152651237687166
0.0
0.0
0.0
0.0
0.0
0.0
0.0
0.0
0.0
0.0
0.0
0.0
0.0
0.0
0.0
0.162136090391579
0.0
0.0
1.6893716676654675
0.0
0.0
0.0
4.231656362206763
0.0
1.574665221067395
0.5862902459617401
0.0
0.9373930367179181
6.861152877999031
2.2687604927628167
1.828312985382785
0.0
0.0
0.0
0.0
0.0
0.0
0.0
0.0
0.0
0.0
0.0
0.0
0.0
0.0
0.0
0.0
0.0
0.0
0.0
0.26665814859173337
12.79980529884679
12.799805298846792
12.799847892250995
12.799847892250993
0.2666528244162082
0.0
24.012450510795016
41.88828784886186
41.88828784886197
41.83556741391412
41.83556741391406
23.967932542477584
0.03303718540976007
47.5563295682074
68.90189376727076
68.21670535842937
78.79742371209237
67.03441523435386
35.11159418592377
0.0
50.523727916989095
82.36577468701151
81.74365450501764
72.85848857984928
64.47532807454408
48.69667871005357
0.50243385191702
50.46593447580746
65.34477370141197
64.36967344220717
59.19748255552364
57.497417971009256
59.318046505359625
1.4303252642946143
0.0
0.0
0.0
0.0
3.020471229419347
2.6803324244660005
0.476503537793945
0.0
0.0
0.0
0.0
0.0
0.0
0.0
0.0
0.0
0.0
0.0
0.0
0.0
0.0
0.0
0.0
0.0
0.18529838901894743
0.0
0.0
1.6893271581105687
0.0
0.0
0.0
0.0
0.5422519914922267
0.5422519914922266
2.618178097709747
0.0
1.5377620635614333
1.6608696132685785
0.9433264568353178
4.486622615981258
4.486622615981257
1.8329034814886496
0.0
0.5767085946189912
0.0
0.0
0.0
0.0
0.0
0.0
0.0
4.070941641012517
4.070941641012535
0.8806916750341877
0.3218932874732552
0.08498831232295112
0.06066186166323325
1.933597760244084
1.9335977602440917
0.0
0.0
0.0
0.0
3.733214080284266
3.733214080284266
3.733214080284266
3.733139541826913
3.7331395418269158
3.7331395418269158
0.0
36.018675766192544
36.018675766192494
36.0213068941111
35.951898813716284
35.951898813716355
35.951898813716355
0.028907537233540056
48.848679382216616
71.01042232680639
67.12923316396918
40.395519635049844
38.49241989842719
47.87306403399837
0.0
65.27280540187417
76.9374212044892
70.02598602700708
63.243939273775524
58.774481135316535
55.653347097204076
0.43962962042739245
51.507158869168265
50.6584739192617
50.6584739192617
58.72944725694466
56.78868999828264
51.90329069218968
1.2515346062577875
1.043512881574025
0.0
0.0
0.0
0.0
0.0
0.41694059556970187
0.07529153764255407
0.0
0.0
0.0
0.0
0.0
0.0
0.0
0.0
0.0
0.0
0.0026311279186061126
0.0
0.0
0.0
0.0
0.0
0.0
0.9163033701576792
0.9163033701576788
1.8546826268052783
0.0
0.0
0.0
0.26720215670192515
3.0028657094131046
3.002865709413112
0.0
0.0
0.0
0.0
0.0
7.279359860584704
2.8696604243285684
0.0
0.0
0.8128965562050188
0.8128965562050184
0.0
2.9929701122586114
1.0540815269957566
0.0
0.0
3.788730306809549
3.788730306809536
0.0
0.8753799375701883
0.3165815517504643
0.07436477328258223
0.05307912895532907
0.0
0.0
0.0
0.0
0.0
0.0
