1.0712425363267863
12.18791576511717
12.269772503144155
12.131122189407417
12.131122189407408
0.4777292973268911
0.0
25.899284644114495
44.06937343214182
44.04321557183514
46.65228045590593
45.069615627807515
26.587380186467364
0.0
40.0354741072558
95.63851236711179
100.0
100.00000000000001
99.19357132768685
41.55064673874517
0.0
49.73071031217477
96.32128787717484
100.0
99.99999999999999
98.36909427271539
69.5625326702749
2.732933260649421
50.73460426698193
87.55006551957874
87.11222084660392
100.0
99.5795245668869
64.92852191410763
3.508000412652404
0.0
0.7151244365461579
0.7151244365461581
0.23532780449834756
2.313147759903116
4.626295519806232
0.7710491632118288
0.0
0.0
0.0
0.0
0.0
0.0
0.0
0.0
12.187915765117172
12.269772503144155
12.131122189407415
12.131122189407407
23.993037264357156
0.0
44.06937343214182
44.04321557183515
46.65228045590593
45.06961562780752
63.91295946827576
1.0840912700354661
74.8606770297431
68.29898722753586
94.55384481736773
100.0
99.25168853087068
0.0
63.79335510546901
58.90980751223301
62.39686162758602
100.0
98.15664434020742
2.539390026908219
33.80657601931208
33.368731346337256
23.579735720076624
25.718045664428935
99.99999999999999
0.18063914729438849
3.4015904115364717
3.401590411536471
2.9217937794886604
4.9996137348934315
55.77155033012475
0.0
0.0
0.0
0.0
0.0
0.0
0.0
0.00037968064731310755
0.00018984032365655377
0.0006298936260782218
0.008513490599209587
0.0
0.0
3.960364225977264
0.002738701773252258
0.005477403546504516
0.0
0.0
0.0
0.0
2.1687037417632977
0.054011305863274205
0.0
0.0
0.20275116681133895
1.469951936501793
1.469951936501793
3.1371889724424604
0.0
0.0
17.859326575294844
0.3671703720570123
2.9005150146499163
2.9005150146499163
1.3333383637954386
0.16076358676323388
0.9510183219951243
0.7908231136921369
0.3073767706272321
0.41455196100336306
0.4145519610033633
0.14492065302585422
0.7458731497317252
11.507032097499014
14.749343182639205
3.9881842348719108
1.2100994920380725
0.7458731497317252
0.7458731497317252
0.12887847490554896
3.8268765329111685
3.826876532911167
0.5549897846863969
0.221995891683963
0.0
0.0
2.503920487844974
5.295350824598613
3.425070426645704
1.8688455652490286
5.291850167792421
3.6113254946541877
0.0
19.463701318241007
50.321902218324965
32.34577794966777
22.747994462229805
51.60263927540355
33.32557939757986
0.0
52.014411313966924
83.21872280982366
71.23978563217241
54.345255518951454
46.86710691105564
46.07337152071493
0.0
61.745436042077905
89.5914464547629
100.0
90.99147422525597
80.96515671865447
69.8835879930354
2.732933260649421
55.71590287913709
60.387740965272265
70.30314868211019
75.16546623947636
68.28371802390495
64.71839284708713
3.508000412652404
1.9323535315189566
0.0
0.1587271874656875
0.6512947171722658
0.1806391472943884
0.0
0.7710491632118288
0.7532354470456588
0.0
0.0
0.0
0.0
0.0
0.0
0.000440053302421668
0.012015648672189183
0.026673841553135024
0.007329896592385072
0.0
2.2002023678442666
0.0
0.02715608709917349
0.36834074443893783
4.747994463735292
1.5826647786027923
2.2002020916742477
0.08159987273833003
0.0
0.0
0.0
0.0
1.204835386325172
0.0
0.0
0.0
0.0
0.0
0.8756892301529949
0.0
0.0
0.06115165983986476
5.153772209093096
1.7179240028457166
0.0
0.0
0.33913792696684253
0.4449560599181309
0.42474052871996304
0.16019520830298717
0.16019520830298717
0.0
0.0
0.0
0.0
0.0
0.0
0.0
0.0
0.00018984032365655377
0.00018984032365655377
0.00018984032365655377
2.0778469438203815
2.07784694382038
0.0
0.002738701773252258
0.14661244238583165
0.14661244238583165
0.0
0.0
0.0
0.0
0.054011305863274205
1.9324005893682525
1.9324005893682514
0.0
0.0
0.0
0.0
0.0
0.0
0.0
0.7440794448043722
3.4271581018513357
3.427158101851336
0.5801029167497798
0.16076358676323385
4.546000383815169
4.5460003838151675
0.0
5.51517565198721
0.7532354470456588
0.0
0.7458731497317252
0.7458731497317251
0.7458731497317251
0.7458731497317251
1.2165287766170199
0.7458731497317251
0.7458731497317251
0.12887847490554896
0.5549897846863967
0.5549897846863969
0.5549897846863969
0.22199570675203112
0.0
0.0
