1.071240635722145
12.187901427789102
12.269502468692085
12.120916009772055
12.120916009772047
0.4554216759291992
0.0
25.89959418622149
44.07213137176558
44.24776286532351
46.12801258926408
44.86050332404605
26.481906942178966
0.0
43.297973937678954
96.90758274680687
100.0
99.99999999999997
100.00000000000001
40.68879191533029
0.0
51.02713443828287
90.57202626628373
100.00000000000004
100.00000000000004
100.0
57.85010710826558
2.255633362412841
46.288966155865324
83.70565736325449
83.10570236345664
100.00000000000001
91.53134535760913
62.810588413043945
3.070548928120316
0.0
1.88193242483949
1.950515492149332
1.5725969145331438
3.63734698141526
4.626296093100811
0.7710493245051357
0.0
0.0
0.0
0.0
0.0
0.0
0.0
0.0
12.1879014277891
12.269502468692087
12.120916009772056
12.120916009772042
23.988652431934256
0.0
44.07213137176555
44.2477628653235
46.12801258926409
44.86050332404604
63.90701623497439
0.0
67.75391974216878
61.98252889514775
82.014729918821
84.41345120847645
95.98935610737372
0.0
74.94838760793252
64.97985896131453
62.27440539994991
74.5507109867117
100.00000000000006
6.7624963065799655
39.6930849174833
39.093129917685495
25.824685912397374
28.720756944565167
100.0
0.22140368565224475
1.88193242483949
1.9505154921493322
1.5725969145331438
3.63734698141526
41.07629786710547
0.0
0.0
0.0
0.0
0.0
0.0
0.0
0.00046208238339986795
0.00023104119169993398
0.00023104119169993398
0.007619494532746671
0.0
0.0
4.822152458455806
0.06699994071551008
0.06699994071551006
0.16214173407298355
1.0839936853935936
1.7233214179866498
1.72332141798665
4.361309006884694
0.05395302019035264
0.0
0.0
0.03331824779917393
0.6330468437232377
0.6330468437232377
2.7859275411217768
0.04664512021972654
1.5859338557793803
12.983684570649798
0.49039760758341355
2.2156573734115996
2.2156573734115996
1.6982317894855856
0.2295445225169667
5.229004712652548
4.985871254223305
1.1546367041275418
0.9981516275564093
0.9283149515030213
0.5004389736319063
0.4011801861117569
10.928662437902199
11.723013447574825
3.505814637918525
1.3409815832531742
0.4876296134944085
0.12190738891514495
0.1288784338794153
3.826876522656897
3.826876522656895
0.5549899388550067
0.2219959734137359
0.0
0.0
2.5039222391806386
5.295315906624278
3.424532502234557
1.869697411076259
5.193053641960371
3.6261016244486584
0.0
19.463673245806298
50.33207114161109
32.44902945514399
21.802527740178547
51.297862663277435
33.42510931552801
0.0
53.33980191380855
67.92656159530672
57.88473363180787
50.47266927889092
41.64945216101265
43.94921567124841
0.0
62.58515665532764
84.90170891740644
74.71018514070185
73.49293487434902
63.819956802416556
57.85010710826559
2.255633362412841
52.803593380859425
73.37520672401429
67.38405489775366
73.0844616995264
66.74641697676387
62.810588413043945
3.070548928120316
0.7996555700737922
0.0
0.26780050990390347
0.6796840115382792
0.1828880706560717
0.0
0.7710493245051357
1.1157791957908891
0.0
0.0
0.0
0.0
0.0
0.0
0.003781463756975395
0.00759007962370222
0.026947280116300862
0.01161430472240798
0.0038712645541336623
2.6789735896309397
0.003781463756975395
0.07686936522373086
0.4801024313970681
3.802527586240346
1.2675091029332546
2.678973573084756
0.0871721737143982
0.0
0.0
0.0
0.0
1.9862719757364373
0.3037661508942995
0.0
0.29122629684734824
1.0834218497476742
0.3947768958060651
1.1999099868820517
0.0
0.0
0.0
2.9232946716124286
1.0962279482056674
0.3654064597657757
0.0
0.2431334584292406
0.37812223616524177
0.8433342684619993
0.48626691685848117
0.48626691685848117
0.0
0.0
0.0
0.0
0.0
0.0
0.0
0.0
0.00023104119169993398
0.00023104119169993398
0.00023104119169993398
2.073102207891011
2.0731022078910115
0.0
0.06699994071551008
0.2292099777312071
0.2292099777312071
0.607678894821502
3.5635771122409183
3.5635771122409183
0.07686936522373086
0.05395302019035264
1.927273386245503
1.927273386245502
0.0666364917133175
0.0
0.0
0.0
0.04664512021972654
0.0
0.0
0.5975139315359594
0.7996555700737921
0.7996555700737921
0.0
0.22954452251696666
2.741186074782588
2.7411860747825867
1.3977701625567827
6.863097091858065
1.1157791957908891
0.0
0.4011801861117568
2.7114636282459066
2.7114636282459075
2.7114636282459075
1.3409815422290914
0.4876296071734098
0.12190738891514498
0.12887843387941533
0.5549899388550066
0.5549899388550066
0.5549899388550067
0.22199594020688257
0.0
0.0
