0.0
2.175384720628942e-07
4.0129080442878734e-08
1.1615300610987207e-07
6.538484045149483e-08
6.186310770972512e-08
6.131024626819774e-08
6.330905941156061e-08
6.092031648124267e-08
3.757173527302593
3.8410485773882004e-07
6.57506446502493e-08
6.77285412992794e-08
6.088990804517687e-08
9.77425855175136
0.0
4.905765476649534
12.593101942624122
6.318735725550531
2.367706958606519
11.57990950082361
22.695614335133392
2.5845072812708576
3.499314241504593e-08
191.50738290746378
6.778454061878476
111.8540408749679
8.029509082880384
4.126755233993538e-08
2.9960493274672997
0.0
1.9472933299368687
0.03268850766891969
14.410478488031131
2.923847076361973
5.914138031369934
9.97748477345669
47.58993447086796
11.540295062507202
24.18262544016428
235.07917466800728
4.874589249673073
5.489729607608453e-08
0.7856066336549898
3.978700888843404e-08
0.0
4.087483529123543
7.396681721364248e-07
0.8093463211127445
6.505583305664983
0.8114420211917843
1.4400241899088327e-08
59.02670715955823
0.26159129197087166
7.549824894364592
5.513104595244813e-07
6.03586420305539e-08
0.0010916489954338922
5.440148340622557e-08
0.3470007660963885
0.0
0.0002634491868829869
1.917298117265024e-06
0.054524458961853144
2.2884389075242877e-06
1.3396113523845947e-08
0.0563943858966726
1.1755539654459853e-06
0.042399891554538965
6.129833883412314e-07
5.249779745199952e-08
3.8668709622956285
1.360193772431211e-07
2.1705857791202416
0.0005575503395446185
0.0
1.7978188286738025e-06
0.042943751461406866
3.3521593311634873e-06
1.108259018397006e-08
6.270554045143907
3.106338686115167e-06
0.03733386165732363
3.515979192406789e-07
4.201697912369924e-08
1.2213293221749313
3.967295539559457e-07
2.3039569314506031e-07
1.7249199729430781e-07
2.0189607279960726e-06
0.0
1.0231005278945977e-07
5.3398995166774126e-08
1.0719658742528017e-08
5.507383677426484e-08
5.983842321640697e-08
35.46162862802305
7.716759853512993e-07
5.336923730591129e-08
5.030152182510411e-06
3.8220495474870145e-08
3.2372003463632893e-06
3.602737262511373e-07
0.00013529005458723698
4.45380429773902e-06
0.0
0.07442111236666206
1.2545375727409056e-08
6.67798691776596e-08
7.050429479900245e-08
6.35320448840263
9.106706305462164e-07
4.047677315145073e-08
0.38200348268927076
1.7144461132162645
0.00801129166829211
0.007197541743643555
0.0005878785133365211
0.0071954732595798515
7.472367376373782e-08
0.0
1.1091256693258905e-08
9.254238919365608
0.00018712435461736704
2.15050676324689e-07
4.266633191401125e-07
0.0017968236286384038
0.4360120293039733
4.8281492419477905e-08
0.0004361210675745427
2.261495793377219e-06
2.413421726024003e-06
1.224312764025694e-06
0.07559390122654298
2.284260657873067e-06
0.0
51.506181789223774
1.1738342271957555e-06
0.05397944189627371
5.545064990928116e-07
0.004918250382633508
1.3819375478133937e-06
6.187291118097236e-08
0.0004470315920513331
2.0390812416843568e-07
1.9691533255282014e-06
1.6869962889218242e-07
2.1926765805794405e-05
0.0010894434278659144
1.2650521691754346e-08
0.0
0.001572676447971569
0.09036716324933411
9.949366466032634e-07
3.207882835023937e-08
0.007353651600080984
4.0500371577434187e-08
2.8238360302800685e-06
0.007463852855662784
4.6336510325137615e-06
0.12437164698935851
0.012122153125972479
0.00021976952402128863
9.431514685876547e-09
60.409282269038414
0.0
2.008617027231873
8.529601580656957e-07
0.12691505516161614
0.1433175600943952
0.06060846895344524
0.020258831454106074
2.6307941909619664e-07
9.355189376443909e-05
4.711872795977434
0.0002880222013610903
0.5777063307245724
1.2476682172000629e-08
3.822925374773224e-08
0.0002936388582671975
0.0
0.0009717014517299865
0.06186353003653643
0.06200474342676276
0.04752564509201478
0.01925069414837381
1.1272095156579935e-06
2.169457259565062e-05
0.199642105856563
1.1487934975719114e-05
0.08450595461163768
1.4540394285013249e-08
0.005495992243318624
2.780493356148863e-05
0.0012391364114752242
0.0
