0.0
11.466448376840424
11.466448376840427
11.466493026107685
11.466493026107688
23.99966665425472
0.0
41.94031171926781
46.179078455729034
46.01419395902437
46.05355732665483
63.85781817190531
5.695799082222939
99.95011528117709
99.99999999999997
100.0
99.99969520708345
99.99999999999994
0.0
82.25441930014159
100.00000000000004
100.00000000000009
100.00000000000001
100.00000000000006
0.0
60.60618534623425
61.95546697357778
64.98676479635118
72.56381109311145
100.00000000000001
0.0
3.177360663638908
3.651533413998533
3.1577611670147174
6.119917766822539
31.615382007805398
0.0
0.0
0.0
0.0
0.0
0.0
0.0
0.0
0.0
0.0
0.0
0.0
0.0
0.0
0.0
0.31135481621453137
0.0
0.0
2.3305578768989323
0.0
0.0
0.0
12.50013434059181
0.0
0.961788436780938
0.5547715341666638
0.0
0.0
2.035181556946837
0.7025004727022459
0.44891610995271225
0.0
0.030834608358494317
0.030834608358494317
0.030834608358494317
0.030834608358494317
0.030834608358494317
0.0
0.0
0.24632348502745102
0.5080421888659772
0.0
0.0
0.0
0.0
0.0
0.0
0.0
0.0
0.0
0.26665602900003
12.799762683246167
12.799762683246167
12.79982221560251
12.799822215602518
0.26664858745548586
0.0
24.023908718010397
46.14695468009996
41.908187943638566
41.757006080897355
41.791449027574
23.98718818232362
0.039363367630526495
44.83887039810211
71.37655370189107
52.10957580257782
46.87679726403852
69.93103580421041
36.054786652412595
0.41824441156924086
49.1754907905399
73.13613964375125
81.41622724824313
74.48667843476012
70.89208888911739
48.84790655247827
1.253608632983079
50.814146696266484
59.78316569629405
60.73019470042914
60.183055175646196
52.43010709492624
49.93466986675773
0.6803744442154491
4.191639715430431
4.418594048547496
4.452463530716038
4.41719408450291
5.721619157136062
4.774623904969135
0.8488220233375438
0.0
0.0
0.0
0.0
0.0
0.0
0.0
0.0
0.0
0.0
0.0
0.0
0.0
2.5037832289951494
0.0
0.0
0.0
0.35583407567375025
0.0
0.0
7.579611589495053
0.0
0.0
0.0
0.0
4.725617899089013
4.725617899089014
0.5833155996775536
0.0
2.325692322548543
2.465457705072359
0.13976538252381274
0.0
0.0
0.0
0.0
0.0
0.0
0.0
0.6396889372601816
0.6396889372601815
0.0
0.0
3.413004920541372
4.070941623287903
4.070941623287906
0.8806917131395291
0.3218932795491973
0.08498830405618706
0.10806035730789641
3.4444242757337378
3.4444242757337475
0.0
0.0
0.0
0.0
3.733184406000421
3.733184406000421
3.733184406000421
3.7330802243768026
3.7330802243768026
3.7330802243768026
0.0
36.035863077015534
36.03586307701558
36.03586307701558
35.87007280202458
35.87007280202458
35.87007280202458
0.034442946676710676
41.68258157405875
72.83714757987032
58.77300207033449
41.183131814465064
38.457510270970864
47.33385502288807
0.36596386012308574
68.693232824831
70.1772865135558
65.76826361773048
67.87859827073164
62.70575715902187
59.23918383765937
1.096907553860194
59.27186181382864
61.79406274895595
62.12380436296268
59.58966296243124
58.79706346613501
57.06819413343741
0.5953276386885179
0.5178788977187294
0.0
0.5080421888659786
0.24632348502745133
0.24632348502745133
0.0
0.7427192704203508
0.0
0.0
0.0
0.0
0.0
0.0
0.0
0.0
0.0
0.0
0.0
0.0
0.0
6.135641555652773
0.0
0.0
0.0
0.0
1.6750208863193226
1.6750208863193226
0.0
0.0
0.0
0.0
0.9815505293823625
3.39673766393078
3.396737663930785
0.9161138274235378
0.0
0.0
0.0
0.0
7.813520764904089
3.366212835171741
0.0
0.0
0.1281136339057817
0.1281136339057817
0.05815338026962015
0.6324165961572282
0.34601383449054857
0.0
0.0
1.2895834594021247
1.2895834594021232
0.0
0.8753798616238865
0.3165814946853237
0.07436476604916367
0.09455281264440936
0.0
0.0
0.0
0.0
0.0
0.0
