0.0
0.00034207122797229376
0.0013643508140877088
0.9979075501705538
2.086964627106e-09
9.922200991556568e-06
5.289697981118979e-06
6.259803354841717e-06
5.6110620618714706e-06
1.9534693997656785
3.6717740723212613e-09
4.7855033571530025e-06
7.54389548866778e-10
3.2393765186430806e-06
4.803376624668457
0.0
3.147728969413187
5.359391419753823
4.99294729587448
2.0815600500880405
1.6913523784330344
1.6918909227031855
1.6910712917777329
0.5861326873941668
307.06871559006083
3.054244847386668e-05
64.1045823245599
0.10543605152566021
0.0001259999992389542
1.0080105774887562
0.0
1.0080098332431666
2.0672572343236134e-05
9.335437635893891
8.081681548617965
4.34855734554199
8.08196520077616
20.52523990042616
56.35366951064442
12.112006480114044
263.99532307238405
0.5463755046179404
0.488325760485243
1.3769304756919611
0.00017403694853284377
0.0
3.3543117018093893
5.195163790692722e-05
2.939388490422552e-05
0.00046360921253528
3.105922007835555e-05
0.00012732573614598376
23.828383208655065
3.7218715891775156e-09
5.215962395528397e-10
0.630907698896584
0.000144795684996956
0.0007946237548776254
0.000173425791264975
0.001954413443146516
0.0
0.0002477117317795756
5.6627474447161874e-05
9.66469164678662e-10
5.999202657980286e-05
0.00046480892773603474
11.482359422000776
7.962290215916419e-10
9.597083041731072e-10
7.502594170680301e-10
7.230452782886692e-05
0.4656593152349991
0.0009417709795621567
2.990025096074639
0.00019143685838355197
0.0
0.00016659996537245653
5.790555226073965e-08
0.0001878648397247236
0.0001303146257008302
19.959695733769443
0.11065131114127455
7.825761468480142e-10
0.046232325835858595
5.862053731821358e-09
0.0037311226324261777
1.0706112559268622e-07
0.37808907303633194
9.380009863090745e-05
0.0007012363555031052
0.0
0.0005053001833709082
0.00010301197036318997
6.771112241663204e-05
1.5152087793023093e-09
1.8615892832218445e-08
8.479493900939927e-10
9.027349697957209e-05
1.3000507603042576e-07
0.0028765025081404104
6.874809081781059e-08
0.0008300952331870504
5.2446680749364735e-05
0.00042745248273285275
0.0007060071948338588
0.0
5.64942428171388e-05
3.988132983220597e-05
1.109094654630838e-09
3.147065693092592e-08
9.190421983138458
0.00010270990304950527
0.0004718582658548153
0.0012689206763206453
9.317598329976825e-08
0.18439609001200163
9.033797556376309e-05
0.0003293567344147105
5.715396228480059e-05
1.1540307726174637e-09
0.0
6.786793417125217e-05
0.18614070154137602
0.0003570455773664209
23.03035386531116
0.6830636642072399
0.0016907975899720638
4.094684628163421e-05
0.00017472732506213038
0.0003474962823072265
6.0378743871016586e-05
0.0002483905036199832
5.651395058700338e-05
0.0007647429389241764
5.9864660928615705e-05
0.0
1.7864890590453782e-09
8.688258659165094e-10
9.900876634926363e-10
8.488207580964751e-10
0.0023394548995770517
3.3981753360964197e-06
0.0012563565965072031
5.90850063127848e-05
4.813338568695788e-06
8.958202805229306e-05
4.539361246497289e-06
5.4651044165078186e-05
0.0004858136771657061
3.6742667753967943e-06
0.0
0.0007693621374393608
0.5744013681626987
5.178213815807337e-05
0.0016285354988963192
0.0008391631741070851
0.48020003215842755
0.0004914812074133434
5.399044189149243e-05
0.00029497748709321307
2.764374409020129e-05
9.164253724037721e-05
0.0005196142912311899
4.0936542796606635e-05
2.764692736766026e-10
0.0
8.7069790502483
0.00010297692472997949
0.0016924639959117747
0.0012823861159045975
3.84847275192276e-08
1.1616154507483277e-09
2.4494475931831698e-05
3.703633307394988e-05
0.5354991086632881
0.0004429555409283915
2.848859211334609
1.9305606994265095e-05
5.967830669796655e-10
0.0002740355673627374
0.0
0.00022090429347493246
0.0012534367624281125
0.003770122119624861
6.1723348144947634e-09
5.523378327962421e-10
4.367118020202621e-06
6.847681854523873e-06
1.6763524695884928e-05
0.0003915214703185836
2.0085066061609797e-05
3.3923650390514554e-06
7.004916462202625e-10
0.00023381403767306844
0.0010348572335520737
0.0
