0.0
2.441563569815324e-07
7.4187522098213906e-09
1.0308637498546328e-08
1.1728854197891323e-08
1.0326010526742585e-08
9.895591050096055e-09
1.0523153038769259e-08
1.0074673990999601e-08
3.538239964082709e-09
1.8393709460537757
1.1835335286860788e-08
1.0597117704787673e-08
1.036243463432943e-08
4.925393817345127
0.0
2.868958034498938
9.099183914311817
2.934024071464358
5.716430341100261e-07
5.7392470952673404
11.460861938608069
0.8433267343399243
4.144307640052578
176.60434939558212
3.7545016237581232
167.13121461575804
12.44892335610625
9.244198354217835e-09
2.744343717810569
0.0
1.9751749359432749
0.03273531019805252
8.417399054101235
5.203716766294258
22.035987681846926
8.240357754754072
43.82077595161628
11.502003445881977
36.28695937085713
217.68240962152467
6.882005205794818
7.662493292696332e-09
0.8239374539673696
9.097249921366738e-09
0.0
4.365217544034707
5.37179471866112e-07
0.8110213687650821
6.511438050566622
0.810739610057716
2.563921763629419e-09
65.32278676081881
0.2615231952159489
7.520304057673162
5.215821969168339e-08
1.710508906862479e-08
0.0002469084721564115
1.6417364564551987e-08
0.7050197355500918
0.0
0.00021264135021499192
4.162074165709759e-07
0.054997424855559016
9.617277384374462e-07
8.421517043034883e-09
0.056711765904704704
2.0168543215482688e-07
0.337920357152136
0.9497653308641921
1.0736301821467075e-08
3.1647312127040896
1.7767598420188258e-08
0.09672860919592433
0.0003942880423331535
0.0
4.2036608915044e-07
0.04353350225684933
1.4025073500708114e-06
2.118576731635412e-09
13.164338965103301
5.741664398804495e-07
0.03721777481292784
6.257356540884106e-08
1.6282337735328493e-08
0.015181015457498118
7.24590545588016e-08
3.9145247916161047e-08
8.880144233930207e-08
0.0005915450561151406
0.0
0.000473571688314634
0.018393689102757852
2.364162445562469e-09
8.664730563237938e-09
8.937631735404963e-09
35.448595404180296
1.0476885944595244e-07
2.0029367332765352e-08
0.0017488768234994834
9.936759685594703e-08
4.849359873662335e-07
1.42911896423507e-07
0.00021599186005433
0.0005137938954036705
0.0
0.05149770522004324
4.2695611708549705e-09
1.0416817846057626e-08
1.0699461655837074e-08
1.5910993148188997
1.235259643021363e-07
0.2575160022348485
0.004353447209848506
1.7232791428951995
0.008077488751128532
0.007170361084114706
0.0005176858393759949
0.007169770887411137
3.152980291938089e-08
0.0
2.3782129915294297e-09
2.3732741183542564e-06
0.0001291117562036547
2.139132527771755
1.0813686007706504
2.1013251717571324e-07
2.027566408191219
2.3697266530005356e-08
2.1295193809328578e-08
3.7102627440441167
7.427147873792834e-07
2.8446422753792937e-07
0.07659257359663185
9.59927489740858e-07
0.0
6.723906743505909
1.9992686654177697e-07
0.052639597929260706
8.183194416471667e-08
0.0020509148622473434
1.3522442593702058e-06
0.023298699673507103
0.00045244032517152645
5.3253345146238784e-08
1.5437957457824501e-07
5.393621845730458e-08
1.3661356977507062e-05
0.0005859915655412059
5.929600300901864e-09
0.0
0.0009637389170635462
0.09185003016006896
8.125546437285112e-08
1.496668089361368e-08
7.505107578918092e-07
0.24857368077352215
1.0963207437566276e-06
2.1222200188555088e-07
1.1093989096325296e-06
0.0956601871038465
0.011075960260822025
0.0001764596542189006
2.658087781777841e-09
86.91325346885186
0.0
0.7362733980668001
1.152380607374106e-07
0.06322706273556199
0.12908534957360998
1.2796946366843676e-05
1.0779787459919969e-08
5.9491080175335084e-08
6.719495749946e-05
4.604560685028811
0.00024626142802071274
2.776951163670128
8.53634803022932e-09
6.197463809024985e-09
0.0002485907137497721
0.0
0.00021585227607925057
0.05237499295982446
0.07344787709392472
1.974343646649281e-05
0.0003966142339196093
2.1546654946247577e-07
5.51918147416778e-06
0.21007452120236678
7.969809218714103e-06
0.2403733331420719
1.2238160723793816e-08
0.005897325892272878
1.582887826346984e-05
0.00033814743066818234
0.0
