1.071239160934847
12.18789300940556
12.2693827517136
12.132522336843396
12.132522336843406
0.44697823611137766
0.0
25.899551130737827
44.071748750616344
44.24305385730533
46.00626854492415
44.81235237546272
26.5290865579636
0.0
43.059752897943476
92.07522137331665
99.99999999999999
99.82710723191005
100.00000000000001
50.0809087462061
0.9945123868277257
46.706501185783985
100.00000000000001
100.0
100.0
99.20202500327797
66.7873502943652
3.8307429466541785
55.04072296506993
91.04391630285419
91.74123097601692
100.00000000000001
99.99999999999999
70.01448808606249
3.432816852462244
0.0
2.003061722077643
2.0030617220776445
1.5615534317480326
3.6336656285073623
4.626295831840351
0.7710492506860906
0.0
0.0
0.0
0.0
0.0
0.0
0.0
0.0
12.187893009405558
12.2693827517136
12.132522336843394
12.132522336843406
23.991041416543588
0.0
44.071748750616365
44.24305385730533
46.00626854492413
44.812352375462716
63.90154918128812
0.0
69.6717135769317
59.53474328127333
72.3998529802355
80.15609488943898
98.97395120118611
4.630464836204335
62.03288235363013
61.00043557833798
52.75950516039483
99.99999999999999
98.09499461282363
0.0
36.129928369525636
36.8272430426884
9.6517168442572
47.93456466094149
82.54737289134519
0.23908876831253262
2.003061722077644
2.0030617220776445
1.5615534317480326
3.6336656285073627
79.55739329793072
0.0
0.0
0.0
0.0
0.0
0.0
0.0
0.0003853052903603481
0.00019265264518017404
0.0006308156751182546
0.008543241755808957
0.0
0.0
3.9614187976035695
0.004101608073380631
0.0
0.09417944167018831
0.7422450088728337
1.6291881698337796
1.6291881698337791
2.2646384759219975
0.05374478768519324
0.0
0.0
0.0
0.0
0.0
2.4299969707317954
0.11360514179623285
3.766772228793644
3.8698756988529515
0.7313588582820154
0.438678449086508
0.43867844908650805
0.36398428595633237
0.1346005355355389
0.0
0.0023544615445660793
0.013764218366596071
0.40956544775285725
0.4095654477528571
0.05598000234764661
0.13172338616926677
0.0
4.0902096458377795
4.090209645837779
0.9992482126292012
0.37471781139873506
0.2498116066342432
0.1288784492986585
3.826876531094431
3.8268765310944284
0.5549898782735084
0.22199594786572496
0.0
0.0
2.5039229977776776
5.295297919323008
3.4242933505081994
1.868485003583697
5.293285846303932
3.640531277943892
0.0
19.46367714756939
50.33135438308055
32.4354042076116
21.581748284924974
51.23352519664379
33.516369726009486
0.0
53.243024633371455
66.82895512696754
56.64568342649983
51.68584889100149
50.06861770240495
50.06861770240495
0.9945123868277255
60.279179557794016
96.49953088154007
86.35179408325538
80.839797643824
74.92675358715844
66.81292903742188
3.856321689710854
55.87707848564363
59.21865742368941
59.54143207591367
88.5904522908773
85.94166402190822
69.98890934300582
3.4072381094055677
1.3243155740355397
0.0
0.19212883650093154
0.7211600812625398
0.23908876831253267
0.0
0.7710492506860908
0.0
0.0
0.0
0.0
0.0
0.0
0.0
0.00043816302993808054
0.010886536284976331
0.02834762291700382
0.010476907434699732
0.0034919768452058983
2.2121916569370033
0.01613388100348666
0.09417944167018831
0.651191864509658
3.5817480802798025
1.1939159405258357
2.21219162605507
0.09229738936711698
0.0
0.0
0.0
0.0
1.1056812950741393
0.0
18.416602499679087
0.6180592758543745
3.654462882011841
1.266483821391171
0.22952152807486736
0.0
0.0
0.0
4.627444142585123
1.6110177048649943
1.015703521707635
0.05624678557804808
0.32810967427888776
0.44338707613344697
0.43231204167261206
0.12490580331712159
0.0
0.0
0.0
0.0
0.0
0.0
0.0
0.0
0.0
0.00019265264518017404
0.00019265264518017404
0.00019265264518017404
2.073101927349393
2.0731019273493927
0.0
0.004101608073380631
0.1461585897566729
0.14615858975667287
0.0
3.7454784671691543
3.7454784671691543
0.0
0.05374478768519324
1.9228676865032461
1.9228676865032455
0.0
0.0
0.0
0.0
0.11360514179623285
0.23971764044319924
0.23971764044319924
0.23971764044319924
10.520943882940964
1.7374067836382219
0.0
0.1346005355355389
4.576418942562296
4.576418942562293
0.04278671298307508
2.331636745998937
1.4623433886625525
0.0
0.13172338616926677
4.478595398363209
4.478595398363211
0.0
0.9367951417782036
0.31226489467602125
0.0
0.1288784492986585
0.5549898782735085
0.5549898782735084
0.5549898782735084
0.22199584739610995
0.0
0.0
