0.0
11.466466890852438
11.46646689085243
11.46650775272106
11.466507752721059
23.999694925141476
0.0
41.966765666830355
46.24361514907377
45.846114816026606
45.941011273896606
63.657231235284044
11.746491544548347
98.40388142835366
100.00000000000001
100.00000000000001
100.00000000000001
100.00000000000001
0.0
98.89795422295195
99.99999999999986
100.00000000000003
100.0
100.0000000000001
0.0
60.31604946286141
69.76117431412843
71.9621553061505
89.25291265090148
99.99999999999997
0.0
0.30957814474500267
0.30957814474500245
0.5268486814646676
0.5268486814646668
36.76305047495508
0.0
0.0
0.0
0.0
0.0
0.0
0.0
0.0
0.0
0.0
0.0
0.0
0.0
0.0
0.0
0.7506069158668053
0.0
1.308045434762015
1.4316757028994367
0.0
0.0
0.0
1.5401654357902061
0.0
1.4244486582071412
0.7701365953757494
0.0
0.920150623019389
6.729316445694914
2.0224043737621975
1.4079903520665848
0.0
0.0
0.0
0.0
0.0
0.0
0.0
0.0
0.0
0.0
0.0
0.0
0.0
0.0
0.0
0.0
0.0
0.0
0.0
0.2666569312998094
12.799782810917293
12.79978281091728
12.799837293408787
12.799837293408787
0.2666501209883714
0.0
24.05763858225287
46.24361514907366
41.96676566683035
41.60229940034101
41.685333800977254
23.969113839590282
0.09489645787023972
36.401415394271346
55.32759315375012
58.736064052382815
55.74367560181031
68.1109690138379
36.91906598360211
0.0
58.113351327706596
77.06071511369112
77.88131065301457
67.10766564790802
62.97025969281504
47.14285455510522
0.46050114234031186
47.47695655581261
60.81276459722274
63.82771808535379
63.56901260744178
57.34043204754623
59.681521931198425
1.551483739067507
0.0
2.638350812839085
4.198609731893039
4.176497007268396
4.176497007268396
0.5268486814646668
0.17690179699714428
0.0
0.0
0.0
0.0
0.0
0.0
0.0
0.0
0.0
0.0
0.0
0.0
0.0
0.6946496847979667
0.0
0.0
0.0
0.8578364752763488
1.6164607248774214
3.9984396443212495
1.444964890736331
0.0
0.0
0.0
0.29029683898572084
0.8846649527908487
0.8846649527908473
2.1517920330141305
0.43096181809022105
12.237736946394588
1.8825648882698365
0.9705989945912081
2.114635603579766
2.114635603579763
1.2855982432992297
0.1436539393634067
7.466514233070782
8.483260543834895
0.12786449349400283
0.011901395009937133
0.01190139500993714
0.0
0.0
0.0
4.0709416359135
4.070941635913497
0.880691667087602
0.32189327121619143
0.08498830431348323
1.2401356165840747
2.325254281095143
2.325254281095143
0.0
0.0
0.0
0.0
3.7331970381973316
3.7331970381973316
3.7331970381973316
3.733101693837198
3.7331016938372006
3.7331016938372006
0.0
36.08645787337929
36.08645787337928
36.08645787337928
35.68677447162537
35.68677447162537
35.68677447162537
0.08303440063645975
52.910096176513804
65.24181755218443
54.64983635340495
41.9604862014167
36.14944861437187
48.47163428823055
0.0
61.13949759062552
74.83109581559485
63.748058026794425
60.502726323546895
58.045515812245476
54.74098770486549
0.40293849954777283
57.801305677199906
62.176734789235375
56.90212717483502
59.93130420226055
57.29532307240312
52.22133168979862
1.3575482716840686
0.7116307056827496
0.0
0.0
0.46099259628158307
0.4609925962815834
0.4609925962815834
0.15478907237250122
0.0
0.0
0.0
0.0
0.0
0.0
0.0
0.0
0.0
0.0
0.0
0.0
0.0
0.9218641339093359
0.0
0.0
0.0
0.0
4.038102837646932
4.038102837646933
1.4789948823070826
0.0
0.0
0.0
0.0
3.8962861209080746
3.896286120908082
0.0
0.3591348484085173
0.0
0.0
0.0
3.7491453803608086
3.7491453803608077
0.09182844594994495
0.1436539393634067
0.25572898698800606
0.2557289869880056
0.2557289869880056
1.4069190898984467
0.38359348048200853
0.0
0.0
3.634839501638931
3.634839501638931
0.0
0.875379934970998
0.31658154305511843
0.0743647662742978
1.0851186645110664
0.0
0.0
0.0
0.0
0.0
0.0
