0.0
4.777929849229903e-09
4.043454137058023e-09
5.645873832803599e-09
4.777680927027373e-09
4.692273097042746e-09
4.258714045164818e-09
5.058535982434325e-09
4.5712236166062135e-09
1.5689783934830174e-09
5.682744908303532e-09
4.743806913162986e-09
4.6609164197997436e-09
4.219906029688865e-09
1.2020347815380377
0.0
0.7616715669646151
40.26361313887774
0.6082415377892316
1.832792410004374
1.0746210745195257
21.41055274502877
1.6732229462653776
7.89579944227854e-10
247.50565007461967
0.5134918891798512
66.07108501188854
5.6090632714081356e-08
0.5410621185674158
6.8002456243837734
0.0
6.800245622334651
0.6006295619581825
1.8116156163554915
1.6017510874981713
19.71567309123511
2.181951664635285
120.33345614436256
103.99553848091061
0.6932289720680369
40.583257223734
5.3868048267661e-08
0.08789195430814864
0.820955193214837
2.4643122130953593e-09
0.0
4.482414849166438
1.9004107926258385
0.9743479272164738
16.966433099034674
1.554544016048015
4.255752172081697e-10
24.29848059386042
0.49931928329541597
132.87548021680638
4.1635473278450247e-08
2.2912466742831957e-08
0.0004898639959095785
1.4170700917438262e-08
0.4432141752700155
0.0
1.7549625205225305e-07
2.3506589386147512e-06
0.12567069079549031
0.07791201887878621
0.5307267035561417
0.12793328819876282
0.06363104650575471
0.12063125816113304
3.018073404685627e-08
1.381109838377801e-08
1.8761601307012985
0.6106835603686783
4.912726013726955
2.274788650564499e-06
0.0
3.44595049963593e-06
0.02282459811406904
2.153167529909075e-06
2.39192196442503e-10
0.022974505329613523
0.006773318126270228
8.8703382719753
3.048363493780005e-08
2.7990096363351075e-09
0.07098273770088737
0.06983864186561023
0.07148301192933984
4.562572028166575e-09
2.8338309947326348e-08
0.0
6.778990420065935e-09
9.0926516526829e-09
2.173691253926484e-10
2.2934008391258214e-08
3.340914175875253e-08
46.81144345833625
5.381762465766844e-08
4.4591536657104095e-09
3.925929549892526e-06
3.922482710206363e-06
3.8907506828577374e-06
8.01815842028762e-09
2.3622036304218084e-07
2.726667257933691e-07
0.0
2.0658715653173905e-08
3.0423982351704985e-10
2.3937692296459295e-08
3.38297439600585e-08
4.848138204425044
5.640500934464826e-08
5.0269286116850475e-08
0.45390889957249375
0.37272758432067177
0.17251576605215682
1.3904886219178e-06
1.8688896112000545e-07
1.6301604118936215
0.1502237074444841
0.0
2.2144978628251306e-10
1.0091900747549522e-07
0.0002270337484633633
0.32029966995025344
3.3694295651079977e-08
0.039067019677515774
0.06528439957857737
2.2319337765134395e-08
1.9864953663862026e-09
0.06727061375138052
1.7494392302359738e-07
2.328537256172429e-06
0.11993773165550316
0.06259751896988333
0.0
0.12261619729398764
0.0549875139319963
20.13454777194243
3.0452338101223933e-08
1.1404619834772767e-08
2.853243697160932e-06
4.125383340867464e-06
4.09191089032092e-06
6.739429356502171e-07
2.8566943058907908e-08
1.2905505980579787e-06
3.004229819023548e-08
3.588335840552053e-07
5.165659323207218e-10
0.0
0.00024021329229788113
0.4295624277082216
5.131106436744257e-08
1.08243505153727e-08
0.05283169518034633
0.024272224529093223
0.2748385102414146
9.831477518951815e-07
0.20094829307828121
0.5612846462197465
0.003961701510622946
3.001731380306005e-07
2.9743811135583476e-10
2.7255132253412007
0.0
2.40946858412255
5.40328034521837e-08
5.612165756800991e-09
0.1793284526054966
5.001343594317131e-08
1.6575271462805668e-05
9.568422674745406e-09
1.6474636897259377e-08
2.270754006934796
0.00023337196915295603
0.011785259638800456
3.804688193878958e-10
0.8581056404301841
0.0003512617000373693
0.0
0.00034562130734133614
5.842359547184764e-09
0.00965985685001488
5.862386823427332e-08
4.511605810940277e-08
9.957340723574875e-09
5.6784949154286504e-08
0.1776519130947519
3.2935360437061364e-05
0.001954444354701726
4.703858250932214e-10
0.06418885984586942
0.00025097005953944856
0.0005606905508968312
0.0
