0.0
6.111187630659027e-08
1.1332092459966149e-08
1.0182815984189257
1.8660319740826267e-08
1.5620417949608592e-08
1.4509572474748287e-08
1.4845187398443205e-08
1.6168614963442988e-08
3.3813801257916225
7.43424042156708
1.6199001515426284e-08
1.6170014552266997e-08
1.5082793364603933e-08
8.830553982046366
0.0
7.38055850078759
15.64431070082939
6.305422158284731
4.544548421759976e-07
19.80470243503594
23.507853144334568
2.7214503492815725
5.519075384903058e-09
220.91048197366564
4.599673397829289
90.57567353312878
6.54369187183935
1.0106764239852933e-07
3.302611681413942
0.0
2.221720374174218
0.032444086792416
15.678819117992548
5.694057280721854
11.116632294046646
7.516979408769794
49.43254451836876
11.501969446200924
14.303007630613518
232.56051249627654
3.774208223018248
1.216338349098242e-08
0.5244410103631231
8.28832593051387e-09
0.0
2.383557841212343
4.2262610376376857e-07
0.7947491239337338
6.564863367520147
0.8402800660085874
3.4307084260295164e-09
63.581192915332124
0.27183522602408217
7.538932182103727
1.251487761589884e-07
1.3384999424258968e-08
0.0016621863311235855
1.3343924678268673e-08
0.4668967360670923
0.0
0.00025197160637556215
4.457720223975568e-07
0.054217909808172274
8.690058552155894e-07
3.210587152931298e-09
1.1060207459677778
3.069943917629571e-07
0.042518643575209965
1.8237456425709686e-07
1.0439911366391898e-08
0.0001896641970614436
1.0454386382768983
0.08547965004898869
0.00044877127535551426
0.0
4.651966084128894e-07
0.03846778431941715
1.2845761774288175e-06
2.57686835961468e-09
25.413983731156414
8.857100627058822e-07
0.0333507164747191
9.815221155089608e-08
1.1282557343937465e-08
1.373138584601399
2.116999934385782e-08
5.5277648457879946e-08
4.0446523504416446e-08
1.5975123044528575e-07
0.0
8.904357509635292e-09
2.0534324271672736e-08
2.563574732325334e-09
1.3887396781373834e-08
1.654542595776203e-08
38.22781632287008
2.2364973700173421e-07
1.2142534195984732e-08
9.46223918501425e-07
2.3107529950050447e-08
1.3445991572715302e-06
9.259344910257598e-08
2.014002365808444e-06
8.388578362734304e-07
0.0
4.309858547074179e-08
3.1966670467142746e-09
1.698980818995052e-08
1.9145549829796737e-08
9.216439344672452
2.5124876808617296e-07
1.2868783792822112e-08
1.4039664667765612
9.267102429289839e-08
0.007458769169189422
0.16682665678472014
0.0005406149275795217
0.1405079400487957
5.4276992057245724e-06
0.0
2.6408228679071344e-09
9.284560342012147
5.135049905968084e-07
5.121937345346119e-07
1.039410550237854e-07
1.2885090229047762e-08
0.6164970475308664
1.352220719013193e-08
1.491158942805278e-08
5.221377480101686e-07
6.103039436079637e-07
3.196595435201518e-07
0.07489357064526111
8.659545584661116e-07
0.0
9.30025485672952
3.0732413634326185e-07
0.05485113969018743
1.5356648981748263e-07
1.0959765664022706e-08
0.007293204268329523
0.0001500194621637127
4.539257415876567e-07
4.216608177576831e-08
2.5874931513479864e-07
3.8775025925355886e-08
1.326676523668067e-07
0.0003408000226984508
4.087768554138632e-09
0.0
0.001059661259407024
0.5641461781869498
1.950757449163328e-07
1.086500556265569e-08
0.0908721098254376
1.7458167270457005e-08
1.4784775638880797e-06
0.008029344498660485
1.231941571394452e-06
0.09056937481149281
0.009014662248191469
0.00020048531141430843
2.8156624882221518e-09
39.27694809661423
0.0
2.775496442352175
2.358797112742297e-07
0.0725510295266931
7.734115068497969e-07
0.044833890661955374
0.0003802907010234614
0.23152692932546734
0.1963485029127437
3.0397094575265435
0.000259061194210161
0.554785450888181
4.1880187880360776e-09
0.00046948534910523193
0.0002593428802204198
0.0
0.0009402535739269075
0.19482368200240707
0.13989830452148788
0.0038111747233810687
7.104743887823622e-05
0.0049391999828155226
0.004516398188884585
0.11324715998212459
4.475630102457595e-05
0.004639684764648205
5.314500874534727e-09
5.7142287384608854e-08
4.4807472058358596e-05
0.000802223351986016
0.0
