1.0709040350782173
12.185854742116975
12.238109356720614
12.117004934071876
12.117004934071865
0.47550857510382805
0.0
25.899215168998072
44.06874574723653
44.28782219676541
45.60096741238784
44.65028781535766
26.375913000067865
0.0
44.754097598775196
79.44123209263483
79.31852968198373
100.0
100.0
49.34685625796558
0.0
51.1982476952971
77.78010437627663
77.39124514205825
97.57300094957797
98.11680884288725
40.80112464957668
0.0
55.59647009391634
63.59360391363243
65.16497155881811
67.41228378374001
65.27748049413182
70.23805573491256
0.0
0.030477562587704416
2.1258685524213643
2.3617950443839186
2.4683242214749814
4.001171815616735
2.275921012390836
0.379320145949028
0.0
0.0
0.0
0.0
0.0
0.0
0.0
0.0
12.185854742116977
12.238109356720612
12.117004934071876
12.117004934071858
23.99027872812002
0.0
44.0687457472365
44.28782219676541
45.600967412387845
44.650287815357665
63.900989693015816
0.0
79.4412320926348
79.31852968198373
68.0950617975672
68.09506179756721
100.0
0.0
77.7801043762766
77.39124514205825
56.986706637069815
57.53768686753122
99.99999999999987
0.0
63.59360391363243
65.16497155881812
67.41945612089214
65.27748049413182
100.00000000000014
0.2500988100177319
2.1258685524213647
2.361795044383918
2.468324221474982
4.001171815616736
12.770320418997212
0.0
0.0
0.0
0.0
0.0
0.0
0.0
0.0
0.0
0.2330270717309365
1.0486222658804953
0.0
0.0
0.24540457446576858
0.009440289901984356
0.09559070091585396
0.09559070091585396
0.6233001024176189
1.209396372771586
1.2093963727715855
0.777717841486603
0.053731673573429645
0.0
0.0
0.48793277383816985
2.6629726421771247
2.6629726421771247
0.962787553152418
0.0
0.6132089016170948
0.5683550599000007
0.5683550599000007
0.12530243771401575
0.12530243771401575
0.04176528539981956
0.032045438704692966
0.1620882025444944
0.0
0.02869669628192972
0.3129377719472861
0.31293777194728617
0.11205595761347652
0.0757826419212382
0.0
4.171598848055626
4.171598848055628
0.9674966097539959
0.41821100588996235
0.24151957033651988
0.07404135921946484
2.2527828732909425
1.8515406794022318
0.26462269345812717
0.10584911743816441
0.0
0.0
2.504122682487334
5.290823003556423
3.3618458799664124
1.8636422499338179
5.221210780862984
3.6102928072888196
0.0
19.463707680435764
49.39040173004879
32.44167003197061
21.047924116407614
50.99125123975651
33.52507675247308
0.0
33.749627423863316
82.5384639287717
50.48858812342057
47.8000697872106
49.073181879908304
51.14477222355877
0.0
38.98197717702088
99.67259234094165
83.18162069103103
48.95909989233592
72.77587206073194
67.95242447454277
0.0
32.43475016996011
84.654992758941
53.93229824776634
36.26459265296268
77.46606943466439
49.860445979526176
0.0
0.03772314566367147
0.0
0.009507104822446696
0.0046020581130860674
0.0046020581130860674
0.0
0.379320145949028
0.0
0.0
0.0
0.0
0.0
0.0
0.0
0.002025740940612025
0.0038753195637229437
0.15406129094365298
0.0
0.0
0.24540452496541904
0.00922170067841318
0.2330270717309365
1.0486222658804953
2.9096923230872496
1.0083331882713205
0.7777183608553706
0.09242129014217086
0.0
0.0
0.0
0.0
0.7777184450981371
0.14369831619977178
0.0
0.0
0.16011713519714335
0.16011713519714335
0.09430779655272906
0.22200267422062797
0.0
0.0
7.264778945962848
2.5584872974343638
0.8528290579546489
0.2745694498961216
0.052146049019187186
0.056748107132273275
0.06165315384163388
0.052146049019187186
0.0
0.0
0.0
0.0
0.0
0.0
0.0
0.0
0.0
0.0
0.0
0.0
3.070036911988298
2.0214146461078037
0.0
0.009440289901984356
0.22560061374907273
0.2256006137490728
0.09559070091585396
6.906385427111438
6.906385427111438
0.0
0.053731673573429645
1.9224002456927551
1.9224002456927551
0.1906864654513026
3.9203202961812487
3.9203202961812504
0.06095512517540883
0.0
0.0
0.0
0.0
33.5246777102832
33.524677710283186
0.0
0.03204543870469296
0.9274709821670204
0.9274709821670204
0.0
5.558361301898323
1.85278707364933
0.0
0.0757826419212382
2.576611185012348
2.576611185012349
0.0
0.9414235405660017
0.392138073215912
0.13722747229814553
0.07404135921946484
0.2646226934581272
0.2646226934581271
0.2646226934581271
0.10584883790825715
0.0
0.0
