0.0
0.00021079024774821689
0.0008407601946986426
1.266866477202653e-08
3.809091126478064e-09
6.1481111831916625e-06
3.28500114705662e-06
3.974705393483908e-06
3.4869202083396675e-06
2.808253742753404e-06
7.001304191371331
2.9727611113055826e-06
1.0414896406302234
0.21925669232202544
1.7765416826553424
0.0
1.3494863090498552
4.1883372187900045
1.776590505636372
3.134429949831793
3.4740630107038433
2.5850047045886657
3.476772134007466
4.382462234232806
273.2485830444185
1.7983866299799134
98.71985249297583
0.4289018179844183
0.6871555613487086
1.7641385305111552
0.0
1.764138304511519
0.8285219220543402
11.108000904999004
5.580411593605625
2.949251483771172
5.5777040882966915
17.983481426838164
94.43625671098151
17.566625517211214
212.526140132506
1.1865341334323594
0.14229169866253372
0.9699549430459564
0.00010924146751893636
0.0
2.1631576047597303
3.1987483999284326e-05
1.8207754149990754e-05
0.00028511283606398477
1.924077708284203e-05
7.515956234422148e-05
30.00952191400495
5.292062634773998e-10
3.136373610712033e-10
3.6823005006065803e-10
9.024847592041508e-05
0.0004893155799072608
0.00010794602793828778
0.002004767636096593
0.0
0.00015221626319889648
0.00029083550016209016
1.2981063017365344e-10
3.712188960184995e-05
3.0081095636024963e-05
14.965548847674246
1.229123449456398e-10
4.5366417657657404e-10
4.838038193716896e-10
4.505774155353018e-05
1.8635047616275204
0.0009600673714312691
1.3143324449452412
0.00028929834618885136
0.0
0.00025886072754483674
0.0002120669688586132
0.00023756528448254705
0.00010134419473368194
2.7841801595140803
8.486713855927617e-05
5.418436601477353e-10
4.194342706328348e-05
2.734888752135952e-09
0.0028261849779672157
0.14791721117179843
1.7804078304119882e-10
5.5705018367009976e-05
0.0004397790152481686
0.0
0.00031239984321021957
5.3441145186319786e-05
4.17403880888352e-05
3.220327274000026e-10
4.435308262439045e-05
5.762622824627768e-10
4.957681961277476e-05
7.09393013663829e-06
0.2979038523322607
8.38742031860059e-09
0.0005066277782358545
4.3249240000736345e-05
0.0002571810445046812
0.0004770991899017617
0.0
3.0440477493734053e-05
2.47038391702128e-05
3.5089446405203644e-10
6.845490758579369e-05
8.104533364226665
5.865100219095933e-05
0.0005201692187217796
0.0002805693016355982
1.2809676002757749e-08
0.7544205274406575
5.52060105489263e-05
0.00016807758279472818
3.521563493658376e-05
4.844102792508087e-10
0.0
4.1888072428709436e-05
1.288895288021255
0.00010921766063113101
25.70717278341061
1.209195778442498
0.0010422604524239132
2.537474926227433e-05
0.00010905925296565445
0.0002141160135939107
3.7373406724931894e-05
0.0001526119238413753
3.495944243244019e-05
0.00047073495882420904
3.70404607794859e-05
0.0
5.139352758473132e-09
5.130866392420915e-10
4.851897235259301e-10
5.248839882873818e-10
0.0014310680983793003
2.104754329202092e-06
0.0007746031251640833
6.29746305059046e-05
2.975922254703817e-06
5.546139481706177e-05
2.80572732399144e-06
3.137201403909203e-05
0.00029344225984527826
2.2693642035003137e-06
0.0
0.00047398423296241183
0.5250455517646482
3.0095946990143077e-05
0.0010021568283085868
0.864283115360036
0.0005713203520534502
0.0003119212478330621
3.2902933693460294e-05
0.00018329084607934622
1.708953356974041e-05
5.149143323567229e-05
0.000321002774817344
2.527822988296158e-05
8.391506331564035
0.0
6.720583141582504
5.888544253521676e-05
0.0015492223502171982
0.000788710205862148
4.249338373878173e-09
5.931077914261732e-10
1.4734234831134296e-05
2.2859902811343915e-05
4.89384344416285e-05
0.00027539157771984076
2.6386124525616874
1.1919623830047431e-05
2.502307785273197e-10
0.00026634116544882333
0.0
0.0001413078615377413
0.0015797641976735065
0.0015344100453281453
7.078373196685863e-10
8.768178882707789e-10
2.62217594996848e-06
4.228425696288805e-06
1.035204097413481e-05
0.00023086022813148337
1.2403262154283497e-05
2.0943624090052018e-06
2.851135536852267e-10
0.00013060643797371796
0.0006381474963684793
0.0
