0.0
11.466666666666676
11.466666666666667
11.466666666666667
11.466666666666667
24.000000000000004
0.0
46.133333333333304
46.13333333333333
46.13333333333333
46.13333333333333
63.99999999999999
0.0
83.73333333333329
99.99999999999997
99.99999999999997
99.99999999999997
99.99999999999999
0.0
79.99999999999996
79.99999999999999
100.0
100.0
100.00000000000001
0.0
60.800000000000026
60.800000000000004
60.800000000000004
72.53333333333333
100.00000000000001
0.0
0.0
0.0
0.0
7.199999999999964
11.999999999999964
0.0
0.0
0.0
0.0
0.0
0.0
0.0
0.0
0.0
0.0
0.0
0.0
0.0
0.0
0.0
0.0
0.0
0.0
0.0
0.0
0.0
0.0
0.0
0.0
0.0
0.0
0.0
0.0
0.0
0.0
0.0
0.0
0.0
0.0
0.0
0.0
0.0
0.0
0.0
0.0
0.0
0.0
0.0
0.0
0.0
0.0
0.0
0.0
0.0
0.0
0.26666666666666666
12.800000000000013
12.799999999999999
12.799999999999999
12.799999999999999
0.26666666666666666
0.0
23.999999999999993
41.86666666666659
41.86666666666666
41.86666666666666
41.86666666666666
23.999999999999996
0.0
41.60000000000001
77.86666666666655
61.59999999999998
68.53333333333327
68.53333333333329
48.533333333333324
0.0
47.999999999999986
79.99999999999986
79.99999999999999
67.99999999999997
68.87128712871284
55.99999999999999
0.0
52.26666666666664
66.66666666666654
66.66666666666666
66.66666666666666
54.93333333333333
52.266666666666666
0.0
0.0
4.8
4.8
4.8
4.8
0.0
0.0
0.0
0.0
0.0
0.0
0.0
0.0
0.0
0.0
0.0
0.0
0.0
0.0
0.0
0.0
0.0
0.0
0.0
0.0
0.0
0.0
0.0
0.0
0.0
0.0
0.0
0.0
0.0
0.0
0.0
0.0
0.8712871287128688
0.0
0.0
0.0
0.0
0.0
0.0
0.0
0.0
0.0
0.0
0.0
0.0
0.0
7.199999999999964
0.0
0.0
0.0
0.0
0.0
0.0
0.0
0.0
0.0
0.0
0.0
3.733333333333333
3.733333333333333
3.733333333333333
3.733333333333333
3.733333333333333
3.733333333333333
0.0
35.99999999999995
35.99999999999999
35.99999999999999
35.99999999999999
35.99999999999999
35.99999999999999
0.0
62.39999999999994
62.399999999999984
62.399999999999984
55.466666666666654
55.466666666666654
55.466666666666654
0.0
71.9999999999999
71.99999999999999
71.99999999999999
63.999999999999986
63.99999999999999
63.99999999999999
0.0
59.73333333333328
59.733333333333334
59.733333333333334
59.733333333333334
59.733333333333334
59.733333333333334
0.0
0.0
0.0
0.0
0.0
0.0
0.0
0.0
0.0
0.0
0.0
0.0
0.0
0.0
0.0
0.0
0.0
0.0
0.0
0.0
0.0
0.0
0.0
0.0
0.0
0.0
0.0
0.0
0.0
0.0
0.0
0.0
0.0
0.0
0.0
0.0
0.0
0.0
0.0
0.0
0.0
0.0
0.0
0.0
0.0
0.0
0.0
0.0
0.0
0.0
0.0
0.0
0.0
0.0
0.0
0.0
0.0
0.0
0.0
0.0
0.0
0.0
0.0
0.0
