0.0
0.0002994453263866514
0.001194462085396324
0.0012713320995468784
9.665797031906507e-09
8.7218126184841e-06
4.660098743150061e-06
5.6388694687578735e-06
4.9466257107415296e-06
3.983070390998696e-06
2.015835894023613e-09
4.2178259445919835e-06
4.470685764322411e-10
2.680232577980954e-06
1.8261386508716688
0.0
1.8261189078318592
3.4683125371538273
0.913168882308811
0.6531577209691172
1.0492720398251465
1.8711803549378931
1.0493062068680665
2.4837713632479046
333.5928055444984
2.694550822410018e-05
46.952318357593526
1.0861746829455203
0.00011195243583683667
0.690116923501911
0.0
0.6901167971561977
0.4375387743889182
8.800050469276085
9.232937670616638
3.7329095885722703
5.904785412809259
20.454980528448882
54.31918303871827
19.842402363759106
264.13758734670984
1.813883154499387
0.8663210541631072
1.7303963001942995
0.0002131876532000435
0.0
5.506726573348203
4.54202078943621e-05
2.5853438722569322e-05
0.029827669281317006
4.325504238616199
0.00010674835768637787
10.657124563220178
9.390094532489172e-10
2.698126326498457
1.2237176246760511e-09
0.00012820672492960724
0.0020815600751885677
0.00014659282141772227
0.18788911980191747
0.0
0.00021652211509841693
4.974589706512995e-05
3.6521503293504774e-10
5.269853225966828e-05
4.2701734199186714e-05
2.743147869211623e-09
3.0340297853995296e-10
2.188557042556379e-08
6.349750918987348e-09
6.399302978782491e-05
0.00022199306457973482
0.0013618065453402084
3.9370095012407242
0.0005268382313270371
0.0
0.00036814423912024427
0.0003007867762668485
0.00033903979556709773
0.00014387661504823958
5.131353612696499
0.00012046191016085192
1.2499893018272791e-09
5.9603589493463814e-05
6.880363794205136e-09
0.004409528761143021
1.1316828458187752e-08
6.786256593716813e-10
7.91142120721611e-05
0.0006678826515200296
0.0
0.00048039586167585783
7.60447661058107e-05
5.9247067555862675e-05
8.01321425890242e-10
6.30313925402228e-05
1.0796283319515806e-09
7.044191389741571e-05
1.1812431005886902e-08
0.0021539277359040243
8.590292564102522e-09
0.0007083744975522534
4.475163956380727e-05
0.00033160868455888684
0.0006165458888075712
0.0
0.10848250471823082
3.506640261785748e-05
6.270345840492755e-10
9.729444065077861e-05
10.984861339331406
8.334110868499006e-05
0.0007385836433813418
0.00039845059907404944
1.2472193619406868
1.7177584141760651
7.837349435912866e-05
0.00023874046423550142
4.99834018915406e-05
1.2591913243322316e-09
0.0
5.945772937722676e-05
4.159209594155525e-08
0.00015500335094608772
19.18455338139342
0.7037535373734376
0.0011192915884144488
3.602305995333095e-05
0.0001478456590694586
0.0003041288612999327
5.30552540966049e-05
0.00021710089680299582
0.0014100828759052767
0.0006701490892960877
5.2584610721280334e-05
0.0
1.2973804829172912
1.7957068859412018e-08
3.136539318538181e-10
6.413886085230553e-09
0.0020336745881525493
2.9881490444805894e-06
0.0011000308803832113
5.177801569456361e-05
4.22405748203682e-06
7.87812671375497e-05
3.985239660981638e-06
4.378922142882845e-05
0.00045332800117081314
3.221214383964904e-06
0.0
0.0006730472644424823
0.6696560621554046
4.277617148826415e-05
0.09926431281389436
0.0007372354644826439
0.0008117518196083945
0.0004310236323320861
4.672242330198462e-05
0.00025687135080735483
2.4257779921883957e-05
7.158109445329674e-05
0.00040190195496414224
3.5888807827393337e-05
3.480794505117422e-09
0.0
10.950471296768082
8.367745148472083e-05
0.002204326138408353
0.0011202079844669728
4.128947980861582e-09
3.5040366388021535e-10
2.0931163142496e-05
3.245273632941408e-05
6.948016978204027e-05
0.00038478750651927155
1.4451228146410569
1.6920974785619537e-05
5.601805900566144e-10
0.0003784514029368009
0.0
0.00020054840128268866
0.0022452232629236544
0.0021792020935977167
6.881430405729462e-10
3.555708184311033e-10
3.72626479366101e-06
6.00459295954906e-06
1.4702059783497339e-05
0.0003246063066857254
1.761728554810904e-05
2.9737823844154865e-06
6.331314147843069e-10
0.0001858890322602051
0.0009061557394604619
0.0
