1.0712462571151316
12.187936092706456
12.270042836906828
12.13214890645421
12.132148906454223
0.4453698518917759
0.0
25.89796429667878
44.0575903900105
44.068703320965625
46.080366101395576
44.85371666174012
28.61502635137472
0.0
40.59916363508977
95.46774545819764
94.03914874312802
99.99999999999999
100.0
41.49391312033591
0.0
46.522433829061555
98.21274416096503
100.00000000000001
99.99999999999999
100.0
62.249987117455724
3.344231462809673
46.84053955815282
84.84891101729633
84.43541562070662
99.99999999999996
92.41079828748475
65.05161673497842
3.2355679913276405
0.10058993241951229
1.7813972911210216
1.7813972911210219
1.4883634955614717
3.6090660895424915
4.626296168263564
0.7710493466771513
0.0
0.0
0.0
0.0
0.0
0.0
0.0
0.0
12.187936092706453
12.270042836906828
12.132148906454207
12.132148906454226
23.9908281919677
0.0
44.057590390010446
44.068703320965625
46.080366101395576
44.85371666174012
63.78429761856593
0.0
53.11160678828679
51.68301007321726
76.2801029843918
73.13485718150227
99.74038510838447
8.662108241235485
64.69792692780359
65.73962936174037
55.98802536870948
66.01914765857319
100.00000000000001
6.199050472789525
39.824811693976585
39.411316297386854
24.34379357193498
27.35918155250632
100.0
0.10058915813161359
1.7813972911210214
1.7813972911210219
1.4883634955614717
3.6090660895424915
25.128487714111646
0.0
0.0
0.0
0.0
0.0
0.0
0.0
0.0005477001745091168
0.0002738500872545584
0.0002738500872545584
0.00929983849535368
0.0
0.0
5.142948181342847
0.004033954098633979
0.0
0.21421393992283186
1.4994980416847203
8.569519604367594
8.569519604367592
4.000301483520853
0.05100672424880237
0.0
0.0
0.0
0.0
0.0
3.1670547186540805
2.1203137960392944
8.548261333801733
12.053563424592355
0.3346667783231181
1.6147535533752493
1.6147535533752495
1.626906059969428
0.269333217420413
5.520310294125038
5.044433675913299
1.2446114399118686
1.3260140362688928
1.0129430361923097
0.0
0.4226202782961933
11.144895538504928
11.319369768275019
3.3986679429856252
1.4283104206545953
0.5192516392866445
0.12972521378741836
0.12887842844265276
3.8268765157992677
3.8268765157992677
0.5549899470522676
0.221995978656505
0.0
0.0
2.5039187796260296
5.295392134867943
3.425610645452629
1.867191109041857
5.292574380946037
3.6373928238250093
0.0
19.463821081913014
50.27610477476893
31.902194112641975
21.67994829553719
51.46801924202232
35.47690503164327
0.0
52.243410227011374
69.96010339061569
75.79128151404593
51.73334966480496
42.63002101298078
41.92585443509914
0.0
60.404094285277125
85.61055553767757
71.92401583907126
77.87987463064337
69.60528442523022
62.2499871174557
3.344231462809673
54.710729853151065
72.2771573196076
66.01612423759401
75.60136193794375
69.75885033830941
65.05161673497842
3.235567991327641
0.9071143611889617
0.0
0.22283565227821645
0.5860675911191002
0.20117909055112587
0.0
0.7710493466771512
1.2625465445358866
0.0
0.0
0.0
0.0
0.0
0.0
0.0026342109994975673
0.01111143714171538
0.02665582780240759
0.009326797978084557
0.0031084437702508113
2.857193439306531
0.0026342109994975673
0.21421393992283186
1.4994980416847203
3.679948259693073
1.2266493960138876
2.8571934201498737
0.20222092584170592
0.0
0.0
0.0
0.0
2.2599403594246588
0.044682958789447294
0.0
0.18217975771677064
0.18217975771677064
0.18217975771677064
1.0770100272256165
0.0
0.0
0.0
2.1873405505175096
0.8202526245338617
0.273417497229523
0.0
0.47587661821173777
0.6244348506571661
0.8472705029353831
0.47587661821173777
0.9517532364234755
0.0
0.0
0.0
0.0
0.0
0.0
0.0
0.0
0.0002738500872545584
0.0002738500872545584
0.0002738500872545584
2.100220951241069
2.1002209512410683
0.0
0.004033954098633979
0.146238078749816
0.14623807874981595
0.0
4.018470038236533
4.018470038236533
1.4994980416847203
0.05100672424880237
1.8249078858653798
1.82490788586538
0.0
2.500803441836133
2.500803441836133
0.0
2.1203137960392944
0.0
0.0
0.45746106488715205
0.9071143611889617
0.9071143611889617
0.0
0.269333217420413
4.163936644193568
4.163936644193566
1.720488058123606
6.492656689668857
1.5125657862272552
0.0
0.4226202782961933
3.224193713215541
3.224193713215544
3.2241937132155436
1.4284507089407845
0.5193919508453062
0.1297252137874183
0.12887842844265276
0.5549899470522677
0.5549899470522675
0.5549899470522676
0.22199594320916
0.0
0.0
