0.0
11.466431775645342
11.466431775645335
11.46648042115985
11.46648042115985
23.999642465213878
0.0
46.24872627112864
46.24872627112854
45.83280318019961
41.676929607783954
63.641345029513865
0.0
99.99999999999969
99.99999999999983
100.00000000000001
99.83242862329938
100.00000000000003
0.0
76.78865235746012
76.20072900762509
84.96967314588832
99.99999999999999
99.99999999999999
0.0
59.945667790222835
59.959410251093765
60.46506607706631
70.04574872864306
100.00000000000004
0.0
3.429463407923465
3.429463407923465
3.429463407923465
3.429463407923465
31.02791148486351
0.0
0.0
0.0
0.0
0.0
0.0
0.0
0.0
0.0
0.0
0.0
0.0
0.0
0.0
0.0
0.7853951149587121
0.0
0.0
0.9065882222884203
0.0
0.0
0.0
0.0
0.0
0.9065882229390833
0.6742524582001902
0.0
0.5893720693366995
8.11716947667382
2.600646518460131
0.8668821611172691
0.0
0.10505942379360605
0.10505942379360605
0.10505942379360605
0.10505942379360605
0.10505942379360605
0.0
0.0
0.0
0.0
0.0
0.0
0.0
0.0
0.0
0.0
0.0
0.0
0.0
0.2666553783124574
12.799744454094728
12.799744454094718
12.799809314780738
12.799809314780738
0.26664727072670535
0.0
24.060309947591502
41.97140485896207
41.971404858961925
41.59004684489868
45.932097766354204
23.967682344624357
0.09929458615463616
44.81873169272962
64.9292413068628
64.92924130686275
69.21410690499692
77.64100481215766
33.55284033697228
0.2648269984829064
57.992185021061744
87.37605163383246
87.05738675713097
71.7529644168287
72.37088499675826
40.71907016446393
0.0
52.34034776161057
65.09522067360145
65.11092634316825
70.68618171464608
58.22994695733701
59.68017697814502
1.5510354208483823
0.0
3.429463407923465
3.429463407923465
3.8732538505177403
3.8732538505177403
0.0
0.0
0.0
0.0
0.0
0.0
0.0
0.0
0.0
0.0
0.0
0.0
0.0
0.0
0.0
0.0
0.0
0.0
0.0
0.897594417095671
0.0
0.0
0.906588228700093
0.0
0.0
0.0
0.0
0.0
0.0
1.0558077114281446
0.0
1.3887061836406445
14.419152224867327
0.6735680792419425
1.2629401485786418
1.2629401485786418
1.2629401485786418
0.0
0.0
0.0
0.0
0.0
0.0
0.0
0.0
0.39592274318134996
4.466864367326512
4.070941624145144
0.8806916385242389
0.3218932253679891
0.08498828214062953
0.8169187332805266
1.5317226249009894
1.5317226249009894
0.0
0.0
0.0
0.0
3.733175296374404
3.733175296374404
3.733175296374404
3.733061790173876
3.733061790173875
3.733061790173875
0.0
36.090464921387245
36.09046492138726
36.09046492138726
35.67225749337663
35.67225749337664
35.67225749337664
0.08688276288530664
53.39619147476824
62.39786338266488
52.622711272380215
43.32858785581837
39.09121664288239
49.879256470651
0.2317236236725431
61.41366661895439
77.25848010817771
66.59292683544902
63.521652030413584
60.16421655120772
61.07860511611586
0.0
58.33139397548105
58.0713595357839
62.69430473057264
60.29007224646213
57.414520141742955
52.22015485587689
1.3571559932423345
0.2627995596632047
0.11358007153794425
0.4437904425942755
0.0
0.0
0.0
0.0
0.0
0.0
0.0
0.0
0.0
0.0
0.0
0.0
0.0
0.0
0.0
0.0
0.0
0.0
0.0
0.0
0.0
0.0
4.22525559243845
4.225255592438449
0.7221033622624417
0.0
0.0
0.0
0.0
2.5859915005508163
2.585991500550818
0.0
0.0
0.0
0.0
0.0
4.561805495524667
2.089072833753646
0.0
0.0
0.0
0.0
0.0
2.755194115400379
0.47583590156571637
0.0
0.0
3.635408928467056
3.6354089284670725
0.0
0.8753799391645068
0.31658152665213923
0.07436474687305084
0.7148038916204612
0.0
0.0
0.0
0.0
0.0
0.0
