0.0
11.466515527376883
11.466515527376888
11.46654682695193
11.466546826951928
23.999769944031467
0.0
41.97338930029467
46.16834476729151
45.82710934875327
45.92828518630419
63.63454996492231
0.0
99.99999999999991
99.99999999999993
100.00000000000003
99.9731930636751
99.99999999999997
0.0
76.75236672927025
76.16113105351646
85.64380900266065
100.0
100.00000000000001
0.0
59.960268052881574
59.97237244100096
60.35919311506257
70.00716232157399
99.99999999999997
0.0
3.4657000821890622
3.4657000821890622
3.4657000821890622
3.4657000821890622
30.456575588179028
0.0
0.0
0.0
0.0
0.0
0.0
0.0
0.0
0.0
0.0
0.0
0.0
0.0
0.0
0.0
0.8002751391460965
0.0
0.0
0.9124608088338891
0.0
0.0
0.0
0.0
0.0
0.9124608091788708
0.6707190125758373
0.0
0.5820484472555297
8.101068044224451
2.595487814654775
0.8651626000591905
0.0
0.09782982291353345
0.09782982291353345
0.09782982291353345
0.09782982291353345
0.09782982291353345
0.0
0.0
0.0
0.0
0.0
0.0
0.0
0.0
0.0
0.0
0.0
0.0
0.0
0.2666594029997492
12.799835570716722
12.799835570716729
12.799877303483454
12.799877303483452
0.2666541864039089
0.0
24.061452585577676
46.25091258708125
42.05595712008449
41.584806017758446
41.6733348756155
23.96707009699728
0.10117583755085152
44.64009612200024
65.2092376582835
65.20923765828353
68.89298526569718
77.62406950961388
33.69358711509411
0.27916986046888254
58.01972871845589
87.35933624209964
87.03811110727324
70.92551855049983
71.96398185087973
40.75492506847333
0.0
52.338803421066295
65.1108506612989
65.12468424772166
70.64399725336229
58.2021538726981
59.66641645454334
1.5464485812978208
0.0
3.4657000821890622
3.4657000821890622
3.900507683929504
3.900507683929504
0.0
0.0
0.0
0.0
0.0
0.0
0.0
0.0
0.0
0.0
0.0
0.0
0.0
0.0
0.0
0.0
0.0
0.0
0.0
0.9146001590241102
0.0
0.0
0.9124608114950177
0.0
0.0
0.0
0.0
0.0
0.0
1.0609000864054827
0.0
1.4558163092775096
14.398225061807063
0.6651982254348914
1.24724667269042
1.24724667269042
1.24724667269042
0.0
0.0
0.0
0.0
0.0
0.0
0.0
0.0
0.40613963419220356
4.477081278777624
4.070941644585407
0.8806916807742298
0.32189329919140486
0.08498831814052166
0.8058769086353794
1.511019203691333
1.511019203691333
0.0
0.0
0.0
0.0
3.733231641996487
3.733231641996487
3.733231641996487
3.733158609654724
3.7331586096547262
3.7331586096547262
0.0
36.09217887836654
36.092178878366504
36.092178878366504
35.66604810238416
35.66604810238416
35.66604810238416
0.08852885785699507
53.391593187370404
62.241652611388744
52.43747103711541
43.22037269854003
39.058473469541894
49.78997787884378
0.24427362791027224
61.42309783909494
77.25111346886301
66.59992146631316
63.51696167423138
60.18772239953215
61.132387548530936
0.0
58.356770848452555
58.102313187430795
62.643018245576854
60.16153512390882
57.367660950190235
52.208114397725424
1.3531425086355933
0.25891080326470367
0.11047152615861168
0.4348076017404416
0.0
0.0
0.0
0.0
0.0
0.0
0.0
0.0
0.0
0.0
0.0
0.0
0.0
0.0
0.0
0.0
0.0
0.0
0.0
0.0
0.0
0.0
4.305307183789275
4.305307183789278
0.7113805237289735
0.0
0.0
0.0
0.0
2.5826462499198852
2.582646249919889
0.0
0.0
0.0
0.0
0.0
4.559459341729739
2.0781498794852884
0.0
0.0
0.0
0.0
0.0
2.6872959704448065
0.46271656092568
0.0
0.0
3.6412349640014483
3.6412349640014354
0.0
0.8753799392066397
0.3165815578775446
0.07436477837295645
0.7051422950559565
0.0
0.0
0.0
0.0
0.0
0.0
