0.0
5.827015338608586e-09
1.9783970590127623e-09
1.157738392421019
3.6438860329589473e-09
2.303547853243156e-09
2.1715953196587806e-09
2.266944038895671e-09
2.3239540624965997e-09
0.8775478709474807
1.6158225248676522e-09
2.2739456664771146e-09
2.575578623549937e-09
2.15509386343744e-09
5.459012416770629
0.0
3.205003337940843
11.299360485420557
3.7668098939660233
2.109901109389618
8.060157223271858
13.01881235613702
2.6406414457823058
0.3144196831578919
134.04750132469158
7.144394656281737
172.67761391841302
12.664335794014567
0.9509942635375879
3.3194224324819763
0.0
2.18756095321824
0.793810250039003
18.081826394530424
11.933566527903459
15.401478500176719
12.547932443259835
49.46251864110137
11.62292035224517
30.003980707131426
195.38851371031404
5.007414398790768
1.1716656963650402e-09
0.9694706346632829
1.3099632606547854e-09
0.0
2.4285453319542025
2.0675850591427717e-08
0.7992655880547888
6.460234642143565
4.743261704223593
4.2274141932415073e-10
62.87893670672894
0.2567629324613988
7.426879664210201
5.804745393030943e-09
2.4480196959734886e-09
0.00042084420582576477
1.9485120359774777e-09
0.2196287023700082
0.0
0.0001073515996442552
7.575257279153621e-08
0.055011295147544145
6.448006320518467e-08
4.2900328653477254e-10
3.1361163716619096
3.58276518572955e-08
0.041815158197694983
9.160031316734683e-09
1.942848327609441e-09
6.265967971067602
0.00017387658488047044
0.10011083264054141
0.00041232886977155415
0.0
5.553601856496261e-08
0.04505769573573702
9.407122606422534e-08
3.2689773343705084e-10
10.570527625731895
9.085567891963197e-08
0.03822903330562946
1.0305591637561159e-08
1.2283477516557822e-09
0.7284561107591685
2.6935528144367156e-08
7.095049967366419e-09
5.373366083444118e-09
6.027657913914856e-08
0.0
2.3040410938776167e-09
0.10338966465677847
3.247629947069819e-10
1.6472331541544965e-09
1.6423645201549931e-09
35.3777994714482
1.4793848151342096e-08
1.3531989719109026e-09
1.3493012099997117e-07
6.898025718863389e-09
8.571117222927432e-08
1.0803081034027157e-08
2.3328508826883313e-07
0.000320087995148739
0.0
0.24831234618058895
3.653584570108611e-10
2.0661114505006362e-09
1.9764269695937864e-09
1.5181104299838253
1.7809514639942222e-08
2.157723969701709e-09
0.4101187527832024
2.180121973629256
0.008315919755611793
0.006910380918492493
5.994435553157776e-06
0.006910311597403114
1.843497611705778e-09
0.0
3.3155991089133695e-10
2.1194358171036196e-07
8.38530012546845e-06
4.868731767187128
1.2088871711152016
5.753760343743178e-08
0.24480212611620725
1.8175289177274143e-09
0.00025976499874038207
4.169655618385108e-08
9.890151637157505e-08
3.7961733539418126e-08
0.07707234609825843
6.4387852164108e-08
0.0
59.33277398024307
3.601891498061512e-08
0.050873926521565555
8.931949962310376e-09
0.0009537696767020194
2.4308034916639566e-08
0.031595896617158656
0.0004748676691254609
5.702067202201741e-09
1.0234482134312556e-08
5.627244797945211e-09
1.4870556102275372e-07
0.0002851636824119936
3.4106935053680345e-10
0.0
0.00041397209472427836
0.09845573155539941
9.919087266337015e-09
1.551174644226446e-09
0.0003017126892964054
0.33702371595188585
9.380880369669995e-08
2.853543213046115e-08
7.364672404369646e-08
0.095317909640496
0.0111092667712169
4.925715735073666e-05
2.6297292916210016e-10
110.55508208977722
0.0
0.7945034512419393
1.6250851106613165e-08
1.3649966489005652
0.46424607327658834
0.20683697054607175
0.1680687180038533
7.60310220872481e-09
1.155318560859287e-05
4.794997601131054
0.00011952406574665499
8.371560634237905
6.107223740465284e-10
1.2495020551443885e-09
0.0001196607946966905
0.0
0.00010784642206920132
0.11109627231916772
0.10672443948863858
0.09244337986364513
0.08728532945427639
2.0334203334530726e-08
2.9280685103634094e-07
0.23357509623134703
2.4425453673772104e-07
0.5526158391036926
7.895747663591163e-10
0.006021802731992369
5.407560001982051e-07
9.100632999916407e-05
0.0
