0.0
0.00022780633415190932
0.0009089487456162086
1.6871306310778245e-09
1.6644236791686597e-09
6.589539423790317e-06
3.517159908362026e-06
4.162485371384148e-06
3.7308099029043598e-06
3.0806854414050626e-06
1.882335531272451e-09
3.182073409911031e-06
5.410813158376443e-10
2.1567328413938594e-06
1.8186081820565645
0.0
1.8185953110331416
5.2294373199273805
1.7172324873816256
0.056650614670054084
0.3210429617130198
1.3641447245142777
0.32099322857203727
3.618682600506909
335.5945705738348
7.736867498562285
38.11151857588997
2.3350986968447436
8.38012280858279e-05
1.0620406318779543
0.0
1.0620405479945152
1.3770770286662444e-05
8.902222000452278
9.97950079872355
4.5015781843665525
9.979552246789243
23.09376620792323
34.32645003265827
11.353635665345914
280.1127600726136
2.19671277522668e-06
0.7129480557262537
1.4240584790293291
0.00011816031473392236
0.0
3.6186837956338604
3.4474142270827195e-05
1.9560550867279447e-05
0.0003083949884476821
2.0659882213389188e-05
8.480740520805684e-05
30.74573309757603
1.6114386404668237
4.353086271097316e-10
1.13451497719986e-09
9.761294212976353e-05
0.0014895923317478825
0.00011699951109283161
0.09336578691318557
0.0
0.00016503142767176546
3.768432053950727e-05
2.295648212277487e-09
3.9914806990084394e-05
3.312673730003513e-05
0.6108737791399479
2.637695307320604e-09
2.292106725931885e-09
6.502166380183181e-10
4.872815675066088e-05
6.29159020415326e-05
0.0006220807666714405
1.3846751791680445
0.0002036552353817653
0.0
0.00011092239336562799
8.508471132868328e-09
0.00012504733973641818
8.670411350961904e-05
8.718552839555537
0.5141621802611133
4.1719687280310213e-10
0.21476080850350504
7.907387327126689e-09
0.0022006713447826447
7.119885370098686e-09
0.12606582584050813
6.275203279626807e-05
0.000466657918718186
0.0
0.0003364134867816925
6.85848473679737e-05
4.5048830594369684e-05
1.2546822822860583e-09
2.7605237997154013e-09
7.853679948293347e-10
6.010726944023576e-05
8.133967592611798e-09
0.001662929953727277
4.2667755299953076e-09
0.0005529684610119354
3.499681375574192e-05
0.0002530255796295032
0.00047013788157753724
0.0
0.04069122572341915
2.652839941951949e-05
3.3677397076226815e-10
3.836299263269041e-09
7.248656199235972
6.83765828268109e-05
0.00031445735314043896
0.0005490944640701455
0.4835441770253069
0.8546948963483726
6.021997939234603e-05
0.0002199079454080912
3.787848771891708e-05
7.617578031318639e-10
0.0
4.5153717548102444e-05
0.8637959105810501
0.00011788401501617847
26.75474653852539
0.14971356121007953
0.0008493766798740918
0.06639410867314308
0.00011789441481309566
0.0002314265340792863
0.13279170836549453
0.00016549720663203832
3.760916393284435e-05
0.0005089903651956621
3.983053532092466e-05
0.0
2.136688564823106e-09
2.5685715995444105e-09
7.795986475105632e-10
6.996020632415171e-10
0.001545225850607799
2.267453517600955e-06
0.000836876224730889
3.9355493596994114e-05
3.202125060168379e-06
5.9656746381017903e-05
3.020711270549673e-06
3.636175934347757e-05
0.00034414104415507983
2.4458202788325445e-06
0.0
0.0005120266232161777
0.4424756544771159
3.446863379810211e-05
0.0008376687212510102
0.0005591607166047631
0.0006178695252145174
0.0003273581324153873
3.600500555366902e-05
0.00019609802427740953
1.8396442017351802e-05
6.100728095095241e-05
0.00030572487295418057
2.7238178455003595e-05
4.662233279676261e-10
0.0
7.237090125301007
6.8554611067841e-05
0.001749353514323346
0.0008542032025342776
1.9844689852500093e-09
1.8854897574049914e-10
1.6368231074299624e-05
2.4657895222312514e-05
5.2825348612932036e-05
0.0002949478055877568
2.1543685117961098
1.2846248091791094e-05
3.6368438460315366e-10
0.00018247211089403545
0.0
0.00014707755808681457
0.000894895869359014
0.002511326332764249
3.307368310286613e-10
2.66447644550861e-10
2.91999481839303e-06
4.5598134270643555e-06
1.1165227326400648e-05
0.000260739438066469
1.3379275671131452e-05
2.257130340229243e-06
4.014679682730933e-10
6.537882184484714e-05
0.0006903675854053952
0.0
