0.0
4.0188053335218605e-08
2.5513030790920076e-08
1.285381668808154
1.744935254579803e-08
1.7745714895930095e-08
1.8508296220423944e-08
1.677756597692301e-08
1.80627470536739e-08
5.072607488049282
10.129942873526781
2.0733015099777023e-08
1.8101881326450697e-08
1.2338066042381666e-08
8.551550356531257
0.0
5.9174892601743405
10.359425329336373
5.488316751070232
1.8318429354201082
9.186031811072532
14.97464038972414
3.3629073520888255
5.34951658701578e-09
205.14228014867257
5.56815876498127
129.1218756940474
2.817819361869036
1.2015185540479962
3.949978801787518
0.0
2.0213926402083024
1.2343434589543432
13.193463023043297
10.129271856786886
13.326729930485246
9.328060819085737
53.96243955180552
11.476029472238844
15.052128053752009
206.03603756845274
6.778579099370492
8.295278075905926e-09
0.8002043995862704
7.298172667734236e-09
0.0
2.4540943506580932
5.350862736824202e-07
0.8076673068957353
6.505803321773621
0.8068387023562288
3.072953383427661e-09
80.2291904987199
0.25671628486782583
7.496420462036601
3.765080547169715e-08
1.3085383179504427e-08
0.0010342291022284451
2.264222217838626e-08
0.3411565506451303
0.0
0.00021611485554508183
4.870121581565665e-07
0.05497210357527417
7.851276983300321e-07
3.0262395499100064e-09
4.2006838656914836
2.962245993192322e-07
0.04140598831967882
6.454598238730498e-08
1.2203446628855501e-08
4.187503016605822
2.264834633802576e-08
0.0984240438147536
0.0007418039682890724
0.0
4.52331463238883e-07
0.04452892217241794
1.154453044758167e-06
2.3167442401495773e-09
9.907590817133165
7.52520128334525e-07
0.037036673927334465
8.699317633076767e-08
1.072627501700566e-08
0.6954513869215536
1.1851424974142428e-08
5.541517916066692e-08
4.3048695195317337e-08
1.6403328808262205e-06
0.0
1.975524984035864e-08
1.2122681902868637e-08
2.24863809410326e-09
0.5572818831452222
1.510595969761042e-08
34.96902560480334
1.1345319096541417e-07
1.1991550601055004e-08
1.098853842177945e-06
1.0255054836142197e-08
6.904858235133976e-07
8.489892685861939e-08
4.427230000604139e-06
1.3145355801607636e-06
0.0
0.2990831467941447
2.51761158669074e-09
0.7357114927201747
1.8713119124430528e-08
4.25188744063011
1.482197471831743e-07
1.1236473419131329e-08
0.21486964523903493
1.6472184967579682
0.008191802965626709
0.006720974739940613
0.0004787341919870444
0.006720446652299458
2.086501484225378e-08
0.0
2.3447554077084778e-09
2.8175020470230883
0.00011646831247348532
3.507726624629668e-08
1.1268039044087842e-07
0.0864028176459504
0.599648900575828
1.7455233809382853e-08
0.0007170850045351237
0.43201542974436297
7.384595525377725e-07
3.096825312123697e-07
0.07652373563215518
7.834312120596953e-07
0.0
5.419668807496957
2.961223318031453e-07
0.05280370969301318
6.386701394046885e-08
0.0021412469017065587
1.1499478847751252e-07
0.02232315157177185
0.00045985363801213274
7.317398287915223e-06
1.540954369838154e-07
4.9545506804306005e-08
1.4221662960224646e-05
0.00025508005391616925
2.583619555161011e-09
0.0
0.0005461532499535218
0.3173659669005601
8.824392660246995e-08
9.545603282402241e-08
3.5485163761225446e-07
0.23817949320159543
7.329727757412344e-07
3.348112050034247e-07
1.15543702749442e-06
0.18854093444198106
0.010923635541469424
0.00018191979626174236
2.1092074837520205e-09
59.296932488654576
0.0
1.9296373797511974
1.3156286647307406e-07
0.5378488846178054
0.27462204506611665
1.3989046802886733e-08
0.0005061899496568408
0.15075373888165086
0.9519304890331409
3.151761835011503
0.00025816261649827115
2.1816420135628842
2.7462764398552595e-09
0.0005856866984833456
0.00026133714531853547
0.0
0.0011874944241363652
0.07501431186348158
0.08494337391137216
1.4924991875104648e-08
0.0003995210308555745
0.07070286535750779
0.09749805182802762
0.21231628732951843
8.160448415936124e-06
0.10005759366199223
3.1609813749730484e-09
1.3349005912523535
1.1630480845247598e-05
0.000286202555696364
0.0
