0.0
0.0002914427005158921
0.0011626060191561537
0.001237359042263322
9.155255705332357e-09
8.48820748522252e-06
4.534975440701502e-06
5.487448236771359e-06
4.813807864331662e-06
3.876119489747701e-06
1.9062397710709435e-09
4.104276324935804e-06
4.235866673062951e-10
2.608264865325752e-06
1.8260825881119835
0.0
1.826063363315237
3.468561188586561
0.9131381889742199
0.6531717888228742
1.0491935802878438
1.8706604416513832
1.0492370946808218
2.484102177455073
333.58580382621744
2.622090698558338e-05
46.95527718984236
1.085625749951356
0.00010895262213424521
0.6900876274619233
0.0
0.6900875079194291
0.4376768339154694
8.800444536224276
9.234731299466663
3.7343222780643486
5.906229676439562
20.455120316502956
54.319814410472944
19.840064716470007
264.13396028283796
1.814439758973587
0.8663075370063464
1.7304291227797066
0.0002074839306586856
0.0
5.50680655579901
4.420276143631147e-05
2.5159465379412528e-05
0.029847085377236526
4.325599330294866
0.00010389118391636659
10.658736603312057
8.89574248887119e-10
2.697890277099331
1.1586995716539976e-09
0.00012477318537173836
0.0020260059588804945
0.00014268222892563752
0.18786570206073827
0.0
0.00021073412289067953
4.8410483934203575e-05
3.46058495496639e-10
5.1284133820568287e-05
4.155533073533134e-05
2.597777672433643e-09
2.874708161833813e-10
2.072113284670809e-08
6.0147342483137635e-09
6.227710909812076e-05
0.0002160465687615201
0.0013255303350214905
3.936787152501158
0.0005126284962862261
0.0
0.0003582916554133947
0.00029278500214506624
0.0003299338408231824
0.00014002525784605926
5.137376939423215
0.00011722903496665609
1.1840581494134088e-09
5.800273495959304e-05
6.518059252769881e-09
0.00429196300948738
1.0723318592382138e-08
6.428840540862323e-10
7.699709246391509e-05
0.0006499938251438364
0.0
0.00046758268345020585
7.400792985642017e-05
5.765779893900868e-05
7.588980430151452e-10
6.133936213019453e-05
1.0227399886197446e-09
6.855101550200528e-05
1.1191860646839931e-08
0.0020965206257723087
8.139601072175807e-09
0.0006895041289771743
4.355365551325774e-05
0.0003227144747008195
0.0006000614541048948
0.0
0.10843197985840233
3.412586681137709e-05
5.938134890497323e-10
9.468426336934453e-05
10.983140795108822
8.110464387600804e-05
0.000718888877692528
0.0003878255191989656
1.2473983835774982
1.7175461141949788
7.627166649955923e-05
0.00023234617343477793
4.864149444313563e-05
1.1822427015164932e-09
0.0
5.786285498254304e-05
3.943661739113574e-08
0.00015084971518706345
19.169590298037065
0.7102255117938467
0.0010894482957464573
3.5055767446456694e-05
0.00014388209673637164
0.00029599173221784994
5.16309803351988e-05
0.00021129797038551935
0.0013724748664905534
0.0006523068665417219
5.117307378795974e-05
0.0
1.2976422988393537
1.705109680457183e-08
2.971830369149511e-10
6.075505596904622e-09
0.0019794830766605522
2.9078746712195067e-06
0.0010707053719693725
5.039759024607072e-05
4.110694470047648e-06
7.666738561664872e-05
3.878242199666633e-06
4.261318428853121e-05
0.0004411850173582914
3.1348372248106173e-06
0.0
0.0006550505186849508
0.6695546297429047
4.162751685400264e-05
0.09934282625430794
0.0007175869106598912
0.0007901025971596557
0.0004195405382354838
4.547083904249902e-05
0.0002499803235028042
2.3606951081934516e-05
6.9660050451774e-05
0.0003911603823964886
3.4926845816372274e-05
3.276203646620507e-09
0.0
10.948596221696523
8.143220794406704e-05
0.002145548373393641
0.001090349177038965
3.912280184163821e-09
3.319603196040211e-10
2.0370377447427686e-05
3.1581156595406294e-05
6.761944079708608e-05
0.00037449013105271057
1.4471812411032592
1.6466998874454027e-05
5.305972420758779e-10
0.00036833167278161553
0.0
0.00019518090095487587
0.002185367884707467
0.0021211216180686823
6.52038975592714e-10
3.368621476070663e-10
3.6265043110200154e-06
5.843788863125427e-06
1.4310077465055534e-05
0.00031590250750646373
1.714792782962592e-05
2.89403422192734e-06
5.99693945473829e-10
0.0001809050423945802
0.0008819273909900071
0.0
