1.0712432691516294
12.18791808212878
12.269770143937976
12.131123082662315
12.131123082662311
0.4775833165986243
0.0
25.899286127644025
44.069377772436454
44.04322013543549
46.65269741259121
45.07013746583845
26.64971978721584
0.0
40.65465653025525
98.89391419495692
100.0
100.0
99.99999999999997
49.97838409737466
0.8445451332459569
49.22361966494203
99.99999999999999
99.99999999999999
100.0
100.0
67.06277542104041
3.808965652626599
55.63656752612246
92.29234828210514
92.90442352687425
91.65858871047195
97.64303499423826
60.61857708640859
3.010232762633893
0.0
0.23879968401636492
0.35756748308017416
0.1564562418018372
2.3131481140236727
4.626296228047345
0.7710493619579524
0.0
0.0
0.0
0.0
0.0
0.0
0.0
0.0
12.18791808212878
12.269770143937976
12.131123082662313
12.131123082662315
23.993038355707842
0.0
44.06937777243646
44.04322013543549
46.65269741259121
45.07013746583845
63.909414601578504
0.595430412444686
68.12915760829941
70.31196276517556
89.96026053935971
83.39944548639558
99.99999999999999
0.0
56.38778020700442
55.33893661532482
53.619683508616625
91.69748465771106
97.10696031327922
0.0
33.98689895893147
34.59897420370048
28.31521721068321
34.38983196478476
76.22141939720463
0.028092170019544734
2.963594097396515
3.082361896460321
2.8812506551819848
5.037942527403821
100.0
0.0
0.0
0.0
0.0
0.0
0.0
0.0
0.00040730387052030815
0.00020365193526015408
0.0006485482223692481
0.008515233572530293
0.0
0.0
3.9542223428591763
0.0027477784396946884
0.005495556879389376
0.0
0.031226682839081494
0.10617125380606103
0.10617125380606102
1.887918471036083
0.05392842055036075
0.0
0.0
0.16500057344312602
3.462643318981525
3.4626433189815256
3.2203755848845175
0.10113092244589983
3.3820438033548363
11.02579887206549
0.03338633687042276
0.7191334561650323
0.5375647911174719
0.1644560628957083
0.2855890705875807
5.294720303250381
4.753152173166065
0.6706226549780485
1.341245309956097
1.341245309956097
0.4183416299437084
0.6234078581975228
10.555584775025423
13.913217417403173
3.9810405005752867
1.1937708750025888
0.6234078581975226
0.6234078581975226
0.12887843086331408
3.8268765118303554
3.8268765118303536
0.5549899546150752
0.22199598045058871
0.0
0.0
2.5039205220022396
5.295353453349521
3.4250667791063725
1.8688590159540557
5.291849941483306
3.6113273607049314
0.0
19.463701246840266
50.32191439645119
32.345895937178504
22.747679837240117
51.608634692924184
33.38485533533573
0.0
52.26595421002281
79.95020712561629
68.33890945028611
55.33002103576793
50.90953261474907
49.769215274677904
0.8445451332459568
61.490525840340254
87.54874383355391
100.0
84.56966697693372
75.19895822572505
67.06277542104041
3.8089656526265996
56.00019234928868
58.36837824426472
64.25229751107841
96.87301073041438
71.47412858983833
60.6185770864086
3.0102327626338927
2.171532007763676
0.0
0.2375366522604645
0.4693686476373933
0.15645617019075087
0.0
0.7710493619579524
0.0
0.0
0.0
0.0
0.0
0.0
0.0
0.00044489628710909406
0.012018791695841826
0.026701955891524423
0.0073416871336559
0.0
2.1967901939020247
0.0
0.02716365437827781
0.3684182948605564
4.747679840487526
1.5825599430237984
2.1967901797159675
0.08492369009847929
0.0
0.0
0.0
0.0
1.0488435781906458
0.0
31.107367998220678
0.0
0.08222803144785415
0.08222803144785415
0.30670923874510536
0.0
0.18156866504756033
0.269637025754155
4.820061994826004
0.45120569080171535
0.3631373300951207
0.0
0.651263566784439
0.7937854632704484
1.215711703163977
0.902799319498222
0.902799319498222
0.0
0.0
0.0
0.0
0.0
0.0
0.0
0.0
0.00020365193526015408
0.00020365193526015408
0.00020365193526015408
2.077842849136827
2.077842849136828
0.0
0.0027477784396946884
0.1466131824289478
0.14661318242894789
0.0
0.0
0.0
0.0
0.05392842055036075
1.9294389558935925
1.9294389558935923
0.38040609246896456
0.0
0.0
0.0
0.10113092244589983
0.18156866504756033
0.1815686650475604
0.28172767532769216
10.769256574651322
2.171532007763676
0.0
0.28558907058758076
4.41530991930839
4.415309919308388
1.1220223147271595
6.021339119092015
1.5308597445467684
0.0
0.6234078581975228
0.6234078581975229
0.6234078581975229
0.6234078581975229
1.023135672268179
0.6234078581975229
0.6234078581975229
0.12887843086331408
0.5549899546150753
0.5549899546150752
0.5549899546150752
0.2219959508939593
0.0
0.0
