0.0
3.5612632585217784e-09
3.083273388614853e-09
4.0021330067957315e-09
3.5609632169248923e-09
3.507803336909579e-09
3.176525346332795e-09
3.753070961301295e-09
3.344503808276416e-09
1.034463138897028e-09
3.6325034090321446e-09
3.4924410686771128e-09
3.2670473313619948e-09
2.857381509915659e-09
0.6514951202698975
0.0
0.752538766091708
12.00708333488599
0.4659983058017407
1.0725743576666666
0.9575357528932704
20.455734082801442
1.6395503061931098
5.396535878238139e-10
248.2935532612566
0.4811215035933374
100.34130088380837
3.444774242764427e-08
0.2961200309396852
6.783940028056402
0.0
6.783940029746539
0.4439107371610344
1.0595466535727989
1.4268473120561547
18.04876007206922
2.129326193891276
120.32530334649874
87.4527032682888
0.6457882176346825
60.504361802441984
3.181480730915642e-08
9.431530368525156
0.7317481976580429
1.8225948860414549e-09
0.0
4.396348942080681
0.0697365839385522
1.3833627334064962
13.64827610567836
2.703961332334175
3.1599002328251235e-10
38.15727491551481
0.4733870155952061
109.69404686244212
2.833481119942002e-08
1.0019101364833274e-08
1.3055393069377258e-07
1.096608221954565e-08
3.9537722483207722
0.0
1.014277397793052e-07
3.603122184153536e-07
0.12734703039148532
0.07890912672206794
0.66122840164628
0.1290189852836211
0.06284858325194491
0.12193985751752295
2.2120587285301284e-08
7.00232745180441e-09
0.7507634363666235
0.11695011767365694
3.378050932246886
3.8112648969727085e-07
0.0
5.025723334016416e-07
0.024130765487051467
3.6406310262166185e-07
1.7784050391009907e-10
0.024335529289014706
0.11571724767585292
8.825944265673826
2.2131053639652456e-08
1.550270351716533e-09
8.479723255024034e-09
8.055064726274609e-09
0.13610187525291162
5.426721546119267e-09
2.2996344742480157e-08
0.0
4.716063533997824e-09
3.776367781430688e-09
1.6241901180107404e-10
1.7113682327673215e-08
2.278002546874258e-08
36.59789516706405
0.7263330621000169
8.279587512444325e-09
0.0012636554618716662
3.9305834321704915e-08
1.1118627921644309e-07
1.4582061390364632e-08
2.2490091571630082e-07
1.858301851862537e-07
0.0
7.52469938361744e-09
2.2854497469203208e-10
1.7508859119651275e-08
1.633167266448891e-08
3.983953999579951
4.047803219603504e-08
2.8769823297492574e-08
0.10447960967379949
0.3865874447236093
0.440305115446463
2.5117221653634066e-07
1.076747152766499e-07
3.41380064606696
0.15013266957347818
0.0
1.6456145548289353e-10
0.7620105216740426
4.770214671095357e-08
3.9617089115779195e-08
1.4868372772152946e-08
0.0537383767471331
0.06312377260015212
1.7980764763351172e-08
1.5219354257041598e-09
2.708802829956843
1.0333169005646167e-07
3.463050115229403e-07
0.11937636412601643
0.06156604330962512
0.0
0.12147823363189574
0.052854116513108014
0.10939548730565304
2.249773316585925e-08
1.3846064867477306e-08
4.389213135917026e-07
1.1731643977182449e-07
1.0815798360276977e-07
1.3040357319823291e-07
2.39638363099999e-08
0.007370021770788536
2.4984709316594858e-08
0.00024184158312069725
3.9313767906684003e-10
0.0
0.0004890900793958067
0.23738181075392856
3.271350245187022e-08
8.342358294180516e-09
0.14365371764241108
0.10595830619784577
1.093607375989612e-07
1.6625386515476032e-07
0.25255255209891925
0.5649387506692316
0.004522054142837517
1.9076569109474995e-07
2.143744605844979e-10
4.072749965994522
0.0
2.4425131419190773
3.920282455999317e-08
4.225101827458193e-09
0.1434081597552735
1.9606886375841527e-08
2.571457296854984e-08
7.631002215511393e-09
1.4171674386037527e-08
3.1740677234793937
0.00016368063109056807
0.0001299167408014034
2.8360411058490374e-10
0.7539686655112584
0.00016371927395987182
0.0
0.0001709998327712365
4.597184660385397e-09
0.00842583583264547
2.0820592923074398e-08
4.31312608071007e-09
8.676196526340778e-09
1.881835542175324e-08
0.24508431717516344
2.34382795785689e-05
1.9183709114378066e-05
3.5098226055431477e-10
5.1221902302817795e-08
2.3480720093441624e-05
0.0005231149243163688
0.0
