0.0
0.00038004825744934447
0.0015165937264236848
0.8042643290367715
3.300092304037644e-08
1.1082095491039907e-05
5.9215354853693714e-06
7.165089955413603e-06
6.285599951077844e-06
0.503946293864181
1.0350178395488314e-07
5.363505536515105e-06
4.463164329917098e-09
3.4044054579090164e-06
1.1557492335624049
0.0
0.860786548815168
2.8541139520948464
0.5780007679894558
7.627565594277465e-05
0.28190361785383516
1.8213886132637538
0.3174032743745215
3.4371085947964355
279.11349414658497
8.326924300004393
102.74583153454223
0.9460238736826994
0.00014208353233894356
0.8524921136053264
0.0
0.8524918118340215
0.06127365024589709
9.495984123296493
8.396487749477343
3.567120487421057
8.450879708030074
15.189463517442405
117.89485085157135
10.591230700427674
210.6327657455611
1.4363655966055568
0.3543716006968243
0.8962348487627523
0.00019732907072793685
0.0
2.731432973458235
5.766330069989518e-05
3.282575132188525e-05
0.0005140155283209385
3.468736388991351e-05
0.0001354859029439603
17.322082418638182
3.139497695564948e-09
2.803870423591574e-09
2.8398893164050264e-09
0.0001629397261193717
0.002255826336215377
0.00019601087094333477
0.10893904884993358
0.0
0.0002756948534128653
0.0016767534851760881
4.680010253913937e-10
6.691844270241319e-05
5.4222446535433775e-05
3.4280256752782988e-09
4.148991734418607e-10
2.5642266609124703e-09
1.963197659577716e-09
8.129354849018934e-05
0.3802714526637646
0.0017288283544069376
1.417588943996091
0.000650409775999401
0.0
0.0004675246244864107
0.00038200893829117726
0.00043001882093687274
0.0001826804984748995
0.7539748909903321
0.00015306997802430838
1.608026786200703e-09
7.561376901237468e-05
1.7307160886697454e-08
0.0050933133168312526
3.1597339029984877e-07
0.019744597862772197
0.00010075754802539244
0.0007933365762604349
0.0
0.0005670234000196897
9.683408296519132e-05
7.5279361376953e-05
3.5069125098407475e-09
7.997717347453593e-05
1.7976098555060023e-09
8.94266538221568e-05
2.1739306461392933e-08
0.002728924915237343
1.3518040155145002e-08
0.0008991525411330301
5.6998872825781396e-05
0.00042982494325745607
0.0007827072478216106
0.0
0.048378590538090675
4.457145543015388e-05
1.0804080415001613e-09
0.00012344686566550918
10.933728767468018
0.00010573465098106726
0.0009374729730782291
0.0005058569191543089
0.5108933401750393
1.496820347531024
9.963964754845277e-05
0.00030348583528809394
6.3483335075095e-05
1.904580197338209e-09
0.0
7.554911781651702e-05
6.375956629078896e-08
0.00019687810658722255
19.560066756346817
0.7718114324248777
0.1835701544123105
0.19895941538019768
0.00019666207485978217
0.00038628328545385084
6.742442793273543e-05
0.0003440178763203973
6.302319165896846e-05
0.0008487039035967109
6.677413610977184e-05
0.0
5.038527965770965e-09
3.0648405779412186e-09
2.1837144544697795e-09
2.0521112976307987e-09
0.002580900412240984
3.797640792706607e-06
0.001396259515129014
6.573383647392218e-05
5.367797042117641e-06
0.00010011733471398863
5.058843389396418e-06
5.651828373549087e-05
0.0005767565032563911
4.098504420771786e-06
0.0
0.0008545451490921794
0.6681522818850827
5.426604229076624e-05
0.03228670115765524
0.0009326667399077941
0.001030931394834436
0.0005471754319161102
5.942915461376019e-05
0.00033171165164224277
3.0818060246162804e-05
9.276774725322666e-05
0.0005099154065816543
4.562713443102034e-05
2.191563407844262e-09
0.0
10.900668047585862
0.00010615746534216886
0.002792825332428343
0.001422068410748821
6.558394945413685e-09
8.149384719230066e-10
2.66596806221451e-05
4.122896029387733e-05
8.822880232525082e-05
0.0004966316970557215
1.6495609865313654
2.151138385058129e-05
9.21071104830933e-10
0.0004810405982539753
0.0
0.0002547564066958785
0.0028482169358529834
0.00276619168457499
1.0902207476514111e-09
9.984720941358925e-10
4.747697001002977e-06
7.628427121164967e-06
1.866252786556012e-05
0.00041652805017660906
2.2363906765569087e-05
3.782813464301932e-06
1.035769243341732e-09
0.0002356149894443115
0.0011505019215278462
0.0
