0.0
2.10106868549163e-07
1.6280135863352338e-08
2.388014438420391e-08
2.5598514153390974e-08
2.2040994455058333e-08
2.166193843033011e-08
2.1955016537619536e-08
2.2608278589747062e-08
8.003907651410364e-09
4.630464852582002
2.561472710534127e-08
2.2402403053418964e-08
1.992466529295298e-08
5.530064720355185
0.0
3.317873067169408
10.203161878490064
3.450310741861216
0.22013361624237748
6.731798640320569
26.934075018293818
2.5422919180643233
9.205468502339766
172.7276783888449
2.072898218668781
148.27308760228303
10.836750315787299
1.820432540908356e-08
2.9664343332940417
0.0
1.9650860611081589
0.03239673066538726
7.1689634103717905
5.045680824841687
11.470970715028429
2.7531815774225716
44.593925160715855
11.537767652220209
41.19602798760511
227.24629310844534
5.601217030402257
2.3127655359196484e-08
0.6019740119114191
1.8900527603275404e-08
0.0
4.150259173686658
6.349392333853508e-07
0.7894167983240797
6.532981261754273
0.7892107959419368
5.600025455464066e-09
67.33864068024971
0.2536936105980146
7.611285479992846
9.505107466497258e-08
3.7596023220159744e-08
0.0010145208647047935
3.1187913631357563e-08
0.8407924586909172
0.0
0.00021650788721192077
7.063631933915125e-07
0.054602569936050595
1.2304876655629999e-06
5.705257925008466e-08
0.05634340025477731
4.627598985187063e-07
0.041551558730906796
0.07323481153541822
2.353643868170925e-08
0.2358385442067195
3.459642465083648e-08
0.09465180212062586
0.00031267772689269857
0.0
7.032584865252198e-07
0.04264224044349834
1.734175182620799e-06
4.439250215128046e-09
13.87299772012801
1.1890019584957935e-06
0.03641759331234888
1.390779404160009e-07
2.3677272990041002e-08
1.099383418598889e-07
2.2945071651881934e-08
9.143258829608579e-08
8.777685030377683e-08
0.0004923387708900939
0.0
0.0006275609822120087
0.03839990683284546
4.678352717143706e-09
2.1459318979299993e-08
2.094717279039461e-08
35.432994179096525
2.0707670155467907e-07
3.468246576350812e-08
0.000682124902526118
8.515565454235228e-08
1.0611396939695704e-06
2.0454107704447012e-07
9.355525940639743e-05
0.0007132525233485925
0.0
0.10550716817235445
2.1626167634950636e-08
2.671910466543669e-08
2.5293483893812862e-08
1.579999796857142
2.4443005581647794e-07
0.22952157552536234
0.09454529542157653
1.4780091495474073
0.4210108257615025
0.006985128152239036
9.788628246117683e-05
0.006984303354569439
6.140444295025218e-08
0.0
4.58211027583723e-09
18.779655911306225
0.00011353838273181245
0.0073484093326387865
0.0049433916719532406
0.2708543564258051
1.6289050651287535
3.4605898619480325e-08
6.906578796609222e-08
2.3879799002382436
9.259359761747592e-07
4.857792205629062e-07
0.07583803307795295
1.199607196422975e-06
0.0
0.07934657317336982
4.798954010189437e-07
0.052896406022573096
1.6264230519462988e-07
0.0021271662764611753
8.539250988340017e-08
0.016134114360916777
0.0004381901570460034
7.993965614901488e-08
2.4668852319840115e-07
8.551366889195829e-08
2.0493918344678543e-05
0.0006436789511947605
6.34647089468362e-08
0.0
0.001081449228357047
0.09452322640808133
1.6132491729173288e-07
2.673071497326941e-08
0.011679847786416243
0.17289209403784458
9.958913731589487e-07
5.976275887025659e-07
0.09142554499940903
0.09554551677025738
0.010886586086160414
0.00011096853119086094
2.053329946507522e-08
80.73765947484932
0.0
0.756402446617213
2.3339632872727007e-07
3.099454990613761e-08
0.03569738990654914
4.4053339425924565e-08
0.0005015799991197434
5.921456474125977e-07
0.33002936024079993
4.442286245158365
0.0002561577567821053
3.269882321276131
1.0593922437102439e-08
0.0004973082237707525
0.00025982442633826474
0.0
0.0002222578371184272
3.175739164258191e-08
0.02738382533731178
3.8120867053744236e-08
0.0003853453649575416
5.285686477210719e-07
0.08646997941605664
0.36696720375452685
9.02512579263119e-06
0.11343350507278421
1.3611186814809642e-08
0.0004312055339431352
1.2982915491434736e-05
0.0002959453070634443
0.0
