0.0
11.466409531562851
11.466409531562865
11.466462133325496
11.466462133325496
23.999607349162066
0.0
46.26289744342375
46.26289744342377
45.79589583608404
45.90738453784958
63.59729952456452
0.0
90.70947908344623
100.00000000000051
100.00000000000006
100.00000000000006
100.00000000000006
0.0
82.98665325197817
100.00000000000007
99.99999999999996
100.0
99.99999999999989
1.1254273356147206
63.5598297112291
65.17132355196902
67.33711614011061
82.94156430700382
100.00000000000003
0.0
0.24593865938245996
0.2834988806631332
0.24726262482685316
3.048491252761763
32.61425443073531
0.0
0.0
0.0
0.0
0.0
0.0
0.0
0.0
0.0
0.0
0.0
0.0
0.0
0.0
0.0
0.8818474685884199
0.0
0.0
2.2922098162281657
0.0
0.0
0.0
10.07887941384617
0.05816993201020036
0.6630669754566666
0.3673088029011239
0.0
0.0
4.642355853891748
1.7177538439703344
0.5725845827346474
0.0
0.06639139225983243
0.06639139225983243
0.06639139225983243
0.06639139225983243
0.06639139225983243
0.0
0.0
0.019512481588691878
0.04024266704759679
0.0
0.0
0.0
0.0
0.0
0.0
0.0
0.0
0.0
0.2666541373436382
12.799720450536242
12.79972045053626
12.799790586219768
12.799790586219768
0.2666453703831996
0.0
24.067716444668182
41.98426754078756
41.98426754078755
41.55607586777973
41.65362848182459
23.963713495109502
0.11148870176546787
40.45457090263303
75.21181140896773
49.805590006225415
46.608848341706754
69.28547283555903
39.56655857248195
0.6497047902282773
45.510731938286746
70.65126696182138
77.10295190546054
73.6272682293758
69.05478669089386
50.59177395495344
0.5217273386639837
51.08915037116822
63.16811742351858
71.17413321644712
65.13580410550806
53.49807647760306
49.87149151397578
0.6563065157609884
4.432390396199752
4.5625542125610945
4.565237085509718
4.562648781521409
4.762736540659613
3.0415594813024116
0.5407216758293161
0.0
0.0
0.0
0.0
0.0
0.0
0.0
0.0
0.0
0.0
0.0
0.0
0.0
0.6310517359965575
0.0
0.0
0.0
1.0078256783867656
0.49195394644137547
0.4919539464413758
5.340487939076146
0.0
0.0
0.0
0.0
1.3510893648551319
1.3510893648551305
0.7502476360795893
0.0
3.2118450242521557
3.5574942454135634
0.34564922116141733
0.3913732874389247
0.3913732874389261
0.15932124544672951
0.0
0.0
0.0
0.0
0.04771171822328577
0.047711718223285814
0.0
0.0
2.6424025689773436
4.070941614109064
4.070941614109057
0.8806916279326077
0.3218931959261506
0.0849882680963135
0.06883721756524684
2.1941877825906584
2.1941877825906695
0.0
0.0
0.0
0.0
3.7331579228109346
3.7331579228109346
3.7331579228109346
3.733035185364794
3.733035185364795
3.733035185364795
0.0
36.10157466700224
36.10157466700223
36.10157466700223
35.63200826894889
35.63200826894887
35.63200826894887
0.09755261404478438
48.07806388527919
77.32392260753177
56.55929188989786
42.07676542531749
38.32341492617837
44.20035661775282
0.5684916914497427
70.09499038603668
76.61424722251337
72.31764092188222
67.56728537154886
62.66819801092924
60.46157280320984
0.45651142133098577
57.23441100525522
57.04277380364015
57.04277380364015
59.920174181401755
58.883165928407124
56.99599030168661
0.5742682012908649
0.5255825908380101
0.0
0.040242667047596735
0.019512481588691864
0.019512481588691864
0.0
0.47313146635065156
0.0
0.0
0.0
0.0
0.0
0.0
0.0
0.0
0.0
0.0
0.0
0.0
0.0
1.5138508204938907
0.0
0.0
0.0
0.0
4.744148526008004
4.7441485260080025
0.0
0.0
0.0
0.0
0.09984860087165243
0.7395062477502845
0.7395062477502851
0.17075193682714265
0.0
0.0
0.0
0.0
6.733767737603583
2.1023303633520403
0.0
0.0
0.0
0.0
0.004311242053071051
1.184635308286633
0.3278740773015122
0.0
0.0
1.324520808533942
1.3245208085339355
0.0
0.8753799291374325
0.31658150712304695
0.07436473458427431
0.06023256536959094
0.0
0.0
0.0
0.0
0.0
0.0
