0.0
0.00023505838383427026
0.0009378013115958039
2.4325330722504596e-08
2.4996858449153994e-08
6.850503459155225e-06
3.6608597257823144e-06
4.429880386980384e-06
3.8860373786807405e-06
0.6389902460907237
4.8578451896737524e-08
3.3567653300266256e-06
6.021515972912634e-10
2.104052894679525e-06
1.333593418455872
0.0
1.3335799469319998
2.305899791810279
0.6668746562460897
4.716655919693526e-05
0.34632093923798984
1.4886788828860842
0.3462894494544644
2.450398349960539
344.4321822466294
5.773894343169708
38.78949875075769
0.7788450389568257
8.785133157118369e-05
0.6404041834870058
0.0
0.6402133060503825
1.4684538243132668
9.595439276613096
8.197943322487456
3.2236733644627615
8.19797701252163
19.019769671851886
51.45031353425995
9.638832292305848
277.02211211618993
1.4153660228019458
0.7931893778209005
1.5844777664264817
0.00012219351311328145
0.0
4.176383115905935
3.56515650428982e-05
2.0301832541996258e-05
0.0003177987247542079
2.145384058111621e-05
8.379060003802753e-05
19.664101561700924
1.1196021226990069e-09
3.9987195724789e-10
4.3731977860213916e-10
0.00010085972657748027
0.0013236999060574797
0.00012135172591351518
1.095164597680356
0.0
0.0001704774135033013
3.9084736430319504e-05
1.6898982152033287e-10
4.138753310482709e-05
0.059007629321222804
7.810183607318291e-09
1.7207055445477484e-09
7.009755358776535e-09
5.10841147363867e-10
5.030967587939473e-05
0.00017440260299210128
0.0010687809007452283
2.6810270266787066
0.0004028886226705824
0.0
0.0002891973973702069
0.00023607197852033103
0.0002661599962800607
0.00011297890207902502
2.49464541938836
9.463168122570281e-05
7.175078359676517e-10
1.1488749217625744
5.725593569589089e-09
0.003091264057772085
9.447200559627223e-09
0.13992985528163218
6.235639214873545e-05
0.0005111094734691601
0.0
0.00041536549491428436
5.9889616714903994e-05
4.655681960334402e-05
8.964559531461694e-10
4.946719660423305e-05
6.790680048886001e-10
5.52999162665062e-05
5.222075634938178e-09
0.001687339781831677
5.795336647091199e-09
0.000555959909484333
3.526301667403875e-05
0.0002659452082149677
0.0004840366136069025
0.0
3.410194478497113e-05
2.7564724688844546e-05
6.062243404797615e-10
7.635185753838615e-05
11.464271763017202
6.53913402202061e-05
0.00032534156322955456
0.0003127723758696553
0.5006725747222011
1.270352340960659
6.163501646799655e-05
0.00014523037149268505
3.9260309222289105e-05
1.0621284231234732e-09
0.0
4.6723813089631695e-05
0.0580655878899822
0.00012172251177721861
19.803023393639457
0.8404273488383547
0.0011613390298493456
2.829279249589679e-05
0.00012169351406057357
0.00023889164671974492
4.1668860718436474e-05
0.00017097686244020469
3.897907787536888e-05
0.0005247436777019364
4.129838747532569e-05
0.0
7.428279907813147e-09
0.8846114055654115
7.39185932318921e-09
5.37315415184307e-10
0.001595839241410085
2.3465369790474346e-06
0.0008633518495680832
4.0645100484509156e-05
3.3175666943093927e-06
6.186607967548764e-05
3.128461013995285e-06
3.496886101125024e-05
0.00035679209841845414
2.5330238953523997e-06
0.0
0.0005284532525250144
0.6709650851871889
3.355420325600012e-05
0.052563686915988665
0.0005765990249962107
0.0006374792743044592
0.0003383329049205799
3.6763211334166204e-05
0.00020532246899853047
1.905511132147818e-05
5.740546974021523e-05
0.00031532995778890113
2.8217811111225373e-05
2.251256887087929e-09
0.0
11.366109042544974
6.56525121763329e-05
0.001677936309019808
0.000879316282599618
2.833784164583519e-09
8.777176644341148e-10
1.649065844089889e-05
2.5500807611238447e-05
5.456523179120048e-05
0.0003739526677658056
1.776251214221368
1.3304166764333147e-05
3.9566288129226887e-10
0.0002975428203270873
0.0
0.0001575509448958112
0.0017037830391175286
0.0017103997059200386
4.720068740210782e-10
1.2548669886487168e-09
2.9371682600815897e-06
4.71759786350396e-06
1.153972126766035e-05
0.00034393868513779335
1.382810021025495e-05
2.3394378934976506e-06
4.667388580227295e-10
0.00014572923774514845
0.0007103048951968482
0.0
