0.0
11.46617214672138
11.466172146721378
11.466258760509215
11.466258760509218
23.999226559010964
0.0
46.133012375721734
46.13301237572182
46.0995920921311
46.12272275877146
63.98130596500862
0.0
93.26342254175168
99.48290132278
99.99999999999993
99.99999999999997
99.99999999999997
0.0
83.0002321602124
100.0
100.00000000000009
100.0
100.0
1.0926888512114972
58.83072289775003
69.45017327105711
63.73501656945744
89.61571473362878
100.0
0.048335969180264865
3.253433615318384
3.4186401030385545
3.2510250527646765
5.054321431943305
30.061430459517634
0.0
0.0
0.0
0.0
0.0
0.0
0.0
0.0
0.0
0.0
0.0
0.0
0.0
0.0
0.0
0.03813208889694786
0.0
0.0
0.5388933851052132
0.0
0.0
0.0
4.6767110958784155
0.0
1.7053060663360626
0.6590697683412935
0.0
0.9353524912147251
6.067505992289525
2.1695592727102904
1.0302718214261848
0.0
0.0
0.05126653825187296
0.05126653825187286
0.05126653825187286
0.0
0.0
0.013067213769184254
0.11552086502901858
0.3908146541271077
0.19600820653776388
0.19600820653776388
0.0
0.0
0.0
0.0
0.0
0.0
0.0
0.2666341352687366
12.799472013088735
12.799472013088733
12.799587498139179
12.799587498139184
0.26661969963743076
0.0
23.99945808182455
41.86635195887054
41.866351958870624
41.83470781689409
41.8549471502044
23.996363943967207
0.0
52.045893094442896
77.31141082818928
54.54284668536747
48.743934192325774
62.60945378250593
34.0606398066507
0.0
52.74836826107536
75.61996799995393
77.87132958966954
68.39563036529215
58.77583297480461
48.515432496689776
0.6263927943886899
49.16467767781303
59.26486997991246
58.78407646159716
68.57757159263038
52.47956367205621
56.55423157287583
0.8195941622422724
0.0
3.2416559058821837
3.3517935643622985
3.2400501975130465
4.9687654987203596
3.807355826586323
0.6768632533926149
0.0
0.0
0.0
0.0
0.0
0.0
0.0
0.0
0.0
0.0
0.0
0.0
0.0
0.0
0.0
0.0
0.0
0.0435795301679404
0.0
0.12719665436364053
0.538893385875276
0.0
0.0
0.0
0.0
0.3301333109929616
0.33013331099296156
2.5068527413669504
0.0
1.2105459309735198
1.2863068319630842
0.8941943308024487
4.462993966787295
4.4629939667873
1.6819765071165327
0.041990806492852514
3.935449328807634
0.1442858960389259
0.04944368266854151
0.3809922291390954
0.3025889465239898
0.054928433841292354
0.0
0.0
4.066747312772086
4.06674731277209
0.8813777772909117
0.30831873967142187
0.06536791529677552
0.08616892443161815
3.2693407575385645
2.746634943801727
0.0
0.0
0.0
0.0
3.7328778937623146
3.7328778937623146
3.7328778937623146
3.7326757949240306
3.7326757949240297
3.7326757949240297
0.0
35.999187122736835
35.9991871227368
35.9991871227368
35.94155367070504
35.99231663732881
36.063524600459516
0.0
50.664524249110244
67.8127370484635
57.807393761845766
42.04732141852809
41.1816252394543
51.954253234644774
0.0
66.20661622367905
72.85960506729621
66.92688584776299
62.89396342560863
58.55783508322556
55.44620856764544
0.5480936950901035
56.856525766534084
56.34595617086169
54.268491785156435
58.23566914103464
58.610187206824975
52.277154803181624
0.7171448919619883
0.8015466773558666
0.0
0.30736089751963247
0.1366048185750176
0.13660481857501755
0.0
0.5922553467185381
0.04510964749076287
0.0
0.0
0.0
0.0
0.0
0.0
0.0
0.0
0.0
0.0
0.0
0.0
0.0
0.0
0.0
0.0
0.0
1.3127222088020059
1.3127222088020059
1.1691777739696039
0.0
0.0
0.0
0.16349940323499648
2.449357306638108
2.4493573066381176
0.0
0.0
0.0
0.0
0.0
7.147454800382577
5.326972464214973
0.11691906140184066
0.03674195568124594
1.181104279735327
1.1811042797353282
0.3825185055139907
1.8570526360528734
0.63153506487068
0.0
0.0
3.607828310246454
3.607828310246467
0.0
0.8654663297072136
0.3270916752067082
0.0980518729451633
0.07539780887766587
0.0
0.0
0.0
0.0
0.0
0.0
