0.0
2.5287720011062995e-07
3.558002814501245e-08
1.4418439075926715e-07
7.824084602370163e-08
3.702842789781798e-08
3.556955433746983e-08
3.595143853143614e-08
3.832916988040662e-08
1.0893930672357608
8.03492349636397
3.840440744590354e-08
3.956851514830504e-08
3.6497402961422895e-08
6.532520651781157
0.0
6.886956901931622
15.13117706052316
5.148549849109329
1.1471804958195275e-06
19.62463687307597
30.045959965680836
2.8581087175684603
3.073679383216356e-08
206.07637726548086
3.3358880555653445
102.83074614653613
6.357963898095247
4.144017984757323e-08
2.883424665434748
0.0
2.3377313890392695
0.0335867412422111
11.56022889289289
5.236398833545632
12.435234257124437
8.536776074431486
47.091209943968266
11.492161630298297
19.619685807524547
237.6814472222813
4.111188232869921
1.5199142288219043
2.318346293318223
2.326239861307808e-08
0.0
11.929178940857387
1.134741711285703e-06
0.8181891685260514
6.532573224759425
1.2057956927636813
9.8499618754883e-09
42.237872940297336
1.5966177133237456
7.565174466062291
3.431901390074349e-07
4.00366506153167e-08
0.00035349787761804695
3.9327460932637604e-08
2.4196285049728683
0.0
0.00030470732551489687
1.1564297945766197e-06
0.2042387117357889
2.8832606713705788e-06
0.19211299224485412
0.7087021601206946
8.045280215521096e-07
0.042336221078767215
4.870228237050086e-07
2.6375125143471727e-08
0.0003797805421518367
5.007644067440721e-08
0.08527424520985447
0.0005157726758497849
0.0
1.1776737272044003e-06
0.03826115574857667
4.246590445551509e-06
6.948564056715638e-09
44.82774461506842
2.280443817057389e-06
0.03381766233792033
2.503552035373238e-07
4.153682010460272e-08
0.862506150306822
5.707814429987162e-08
1.450580371433514e-07
1.6437914116000812e-07
0.0014581265136499064
0.0
3.392147899527311e-08
3.032005772105416e-08
8.460981098527734e-09
3.6230372571501163e-08
3.74442595924053e-08
35.325358074513254
5.445438448707014e-07
4.7838963210991454e-08
2.3561089614750372e-06
9.839921335111985e-08
3.1035183219532283e-06
2.9532596300031267e-07
4.892025545629878e-06
2.2083857506094835e-06
0.0
6.921392692520789e-08
1.3265378045941851e-08
4.5985502922577115e-08
4.5953603487970154e-08
2.6907594846097833
6.607257526707395e-07
4.703778100751718e-08
1.109872355705452
0.5239187596844384
0.007490962940017222
0.15890391620856664
0.0006719393491646792
0.13568768929565275
1.3056478352856171e-05
0.0
8.336626433193766e-09
8.93927068822347
1.2429458879807347e-06
1.2506881720566343e-06
2.689253067693728e-07
0.0259991511106277
1.0649470309788438
4.472659537500761e-08
3.499153760729393e-08
0.04000578578158413
1.6171684772821643e-06
8.150207470533252e-07
0.07523205552596748
2.989025103917541e-06
0.0
0.7518156233932651
9.237417466793266e-07
0.053236846221737424
4.0432576237957574e-07
7.528991398385706e-07
0.003309600730144833
1.4772765226606992e-06
2.642602665770598e-07
8.091836877465089e-07
9.026606679046003e-07
8.203493876214415e-08
2.0823085751196743e-07
0.0004727730190651929
2.2479865769266942e-08
0.0
0.0014863676157610176
0.1581027688667173
5.446058042578312e-07
1.8383153723566308e-07
0.09912467560456897
2.5895127474728946e-07
3.5103630147524755e-06
0.009759860117710392
2.926396405839243e-06
0.09124799131471065
0.008414932142860593
0.00023969126619038223
1.1061447288810625e-08
41.43926717500401
0.0
1.0325221546528696
6.124137507720946e-07
3.7153383643286234e-08
1.8229175149129098e-06
0.003548170028287
0.0038454582354510063
0.04576762543837851
0.00011588881842994355
2.984104859405524
0.0003163455874517743
0.0001795086173358959
2.8123321834216806e-08
0.0005853877351691921
0.00031701044038232696
0.0
0.0007921282638992458
4.011047178029779e-08
0.14852930718484347
0.005804828393558398
6.982939545181077e-05
0.10310343246965407
1.98457645367531e-05
0.10870529096128637
5.667440973214604e-05
1.7262520095055822e-07
4.005642977798044e-08
1.428974031933761e-07
5.678510348994021e-05
0.0009819898947970918
0.0
