1.0712459547307285
12.187935077410824
12.270042549303714
12.131263688835489
12.131263688835492
0.44861383175029135
0.0
25.89917164603946
44.06835619635825
44.201267244853405
46.06054789764377
44.83359434287017
26.468419397252973
0.0
42.595768787367916
96.23280012504154
99.99999999999999
100.00000000000001
99.60485059462202
45.51562681447595
0.1937930448318671
46.923404839147096
98.16744653424672
100.0
100.00000000000001
97.98051243307997
62.525368014790196
2.4083431940208
52.85663167563111
90.15885502819879
91.3854123239455
100.0
100.0
72.07013624751443
5.569066211804847
0.0
2.0237531812161547
2.0237531812161547
1.5369012008697704
3.625448337006006
4.626296002094142
0.7710492992713087
0.0
0.0
0.0
0.0
0.0
0.0
0.0
0.0
12.187935077410822
12.270042549303712
12.131263688835487
12.131263688835494
23.992035631882004
0.0
44.06835619635828
44.201267244853405
46.060547897643765
44.83359434287017
63.90624649406345
0.0
67.71817365805356
60.74289328057205
78.03116303985546
80.63775808602914
99.54199393308991
5.7795778000943026
64.88777117923652
65.02989980519946
55.02120737393368
96.41601276967634
97.06347631453009
0.0
37.50792910868712
38.7344864044339
18.484573543938204
31.576969341656046
100.0
0.22947912650874042
2.023753181216155
2.0237531812161547
1.5369012008697704
3.6254483370060067
40.017779745237796
0.0
0.0
0.0
0.0
0.0
0.0
0.0
0.0003996616141209181
0.00019983080706045906
0.000645463484942776
0.008593658644934483
0.0
0.0
5.774544890200907
0.002922018528198255
0.00584403705639651
0.11632290871340867
0.8042931194419894
3.0095081479547923
3.009508147954793
1.9652596627583234
0.053854455675661335
0.0
0.0
0.0
0.0
0.0
2.725672153474693
0.032179579500499655
1.0941086727753033
4.775203873289119
0.0
0.0
0.0
0.0
0.10847971481477447
0.0
0.08455890522999357
0.09126287294373273
0.39486889899334715
0.38816493127960805
0.08455890522999354
0.8082168846452356
4.513465071652707
7.253722428573828
3.548474241566354
1.0948344766864087
0.8082168846452357
0.8082168846452357
0.12887844173175647
3.826876522689364
3.8268765226893606
0.554989912224073
0.22199595928614535
0.0
0.0
2.5039187763119424
5.2953917151047465
3.4256108199061983
1.8687679174879355
5.293580830507844
3.639162328250328
0.0
19.463711641805197
50.31794332636997
32.30743787865645
21.680860557779077
51.258479574171915
33.43782714239911
0.0
53.05453101146824
68.05406491939061
61.552756584769035
43.30418117097279
41.34719934582784
41.34719934582784
0.1937930448318671
60.744934606157095
93.6245333783686
84.6953296405156
87.75193674155737
75.04341052462448
63.04012920655474
2.4083431940208
56.875465745843286
61.800939953337455
58.156883398663936
84.00029645601133
79.34512018158689
72.07013624751443
5.569066211804845
1.5068231161244703
0.0
0.20364562962067007
0.6786807288379029
0.22947912650874056
0.0
0.7710492992713087
0.0
0.0
0.0
0.0
0.0
0.0
0.0
0.00044563267788231696
0.011061354068561863
0.025656509733736857
0.007297919311409114
0.0
3.2080804991544256
0.01993709577498486
0.11632290871340868
0.8042931194419894
3.680860474023711
1.2269534544721847
3.208080495029329
0.08789360479331039
0.0
0.0
0.0
0.0
1.4512081722859274
0.0
9.352157539596037
0.158905664501253
4.675659007394203
1.5718960585011943
0.15890566450125304
0.0
0.1092924250379445
0.23796996343147736
5.505957479152296
1.9951689372435901
0.6650562450360114
0.027625263375844224
0.19033804311821778
0.3192294441698719
0.3908897414054844
0.07176064616063874
0.023920129283111692
0.0
0.0
0.0
0.0
0.0
0.0
0.0
0.0
0.00019983080706045906
0.00019983080706045906
0.00019983080706045906
2.079782921642493
2.07978292164249
0.0
0.002922018528198255
0.1457529273370858
0.14575292733708575
0.0
4.031448660714998
4.031448660714998
0.8042931194419894
0.053854455675661335
1.9267921268221264
1.9267921268221269
0.0
0.0
0.0
0.0
0.032179579500499655
0.0
0.0
0.0
1.5068231161244703
1.5068231161244703
0.0
0.10847971481477447
3.688314530647366
3.6883145306473675
0.0
4.2426955402598265
1.0400287873089262
0.0
0.8082168846452356
4.270882315940844
4.270882315940845
0.8082168846452357
1.2574185804241214
0.8082168846452357
0.8082168846452357
0.12887844173175647
0.5549899122240732
0.554989912224073
0.5549899122240731
0.22199589811150247
0.0
0.0
