1.0712499438061307
12.187961213042973
12.270473622556619
12.132333007119374
12.13233300711937
0.44679022236888966
0.0
25.89825390864954
44.06019088800294
44.100753273992595
46.10515244435019
44.85140501851771
26.480923202969286
0.0
41.15390908723162
94.3588094283925
93.40351478320636
100.0
100.0
50.68008198085177
4.721486371794725
48.579560402342025
97.26659181631253
100.00000000000003
99.99999999999999
98.56997357936972
69.11622144565311
3.5029854485975114
55.22216280402557
91.6741345107977
91.75460506256483
99.99999999999999
100.0
80.94595379919814
6.274204235463126
0.0
1.9767840824619847
1.976784082461985
1.5505445898566874
3.629994939974631
4.626294362208278
0.7710488398354296
0.020760559687369704
0.0
0.0
0.0
0.0
0.0
0.0
0.0
12.187961213042975
12.270473622556617
12.132333007119373
12.132333007119362
23.991042440492734
0.0
44.06019088800294
44.100753273992595
46.10515244435019
44.85140501851772
63.906550419639004
0.0
55.230856854730774
54.275562209544645
74.87257214857401
80.70384655403161
97.30965029205008
2.4788424307110453
66.66517437226602
63.52351671318969
52.22210158102353
99.99999999999999
96.77078527727936
0.0
36.48240956168909
36.562880113456224
13.027485643900409
45.17402006713161
100.0
0.2332844333349959
1.9767840824619847
1.9767840824619842
1.5505445898566868
3.6299949399746305
59.45627034031985
0.0
0.0
0.0
0.0
0.0
0.0
0.0
0.0004414255567769607
0.00022071277838848035
0.0006951025849325454
0.009174088933688158
0.0
0.0
3.439059843480905
0.003858771423576071
0.0
0.1847456768207458
1.2773906656741176
7.024450430480429
7.02445043048043
1.900743476728353
0.053861691502816514
0.0
0.0
0.0
0.0
0.0
3.3438143726291916
0.047135649822303165
1.6097247700174777
2.0312190876862295
0.6749818644013519
0.14938227975101337
0.09338086543064403
0.09338086543064403
0.1375238525020082
0.0
0.02693475115106984
0.08648499885509235
0.38989341618918055
0.3898934161891806
0.0567098750030811
0.6558589197213799
2.955384580035413
6.302787599996282
4.003261939682249
1.1574384447995423
0.6558589197213799
0.6558589197213799
0.12887852185469015
3.826876594178523
3.8268765941785237
0.5549895709211069
0.22199579040438172
0.0
0.0
2.50391600159068
5.295447209702286
3.4264641584767954
1.8678639492641564
5.292922754790887
3.640913340147243
0.0
19.463794702155212
50.28618451795242
32.00014437092
21.761241926313943
51.28474976481345
33.43273950186127
0.0
51.86235038431605
70.69452714912991
78.83628873536014
55.85402793609857
50.88500514717504
50.68008198085175
4.721486371794725
61.05401541138176
93.9509001122062
86.03832975737039
86.23272891972141
82.0638804377013
69.98436330887893
3.5039821013487247
56.66288462394513
59.776521822016235
58.772910526574776
91.68614843869018
91.68323466116715
80.27551433232614
6.273207582711911
0.9040777681280117
0.09342874317551307
0.2827818904862859
0.7006775100274345
0.2332844333349959
0.0
0.7710488398354295
0.0
0.0
0.0
0.0
0.0
0.0
0.0
0.00047438980654406507
0.011050277408492598
0.02455373728498341
0.006752947989769899
0.0
1.9105892507906597
0.031667620755078875
0.1847456768207458
1.2773906656741176
3.7612415959846386
1.2537469973422732
1.910589083815395
0.08760776905787761
0.0
0.0
0.0
0.0
0.7791909604795467
0.0
20.92267173824089
0.4902836752853057
4.776489242091441
1.6312819735619644
0.2367961285527046
0.0
0.02984852867408277
0.11992145982544196
0.6318654562289194
0.1522164797944282
0.05059139889391351
0.0
0.26547260202393297
0.37908711138074047
0.3963963998430933
0.09342874317551308
0.04152111937473941
0.0
0.0
0.0
0.0
0.0
0.0
0.0
0.0
0.00022071277838848035
0.00022071277838848035
0.00022071277838848035
2.095311472363697
2.0953114723636945
0.0
0.003858771423576071
0.1461465686660612
0.14614656866606116
0.0
3.746253173580378
3.746253173580378
1.2773906656741172
0.053861691502816514
1.9270461197492097
1.9270461197492108
0.0
0.0
0.0
0.0
0.047135649822303165
0.0
0.0
0.0
6.562354374174195
1.3176719961625698
0.020760559687369704
0.1375238525020082
4.675810174092978
4.675810174092977
0.0
0.20725973133094347
0.0567098750030811
0.0567098750030811
0.6558589197213799
6.904772098195112
6.90477209819511
0.6558589197213799
1.186804123769246
0.6558589197213799
0.6558589197213799
0.12887852185469012
0.5549895709211071
0.5549895709211069
0.554989570921107
0.2219954378743121
0.0
0.0
