0.0
11.466465621258749
11.466465621258745
11.46650725470121
11.466507254701206
23.999693977546986
0.0
46.25109288238978
46.25109288238983
45.82663968024977
45.927970685113756
63.6339894603827
0.0
99.99999999999996
99.99999999999994
100.00000000000011
99.84918654499103
100.00000000000003
0.0
76.74767102514319
76.15583264753268
85.63127078312347
100.00000000000001
100.00000000000003
0.0
59.96025914000252
59.9721084705324
60.35693106362559
70.00338240062803
100.00000000000003
0.0
3.465900467848733
3.465900467848733
3.465900467848733
3.465900467848733
30.439105593751922
0.0
0.0
0.0
0.0
0.0
0.0
0.0
0.0
0.0
0.0
0.0
0.0
0.0
0.0
0.0
0.8015025725921031
0.0
0.0
0.9131836208713595
0.0
0.0
0.0
0.0
0.0
0.9131836214876184
0.6723244520665018
0.0
0.5819206843109532
8.099852156342918
2.5950982542361194
0.8650327428702135
0.0
0.09728192676366648
0.09728192676366648
0.09728192676366648
0.09728192676366648
0.09728192676366648
0.0
0.0
0.0
0.0
0.0
0.0
0.0
0.0
0.0
0.0
0.0
0.0
0.0
0.2666570040863538
12.79978127676845
12.799781276768448
12.799836788025065
12.79983678802506
0.26665006517927764
0.0
24.06154683268887
41.973552949134096
41.97355294913417
41.58437371622427
41.673038345480265
23.96701957021141
0.10133100486404178
44.62927230866537
65.23045098645105
65.23045098645099
68.8890190339599
77.56452815527132
33.53860644679198
0.2807521493431226
58.023166633114535
87.35723123772111
87.03588599140437
70.92651609386449
71.95629576110355
40.758515313371156
0.0
52.338329226033984
65.11073013253083
65.12427222456438
70.64186854790174
58.20262470548043
59.66703697322827
1.5466554199433085
0.0
3.465900467848733
3.465900467848733
3.9006264581417507
3.9006264581417507
0.0
0.0
0.0
0.0
0.0
0.0
0.0
0.0
0.0
0.0
0.0
0.0
0.0
0.0
0.0
0.0
0.0
0.0
0.0
0.9160029401052605
0.0
0.0
0.9131836255753188
0.0
0.0
0.0
0.0
0.0
0.0
1.0617824135688803
0.0
1.4805289588965045
14.425116052592244
0.6650522106410895
1.246972894952043
1.246972894952043
1.246972894952043
0.0
0.0
0.0
0.0
0.0
0.0
0.0
0.0
0.4069196065518984
4.477861240031123
4.070941633479232
0.8806916577985862
0.3218932590650134
0.08498829857323821
0.8058214013160835
1.5109151274676609
1.5109151274676609
0.0
0.0
0.0
0.0
3.7331980572089543
3.7331980572089543
3.7331980572089543
3.733100912509888
3.733100912509888
3.733100912509888
0.0
36.092320249033335
36.09232024903327
36.09232024903327
35.665535904136966
35.66553590413698
35.66553590413698
0.08866462925603656
53.38836245418366
62.231477409392504
52.422191160193236
43.21555785412329
39.05792439619166
49.81511599656056
0.24565813067523226
61.42427507703874
77.25104698078559
66.6016475311299
63.51602097697662
60.1884665647486
61.13777287421531
0.0
58.35629953014461
58.10185644193543
62.64210604837911
60.1601840955421
57.36739159089136
52.208657351574736
1.353323492450395
0.25902123885480755
0.11042244697563705
0.4347259902930175
0.0
0.0
0.0
0.0
0.0
0.0
0.0
0.0
0.0
0.0
0.0
0.0
0.0
0.0
0.0
0.0
0.0
0.0
0.0
0.0
0.0
0.0
4.311910373626637
4.311910373626641
0.710918408716794
0.0
0.0
0.0
0.0
2.581820736681546
2.581820736681553
0.0
0.0
0.0
0.0
0.0
4.565673382973706
2.0803830863083865
0.0
0.0
0.0
0.0
0.0
2.6864124635948095
0.46261507671932955
0.0
0.0
3.640972240710578
3.6409722407105636
0.0
0.8753799392028734
0.3165815409180203
0.07436476125158344
0.7050937261515732
0.0
0.0
0.0
0.0
0.0
0.0
