0.0
11.466479844710426
11.466479844710427
11.466513212530185
11.466513212530193
23.99970214654601
0.0
46.15672328163637
46.156723281636275
46.06913442589419
46.1681329725933
63.972621255496556
0.0
93.96509895874058
99.19665553887268
99.19665553887276
99.86532348382106
99.99999999999999
0.0
88.45823260995813
100.00000000000004
100.00000000000007
100.0
99.99999999999999
3.162184633587695
60.62971925210286
69.36107005100324
70.03104158235755
91.85966853416912
100.00000000000001
0.0
2.2381729318700367
2.2536683762657623
2.1676137576486965
3.3519149230183216
30.906122334806224
0.0
0.0
0.0
0.0
0.0
0.0
0.0
0.0
0.0
0.0
0.0
0.0
0.0
0.0
0.0
0.08565792924044394
0.0
0.0
0.8040753610931131
0.0
0.0
0.0
6.270333098979409
0.0
3.596181933298703
0.5744013681626965
0.0
0.0
5.209087280723348
1.8638429950209925
0.8899747881637733
0.0
0.0
0.0
0.0
0.0
0.0
0.0
0.0
0.014087206087939945
0.029053906399896405
0.0
0.0
0.0
0.0
0.0
0.0
0.0
0.0
0.0
0.26665777211201597
12.799796654398182
12.799796654398186
12.799841144824528
12.799841144824539
0.26665221080872226
0.0
24.012225605730094
41.887896971789964
41.88789697178986
41.8093002612829
41.895923989644615
23.980922218007866
0.024617335077187805
49.212768203272
76.93894150650982
52.60493318525568
59.73632538512779
72.30483811922781
35.756637276732405
0.3642883168400195
55.10444228893001
71.79414245189031
72.88964168068108
58.70143721530195
54.778958272952785
48.462440571121334
0.6841043407551338
49.42506820844791
61.11512683401664
71.67356602302738
73.25738815393817
56.64209625488012
65.16568995748966
0.0
0.0
2.2077142090215904
2.2212727228678504
2.1459749315779177
3.1822384512763398
2.24961864331002
0.39993219939916186
0.0
0.0
0.0
0.0
0.0
0.0
0.0
0.0
0.0
0.0
0.0
0.0
0.0
0.0
0.0
0.0
0.0
0.0978947762747931
0.11287315359563005
0.04816887099693606
0.8040753620511834
0.0
0.0
0.0
0.0
0.4655651495677631
0.4655651495677635
2.8084836321185276
0.0
1.9198896977694748
2.399162280173068
0.47927258240358517
3.8604977444582773
3.8604977444582804
1.3870424302668145
0.0
4.7585820227511055
1.54800314319154
0.0
0.162301674295032
0.16230167429503184
0.0
0.0
0.0
4.070941645938571
4.070941645938563
0.880691685591083
0.32189330436992386
0.08498832197780481
0.05091386232430965
1.6228798855688855
1.6228798855688797
0.0
0.0
0.0
0.0
3.733208809568224
3.733208809568224
3.733208809568224
3.7331309513221105
3.7331309513221105
3.7331309513221105
0.0
36.01833840859509
36.018338408595135
36.021415575479786
35.9713833270118
35.97138332701184
35.97138332701184
0.02154016819253933
47.52223444645055
67.81904187568409
56.43764620499341
45.1569207152341
41.87665248431957
51.06707446729479
0.3187522772350171
65.8863362008329
71.5908115021852
65.20610836976692
61.377356278289085
58.03211199021741
55.385646366995815
0.5985912981607421
57.36001424497316
56.8740516415846
54.11491054426716
62.63470723472758
62.55727057499598
59.87024274018951
0.0
0.45544557503788435
0.0
0.029053906399896478
0.014087206087939962
0.014087206087939962
0.0
0.34994067447426663
0.15697239370737576
0.0
0.0
0.0
0.0
0.0
0.0
0.0
0.0
0.0
0.0
0.003077166884648476
0.0
1.5564893423387447
0.0
0.0
0.0
0.0
0.7487643824623921
0.7487643824623929
1.5885588805425457
0.0
0.0
0.0
0.3772014968620687
3.170624862353914
3.1706248623539235
0.0
0.0
0.0
0.0
0.0
5.198652748152287
4.6125495598943305
0.08786214546853138
0.0
0.8924935874859721
0.8924935874859752
0.014754268544632649
3.232391826143264
1.0203205590979423
0.0
0.0
0.27563622759598955
0.27563622759599
0.0
0.8753799374504736
0.31658155886790323
0.07436478173057921
0.044549629533770944
0.0
0.0
0.0
0.0
0.0
0.0
