0.0
0.0005410326898199795
0.0021602018540575123
5.5239933003183096e-08
1.906916639442641e-08
1.5765650882897698e-05
8.4131694164595e-06
1.0182681606601598e-05
8.930441183463203e-06
0.8746369334152887
0.5739790495486016
7.627442227489999e-06
3.312353223618103e-09
4.834769588224848e-06
1.472846035340805
0.0
1.1557803725472018
1.0414834626015173
0.7366030059838159
0.06536437098017783
0.34770138329635536
1.8464826732937136
0.3476870429434645
1.449382930265339
277.1845035300607
7.773672678326052
102.44888131957936
0.97615341385337
0.00020209203891916383
0.7707941701490196
0.0
0.770793661577439
0.3699060719678204
9.399080909393575
8.950828080335441
2.67846186941625
8.502485270726085
18.232542429844518
116.14081191589668
10.17939425193845
211.34844561010453
1.4690676880821345
0.843129697630107
1.7301553323857624
0.00027980321064653365
0.0
4.632400228995159
8.201029735344892e-05
4.664549796880808e-05
0.0007327309952382065
0.4484105959977768
0.00019271579533472382
16.63286348162726
3.781378769897196e-09
3.78544840665437e-09
6.71475220321931e-09
0.00023123653255478736
0.0030471221650965065
0.0002772908014556786
1.3143590634215347
0.0
0.00039108068433526654
8.987791046944236e-05
9.14941973792965e-10
9.509285252773722e-05
7.705001887680198e-05
7.971165530519203e-08
7.610073306438467e-10
0.03134677351085491
5.293429866521278e-09
0.00011537354030845037
0.0004006716205673911
0.0024637543716412463
3.0705990742631517
0.0009183918969510853
0.0
0.0006648490846742746
0.000544336474733328
0.0006116410537619122
0.00025982417761785166
5.585299061076666
0.0002173822726394797
3.341741793555136e-09
0.00010740798070576097
3.1173598843155564e-08
0.007125475024957266
3.933914646706389e-08
0.13798555648324745
0.00014291716055859002
0.001174784228576604
0.0
0.0009526480413463759
0.00013730288244160675
0.00010692443372313108
4.674394104598519e-09
0.00011361420947892168
2.7799059796871736e-09
0.00012708736666500458
2.4890822664544163e-08
0.0038882678044165906
2.8512484755759945e-08
0.001281687937575281
8.083345141705717e-05
0.0006111036484164733
0.0011135329005116776
0.0
0.051167077877697545
6.329080281377433e-05
2.787367395598353e-09
0.00017538814152680802
12.50259810549979
0.0001502483208326685
0.0007496360456486456
0.0007206590519641519
0.612849782718259
1.4709911956445274
0.0001414802563080704
0.0003336762475151915
9.022104458675898e-05
3.448589599344107e-09
0.0
0.0001073056606459191
1.2655239391848314e-07
0.0002801463999297901
19.745279513222727
0.1595581320997613
0.0026765081224765282
6.497044347752462e-05
0.00027915259251325825
0.0005491504562007001
9.57276368167783e-05
0.00039214467630317755
8.955327512662969e-05
0.0012099572036037057
9.488482679635564e-05
0.0
0.21332710686313772
1.4166447178074563e-08
8.638290594076779e-09
5.899258598202964e-09
0.003678337347059843
5.3911206306203614e-06
0.0019897050201302248
9.365305955662442e-05
7.6256420383202984e-06
0.00014211865369708263
7.190864069722076e-06
8.034594512871218e-05
0.0008180560101096137
5.820072929357614e-06
0.0
0.0012157949303068744
0.7356497012138339
7.710612779858037e-05
0.002003027419878317
0.0013293672365158457
0.0014680806937634884
0.0007797938124450754
8.437550629338913e-05
0.0004703190989046249
4.378757752632463e-05
0.00013190770738918722
0.0007258104470535477
6.478807176043278e-05
2.3742023060020803e-09
0.0
12.48595961348553
0.00015085451185093703
0.0038664870063249805
0.002026244407700989
1.4215009848944097e-08
5.853890120895807e-09
3.780359818789237e-05
5.85493568940121e-05
0.00012546653376300945
0.0008600159671419234
1.2975703797633495
3.054217765265663e-05
2.1557462664885383e-09
0.0006837852449064162
0.0
0.0003623409769321241
0.003926235389442237
0.003941980045997637
2.3512641001850027e-09
8.60249803763596e-09
6.735002757143761e-06
1.0843966167146475e-05
2.658023669940726e-05
0.0007893905178300028
3.186247697349632e-05
5.374943020852509e-06
2.5689094095876182e-09
0.00033476383153929404
0.0016340372410150674
0.0
