0.0
0.0001705883006120011
7.059959403762723e-09
0.6648756387953757
9.657640948305221e-09
5.357484420175074e-08
1.9346917307335808e-08
3.842750890649009e-06
1.9423147919985432e-08
1.2930082258665954
1.2463269621935408e-08
3.887061236390793e-08
3.6345826379198507e-09
4.515084463192336e-07
4.266441744154284
0.0
4.04863871683219
6.85220921969658
4.960682047518012
1.3692210105545295
0.9012196851115505
2.0944793890207687
4.803088621174186
3.7331160101623193
311.2332272802238
5.805534723084229
42.56601101092145
1.084085697799792
2.00570126804333e-08
1.1869001360959686
0.0
1.186900489368276
1.0568726768749413e-07
12.109066065709657
9.771041833428331
7.054235361363751
1.5102367462158
27.172944538875186
47.982036615598204
10.183824173195877
264.4969346736123
1.6757328054709958e-07
0.7163393828384613
1.6236981799627432
3.380081249142134e-08
0.0
4.115385275615936
2.8393114351753487e-06
1.2028196559337053e-07
0.001042857692687125
0.21366250038502665
2.9553192221896285e-09
27.214532526789696
0.21407081084830348
7.141262719097963
0.21056573033123444
3.911857268640075e-08
0.0021055117933047075
4.327148071651278e-08
0.2154747466385254
0.0
0.00020652658938497307
4.1401104252429276e-07
2.972604678290418e-06
3.177582763543732e-07
5.470068390809586e-09
7.120206592640802
4.221071710526538e-09
0.24174232863323672
9.150994070469722e-09
2.97446444016546e-08
0.509853339926513
0.0015701426142672237
3.294842096313129
2.1090984441063254e-07
0.0
2.0348657529385023e-07
3.104582922824165e-06
2.3072489425179718e-07
3.3251805687237606e-09
8.209189101929484
2.6701112039078873e-06
1.0979259736732487
4.8005999850081574e-06
1.9310831188348717e-08
0.09422453899232172
3.2706308501553044e-08
0.13310359837083346
3.137658446357905e-08
0.00013503317028761746
0.0
0.00026320622186250763
3.572991234916024e-07
3.3813115249723687e-09
1.447164119402108e-06
4.2777486327849886e-05
0.15787514309247253
0.0001513035690840372
4.525947596662558e-08
0.0026156481821164998
9.325388729484308e-09
0.0014485510106882445
4.757918812820277e-08
0.0005576145796251839
0.0007426559075747987
0.0
1.400171687987508e-07
4.072703824043128e-09
1.2452487378621515
0.0002091040045285152
10.971808377740256
0.0001825167430027077
1.846354799751636e-07
0.0006971558200434246
1.6603388006878175
0.24757086499400857
2.7977185963124854e-07
0.00032980837719082904
3.33213091073574e-07
4.597779657581798e-06
0.0
3.1462760481321356e-09
4.454725824253919
0.00029163945349266877
18.13407656692333
3.436030258438314e-06
0.0006978279103169646
4.045144576892842e-07
4.399825943008189e-08
1.666575151907433e-08
2.723829006233945e-07
0.00021038856498418454
2.818354564613929e-07
0.0017616698744149259
3.153761218365267e-07
0.0
12.2240775858213
4.5707450591393555e-09
0.34878255099108463
9.488818686711254e-09
0.004070149101849911
2.904564398632451e-08
2.4579050239287672e-08
0.0021114000579409375
2.161609412733037e-08
8.570192983337424e-05
2.0942305485734036e-08
6.21829591206037e-05
0.0006175150808563799
6.176107577818068e-09
0.0
0.001295962604772884
0.6883837745307557
5.869098440727605e-05
0.0026454452004070032
0.001316140581155225
0.0015586402527400733
0.0009495946703409851
1.706628610127614e-07
0.029132797665512557
1.672865061889847e-07
0.00016052137115170724
0.0009131940684929308
4.2082010144670174e-09
2.170210322469394e-09
0.0
10.943400183914646
0.0001832020056593419
0.002498414649734144
0.0020652925974942006
1.990399135703346e-08
2.644233275420872e-09
2.0170633522534997e-08
8.397155056043794e-05
0.47577788089559725
0.0008258781398432106
1.006725636364548
4.414300704370158e-09
1.2481907491960944e-09
0.0007890544990761817
0.0
0.0006521038904560425
0.00011954338554829865
0.008312056589631956
5.801543661596222e-10
3.140494498601828e-09
1.1331239661137499e-08
1.6306280755199216e-05
2.8740657605050498e-05
0.0006969876181319164
3.7627680680349634e-05
4.664198827315966e-09
1.410815347072253e-09
0.0003829168078939057
0.0017375899018333115
0.0
