0.0
0.000364468431246078
0.001454155857037852
0.0015463565876446988
1.429078282034576e-08
1.0611681139791192e-05
5.666228504777386e-06
6.857647812585837e-06
6.014468515531348e-06
4.8425293978556825e-06
2.9686813298896066e-09
5.128814568209215e-06
6.610146110526255e-10
3.2592028210660957e-06
1.826344844561493
0.0
1.8263209184350329
3.4697604300341593
0.91329366536325
0.6527488161676576
1.044844678645706
1.858462083321601
1.044557991854058
2.485748663223483
333.55480790351817
3.275082008752383e-05
47.01144356253189
1.0842425282849035
0.00013619507887055075
0.6900971512695283
0.0
0.6900969657517623
0.4374546489037389
8.800116927396786
9.235474873402733
3.7453095792307805
5.9074962066676315
20.458961467569846
54.3662730612176
19.828295929808093
264.0811765726578
1.8160799239256662
0.8665706634165258
1.7304063633854494
0.00025917717212835495
0.0
5.506958128601152
5.524497955036141e-05
3.1431851566721724e-05
0.029902075551067782
4.325424748142264
0.00012984548292335703
10.665656664992342
1.3883545621200032e-09
2.697873260507723
1.804155071724855e-09
0.00015585677327513127
0.0025319385850403556
0.00017814426456342513
0.18849737959287702
0.0
0.0002632498419027011
6.048276706078857e-05
5.398365959941607e-10
6.406855805577983e-05
5.1913640562501055e-05
4.058214497229389e-09
4.4869988805722523e-10
3.24204687976962e-08
9.38435959815501e-09
7.778760631455456e-05
0.00026981494991813564
0.0016581640350620836
3.9370235468807913
0.000637995362079202
0.0
0.00044750162079294884
0.00036659853477887807
0.0004112661513128851
0.000175004833897778
5.144479889409695
0.00014644316427863167
1.8488116264646852e-09
7.245838941635354e-05
1.0182492843967725e-08
0.005368942459693689
1.6734488664663028e-08
1.0030148486835292e-09
9.617623011088515e-05
0.0008122580112150768
0.0
0.0005840310487106079
9.236950970258225e-05
7.202886686821206e-05
1.1846860790242516e-09
7.662404833920046e-05
1.5977743167485434e-09
8.564236846547263e-05
1.750350815852311e-08
0.0026229402676759992
1.2702576526842375e-08
0.0008627435768966149
5.4403338678454504e-05
0.000403014926503276
0.0007501864783556779
0.0
0.10860924972523335
4.263111915672312e-05
9.278425687244283e-10
0.00011828273404789723
11.028667789876335
0.00010132672189426005
0.0008992624617596176
0.0004851602684512674
1.2472272407735245
1.7181765105760618
9.527650515293995e-05
0.0002902593973625578
6.077069324340039e-05
1.8904426673850323e-09
0.0
7.228461171157651e-05
6.152969029721173e-08
0.00018854651968821563
18.932023123767316
0.7162935957423839
0.001363028386652863
4.3791976449955846e-05
0.00017972716676829516
0.0003699216046114161
6.449949669157873e-05
0.0002639444492009517
0.0017143707245820985
0.0008162718303910163
6.392930310138162e-05
0.0
1.2975644997322424
2.6568362656118106e-08
4.638668492867779e-10
9.478698247386662e-09
0.0024766828525263013
3.6332702786694237e-06
0.0013395355665189752
6.304787508146115e-05
5.136101984476394e-06
9.578072800202296e-05
4.846261981765052e-06
5.323899596693207e-05
0.0005508332448150819
3.916574025920084e-06
0.0
0.0008189449343069494
0.6723955985219676
5.200807983611563e-05
0.09873521712848483
0.0008979954419940039
0.000988268450329136
0.0005249154824911964
5.680217285503483e-05
0.00031184251674903646
2.9493516184349967e-05
8.703059818677434e-05
0.0004891225339438462
4.363107500361771e-05
4.9334237519447716e-09
0.0
10.994942482326342
0.00010173670188709169
0.0026841315756045547
0.001364062771284855
6.107942812636442e-09
5.179656361261535e-10
2.5442581579298417e-05
3.944052302210477e-05
8.450471567225291e-05
0.00046804789774506543
1.4803178529663286
2.05693776283766e-05
8.316757081396628e-10
0.00046029923666787167
0.0
0.00024392961377812944
0.002733880724148128
0.0026540134645879655
1.0178551859214726e-09
5.257877459694478e-10
4.5302541061933054e-06
7.301649444842975e-06
1.790192354234405e-05
0.00039391480231959627
2.1453084520497283e-05
3.6154486603441644e-06
9.400117967897926e-10
0.00022597619861343567
0.0011025645610385469
0.0
