0.0
1.3191700207968235e-06
5.754718407571733e-08
7.23174929614269e-08
8.725754199494146e-08
6.981342456140218e-08
6.703469371387645e-08
6.937420154021052e-08
7.022408229963278e-08
2.7106806195318462e-08
2.5531247782301785
8.189299760545184e-08
7.106933261777216e-08
6.578065476816093e-08
10.094914585378413
0.0
2.321037913872228
8.879047588029236
2.385948447384102
1.987709075593882e-06
8.785120003321753
19.359553160391187
0.841021152980476
2.2616525181965663
162.30418120414782
0.2638881519337324
170.8180545900535
13.23970820008018
6.904796399281879e-08
2.784408589961279
0.0
2.0793004436317344
0.03262115345005647
7.944364166450207
5.976013820418164
15.859144363714426
7.367675630653789
45.46269786812878
11.557824958801286
42.36710612428333
216.91743868284607
5.884499355057892
1.1046347545714305e-07
0.7440717472657459
7.375466431182363e-08
0.0
4.630338054549342
1.8888425876212957e-06
0.8080227080466342
6.516989524892296
0.8078557096569369
1.7774793547343207e-08
66.09147813407654
0.2604036147579699
7.509479987338185
3.456100159925865e-07
9.93532150211549e-08
0.0005272735215297598
1.0932138445625643e-07
0.4026714440742264
0.0
0.00026484909267493435
3.835892681097161e-06
0.05462513820219323
2.5220679248746526e-06
6.607079502209977e-07
0.05639662010261415
1.3451554239753987e-06
1.5321467907592683
0.3085095688857023
6.139674730217961e-08
2.1710771403831903
8.550006469124502e-08
0.09690722981838792
0.0003211681488569964
0.0
2.0420032173008e-06
0.04371178403916372
3.520940178942493e-06
1.4787150160709967e-08
15.986690509872732
3.4094506592952143e-06
0.03711214991867585
3.85143342717379e-07
6.521109124053056e-08
2.8326721913936973e-07
6.404069129471318e-08
2.5922663319147396e-07
2.9211746940029695e-07
0.00045035736672397944
0.0
0.0007591345954236176
0.028133992437097872
1.5826129745419437e-08
6.120026152519023e-08
5.927134904568885e-08
35.440517679205755
6.264889552177123e-07
8.938265554719635e-08
5.00822841635294e-06
1.1313187287783908e-07
3.139762993252376e-06
5.642997375051438e-07
0.00012550590942282604
0.0008488960067836716
0.0
0.07971548127485148
7.646373673994422e-08
7.652196350059675e-08
7.157641258775255e-08
1.5817451083018297
7.344653493979278e-07
0.2820164158068392
0.00340103709141614
1.8039946256821902
0.4261693299651008
0.006803612493486022
0.0009217557272595219
0.006801212674549561
1.4827323807242538e-07
0.0
1.51394311113974e-08
22.09668620056773
0.00017661066621281696
1.7054011092917068e-07
4.879644136593808e-07
0.1527781792703561
2.3659997591595765
1.0621660628054134e-07
1.322682286081825e-07
4.213056727597114
2.5649344469335413e-06
1.4197509559906593e-06
0.07578375390380374
2.46600756316186e-06
0.0
3.797734009351176
1.373430626671024e-06
0.05328992987347689
4.742193762945464e-07
0.0025601633490154106
2.0289946404836297e-07
0.01987852508509181
0.0004515920104404379
2.1192034639991336e-07
5.677101290046344e-07
2.452011777906832e-07
2.830082639624005e-05
0.0007313268652398223
2.280365629433687e-07
0.0
0.0012799379381014998
0.09343558972239521
4.818408660467247e-07
9.995890583080269e-08
1.2501269628937365e-06
0.21216120215151207
2.9190638476046544e-06
1.5650818463297398e-06
0.38865179932113325
0.09561077151465572
0.010911663830597013
0.0002236654230086568
7.269737296939618e-08
83.7038031317157
0.0
0.744957438919214
6.967023694807753e-07
8.173244404312593e-08
4.222093137714951e-06
8.65597436324368e-08
0.0005900193834530201
1.637128879934962e-06
0.005638433462379003
4.580490384159988
0.00030243993344799115
3.065135896082521
2.6011673030563232e-08
0.0006460366814673087
0.00030936268011701163
0.0
0.0002706395923314982
7.690000289249814e-08
0.00014588305522818246
6.291273328876477e-08
0.00038136396101954434
1.4599398901941008e-06
0.005303218456101304
0.38024291293693546
1.3841481890454696e-05
0.18662038855467927
3.069486347782438e-08
0.0005612695833266787
2.1659858301845277e-05
0.0003930715406732576
0.0
