0.0
0.00023371903376539618
0.0009660825408306811
0.6000751946039602
1.5497711528088209e-09
1.0154018377719888e-05
6.38178625277401e-06
7.461174439130328e-06
7.162085102180398e-06
1.110666967498613
3.470295399127054e-08
4.948434071669136e-06
4.5580861874984265e-10
2.4011364742284907e-06
4.904545072951109
0.0
4.256931915573399
6.653073088678744
3.948001007794569
1.0601005165488286
0.955978918338507
3.259701657718704
0.9563397811139738
2.426850948224969
271.18701254868506
12.686209349411856
80.53626543578449
2.6240319838203336
0.00018269752641382922
0.925015810080505
0.0
0.92501582828925
1.3761189883849173e-05
11.387339646637809
9.966952815090123
8.604951675865717
8.998399214566815
18.805635258321622
91.69704561435486
15.595855259389797
219.1358327724013
0.4669327832993757
0.4092190721386173
1.463317863611024
0.00012513934457161286
0.0
3.738581713401691
3.981443579185888e-05
2.8711309895092365e-05
0.0003057136684471046
0.9682330526409011
8.688584511218502e-05
17.97391784423045
6.836983677328015e-10
3.2221205609130566e-10
0.13463961240214248
0.00010137281668056082
0.0008510258392198707
0.00012347893191125747
0.0014382202998682496
0.0
0.00016899920656886707
4.964208671541022e-05
7.714736915187647e-10
5.380788883717528e-05
4.4572708894961036e-05
13.612285594923431
3.705925985084274e-10
6.954453398995159e-10
5.979466561676923e-10
4.8151378957641404e-05
0.876652131023294
0.0006616844823306281
3.2231432330989005
0.0001156302132809275
0.0
9.658169172399814e-05
0.0004755513922741465
0.00010770387501771636
8.381654066186235e-05
11.848855356156047
7.341868396669145e-05
1.0914759649721155
0.00011228871087052279
4.504596518865009e-09
0.16846279223066166
7.773665840516125e-08
0.2147269783527153
6.68638626862876e-05
0.00012914344855787733
0.0
0.0001641466949840919
7.107070209058257e-05
4.7162463456990253e-05
6.110397479103477e-10
4.597597216383349e-05
0.14435318656909824
4.045875167164757e-05
2.849148728688971e-09
0.0019717344396288803
1.4240714912775366e-08
0.0005702191241572628
3.7342245730184494e-05
0.0003119730007498367
0.000497452336220366
0.0
3.92848432626894e-05
2.786603820461185e-05
2.231864358662285e-09
8.028972411939937e-05
7.999090938108571
0.00012923608910238277
0.0003360668842612313
0.10397517436301931
0.7970019360427594
0.0008741776735852892
7.80682137930071e-05
0.00014325506541256153
5.0146061566176837e-05
5.396756559167266e-10
0.0
4.729462274774521e-05
0.051670318651353374
0.00012710060373322872
26.963512267048717
0.24755654766823423
0.0012020791289842027
3.4586147327679106e-05
0.0001251502611527788
0.00024493440745721666
5.6358171001215275e-05
0.0001693337432554915
4.944250793595931e-05
0.000522149254991437
5.3573557483722045e-05
0.0
1.1991657885012347e-08
4.040625212614924e-10
6.676357256510353e-10
6.752492270527615e-10
0.0016594315109928035
2.7830853607181017e-06
0.0008427452893380932
4.1507155512133337e-05
4.2287536260131334e-06
6.308760504136923e-05
3.7909797961375067e-06
8.685677563069168e-05
0.00032401721570062035
2.5626785566878684e-06
0.0
0.0005440261387637621
0.49994317848927605
8.278358583135567e-05
0.001157836160400088
0.07406078914225496
0.0005987281955500768
0.0003427779024442167
4.354456104521379e-05
0.13248667712103304
2.3204839285106176e-05
0.00012533326368053253
0.00037105337239488044
2.8601260841065286e-05
3.3595651106238416e-10
0.0
7.793334323953129
0.00012944063579785358
0.0010856620357276464
0.293384319386893
8.304667935273685e-09
1.083802720693237e-09
1.7479738678513505e-05
0.27272194082573514
0.8975233364832578
0.00033258112546067124
2.9924364533159946
1.3516210319227971e-05
8.063399320737753e-10
0.0003052783021448684
0.0
0.00020868029292299647
0.0008666051338944282
0.0026257999270494856
1.1881176967089113e-09
5.119915262610396e-10
3.116292964633757e-06
4.8566493923056915e-06
1.1901524974611535e-05
0.00027043966851557843
1.4240325707975604e-05
2.3738992787103082e-06
9.355930124806717e-10
0.000279698256880827
0.0007316927703962365
0.0
