0.0
4.571818124047553e-08
8.005599200231902e-09
1.4219511038043524e-08
1.511282169139567e-08
1.445361896636795e-08
1.3364207504902205e-08
1.3744918171487862e-08
1.4865984175095366e-08
4.551753186055309e-09
11.209330962687496
1.544296789657083e-08
7.7350899879823505
3.0136763949739556
5.94186924270943
0.0
3.505345366384672
27.62942683799535
5.024231920230413
0.8430869662864401
49.164705034638644
19.65844897634269
4.436317387604925
0.00043585421552935647
152.55133287353488
16.649340387414345
98.02015148092428
6.205833785069431
1.4569358071988058e-08
3.865799647391201
0.0
2.512662839963424
0.032315876625479835
8.77043676794441
0.8247486585434274
10.909221087154522
6.0048557206822615
52.86305251166336
11.328691197115695
16.79152605369354
232.1542223559723
2.767062315234801
2.2610782740800768e-08
0.6077508756681982
1.0786662947322552e-08
0.0
2.5320791729515566
6.065353400777359e-07
0.8358555508365256
6.50280717010448
0.838165007720781
3.4381690485059737e-09
73.3981170476221
0.25808613824961935
7.774173590265821
4.6759086849036395e-08
2.4317228029997187e-08
0.0002483086173043911
1.8026109262068325e-08
2.824053148805411
0.0
0.00021561774750652118
5.491461361811882e-07
0.05425180814744579
2.0002851689873725e-06
1.1857110972407234e-08
0.7256358507887329
3.989337899171197e-07
0.8893262710197372
1.7679778860472175e-07
1.6704617133028506e-08
0.00016331149046933376
1.0959473760614693
0.08405725247216714
0.00018469252226097465
0.0
6.200470838434966e-07
0.03780121886074858
2.8286500111813694e-06
2.4850393058805044e-09
58.56698263397368
1.037002343455549e-06
0.033314022996541764
1.1947792391033584e-07
1.0189391622909053e-08
1.1191881396471093
2.5448498060018317e-08
4.7918104389535893e-08
4.2074832322402985e-08
0.00045992944659478837
0.0
1.1516321837178488e-08
1.3958179532061042e-08
2.539854683928856e-09
2.6359646614228467
1.5470435172843275e-08
32.87634193992556
1.537223404390734e-07
1.0589178510887699e-08
8.676011656763707e-07
1.7741260084592512e-08
5.564855952996631e-07
9.042747551473222e-08
1.2946962170631004e-06
1.1319810225399842e-06
0.0
0.15318418042516052
2.9701302108101972e-09
1.486030052699288
1.8629682033826678e-08
6.600012636066383
1.9756587651718014e-07
2.6775070037207202e-08
1.0562154225564389
1.2002404038592225
0.0073247490740143036
0.007889308529188257
0.00030210707509411455
0.007888516710123373
2.2797976775774336
0.0
2.594298972095174e-09
3.156735217537417
4.879338974694737e-07
5.2650088823345975e-08
1.0863647563050141e-07
0.05287129253792948
2.3249117579549723
1.942430202759723e-08
1.238395666783863e-08
3.377363631086065
9.396876399190596e-07
4.144419850240433e-07
0.07511904491317858
1.944666740472499e-06
0.0
5.9977533388164055
3.5033856391046987e-07
0.05420035778340887
9.823170301619991e-08
0.0019923612024646217
0.007961631687209597
9.279586169771674e-05
2.3997252989040825e-07
5.65716647732211e-08
3.580999636290921e-07
5.984599737467963e-08
1.6565886066100652e-07
0.0003199711113315151
3.5807813543281867e-09
0.0
0.0007109717696273953
0.5019780284851869
1.308525455331022e-07
0.010845110104803468
0.11432598564405638
1.5024322998706114e-07
1.2110642759530553e-06
0.02082637983180547
1.474815681869272e-06
0.1359961716887609
0.00812291473295826
2.687916663821117e-06
2.5318548253003046e-09
65.97667716452054
0.0
3.1414602887627736
1.8067033546490612e-07
0.4263948671005064
0.19330774202131068
1.846678251498899e-08
0.0004767757605549384
0.15409848819700528
0.8407366209806248
3.609907850785552
0.00024602754717220973
1.3432284110524266
4.3272916092146125e-09
2.782691694049739e-07
0.00024630016528493566
0.0
0.0011566867425193165
0.07854054772703951
0.22193783187407556
2.1821400294108533e-08
0.0004139947203161716
0.06452098102272338
0.08157644408727466
0.1870416602850577
7.096071084683545e-06
0.08309428648449264
5.396601147425831e-09
4.060874341915138
7.144743138823567e-06
4.254922774672694e-06
0.0
