0.0
1.5924753841267497e-07
3.42675623397183e-08
1.6713057803276379
5.917960810691594e-08
4.6901094603369455e-08
4.9010403293511064e-08
4.7354299599156525e-08
4.7885125007331214e-08
1.0971960016436344
4.17002762676832e-08
5.533310488145948e-08
4.936345568225252e-08
4.581867027416143e-08
6.908357882694524
0.0
6.346200846461055
16.385831974409122
4.857827443517048
1.165652727631333e-06
3.1089602852847813
13.85387171017554
0.955381389136628
2.268663857354592e-08
200.12625499314635
4.0433729379480035
144.18950467022873
2.6319235300368664
5.736443814467309e-08
3.0698594971785105
0.0
1.9909940889031759
0.03246366100011779
16.891791249129003
12.640778697420945
13.517834744896692
11.98305145519154
48.04844775343429
11.363207199502769
23.998105944085083
208.25519801226477
8.566796084238083
3.905717498089213e-08
0.7325087855369775
2.6503523104002775e-08
0.0
5.904662327934922
5.094941453611887e-07
0.8715911683590825
6.467730131871165
0.9111769513313197
1.0147549674898385e-08
60.091657088774426
0.29618599492853914
7.447667257345502
3.656957460337152e-07
6.600401177592736e-08
0.0007524863443810105
4.298905611297844e-08
0.514928285104012
0.0
0.00024359319053902554
1.2939559311964106e-06
0.05449618550167052
1.611736591945188e-06
9.39135391645512e-09
0.05634523325413816
8.409403965996566e-07
0.042353732045995116
4.606909043223777e-07
5.2159778045337624e-08
3.764463642327888
1.3967628817557938
0.09377556014740886
0.0005037225642901457
0.0
1.3050159791648767e-06
0.04209737741923549
2.3606208579707477e-06
7.89853260547987e-09
6.475667455476375
2.2659858183125077e-06
0.03656002228893295
2.579015791985286e-07
3.5030325185491604e-08
0.3912379503375947
3.8586365254897704e-07
1.6203712867426806e-07
1.3126711333118998e-07
6.887514975783039e-07
0.0
2.88016125797251e-08
0.4126543512304714
8.127422706468848e-09
3.8377111723929916e-08
4.169904928438393e-08
36.76430686540489
6.076936783067818e-07
4.48240208731885e-08
0.0025908842868840546
2.3897581470517603e-08
2.269796261555323e-06
2.6972356050466515e-07
0.00047568301323714626
3.1342489685537166e-06
0.0
3.7274260866130014e-07
9.292081729653339e-09
4.794970504348359e-08
4.841935026030292e-08
1.5436752615748388
6.690153760412086e-07
4.543436177217761e-08
0.8763850136233622
3.171633624406246e-07
0.007846792576826474
0.1390786862509404
0.00012213579283159136
0.12109255105661773
2.1245495298470507e-07
0.0
8.469521640014614e-09
9.737067508846268
0.00014736460862118305
2.8750604706582157e-07
3.36491375058494e-07
0.0719676757766191
0.5327171062411935
3.425381338530326e-08
0.0003944218848029846
1.5001435677449314e-06
1.5420647313070538e-06
8.878881564272041e-07
0.07547862142730509
1.609472346632197e-06
0.0
57.24174318248726
8.396976871187703e-07
0.05411546717577598
4.045603073535718e-07
0.004404228986799592
1.085497245426341e-06
3.173382457855865e-08
0.00043773766709758334
1.3327316584510997e-07
1.0136964104139548e-06
1.296500579440377e-07
1.6553687123012184e-05
0.001038889628991888
8.170155373842406e-09
0.0
0.0014178450910413824
0.08739080353081441
5.468486896536747e-07
0.0020173003835844607
0.032957584512489646
4.117798292305408e-08
2.3754583457732423e-06
0.009585018864722458
2.7950560796175024e-06
0.10238823267989597
0.011988048532720546
0.0004336507914871703
6.5943276624099215e-09
53.12832710130806
0.0
0.7157450209191762
6.252316303349075e-07
0.2368290492875367
0.31138901680449593
1.5460970681684072e-07
2.104143149185679e-08
1.9766215856875415e-07
7.673471228888829e-05
3.713428083950986
0.0002603386863494393
0.760408766628212
8.343315713459595e-09
2.7628463412836728e-08
0.00026424370354088316
0.0
0.0008966478995185434
0.06831564763526143
0.07306218845904798
2.0787688915379675e-07
0.00038202588898783883
9.622499994918423e-07
7.130124699377227e-06
0.2778945377013183
9.220800959356507e-06
0.08050791332020693
9.395090309549949e-09
0.005484742862484429
2.1586089399710765e-05
0.0003833025977908525
0.0
