1.0712502474258883
12.187961065041025
12.270439325812935
12.131041576609572
12.13104157660956
0.44838423169440733
0.0
25.898168005360215
44.05939184209058
44.0908643642439
46.0742696164264
44.83915471421834
26.486472464090724
0.0
41.54126524818225
98.16221258596121
97.37476079855173
100.0
100.0
45.49621822308877
0.46440396523652794
50.53859305749031
96.47649774412847
99.99999999999994
100.0
99.1749420838201
71.83606830260148
3.185024231928895
57.111595312013506
93.93546242557642
94.8802003130778
99.99999999999999
100.0
66.12011270656818
4.776750454009354
0.0
0.0
0.0
0.0
0.538457041141625
1.07691408228325
0.369657219020376
0.0
0.0
0.0
0.0
0.0
0.0
0.0
0.0
12.187961065041025
12.270439325812937
12.131041576609574
12.131041576609562
23.992028959471227
0.0
44.05939184209058
44.0908643642439
46.0742696164264
44.83915471421834
63.90553008906798
0.0
57.27645371437506
56.48900192696556
83.94492664412994
81.23317106726539
98.6482499639705
0.006118178334220447
72.10733923597805
71.00032069012522
51.2924718475429
99.99999999999997
98.4006959508868
0.0
30.815943991312285
31.76068187881359
14.093026489238852
56.91490877964063
68.88106359432453
0.0
4.8199869362704755
4.8199869362704755
4.8199869362704755
5.3584439774121
82.14447494056398
0.0
0.0
0.0
0.0
0.0
0.0
0.0
0.00042442899120828735
0.00021221449560414367
0.000689213863812889
0.009152364936765606
0.0
0.0
2.834826443890109
0.003032889239215966
0.006065778478431932
0.19764698792951113
1.7780954261013708
7.347448406662647
7.347448406662647
1.959466458797582
0.05383773271676505
0.0
0.0
0.0
0.0
0.0
2.8394953463201698
0.058696418694096364
2.0264266904136243
4.0703604039394765
0.317930976426075
1.9034512862723532
1.903451286272353
0.6344837020655687
0.14826345998715584
0.0
0.2253168678626065
0.22531686786260638
0.22531686786260638
0.22531686786260638
0.22531686786260638
0.03983175666895341
0.0
4.058836229779026
4.058836229779027
1.0131662641669452
0.3856740080103803
0.212698126078391
0.15574740180622984
5.295412356762813
5.295412356762814
0.0
0.0
0.0
0.0
2.503916243489364
5.295448411779389
3.426402605814758
1.8679128904669922
5.293255706930232
3.6393555576031043
0.0
19.46380279421843
50.28296471966098
31.969800306549207
21.705344655247085
51.26787382077042
33.449806565251635
0.0
52.62613901111831
69.40391315091716
73.92125848132356
48.82277225170589
43.19889880539359
42.584100351925315
0.464403965236528
61.89925793922116
91.69467936314673
84.17747279767383
93.73750245048528
89.53855980194251
73.68765638248857
3.877826828036504
57.40803393752552
59.64947325999913
61.908521013277195
83.66186106672528
71.6679773308678
64.26852462668107
4.083947857901746
1.3327925215827652
1.1879361859802215
0.0
0.0
0.0
0.0
0.369657219020376
0.0
0.0
0.0
0.0
0.0
0.0
0.0
0.0004769993682087453
0.011122017314120703
0.02468156377528708
0.006780008339131571
0.0
1.574903597325781
0.03388087864319619
0.19764698792951108
1.3665892077735449
3.705344592461598
1.2351148240421865
1.5749035072873228
0.08856536855164861
0.0
0.0
0.0
0.0
1.4559617602232375
0.0
10.21966856665441
0.5617084656530812
3.7596375672701896
1.2532124806646379
1.4559617468304005
0.0
0.48515116482178794
0.48515116482178816
4.35726967707675
1.5254543198710233
0.5084847186040568
0.011791909308241708
0.06884202743010934
0.06884202743010935
0.06884202743010935
0.06884202743010935
0.0
0.0
0.0
0.0
0.0
0.0
0.0
0.0
0.0
0.00021221449560414367
0.00021221449560414367
0.00021221449560414367
2.096949947118361
2.0969499471183584
0.0
0.003032889239215966
0.14574704175552963
0.14574704175552966
0.0
3.958889762249097
3.958889762249097
1.3665892077735449
0.05383773271676505
1.926193593833832
1.926193593833832
0.0
0.0
0.0
0.0
0.058696418694096364
0.0
0.04050613213316533
0.6886126864021972
6.716782986285489
0.19601072979200262
0.0
0.14826345998715584
5.0409578488814235
5.040957848881423
0.0
1.9266804541261755
0.7376560063268918
0.0
0.03983175666895341
1.3542808932615282
1.354280893261528
0.0
0.7025054670488822
0.0750140712181723
0.0750140712181723
0.15574740180622984
0.0
0.0
0.0
0.0
0.0
0.0
