0.0
0.0002513989517221481
0.0010031342539189362
0.0010676207687822235
4.958797418646482e-09
7.294011091680211e-06
3.90431099948559e-06
4.7206877647541935e-06
4.143137925834432e-06
3.3377390906975346e-06
4.93551406807525
3.5322450703094436e-06
4.826567832593785e-09
2.2487140530386084e-06
3.1743715661135408
0.0
4.617232738684496
5.71641688666184
3.5170559453863386
1.7386621385520458
1.9211628550788764
2.279159804369061
1.9198162326241055
5.775721752031381
260.5634282357667
3.247035644678684
111.18893005478273
0.188080296145695
9.484142310789998e-05
1.8484796510541028
0.0
1.8484794742170316
1.5190212637723556e-05
10.334270907432305
9.155877180224188
6.031787524377093
9.157225728319867
21.87569234108109
92.28174105444634
14.972672527159922
204.21964388768643
0.9445777137656522
0.3437166173549743
0.9139872410532248
2.9248511689559383e-09
0.0
2.278367516162521
3.835686411844115e-05
2.176747848202238e-05
0.0003627466159545529
2.3003434450691957e-05
9.001868947460294e-05
34.83782958692986
8.824380965086984e-10
8.089411882034264e-10
7.173941080342516e-10
0.00010815291966994028
0.0016521255846863583
3.5961627723763297e-09
0.002466948923547053
0.0
0.00018276991639570067
0.0003469171290189912
2.9895614594884586e-10
4.433594181381174e-05
3.5903174686952917e-05
1.6460998965003658e-09
2.56074067079523e-10
5.723131601814182e-10
6.25066352198083e-10
5.375524300092935e-05
3.0524056465149427
0.0011434998495743719
2.0393926729064855
0.00034498916782011715
0.0
0.00030906350905199375
0.00025273838437219647
0.0002842512392273952
0.00012071971711805586
16.767012748172156
0.00010111564049198564
5.298997616730629e-10
4.9966229121322815e-05
3.823742694316971e-09
0.0033704148562235642
0.23703650809699287
3.530290592420815e-10
6.664222235770719e-05
0.0005240944018953342
0.0
0.00037325446421211986
6.395893065826652e-05
4.974439582398514e-05
3.676672738081509e-10
5.285714477319375e-05
7.253461858169675e-10
5.907180238304095e-05
3.015896297699463e-07
0.0020882855009598175
1.7503965558112643e-09
0.0005949202046525299
3.784016520659266e-05
0.0003138063428246398
0.0005176045148060793
0.0
3.6415874884805616e-05
2.9449928085388403e-05
4.61680858545832e-10
8.160404911339247e-05
10.226002035419924
6.989664008308366e-05
0.0006202835329423089
0.00932029865522625
3.538918893075902e-09
1.2376766237012233
6.580710526597325e-05
0.00020031695061354009
4.190174857598661e-05
5.86958960097778e-10
0.0
4.992311312386046e-05
1.9050026804574833
0.00013015882090253452
22.201903810296233
0.462330787494598
0.001291791967225384
3.0275670474392522e-05
3.747904353695699e-09
0.00025655365047351183
4.4649428534020605e-05
0.00018326135776787543
4.175700851082054e-05
0.000591571373143672
4.424361805272366e-05
0.0
6.27187236080616
5.514607451430916e-10
5.732005574612122e-10
6.443876371539538e-10
0.001722506289673602
2.504929632967911e-06
0.0009237970256807019
4.35226541495335e-05
3.5429698157427938e-06
6.60519626640341e-05
3.340255976619525e-06
3.737733255025123e-05
0.00035754368227211336
2.7065543948922726e-06
0.0
0.0005654583805563224
0.6391251216441154
3.5864099466755864e-05
0.0012027982775130101
0.5442550969547857
0.0006817929879337512
0.0003620993823030877
3.927007242897663e-05
0.0002192990293296687
1.119749448720191
6.136018406903837e-05
0.00038175163394510236
3.0148908262291186e-05
1.364943126434134
0.0
7.880901195298892
7.01770633370154e-05
0.0018475371742757273
0.0009407849624738273
2.673900864730761e-10
8.01155182498258e-10
1.7619847765913448e-05
2.7250248044401925e-05
5.83385003024165e-05
0.00032851766302275005
2.1373125713427323
1.4215076063486302e-05
3.887228480580915e-10
0.0003179819138501232
0.0
0.0001684640204678872
0.001884239317733488
0.001830104970473488
4.456476144876089e-11
1.1558596980795303e-09
3.1375441039424724e-06
5.043262181416297e-06
1.234532687509352e-05
0.000275382896822906
1.479448353200658e-05
2.497922790342967e-06
4.403591922507808e-10
0.00015575399770200094
0.000760834680357174
0.0
