0.0
9.411429133204924e-08
1.3201429789447268e-08
3.545112981558222e-08
2.165890366097878e-08
1.9848698749079616e-08
1.63032543725792e-08
1.7291401320602425e-08
1.9812289333648933e-08
9.351137626036533e-08
1.256640187878673
2.1990534892221707e-08
2.255792394323093e-08
2.0649655245597566e-08
7.256475922591065
0.0
5.689282216358883
11.509560678205165
4.8875903857741925
1.819582278094987
19.23117071247252
17.900142257209993
1.976045927621292
1.7048922318178223
198.677991650315
6.192497742225409
122.14052741604755
3.0949706429252886
1.7357736580124366e-08
2.909528011474147
0.0
1.9214396950923553
0.032586053646505936
12.457377132906137
9.18850107084889
13.40659793763999
9.123368735683977
45.80438189310583
11.117855009507966
25.74755722951833
223.03524177172486
7.759452296893621
1.2812374559960105e-08
0.9505425825792608
1.1205346467346901e-08
0.0
3.2419771284599754
2.4644096971265805e-07
0.9999086990808348
6.435850765504013
1.0372972930840967
4.3916281276926366e-09
67.2003996106665
0.34015676577779796
7.31046880100287
3.5760116413675126e-07
2.0959099488727027e-08
0.0015998004048000459
1.8402238824243722e-08
0.05618976739985801
0.0
0.000413224329278326
0.0013003561335293654
0.05465051308106991
8.673244515682437e-07
3.820441235814132e-09
0.05630332480658537
3.321702979671843e-07
0.042269170505280715
2.5216114202128e-07
1.7218891634870515e-08
3.367359073557256
0.31205381870369103
0.46268521130348295
0.0004560030662423448
0.0
5.041231064978044e-07
0.04255835608855743
1.2796930716120166e-06
3.4926958448265172e-09
6.883565027752747
8.928990244676253e-07
0.036491659871733015
9.845952736462296e-08
1.4758448567081603e-08
1.085802903294747
1.1231736792177968e-07
6.511268869357627e-08
4.922618642690754e-08
2.5916410201622714e-07
0.0
1.2444305978398563e-08
0.058234883372553926
3.4061435851783647e-09
1.2877880926724147e-08
1.3806293320174247e-08
36.13649197222007
2.438352537951859e-07
1.8400517225772683e-08
1.5088227103004983e-06
6.311485732639339e-09
8.995389958749744e-07
1.0001941101100473e-07
0.00010531929555997553
1.749864475072579e-06
0.0
0.18363601872707058
4.369009244202395e-09
1.6501122973230986e-08
1.6103857273139433e-08
2.28068438432573
2.71274745524471e-07
1.7638137597208593e-08
0.7213462672962481
5.205253839228056e-08
0.00787844260476396
0.12837490669961726
0.0004444107067862455
0.11621592378683634
8.741103638926962e-08
0.0
3.5566580675072448e-09
10.276753059592325
0.00011610431288503475
1.1620031242920982e-07
1.2918976230627747e-07
0.0014654559185148393
0.5117778032353316
1.6739753268516532e-08
0.001016678566544376
6.046835694985341e-07
7.543856986192444e-07
3.4494186585921435e-07
0.07575556672779482
8.63864594791014e-07
0.0
38.19964364871957
3.3200396642198016e-07
0.05368231697655142
1.6815435795781052e-07
0.004013500093915808
1.0356337456127385e-06
1.301200194406415e-08
0.0004424077890149169
5.705318859769284e-08
6.44551776453207e-07
4.731696382222242e-08
1.0558542204735404e-05
0.0008849963757632938
4.730218047000073e-09
0.0
0.001281059024424201
0.08364756112995825
2.3412953516574693e-07
1.5138427607779862e-08
0.009084088813624245
1.17663234336199e-08
1.0860473594233312e-06
0.009064922185944423
1.8742443632722689e-06
0.15550833518552093
0.0120179477181388
0.000175616812486322
3.1409969656343535e-09
61.60313364184607
0.0
0.8997911169853469
2.521850827578357e-07
0.28645721031477184
0.2521538347963976
0.1145509063762203
0.06742629887320864
8.233487166519293e-08
6.664046693594869e-05
3.326947141117542
0.00023687906080810462
1.0481627513365201
6.086040627714354e-09
9.248975993359083e-09
0.0002394535128127754
0.0
0.0007812033937066839
0.05672676134554467
0.05656169989400095
0.045737362847800694
0.03807283356951851
3.686577858668873e-07
1.1976989642837699e-05
0.1718681837175971
6.784279740321409e-06
0.057874775334849804
7.915518798092973e-09
0.005486651480686453
1.5381783785344614e-05
0.0006485813379333811
0.0
