0.0
11.46650840341564
11.466508403415641
11.466541181802494
11.466541181802498
23.99975910669558
0.0
46.21910549962117
46.219105499620966
45.90994778456434
45.98375394782039
63.73340998615049
0.0
100.00000000000028
99.99999999999999
100.00000000000003
99.84329362784734
99.99999999999999
0.0
84.1831925907658
80.1562533039416
90.95455509864601
99.99999999999997
100.0
0.0
65.69528550414044
65.54667244887239
56.42025322504129
61.93101720402534
99.99999999999994
0.0
0.9322850654400133
0.993336960084782
1.0226121271977198
0.961560232552959
30.20930034089425
0.0
0.0
0.0
0.0
0.0
0.0
0.0
0.0
0.0
0.0
0.0
0.0
0.0
0.0
0.0
0.5837880657673203
0.0
0.0
1.6072378167940242
0.0
0.0
0.0
3.344672443350042
0.0
0.8826206469002849
0.6807345233081922
0.0
0.4484482726646894
7.363869029514096
2.265476025793818
0.7551586703645375
0.0
0.0
0.0
0.0
0.0
0.0
0.0
0.0
0.01661352794689837
0.06645110591692145
0.0
0.0
0.0
0.0
0.0
0.0
0.0
0.0
0.0
0.26665906174236714
12.799827819055173
12.79982781905517
12.799871523570975
12.799871523570978
0.2666535986778911
0.0
24.044828684377972
41.944519104942145
41.94451910494196
41.661053785487645
41.72563417833669
23.975978140006855
0.07380616325619505
51.463825329563235
66.69364711558613
65.33300520706113
78.16959140306632
73.40766524203414
36.032026534026656
0.0
57.906834826046996
80.08706350213004
86.64834632057661
58.731013915598915
77.94230365087085
41.36178029603675
0.6871926748546465
52.4057690907982
58.64859502149557
58.51855859813631
66.02206743100525
58.857835487957765
58.428973978948065
1.1518015531960908
0.0
3.666077110502934
3.6704379601204162
3.628877059027833
3.62451620941035
0.6111277824091332
0.33248720874067844
0.0
0.0
0.0
0.0
0.0
0.0
0.0
0.0
0.0
0.0
0.0
0.0
0.0
0.0
0.0
0.0
0.0
0.6671863608769377
0.7869032305912683
0.7869032305912681
1.6072378170831425
0.0
0.0
0.0
0.0
0.136498374415759
0.136498374415759
2.0441261439531715
0.0
1.116752196321521
12.310092961619851
0.43757560764582876
0.8860238803105186
0.8860238803105186
0.6726724089970344
0.0
2.747748276346991
0.0
0.0
0.04327999280961303
0.04327999280961303
0.0
0.0
0.0
4.070941644021091
4.070941644021105
0.8806916835144893
0.3218933001937559
0.08498831840688202
1.3546759811966862
2.5400174647437828
2.5400174647437828
0.0
0.0
0.0
0.0
3.733226864393142
3.733226864393142
3.733226864393142
3.733150381490476
3.7331503814904754
3.7331503814904754
0.0
36.067243026566956
36.06724302656696
36.06724302656696
35.756387375852235
35.75638737585223
35.75638737585223
0.06458039284917066
42.66855649462276
64.1540120390345
62.219444538931214
41.53507850589852
38.495792893872995
49.387545409209245
0.0
61.38444154194342
75.7154668707125
65.00541190698165
68.57902837619056
64.92092102463833
62.04267044405512
0.6012935904978156
58.05282340078982
57.82974685523419
58.765443643720644
57.90954472181151
56.356391878136215
51.22566735127962
1.00782635904658
1.158489142585808
0.0
0.049837577970022945
0.9166916736136999
0.9166916736137
0.9166916736137
0.29092630764809363
0.0
0.0
0.0
0.0
0.0
0.0
0.0
0.0
0.0
0.0
0.0
0.0
0.0
0.0
0.0
0.0
0.0
0.0
3.1406534057547613
3.1406534057547626
1.5816640542271856
0.0
0.0
0.0
0.0
3.351942339182523
3.3519423391825227
0.0
0.0
0.0
0.0
0.0
4.949799199775598
1.6743902125505195
0.0
0.0
0.4574256537491312
0.4574256537491312
0.04327999280961303
1.173297606619626
0.16569340781309252
0.0
0.0
4.116612567409215
4.116612567409209
0.0
0.8753799353170246
0.31658155555675793
0.07436477860602177
1.1853414835470992
0.0
0.0
0.0
0.0
0.0
0.0
