1.0712404318506934
12.187901992544196
12.269541535750761
12.132388885803328
12.132388885803321
0.44703242225803186
0.0
25.899181387075778
44.06845246021238
44.20246796469015
46.057416101416344
44.83265084649033
26.521433813506246
0.0
42.35370170270003
96.19835197900206
98.8980994428251
100.0
100.0
50.98888273138844
1.2319064802358772
48.40471618037406
99.99999999999994
100.0
99.99999999999999
98.82696864971498
68.3496102866286
4.491470841020464
54.7938002445788
90.95971637114204
91.63919212098902
99.99999999999997
100.0
76.25577472292214
4.213302414507306
0.0
1.9761379845217648
1.9761379845217637
1.5505080807398584
3.629983140038725
4.626294900599651
0.7710489903043561
0.0
0.0
0.0
0.0
0.0
0.0
0.0
0.0
12.187901992544196
12.26954153575076
12.132388885803326
12.132388885803323
23.990760912779294
0.0
44.06845246021237
44.20246796469016
46.05741610141635
44.83265084649034
63.903151902997166
0.0
61.50712311750012
57.12373817421161
71.42302073391608
78.42056339299812
97.92364502057524
2.5531247298920783
61.25486155456825
62.07984642660359
52.725622978672085
99.99999999999999
97.33459653752446
0.0
36.21743301961993
36.89690876946687
9.100320839178691
51.90172910972173
87.72129529175186
0.23324202910887734
1.9761379845217646
1.9761379845217633
1.550508080739858
3.6299831400387244
72.99722104285983
0.0
0.0
0.0
0.0
0.0
0.0
0.0
0.00038129487808103736
0.00019064743904051868
0.0006420818806119287
0.008740462087179246
0.0
0.0
2.990821132677839
0.004041182080573548
0.0
0.11601972347949246
0.8022046666427189
2.973094375885537
2.9730943758855375
2.1312006147658304
0.05378231243297885
0.0
0.0
0.0
0.0
0.000220988337328552
1.776962228609241
0.09595154008180558
3.3648114965608684
3.7534601180043126
0.8189061489534264
0.43162468677049637
0.43162468677049637
0.43162468677049637
0.1417287457970566
0.0
0.0
0.11693564672008387
0.4491090556023198
0.4491090556023198
0.11693564672008387
0.17184730682658242
0.0
4.089145377844478
4.089145377844478
0.998525110967279
0.37188106592489417
0.23424064289291363
0.12887849398939039
3.8268765625676524
3.8268765625676537
0.5549896835109851
0.22199586046307707
0.0
0.0
2.5039219720966375
5.295318064748824
3.4246085885152384
1.8681810257423066
5.293180869301841
3.6405444867538157
0.0
19.463710698737824
50.318489689444974
32.31127987287
21.674295305914747
51.26161603055534
33.489567643630195
0.0
52.95619135212482
68.14422816651896
61.26017055635782
54.59346907643612
50.98888273138844
50.98888273138844
1.2319064802358775
60.955265349913695
94.57598973019336
88.12379922223127
87.83500164647523
79.89091876662448
69.46234257871672
4.540733999238072
56.79052952172744
60.20200994708129
58.94789714885999
87.11999510664326
85.54903973033291
75.143042430834
4.164039256289699
1.1395618019955502
0.04578515067462992
0.24051806883041166
0.7005864189806712
0.23324202910887748
0.0
0.7710489903043561
0.0
0.0
0.0
0.0
0.0
0.0
0.0
0.00045143444157141
0.010911494115294637
0.027916187921922537
0.010203749234382886
0.003400605232783016
1.6836374414329325
0.019878338157742235
0.11601972347949245
0.8022046666427189
4.476499492827693
2.026969370986349
1.6836372274721025
0.09079442531791894
0.0
0.0
0.0
0.0
6.727639828582961
0.0
18.389699109285704
0.7068546284248809
6.380374590133191
2.1673206130918548
0.28201625808252806
0.0
0.0
0.11693564672008387
4.205613797337822
1.7774552097749692
0.8037050086462815
0.055603200971625584
0.32436025106583327
0.441200803162004
0.4744789423730386
0.17079040459414688
0.007884932473060146
0.0
0.0
0.0
0.0
0.0
0.0
0.0
0.0
0.00019064743904051868
0.00019064743904051868
0.00019064743904051868
2.079416633900299
2.0794166339003004
0.0
0.004041182080573548
0.1461417497047474
0.14614174970474741
0.0
3.252793467317807
3.252793467317807
0.0
0.05378231243297885
1.924206751112076
1.9242067511120755
0.0
0.0
0.0
0.0
0.09595154008180559
0.00541915716763218
0.005419157167632179
0.005419157167632179
3.7349068717316047
1.5576138559097594
0.0
0.1417287457970566
4.818777857318154
4.818777857318155
0.0
0.408172288617385
0.21396365147558283
0.11693564672008389
0.17184730682658242
5.842810008817049
5.842810008817045
0.0
0.9399645107786685
0.31332088798976565
0.0
0.1288784939893904
0.5549896835109852
0.5549896835109851
0.5549896835109851
0.2219955731292127
0.0
0.0
