1.0712429502010588
12.187915910089602
12.269732727129963
12.131434805406407
12.131434805406403
0.44880922264785417
0.0
25.899951464173032
44.075324421536855
44.28709022460575
46.09353812278815
44.84675312046017
26.47505171926279
0.0
42.855789944439344
94.62925401683187
100.00000000000003
99.99999999999999
99.70055191819648
43.83508158437912
0.0
51.27573991673843
99.99999999999999
100.0
100.0
99.30135837546982
67.35382920864208
4.029186089388971
52.3686667519491
89.82082961349649
91.63850633347167
100.00000000000001
99.7936448699735
72.82286304127233
4.230701226066616
0.0
1.9743525115126914
1.974352511512691
1.544416464634001
3.6279535926493853
4.626296238680024
0.7710493647536178
0.0
0.0
0.0
0.0
0.0
0.0
0.0
0.0
12.1879159100896
12.269732727129961
12.131434805406403
12.1314348054064
23.99198630851781
0.0
44.0753244215369
44.28709022460575
46.09353812278815
44.84675312046017
63.906620843555004
0.0
67.81745083812191
58.60393846614175
75.93574350841776
78.79983325554959
98.35515797926737
4.666688051942824
68.46619460919591
66.73585801557729
54.220997636948994
99.25939912100935
96.96420718051158
0.18557119031527924
37.89499633842262
37.8949963384226
24.68480261753231
21.535114514005745
99.99999999999999
0.23057513324561071
1.9743525115126916
1.974352511512691
1.544416464634001
3.6279535926493858
38.03917063227785
0.0
0.0
0.0
0.0
0.0
0.0
0.0
0.0003982416810669158
0.0001991208405334579
0.0006259860862223533
0.008159077836436657
0.0
0.0
6.916979498282707
0.002840110462229859
0.005680220924459718
0.04552464677524081
0.3148319614258595
1.8484046131781626
1.8484046131781624
3.540672359948126
0.053863184051347685
0.0
0.0
0.0
0.0
0.0
3.137093969223159
0.00748473318717519
0.25451555183629837
4.384557674053681
0.006629988761162625
0.0084063266981
0.7688203792925893
0.8616059744502289
0.10948701437090447
0.0
0.0
0.015540786476667765
0.48295493677154905
0.4829549367715492
0.1730952778617606
0.9070041954968621
10.129040598319685
13.23445757221853
4.0124211693957195
1.2019086748137398
0.9070041954968622
0.9070041954968622
0.12887842987663872
3.826876514083153
3.8268765140831533
0.5549899628861859
0.22199598455022135
0.0
0.0
2.5039207644986172
5.29534869952882
3.4249926951501886
1.8694380703989413
5.293828421379362
3.63893255106242
0.0
19.463640771197454
50.34513364285367
32.5699049966647
21.74035422654156
51.27766709575729
33.43156913528156
0.0
53.16016466523711
67.93050969260241
58.18777697336097
40.40145235957344
39.837588291536726
41.23569708981436
0.0
63.17497588162786
83.1778280832889
73.68149259153753
82.82892751792622
79.17743354438743
67.46982298070434
4.029186089388971
56.57659383797677
62.82523572637464
58.607283364041315
87.11251198266578
80.80578091399467
72.82286304127233
4.230701226066616
1.1700537485636766
0.0
0.20500429021745206
0.6897970859847734
0.23057513324561085
0.0
0.771049364753618
0.8531996477521289
0.0
0.0
0.0
0.0
0.0
0.0
0.00042686524568889535
0.011019026136298042
0.02642898493950828
0.007705041458523307
0.0
3.842766388379717
0.007807774356776936
0.04552464677524082
0.3148319614258595
3.7403534527459312
1.2467842230790662
3.842766386223855
0.08754287082836806
0.0
0.0
0.0
0.0
1.9670397026426096
0.0
12.07212381478475
0.004203163349049999
1.3382198007637434
0.44159381971263556
0.2612222535364092
0.0
0.0
0.0
7.035457943598399
2.5362393123057494
0.8454130870876376
0.013861485479392156
0.2172090411879475
0.42216463430262463
0.4238213688115214
0.09581449685866149
0.08195301137926933
0.0
0.0
0.0
0.0
0.0
0.0
0.0
0.0
0.0001991208405334579
0.0001991208405334579
0.0001991208405334579
2.0664395069330457
2.0664395069330475
0.0
0.002840110462229859
0.1457602745586637
0.14576027455866375
0.0
3.476301521012405
3.476301521012405
0.0
0.053863184051347685
1.9271048716325279
1.927104871632527
0.0
0.0
0.0
0.0
0.00748473318717519
0.0
0.0
0.0072486543206683515
1.3279327609593472
1.3279327609593474
0.0
0.10948701437090447
3.8629235786875378
3.862923578687539
0.03108158406163174
3.5294611203448873
0.8531996477521289
0.0
0.9070041954968621
3.583788659917428
3.5837886599174293
0.9070041954968622
1.36622617758821
0.9070041954968622
0.9070041954968622
0.12887842987663872
0.5549899628861861
0.5549899628861859
0.5549899628861859
0.22199596742763616
0.0
0.0
