1.0712434212793969
12.18791842551876
12.269767478885528
12.131124469606842
12.131124469606833
0.4771748019699704
0.0
25.901754193180555
44.06666605922595
44.041891963435546
46.65367868284796
45.071377861637274
26.798806969169544
0.0
41.04456327689596
98.89351758133735
100.0
100.00000000000003
100.0
64.05292308136131
3.2693011082648993
49.09798937362122
99.99999999999996
100.0
100.00000000000001
100.00000000000003
67.881278499234
4.424693056992608
51.21906352013504
99.61696292166303
99.88000461668874
99.99999999999999
92.61462119388547
59.56307692597254
2.872245487298894
0.0
0.0
0.17496551164588148
0.12860124079101995
2.313148136135392
4.626296272270783
0.771049373918174
0.0
0.0
0.0
0.0
0.0
0.0
0.0
0.0
12.18791842551876
12.269767478885528
12.131124469606842
12.131124469606826
23.993036494682666
0.0
44.06666605922592
44.041891963435546
46.65367868284797
45.07137786163728
63.90093594466297
0.0
71.98396969323213
73.40079933427295
83.17017367636554
81.45334605219858
100.0
7.192732423673645
68.41801289491545
66.0514990914623
60.392426100756374
87.84101531839248
98.64100838456767
2.5234241099712733
21.736690299469814
22.4065448033207
32.980122987474246
30.229801610678173
67.7289128297698
0.0
2.821742657234738
2.9967081688806196
2.950343898025758
5.13489079337013
86.69429553505498
0.0
0.0
0.0
0.0
0.0
0.0
0.0
0.0004215534157070888
0.0002107767078535444
0.0006575635378158694
0.008510638526098605
0.0
0.0
3.6919411283199395
0.0027501066184707277
0.005500213236941456
0.0
0.0
0.0
0.0
4.259724836336844
0.05373043449799393
0.0
0.0
0.012938073143740316
0.0
0.0
3.999632525195705
0.2454187746620011
6.6579724476771664
13.027652812439513
0.014872153008662773
3.87410126720774
3.874101267207741
2.2513294541687388
0.4218529896031553
12.141486754560107
11.608416450903261
1.0659657566796978
2.1319315133593957
2.1319315133593957
0.7106438311500427
0.1913265989881846
3.0864314012615726
6.892152807139808
3.9970480048664214
1.4687563062264695
0.6809120042413712
0.38265319797636915
0.12887843028582827
3.826876509881801
3.826876509881803
0.5549899635531501
0.22199598419808392
0.0
0.0
2.503920534131539
5.295353561406926
3.425061416155455
1.8688673524600308
5.291855124674218
3.6113821987640344
0.0
19.463476885063823
50.32203133114908
32.34774579523908
22.74690246143968
51.62296522946417
33.526624966324945
0.0
51.73812381382202
83.03412315537238
74.4414776929588
76.29316091375007
70.50328445556987
64.05292308136133
3.269301108264899
61.369426047091636
82.86292000525394
76.67900414958584
78.07922266876297
73.26559608974259
67.53928972825557
4.424693056992608
56.42280394057667
63.28884432813503
59.479043577017016
74.85175539541656
64.71605521455706
59.56307692597255
2.872245487298894
1.6331187252796613
0.0
0.3499293508285334
0.3858038158410111
0.12860122872454893
0.0
0.771049373918174
1.4472774560388466
0.0
0.0
0.0
0.0
0.0
0.0
0.00044678682996232506
0.012017071999114691
0.026713082633590964
0.007348098887294107
0.0
0.04954777958007881
0.0
0.027272482493535952
0.36963256790659477
4.746902462881177
1.5823008175852777
2.0510784037426606
0.09287248806753849
0.0
0.7781192858791207
0.0
0.0
2.36651379891719
0.0
18.256497940541138
0.0
0.4928878889975258
1.494273016939241
0.7166284371214416
0.0
1.10420180361669
1.533374072606266
10.172263991777921
3.75882192911821
2.20840360723338
0.0
0.7645791321467014
0.9978655423472534
1.3233432211707812
1.066140607313693
1.066140607313693
0.0
0.0
0.0
0.0
0.0
0.0
0.0
0.0
0.0002107767078535444
0.0002107767078535444
0.0002107767078535444
2.077749402140321
2.0777494021403218
0.0
0.0027501066184707277
0.14661167799269703
0.146611677992697
0.0
0.0
0.0
0.0
0.05373043449799393
1.922355325592986
1.9223553255929864
0.02587614631314447
0.6184421337518479
0.6184421337518482
0.0
0.2454187746620011
2.1107620404061542
2.1107620404061542
1.119073956625353
1.6479908782883241
1.6479908782883241
0.014872153008662773
0.4218529896031553
2.201514854589341
2.2015148545893406
1.5990360603365443
10.151051344531407
1.9971190032281596
0.0
0.1913265989881846
0.19132659898818455
0.19132659898818455
0.19132659898818455
0.49595553002041826
0.03293787304070826
0.0
0.12887843028582824
0.5549899635531502
0.5549899635531501
0.5549899635531501
0.2219959633991936
0.0
0.0
