1.0712457947587426
12.187934433043054
12.270036755008592
12.132561309972257
12.132561309972257
0.44800691613891747
0.0
25.89936363873181
44.07007807739455
44.22248469721719
46.219697721959854
44.89712506324661
26.50946290532142
0.0
41.55880050824437
99.62598713394691
98.57257630397262
100.0
99.99999999999999
50.5161335313188
1.0380888553005045
53.5709173601227
100.0
99.99999999999999
99.99999999999999
98.43386098860088
69.33324085621511
3.95876435098488
54.18605676962253
90.66350264868996
91.24104358358544
99.99999999999999
100.0
72.31543652687989
3.608277585797897
0.0
1.9749116610234763
1.9749116610234765
1.5533649620345995
3.6309357879264033
4.626295350666879
0.7710491172735456
0.0
0.0
0.0
0.0
0.0
0.0
0.0
0.0
12.187934433043054
12.270036755008594
12.132561309972255
12.13256130997226
23.99128727179115
0.0
44.07007807739454
44.222484697217205
46.21969772195986
44.89712506324663
63.90753593971908
0.0
58.721049065301656
57.667638235327374
74.29065359907193
79.73134426693943
100.00000000000003
1.6517571922053738
63.91424359276108
62.56786925786174
47.8465071669743
100.0
98.90290150702565
0.0
36.53846324300012
37.116004177895704
14.803592429272081
48.096849215221205
81.83280781331614
0.2344060432473411
1.9749116610234763
1.9749116610234767
1.5533649620345997
3.6309357879264037
80.21289802122844
0.0
0.0
0.0
0.0
0.0
0.0
0.0
0.00046633730574251875
0.00023316865287125937
0.00023316865287125937
0.00845309411568454
0.0
0.0
3.792278999935795
0.003954168603629426
0.0
0.07252410810141863
0.5017610403461654
2.7099536860057856
2.709953686005786
2.6042411097240867
0.053884629554076656
0.0
0.0
0.02277032445234421
0.0
0.0
3.022875892408047
0.05186985823823094
1.7817691481498916
2.284717026494175
0.5029478783442839
0.21089633609580274
0.17834855986127968
0.059448988152472654
0.13105946136150656
0.0
0.11246371687583633
0.11246371687583633
0.5459509883590723
0.5459509883590725
0.22492743375167265
0.15108857463234085
0.0
4.079989115110958
4.079989115110957
0.9962263406408693
0.3727146834995454
0.25078338592996197
0.12887847262458263
3.8268765395664333
3.8268765395664355
0.5549897758914917
0.221995902612514
0.0
0.0
2.5039188080047703
5.2953880726797005
3.4255943271346494
1.8687968341173227
5.2932121838438295
3.6397794958788676
0.0
19.463694152518702
50.32475356469126
32.37241681696225
21.967717335855713
51.35187970115125
33.41626484414548
0.0
52.6332627300265
70.73273281829621
59.65827064162418
54.83189174092763
51.13441469679627
50.51613353131881
1.0380888553005045
63.62818734031681
79.64492241429843
70.18747282613661
80.084193261188
77.62544767579517
69.36466959105137
3.961898605917086
57.64991783820581
61.89530945861027
59.19458918206558
88.6563394258569
86.26364255280536
72.28400779204364
3.605143330865691
1.0686277800455517
0.0
0.20017165367800535
0.7055594527220628
0.23440604324734116
0.0
0.7710491172735455
0.0
0.0
0.0
0.0
0.0
0.0
0.0
0.0006885348438360159
0.011019376783184572
0.0256436390299195
0.007312898084940801
0.0
2.1068216674390845
0.012519760410001784
0.07252410810141863
0.5017610403461654
3.9677167173644894
1.3225719917543137
2.1068215487441515
0.08668450081911767
0.0
0.0
0.0
0.0
7.166383091257827
0.0
19.890325154573166
0.0
2.904367968690107
0.9839873773463874
0.30798219638844515
0.0
0.11246371687583633
0.11246371687583633
5.069549776375683
1.8277560608481465
0.6110758320266276
0.05722362704897109
0.3338118629816922
0.4539149803242982
0.44566646398559223
0.12539169296498098
0.0
0.0
0.0
0.0
0.0
0.0
0.0
0.0
0.0
0.00023316865287125937
0.00023316865287125937
0.00023316865287125937
2.0763738241405085
2.076373824140507
0.0
0.003954168603629426
0.14619300142565464
0.14619300142565467
0.0
2.94431775460294
2.94431775460294
0.5017610403461655
0.053884629554076656
1.9278694326805954
1.9278694326805965
0.04554066103093932
0.8698305855870945
0.8698305855870943
0.0
0.05186985823823094
0.0
0.0
0.0
1.0929302087920723
1.0929302087920723
0.0
0.13105946136150656
4.456022057061393
4.456022057061391
0.0
2.3918009844461348
1.155081869791072
0.0
0.15108857463234085
5.267089083453186
5.267089083453187
0.0
0.9335013203075861
0.3099966014772716
0.0
0.1288784726245826
0.5549897758914916
0.5549897758914916
0.5549897758914916
0.22199570056306545
0.0
0.0
