0.0
11.466501183242805
11.466501183242809
11.466535455178551
11.466535455178555
23.999748113306065
0.0
46.25101604644381
46.25101604644371
45.826839872865875
45.928104742125
63.63422837071123
0.0
100.0000000000001
99.99999999999994
99.9999999999999
99.77363820099443
99.99999999999997
0.0
76.74831368894
76.15650212599671
85.63100379550647
100.00000000000001
100.0
0.0
59.95894401484991
59.97064883070885
60.3647039334379
70.0047682230184
100.0
0.0
3.4627823903488286
3.4627823903488286
3.462782390348829
3.462782390348829
30.42856165674433
0.0
0.0
0.0
0.0
0.0
0.0
0.0
0.0
0.0
0.0
0.0
0.0
0.0
0.0
0.0
0.8009793824782873
0.0
0.0
0.9129681819828
0.0
0.0
0.0
0.0
0.0
0.9129681823918347
0.6699345323800194
0.0
0.5825692154392751
8.10200630986509
2.595788422978247
0.8652628018770611
0.0
0.09861873552879505
0.09861873552879505
0.09861873552879505
0.09861873552879505
0.09861873552879505
0.0
0.0
0.0
0.0
0.0
0.0
0.0
0.0
0.0
0.0
0.0
0.0
0.0
0.2666587142916808
12.799819964515573
12.799819964515576
12.7998656604299
12.799865660429901
0.2666530023023904
0.0
24.061506662058896
41.97348320701702
41.97348320701694
41.584557981485126
41.67316474208686
23.967041113501015
0.10126486925933806
44.63524996237994
65.21873271642666
65.21873271642654
68.89284802949405
77.8684556760615
33.72383890601205
0.273885760936932
58.02109632222703
87.35701850874308
87.03586188761177
70.9217225351598
71.9474097044394
40.748800420377215
0.0
52.33786638517935
65.10836549391996
65.1217424263302
70.64389353358943
58.20436898286685
59.66849283087561
1.5471407065083869
0.0
3.462782390348829
3.462782390348829
3.8982185290793594
3.8982185290793594
0.0
0.0
0.0
0.0
0.0
0.0
0.0
0.0
0.0
0.0
0.0
0.0
0.0
0.0
0.0
0.0
0.0
0.0
0.0
0.9154050085466141
0.0
0.0
0.9129681851682871
0.0
0.0
0.0
0.0
0.0
0.0
1.0617067766719315
0.0
1.4443194646583706
14.387308736348558
0.6657933890734572
1.248362604512733
1.248362604512733
1.248362604512733
0.0
0.0
0.0
0.0
0.0
0.0
0.0
0.0
0.40659962409211126
4.4775412658248905
4.070941641732792
0.880691674874088
0.3218932888853091
0.08498831311502231
0.8067824468616145
1.5127170878655303
1.5127170878655303
0.0
0.0
0.0
0.0
3.733222000083533
3.733222000083533
3.733222000083533
3.733142032233467
3.733142032233467
3.733142032233467
0.0
36.0922599930883
36.09225999308838
36.09225999308838
35.665754225459665
35.66575422545966
35.66575422545966
0.0886067606019208
53.39095000518839
62.23426073784635
52.428704068585574
43.218393632713806
39.057195829690535
49.77614859725845
0.23965004081981553
61.42356613731897
77.25177695632689
66.60129802897809
63.51655884487953
60.18574265191753
61.12320056554088
0.0
58.353911841087964
58.09901248343934
62.64563828881826
60.17082266848115
57.3713624078574
52.20993122701616
1.3537481181948388
0.25941574676466805
0.11067715263206067
0.4354361387305306
0.0
0.0
0.0
0.0
0.0
0.0
0.0
0.0
0.0
0.0
0.0
0.0
0.0
0.0
0.0
0.0
0.0
0.0
0.0
0.0
0.0
0.0
4.309095827110391
4.30909582711039
0.7108895441718107
0.0
0.0
0.0
0.0
2.5819878932717475
2.5819878932717444
0.0
0.0
0.0
0.0
0.0
4.568736473483684
2.082340317856503
0.0
0.0
0.0
0.0
0.0
2.691877218453983
0.4636807688203869
0.0
0.0
3.640355852115419
3.640355852115433
0.0
0.875379939204374
0.316581553520646
0.07436477397564452
0.7059346410039128
0.0
0.0
0.0
0.0
0.0
0.0
