1.0712251431738453
12.187844380304265
12.26934838984893
12.128566839818914
12.12856683981892
0.5008622057806404
0.0
25.901754671466346
44.06667638328779
44.0419028965256
46.652356423130435
45.06972820040966
26.601759751114642
0.0
39.455106699504334
97.94947886835976
99.87977860642067
99.99999999999997
98.58040145189679
64.70495393929129
4.865064904773073
52.93199570795741
99.9122216192801
99.10677169600837
99.99999999999999
99.72476626862964
62.017174028167766
3.593443151558885
54.81650838720255
91.31008269597515
91.65798165655343
99.99999999999997
99.84717899858313
75.67860779989327
4.055203032189909
0.11816630165183108
1.7619112747702397
1.7619112747702406
2.9055901607464074
7.274743793892869
4.621949081361926
0.7703247862490467
0.0
0.0
0.0
0.0
0.0
0.0
0.0
0.0
12.187844380304265
12.269348389848929
12.128566839818916
12.128566839818925
23.99144796077252
0.0
44.06667638328777
44.041902896525606
46.65235642313043
45.06972820040967
63.91214138892488
4.621586901602337
66.71560306368373
70.61107426578963
67.86909774800586
92.50516386418676
98.67824675112706
0.0
64.60621627211724
75.28287311276576
46.16442868771994
72.44114525632214
95.82536386042827
0.0
36.11708777354646
36.46498673412473
5.208350632006498
59.70378276064855
80.38201271635913
0.0
2.0202315083445748
2.0202315083445748
0.2527954482154683
0.0
64.13318209374692
0.0
0.0
0.0
0.0
0.0
0.0
0.0
0.0
0.0
0.0
0.007282707491285079
0.0
0.0
1.5316320112374315
0.00822419223177533
0.008224192231775332
0.04304427901059903
0.42466341942096036
0.5009502558879214
0.5009502558879214
3.512891456308693
0.0541457298763676
0.0
0.0
0.08015271739454179
0.0
0.0
3.29080252092714
0.054844063123299445
0.0
5.621717686679383
0.0
0.04679881796890918
0.04679881796890918
0.04036202543741231
0.09358097649229463
0.8032600929019762
0.7096615383473339
0.2910213456153121
0.5242211281325703
0.5242211281325703
0.18185252691528203
0.17934247444408224
0.0
4.083707596506379
4.083707596506381
0.9950054579905011
0.36500529578491125
0.14673007890999568
0.12490072135917547
3.834555682415766
3.834555682415765
0.5575156428085173
0.22300625748312825
0.0
0.0
2.503922858193442
5.2953001009806275
3.4243237850319734
1.868565796501022
5.294205449240092
3.5793595926286854
0.0
19.463476804646593
50.321988719560636
32.348071243540645
22.746409058600975
51.604299777353816
33.33954922974282
0.0
51.778637098946305
82.65088699654567
70.69458248769696
81.16684005666391
68.59090142017956
64.70495393929129
4.865064904773074
62.806360523427024
76.0408308185068
66.20002829106302
80.99370220964136
72.72175190265315
62.01717402816776
3.5934431515588847
58.79566685375595
61.44962649162794
58.994164135903596
83.52169451696584
80.16919172426962
75.82405562670667
4.05520303218991
1.4197734209972879
0.29114058115429686
0.2911405811542967
0.7419234758047709
0.23633260330366215
0.0
0.7703247862490467
0.0
0.0
0.0
0.0
0.0
0.0
0.0
0.0017335875506064831
0.010657182797376104
0.028150940701724345
0.010495734930941063
0.0034969472706582374
0.04954534559128331
0.0017335875506064831
0.02156851457347418
0.3641741042687218
4.744929235998756
1.5811495148133745
1.989195290063195
0.08236658101504064
0.0
0.17021701422544014
0.45729017650941794
0.15242870168803718
2.874323176214861
0.0
0.0
0.0
7.971652499993869
2.1962607931996456
1.0437685258933171
0.0
0.0
0.1042097744518522
4.177655748701022
1.4255156658731352
0.4749681299224624
0.09343799420242438
0.3801149846337847
0.38011498463378485
0.31329183115831966
0.1512026433459667
0.0935985545546418
0.0
0.0
0.0
0.0
0.0
0.0
0.0
0.0
0.0
0.0
0.0
2.0764137743026634
2.0764137743026634
0.0
0.00822419223177533
0.15372111059674848
0.2217837548319343
0.07628683646696117
0.0
0.0
0.0
0.0541457298763676
1.9314087275108374
1.9314087275108374
0.0
4.409376880806851
4.409376880806851
0.0
0.054844063123299445
1.8942358731871844
1.934597898624594
0.04036202543741231
1.301607119345458
1.301607119345458
0.0
0.09358097649229465
2.378509965653103
2.378509965653104
0.0
0.9921010606134523
0.0
0.0
0.17934247444408224
6.0976443461182015
6.097644346118202
0.0
0.9716455551317598
0.34164556970740495
0.05329208470757131
0.12490072135917547
0.5575156428085173
0.5575156428085172
0.5575156428085172
0.22300613510425416
0.0
0.0
