0.0
1.815484316266408e-09
9.568977215332525e-11
1.7743296890718203e-05
2.7646353952880907e-05
7.670638186229266e-11
0.043432045256908476
1.2036677528187486e-05
0.04442515585090545
0.14156103161549574
60.87031236369199
6.754052392776182e-11
4.2353644765010977e-10
2.839790750962231e-06
4.081967207402183
0.0
3.7663602931623044
7.121783869402379
3.8970207851178484
1.4474520879304091
1.460838005872319
3.4021998905538497
1.4603340215095375
2.5653688325551296
264.72046173463
3.048599662286614
86.30470233308807
1.6832357089609703e-05
3.2240982087060407e-09
5.135840066444431
0.0
4.740793399803746
0.15359135415226552
5.182977324082009
6.805090382443656
8.95146157814313
6.804601294604507
41.11978382059556
67.49085776845952
4.12236309010134
174.05412899741583
2.813551702464382e-06
0.5786777432596085
1.8269839462124586
2.0295744152548076e-10
0.0
4.824042184836301
0.3461286932311588
0.5998617836383834
0.2858465260100517
0.5998623951922721
1.4385566177737289e-09
2.281964056397172
22.459384564071456
34.622264709584016
0.07380065957437497
4.735050292299608e-09
0.002020442415158439
3.722657273309434e-09
1.8358331454753132
0.0
0.00010449487037767868
5.8740241200349803e-05
4.140892009530437e-05
6.114884237164996e-05
1.6656040753752405e-08
1.9298262825802843
5.306154487123639e-05
1.1523732190897922
0.5597338806485862
3.309982047735169e-09
0.0006635841717615101
2.9530194276560567e-09
0.6388139335254788
0.0002460865216837113
0.0
0.00013672376012006967
8.189284517686401e-05
0.00014592850704246013
2.2757994642871986e-08
0.6475557846568374
0.00011675920477454788
7.703165402175808e-05
3.444034587184927e-05
2.8131142722416717e-09
0.003475569571410774
1.926229394841374e-09
5.634572691592863e-08
4.7387156039311034e-08
0.0
0.0
0.00020444837296177055
1.6721100958443413e-05
1.542357826517432e-08
1.5303916403169529e-09
3.594284271800051e-09
0.0001919908457785385
0.3413463661637207
3.2631480818354194e-10
2.2618648634273163e-10
4.66932441689174e-10
3.4127480707728647e-09
2.962167910293026e-09
8.959271318055849e-05
4.806952358593354e-05
0.0
0.12883156434030923
9.661857432926278e-10
3.659023953370531e-10
2.166465637143471e-10
1.38132268550882
3.2259015599979883e-06
1.1855209330905156e-09
0.8541189979156322
0.32556106890487424
4.55288412639338e-09
0.033147604217237975
6.403448054672778e-05
5.356655317160082e-06
3.777251623069568e-06
0.0
9.49432894226149e-10
16.975204133427
2.8691377324462765e-05
51.464819153111456
2.287422051796653e-06
0.0002932214234598571
0.0005612167105551177
4.400497926716732e-09
0.0001477450245543019
0.0005470372817185918
0.00010255774557507729
5.8125834498217446e-05
4.110374759113193e-05
6.0483209258769855e-05
0.0
5.462459985030261
5.2556879311277595e-05
3.929075766647212e-05
2.0490551718274313e-05
7.173823024121796e-09
6.427350885707415e-05
0.0016957129345489363
1.2675903131550966e-08
6.529628322399618e-05
7.313950742478328e-06
4.586567943498249e-06
3.8704024724089374e-05
0.0003838423007466658
2.291198334376178e-09
0.0
0.0022448858538121697
0.0002303926033857404
3.5178918078388724e-05
5.426466926813215e-09
0.03696009207759211
0.001397706388433294
4.332703111743091e-08
0.00010632527028033026
0.3712620366920177
0.0003180728114977197
8.521413391614433e-05
0.000489507301520053
1.1061071392997063e-08
0.0006491818543045873
0.0
0.0009177969893410179
7.910803040531825e-05
1.1753715838738135e-08
0.0011532864625087647
0.10415182740369222
2.9298620694599473e-08
2.000693100982887e-08
0.00016197624403572715
0.725457550418608
0.00017017706300362102
0.0002648702495537473
7.948255934840402e-09
0.00020618689318416348
0.0
0.0
0.0003533847210159933
0.0017813114520867904
7.169346891329118e-05
0.0008333449561437873
1.2712239127359523e-08
5.2876534837945734e-09
9.80394304749661e-05
0.0008193897843523693
0.00011089811337247274
0.00013406992702324927
1.4855513535438028e-09
7.938250927617587e-05
0.00019104007519400474
0.0007278614474009115
0.0
