1.0712405832884193
12.187902214218905
12.269533193858884
12.132417794849669
12.132417794849673
0.4447393990625842
0.0
25.899202433102733
44.0686353800914
44.20471290870592
46.06411673328325
44.84079759575163
27.482752302125014
0.0
42.88984069528325
96.95144163150816
99.26190030422771
100.0
100.0
48.01361711670521
0.8317536587546139
45.156863418638544
99.8148223744942
100.0
100.00000000000001
98.44949101429958
70.25511038271011
3.114331559689972
51.467070673157146
89.47030547487252
89.3976309977375
91.0369889673092
100.0
63.448697569041585
5.495446569562848
0.0
0.436231058194648
0.45046826142169993
0.1737690441493525
2.3131479665759405
4.626295933151882
0.7710492761624255
0.0
0.0
0.0
0.0
0.0
0.0
0.0
0.0
12.18790221421891
12.269533193858884
12.13241779484967
12.132417794849669
23.99085607962982
0.0
44.06863538009141
44.204712908705936
46.06411673328326
44.84079759575163
63.84848986207858
0.0
60.732071845695145
56.901137019686345
69.00798516523223
73.48103652590414
98.64507703771544
4.4362981428663835
64.97551749088697
64.28911831760179
55.90249389629761
99.99999999999999
97.90655629989526
4.579138676023356
34.86673916643153
34.79406468929657
25.348984785768295
46.02228799955066
58.953581054641205
0.11130333137375407
3.4717127888734827
3.4859499921005344
3.2092507748281864
5.348629697254775
95.63680894714815
0.0
0.0
0.0
0.0
0.0
0.0
0.0
0.0003894300476858716
0.0001947150238429358
0.0006460769667529193
0.00873237384108674
0.0
0.0
2.517107871467603
0.004056431597551416
0.0
0.11473701934325053
0.7933328581638823
2.9040735196270653
2.9040735196270653
1.9141649171372197
0.05250582324778664
0.0
0.0
0.0
0.0
0.0
2.422176154542009
1.026249501899105
7.2396479105831215
5.194487286984382
1.0980906353458524
2.131800481096312
2.131800481096312
1.5639182477277953
0.20197652519751333
2.5991282145148857
2.2092429289366082
2.176891022063388
1.2125967938323647
0.9950890144108488
0.6607534547205663
0.027533601054452683
0.0
4.077432289309144
4.077432289309143
0.9582294579799551
0.34844657384788186
0.08711146032826363
0.12887846728825353
3.8268765007367667
3.826876500736767
0.5549898371836606
0.22199592782672967
0.0
0.0
2.5039220322985463
5.295318218813786
3.4245927027179834
1.8681997702914062
5.2931831606279145
3.6405694231871157
0.0
19.46370882311635
50.31920289394657
32.31814528797368
21.669957104400986
51.35422990046103
34.40355993533975
0.0
53.17399781728656
67.81861468272494
60.51636864728408
50.259771909175754
47.723223023047666
47.723223023047666
0.8317536587546137
59.62612045434126
100.00000000000006
90.4313574700576
91.9433729690175
83.29732720287491
71.05128550088959
3.4069369787315305
55.939967135265626
59.937675096059564
63.77991427180938
74.17147470988698
67.23876404562398
62.65252245086209
5.20284115052129
1.5494947726392239
0.0
0.1623781617931728
0.487315322231038
0.13977773782785807
0.0
0.7710492761624255
0.44077905359600444
0.0
0.0
0.0
0.0
0.0
0.0
0.0004513619429099836
0.010909955296649057
0.02794601158323591
0.010222244807613527
0.003406983831202457
1.5204761174144992
0.019660565740249457
0.11473701934325053
0.7933328581638823
4.463289605024495
2.016651591257364
1.5204759051348975
0.14204051850723123
0.0
0.0
0.0
0.0
0.8726813219605226
0.0
19.4991717573232
1.0980906353458524
4.900614471167433
1.6335356648545327
0.8726759811489802
0.0
0.0
0.3303767273602832
12.177429154015046
2.492677826273345
0.8308925536702874
0.0
0.5725197779585267
0.6807711653127955
0.6605148347257169
0.3898852855782756
0.3898852855782756
0.0
0.0
0.0
0.0
0.0
0.0
0.0
0.0
0.0001947150238429358
0.0001947150238429358
0.0001947150238429358
2.079066725971152
2.0790667259711517
0.0
0.004056431597551416
0.1461466798223489
0.14614667982234894
0.0
3.259423787557491
3.259423787557491
0.0
0.05250582324778664
1.8785384150065407
1.8785384150065403
0.0
0.0
0.0
0.0
1.026249501899105
0.0
0.0
0.0
2.9696203337546763
2.9696203337546763
0.0
0.20197652519751333
4.268070493894975
4.2680704938949745
0.0
8.589523675275824
1.1681115561798938
0.0
0.027533601054452683
0.9361498424784894
0.9361498424784893
0.0
0.9582294903004085
0.34844678113608046
0.08711146032826363
0.1288784672882535
0.5549898371836605
0.5549898371836606
0.5549898371836606
0.221995734419084
0.0
0.0
