0.0
0.0003942050251705965
0.869933644719197
6.019217848274979e-09
3.4421463893444833e-09
1.1485212245782423e-05
6.131236574836382e-06
7.421216295749462e-06
6.508432320337248e-06
5.240188529298902e-06
5.9209702244697124e-09
5.570582326092087e-06
8.162794295830683
0.5209602642284107
3.014480946080175
0.0
4.694209971552711
5.23200682722862
3.0145723321662623
0.7527343700485338
1.4672722122356847
2.9330941539916764
1.3872733402084805
3.518457144617676
289.12879542191115
4.29297681981282
90.08448353246567
0.6163403539338008
2.375550416903015
1.6665487558598633
0.0
1.1593904577857235
2.375427096924411
8.478287372440414
8.344674602735065
5.63225847812612
8.775127418941503
26.058150553036647
81.33503004337989
18.332335788039998
209.7604657927069
1.6661282023215847
0.0016081675518670015
1.7592368548676833
0.00020428384373401496
0.0
3.766859065007365
5.973864500021309e-05
0.9593478617283944
1.1081008868751712
0.6088988670344747
0.0001404613661792179
26.69873447594729
1.4062533491850319e-09
2.2961312820408564
0.12751003449693404
0.00016876285151896532
0.002143813773357939
0.00020198113246549973
0.003644698550491877
0.0
0.0002849841020027627
0.0005440177614997319
5.249080103470674e-10
6.931020618485996e-05
5.616151506742596e-05
5.347451430105599
5.249080112483581e-10
3.107116977919107e-09
5.9720977054508905e-09
8.432200706717647e-05
1.0367558535951715
0.0017957646644452653
3.614245323223947
0.000540919574424944
0.0
0.00048472550802951546
0.0003964192650784499
0.0004462847289482568
0.000189381474974454
5.618383891545842
0.00015846438574305662
1.6088676546721466e-09
7.838721280802269e-05
2.272906252254783e-07
0.006145250499984688
1.421354303687684e-08
8.252311219066756e-10
0.00010393405890158311
0.000632703813285159
0.0
0.00040424814131659196
0.00010006318100118017
7.791333522213554e-05
2.009586363856625e-09
8.290514260875503e-05
1.415792544476157e-09
9.264954489953786e-05
1.5102998858200427e-05
0.003208378887841307
1.2266089469956968e-08
0.0009337170537654118
8.476669151232407e-05
0.00047266338069754164
0.0008920917059231299
0.0
5.6958839894516063e-05
4.611129177187683e-05
4.69129649674051e-09
0.00012798185744686554
5.988122238251421
0.00010961814425990341
0.0010246745080474918
0.0005250751007373566
1.7066111411029495e-08
2.1757093142573325
0.00010304993331766002
0.0002430795033767986
6.574449672804243e-05
2.2392868206050383e-09
0.0
7.819120752073001e-05
5.099310612024094
0.00020396958739723624
31.204949204030953
1.212630990179281
0.0019501566941360234
4.737173280743671e-05
0.0002037593563849965
0.00040022321417012717
6.977659640649631e-05
0.00028575790339198013
6.527369197182248e-05
0.0008814200899430937
6.915771780112743e-05
0.0
6.6925094071872415e-09
3.581373771533331e-09
3.31534611093225e-09
6.370483449788997e-09
0.0027034673497837013
3.93048906612277e-06
0.0014496371281969805
6.823245930360153e-05
5.559223291767763e-06
0.00010363957872674407
5.241193680382661e-06
5.757281936024622e-05
0.0005608714992483735
4.239818186521743e-06
0.0
0.000886677229024878
0.37425761901233645
5.625021692021123e-05
0.15077948127737686
0.20617947546827628
0.0010700291220014958
0.0005681170125300402
6.144942724882954e-05
0.10433171377787083
3.19132095278885e-05
9.413768688673064e-05
0.0005987062987984724
4.720846900294918e-05
13.759293417164026
0.0
4.790497806272232
0.00011006318208421559
0.0029048156489626417
0.0014763287097315496
5.054485137844806e-09
1.584412364485708e-09
2.7512670617531027e-05
4.267772672911324e-05
9.143997511128526e-05
0.0005064883025711815
3.805081900421897
2.2285445177205132e-05
2.257671949231349e-09
0.0004982838405726116
0.0
0.0002639579279017429
0.002958911490025523
0.0029895429613839815
8.423669101188786e-10
5.554982473610921e-10
4.899202244097981e-06
7.903278628573217e-06
1.9372992317705166e-05
0.0002498339890942839
2.3220405601306595e-05
3.911388972247389e-06
2.779261112202192e-09
0.0002445746257065732
0.0011954250265448821
0.0
