0.0
3.521742918875981e-08
1.3365455116558472e-09
1.6641518718465688e-09
1.946936583193932e-09
1.5932022378592668e-09
1.53745508810803e-09
1.6382725828467198e-09
1.7102925088328185e-09
5.238263676023308e-10
2.132452082445536e-09
1.7914771727446057e-09
2.3185913884074355e-09
1.5766835712505504e-09
6.719944174400631
0.0
3.617548355842701
8.144467968494258
3.5302340117342155
5.523892978060796e-08
15.447121682055721
23.66008678282472
5.416046892591965
8.224199718414319
139.17649674187123
21.979327030383843
160.3130689797963
10.818589553387607
0.025109016434131996
2.7626487719771804
0.0
2.0292130003785953
0.031487335869602166
9.50697032148081
1.730688514440961
22.143903057145835
6.120510296091985
43.649146976591844
11.352745898477185
19.616564732900294
238.37133242296176
7.206551691165972
6.299862398783104e-09
1.059158497181335
9.708390194144696e-10
0.0
2.8103626971285527
0.024152101475360527
0.9012605573577057
6.452025847006775
0.9528800245900616
3.443026961255473e-10
67.37919524579127
0.683424120926046
7.822275515957267
0.34937779321825324
1.5751831198595983e-08
0.0005189452860517131
1.7981394262600763e-09
1.645481511421509
0.0
0.00010110398222820338
5.1560529659501527e-08
0.054732060972177574
4.7892424267374585e-08
8.715362074506762e-10
0.056711016801217415
2.8113792559455166e-08
0.04161614777833539
0.06363467140504449
1.2611450130566722e-08
4.090930554541387
4.2091663059166425e-09
0.10035156533984313
0.0002379495742958548
0.0
4.168315094282254e-08
0.04505933470872406
6.717576477786225e-08
2.764071530800327e-10
7.575486920857898
6.60895208913817e-08
0.03816101753735314
7.700361124358754e-09
1.3798118219586546e-09
5.837380133778514e-09
1.3991189096359474e-09
5.04621266919061e-09
4.485697541798167e-09
0.00020408826430752248
0.0
7.598283717596968e-10
0.046416146553175955
2.847521059102856e-10
1.16960727352362e-09
1.1494485011573555e-09
35.42235688506675
1.1831516802856623e-08
1.4244535541549814e-09
9.726346686424718e-08
1.267670284035109e-09
6.207369198780953e-08
8.5038406702493e-09
2.2711938924401446e-07
8.00002143949391e-08
0.0
0.12465002427393936
3.9803206927154984e-10
1.4538650188574524e-09
1.3622359298254617e-09
1.5382217380388492
1.4009266558287223e-08
0.18265524188936888
0.003267644401799537
1.4503411621604072
0.008356019108079524
0.006535351143165842
0.0002743477606301137
0.006535299958681591
2.4716441320190965e-09
0.0
2.6781000857815653e-10
30.670796611428408
4.524071160542943e-06
2.7841133309801184e-09
9.925033711528612e-09
1.991216842654435e-08
1.024422658193771
1.6192082553180733e-09
5.388727832813956e-09
1.997005664362809
6.559033750084657e-08
2.9191492844651158e-08
0.07607043882707791
4.754125123663467e-08
0.0
37.04971945533012
2.7987750677087567e-08
0.05287414686772121
8.6756010358328e-09
0.0009176940058793462
4.506588768533521e-09
0.021019190561668767
0.00047729042789904823
4.538352494562159e-09
1.256736228498783e-08
6.278689148008199e-09
1.0159083424126164e-07
0.00029004992151245804
6.240954570929541e-10
0.0
0.0004630412984189631
0.09086426736247505
8.708389264678562e-09
5.9568406045966845e-09
2.4536169650246858e-08
0.22420748400696422
7.102354821672645e-08
2.405864234981097e-08
5.648116126218361e-08
0.13038450390993184
0.010945051446943396
8.00396408780587e-05
3.320809696303745e-10
84.81448766029952
0.0
0.7286919358950508
1.3209105767605691e-08
0.3257566616870728
0.19644909212645598
0.19383064245476136
0.08250994658114569
0.19999475875293315
1.1350329359752052
4.100374484925132
0.00011412855781810336
2.4340057253610006
0.271379336447792
0.0004001852191915045
0.0001142350051991188
0.0
0.00010264922304454373
0.07867048447240552
0.03742336437220993
0.037832645446660734
0.034938911843833305
0.036532655629199745
0.08401050817426618
0.20753199873129066
1.7536297530067057e-07
0.091306505173618
0.038710960368844326
0.0003602760422969663
2.846063562957724e-07
4.7192103548774635e-05
0.0
