0.0
2.63142930972634e-07
5.51892898255454e-08
1.578738442246802e-07
9.422246365286258e-08
4.963926843603783e-08
4.5877295381874077e-08
4.8894928579677624e-08
5.101335714443029e-08
6.837628853103e-07
0.5465365213622639
6.090932842851765e-08
5.146380562798907e-08
4.908021754674374e-08
8.040025973658636
0.0
4.649765830595673
11.969208714821526
4.771576515182764
0.9276561435785246
0.8738488102222062
22.787894044531484
0.878160610576467
0.022054169216177904
195.2208328189672
0.2764070476761429
150.71395937022592
7.081159635059406
1.0825210181894817e-07
2.656573487731161
0.0
1.9525104200136258
0.006731334219499619
13.273156381295934
16.889449805059638
12.813571273883806
8.047012565093112
45.64875298025812
11.570201713638681
30.871015519285578
215.25245451469493
7.322069754153244
3.80003280792496e-08
0.4239136241654912
3.2783569814923115e-08
0.0
4.752774540730829
5.593586042015192e-07
0.8384535312549197
6.548474323166239
0.8421072131101643
1.2599854702922987e-08
57.230988250960586
0.2723027733430543
7.526782151182735
4.2386949034811037e-07
3.2311436767737304e-07
0.0006986886967313706
5.3109415289136284e-08
0.5023023709523464
0.0
0.00022366147370641632
1.3691061254160522e-06
0.0544862587863162
1.8273062798682427e-06
1.867984717195901e-08
0.0562978667576885
9.464195714557911e-07
0.04226333889897111
5.417691854929981e-07
1.1968709018674825e-07
3.348854726623758
0.8191744672802377
0.6838214878411898
0.00047149384508495386
0.0
1.4707129913926055e-06
0.04092887253607176
2.6628519025583618e-06
1.0117908170931797e-08
5.916916821121327
2.6087509102030587e-06
0.03553105117636653
2.808763317794007e-07
9.914358309348368e-08
0.21637168447381477
2.0665767543829597e-06
2.4482804686660296e-07
2.1841480178432216e-07
5.082126507350691e-06
0.0
6.235547429494651e-08
4.228755929844474e-08
1.0991776825506556e-08
4.336197050802497e-08
4.519332681437055e-08
35.46062172810434
6.165863581610189e-07
1.0442369094587772e-07
3.9768084647409226e-06
0.13487633320574927
2.5589791675436333e-06
1.3553977404261082e-06
0.00010240347511252716
3.0902259306797375e-06
0.0
0.22540707599438092
1.467147668371465e-08
5.194006185303585e-08
5.357765006109578e-08
5.971404596578053
7.190685567762821e-07
2.632821441694892e-05
0.24899595304839128
0.6942809285589061
0.007609259948330518
0.007610403535314148
9.62824660026618e-05
0.007605724151613808
1.3148225346204242e-07
0.0
1.112347749298454e-08
11.210655156097937
0.00012040493916813536
3.162335045870787e-07
3.5791380970411526e-07
4.550274055291173e-07
0.7873460262801688
5.6176688447337496e-08
5.288069212853492e-07
0.23602218102068387
1.5540425918673587e-06
1.0052616075932874e-06
0.07552651825739276
1.8241872227479816e-06
0.0
37.26394720273146
9.452739419404543e-07
0.05388292158274076
4.4987950103205055e-07
0.004194601334410843
6.5885157978286855e-06
7.141803038453243e-08
0.0004254752225299454
5.691725414454119e-06
8.512383756490879e-07
1.5409835908704416e-07
1.2536045087302002e-05
0.0008966365037394524
1.4251678829551713e-08
0.0
0.0013240037068320692
0.08905617237958344
6.265531160810806e-07
1.1081650903740116e-07
0.026697977567479145
6.64604624264464e-08
2.658353745847913e-06
0.012710799179819918
2.6532555323834037e-06
0.1688184592271852
0.01179621754070233
0.0001837251468808432
9.155932574814069e-09
56.95225485099637
0.0
1.9325313597710188
6.844060791597924e-07
0.3922238335502513
0.360712402242042
0.11815690107045049
0.037170508939529216
2.5658199728191466e-06
6.924624740327584e-05
4.752043247572185
0.000244224456002724
1.5580385062735018
0.10385133204594182
2.972300178761907e-08
0.00024769707131238965
0.0
0.0008164548319635578
0.08881713948553069
0.08540787356803074
0.06297135334283768
0.03724363347990911
9.339702168906971e-07
6.514580794174132e-06
0.20665921883157798
7.1409276957284e-06
0.09671408310696676
0.06022952289681136
0.005444618568353375
1.6760288626698797e-05
0.001023809130604898
0.0
