0.0
0.0002861385017799004
0.0011415134027090302
1.7210919090941472e-08
5.705117495235546e-09
8.339962742335612e-06
4.4564524509570995e-06
5.392546031753364e-06
4.730495566625714e-06
3.8088968970963506e-06
16.668089203104753
4.045123622532749e-06
2.81178142274668e-08
2.590649615113769e-06
2.2706141147406576
0.0
1.6967582438995574
1.012426541142681
2.5965268563280963
1.7875594243721895
0.6801546626459752
24.768132651648497
0.6799574223935951
2.4286726682977516e-05
256.0873802012813
6.581218438166795
107.36147871025526
0.5493594540807039
0.238114283823987
1.962624115472385
0.0
1.9626238841991424
0.04780051239796864
9.13165348690976
4.587046468572845
3.5133769479866213
4.587032851751701
19.953807950429454
94.81579090451501
12.208966352944195
217.01232207018992
0.8435540559691097
1.2358175442057828
1.5029940503145507
0.00020444036537999
0.0
2.9050466220016413
4.343384176937548e-05
2.472252769135626e-05
0.00038874217559889147
0.010330392010340375
0.00010206071755885493
17.807590417118114
1.1996714413044006e-09
4.270076063304079
0.04587739468332688
0.0001225364499829355
0.0010034724017543998
0.00013986410841421843
0.001638661617954485
0.0
0.0002067406032632092
0.00039372687315594073
2.0157262112641738e-10
5.0393304678569826e-05
4.083462537505185e-05
2.691486019370669
1.791494610504168e-10
6.420349860985402
1.456417606937389e-09
6.116560214793484e-05
0.00021236025378766258
0.3558108104796689
2.7341339704434735
0.00039270234103874307
0.0
0.0003518237263019298
0.0002875477060737435
0.00032378832749014984
0.00013755675844099636
25.927807671246512
0.00011519385033282142
27.128885143375783
5.700070145362515e-05
7.278616398206201e-09
0.0035596320786621667
1.4965329972250097e-08
2.2459723698777194e-09
7.562366370961017e-05
0.00045858793684172447
0.0
0.00046028125753637514
7.265923285785977e-05
5.665625080754442e-05
5.710124292158982e-10
6.027002344917198e-05
7.440895548807146e-10
1.3399455453641689
1.1283002786807298e-05
0.0023631825590196337
1.114538501750379e-08
0.0006770620335388374
6.294239165958306e-05
0.0003447279028343449
0.000589425198732289
0.0
4.136751758863418e-05
3.353296922590961e-05
5.076669597294151e-10
9.302389067490229e-05
5.970775988262282
7.969257353738215e-05
0.000743005384444026
0.19899046630041295
1.6068131021488346e-08
1.0889542675068504
7.493558168753805e-05
0.000176504716592586
0.0004818722444828533
5.208476890725835e-10
0.0
5.685686706650819e-05
4.5108782506085424e-08
0.00014823740524456125
32.46136781212315
0.41415911547730466
0.001374747008543617
3.4443585289196634e-05
0.00014122901702690095
0.00034965702890082267
5.0734691456076375e-05
0.00020728120377995387
0.0013509875546051596
0.0006405309550594633
5.028361376107371e-05
0.0
1.4877805278234656e-09
1.1970608278383336e-09
1.8983250010941224e-10
1.6330549188072786e-09
0.001960557041641096
2.8564991468367476e-06
0.0010514999807809708
4.9489414888400775e-05
4.038916860323866e-06
7.53247760264867e-05
3.808725064695362e-06
4.187711884696426e-05
0.00040685221298172
3.0815535127562473e-06
0.0
0.0006438456392100806
0.3731734880880223
4.090047805524095e-05
0.16327767623279468
0.3048897281559926
0.0007756597411342742
0.0004119666384350462
4.466418023384989e-05
0.03391555503971695
1.0974270425985095
6.844916274873607e-05
0.0004348757574003826
3.431364003527215e-05
3.4145241644529793
0.0
4.07726869366688
8.001299807941148e-05
0.0021070947816240644
0.001070717053679899
4.756196428463976e-09
7.47240754452396e-10
2.000176131073425e-05
3.1030113035526366e-05
6.64306136738655e-05
0.0003677937841154707
3.4309694502737864
1.617926318443634e-05
5.973399564431361e-10
0.00036162187395363885
0.0
0.0001917350371861063
0.0021460953263215212
0.002082909959630685
7.900745167863647e-10
5.992339496131193e-10
3.5592662297469816e-06
5.740026265824417e-06
1.4052765953696833e-05
0.0003104593667347513
1.6837616062058197e-05
2.8432068183375914e-06
6.992922856562926e-10
0.00017772582554677994
0.0008662842269281802
0.0
