0.0
11.466549431531508
11.466549431531508
11.46657371483279
11.466573714832794
23.99982156051246
0.0
46.227953574504696
46.22795357450458
45.88690392574518
45.9683237487702
63.705909267982726
3.60298779821604
95.64622301419091
100.0
100.00000000000001
100.00000000000001
100.00000000000001
0.0
97.34694840252925
100.00000000000007
100.00000000000001
100.00000000000003
100.00000000000004
6.979390874998353
56.621803915348984
70.1570023816217
73.1668472804103
74.84510281920566
99.99999999999999
0.42920660114083853
0.13511777461456176
0.13511777461456154
0.014938093800951095
0.0149380938009511
26.10252321875041
0.0
0.0
0.0
0.0
0.0
0.0
0.0
0.0
0.0
0.0
0.0
0.0
0.0
0.0
0.0
0.6440100644186049
0.0
0.0
0.0
0.0
0.0
0.0
8.641818632652756
0.0
2.0032175991114514
0.19262588169657247
0.0
0.0
4.880491985993656
1.5202919998974065
2.075009858157302
0.0
0.07999305796476258
0.07999305796476258
0.07999305796476258
0.07999305796476258
0.07999305796476258
0.0
0.0
0.0
0.0
0.0
0.0
0.0
0.0
0.0
0.0
0.0
0.0
0.0
0.26666103381052875
12.799872454538264
12.799872454538264
12.799904832273306
12.799904832273311
0.26665698659364717
0.0
24.049453100275898
41.952550196458745
41.95255019645875
41.63984330787966
41.71108565302656
23.97350013381435
0.08141982302521122
36.875043807253526
75.16627506085533
56.3049701296768
55.98335550680636
77.73571321827572
42.30833963314046
0.3480427307175544
52.73531240580587
68.77336833823453
71.367061709575
65.13511793138699
68.81316652619093
49.11555483835509
0.7063536877357303
44.16349076374641
56.55119728324896
66.58249374399067
68.76584499529159
65.42127349347368
66.0289511358093
0.20395641358155742
0.0
0.732308891813145
0.7323088918131448
1.9102390577596413
1.910239057759641
0.0149380938009511
0.0
0.0
0.0
0.0
0.0
0.0
0.0
0.0
0.0
0.0
0.0
0.0
0.0
0.0
0.0
0.0
0.0
0.0
0.7360115021926913
3.288558082006981
3.288558082006978
1.9188546785859542
0.0
0.0
0.0
0.0
1.4530379796601511
0.0
2.5772263385307177
0.0
3.987044677369408
4.250809364637629
0.26376468726821595
0.0
0.0
0.9704984590266512
0.0
1.795436133238362
0.08004443271188783
0.08004443271188783
0.12829456170223125
0.1282945617022312
0.0
0.0
1.208577044801436
4.070941652034525
4.070941652034523
0.8806916966394905
0.32189332642303314
0.08498833161022402
0.5205798063290705
0.9760871368670059
0.9760871368670059
0.0
0.0
0.0
0.0
3.7332544733474045
3.7332544733474045
3.7332544733474045
3.7331978123110616
3.7331978123110625
3.7331978123110625
0.0
36.07417965041387
36.07417965041386
36.07417965041386
35.73125694846311
35.73125694846312
35.73125694846312
0.07124234514705982
55.56590265046802
75.13783079507448
61.604749129540956
48.18151620914168
40.67198652270631
43.75400077585398
0.3045373893778601
66.20035170951509
72.49722169281445
66.55566194089758
65.31470233799085
62.2257254159991
57.56280096307878
0.6180594767687642
58.33087251263407
59.369755763804676
59.369755763804676
61.355848951780544
59.97729155014349
58.13111895213162
0.1784618618838628
1.8430811049628026
1.1875814355618222
1.1875814355618222
0.013070832075832213
0.013070832075832213
0.013070832075832213
0.0
0.0
0.0
0.0
0.0
0.0
0.0
0.0
0.0
0.0
0.0
0.0
0.0
0.0
0.0
0.0
0.0
0.0
0.0
3.439879070821341
3.4398790708213367
0.28081310170385054
0.0
0.0
0.0
0.0
2.7503024594255265
2.7503024594255265
0.0
0.0
0.0
0.0
0.0
4.668073867156224
2.1083202409092823
0.0
0.0
1.479610169828518
1.4796101698285187
0.5202888126272708
0.6003332453391587
0.0
0.0
0.0
0.7752650223368638
0.7752650223368636
0.0
0.8753799388938076
0.316581569180676
0.07436479015894602
0.4555073305379369
0.0
0.0
0.0
0.0
0.0
0.0
