1.0709064016883392
12.18586270556508
12.238121622507794
12.11747582826976
12.117475828269752
0.47569806286266103
0.0
25.899217087390817
44.06875977867759
44.28806898061483
45.600323281705485
44.650028035344015
26.375852133432964
0.0
44.753086964781566
79.43105861735212
79.30778929801558
100.0000000000001
100.0
49.34587070915214
0.0
51.22025818583295
78.03679709175289
77.66048500444838
98.02538260516944
98.5757312565453
41.6082691867274
0.8050675686617412
55.58651422785079
63.5228228296963
65.08646055937544
67.38623722097137
65.25409561870177
77.10315039890816
0.37905198996261924
0.0
2.1285024080188593
2.3838499631414845
2.4971727384161033
4.124751230046888
0.11232274008658327
0.018720316965743364
0.0
0.0
0.0
0.0
0.0
0.0
0.0
0.0
12.185862705565084
12.238121622507794
12.117475828269761
12.117475828269754
23.9903692322711
0.0
44.06875977867761
44.288068980614824
45.60032328170549
44.65002803534402
63.90101234599797
0.0
79.43105861735215
79.30778929801558
68.10536733657568
68.10536733657568
100.0
0.0
78.03679709175294
77.66048500444836
56.65778379795822
57.20813244933406
99.99999999999989
0.0
63.52282282969628
65.08646055937545
67.38623722097138
65.25409561870177
99.8294184238598
0.25041151372191495
2.1285024080188593
2.3838499631414845
2.4971727384161024
4.124751230046888
11.520901200194832
0.0
0.0
0.0
0.0
0.0
0.0
0.0
0.0
0.0
0.2329684428367654
1.048358097035569
0.0
0.0
0.24653858027484768
0.009287117844683033
0.0926265401353451
0.0926265401353451
0.6229052401062057
1.2348922524549593
1.234892252454959
0.7526240100813305
0.05373221681655829
0.0
0.0
0.4889111981483459
2.3444396983396567
2.344439698339657
0.8658208552696154
0.0
0.6065783475710094
0.5337694426947832
0.5337694426947834
0.31436421220973243
0.31436421220973243
0.1278705402349395
0.01969749631198179
0.0
0.0
0.028421750184852327
0.3099341973793646
0.30993419737936456
0.1109807172138885
0.08549714022234106
0.0
3.9590295955356765
3.959029595535675
0.853908322295887
0.31051206607984344
0.07762800582473113
0.10172357890060935
3.458604032583096
0.07488255239545796
0.0
0.0
0.0
0.0
2.504122752446837
5.2908555986060986
3.3619208509175196
1.863629534797066
5.223431142401831
3.6101950440932957
0.0
19.463707530083393
49.390712102178334
32.44217914282769
21.047011437465336
50.99082813921781
33.52516022506365
0.0
33.74971935049672
82.54601459494627
50.49610814540114
47.7818228234133
49.06528077169424
51.11959461944037
0.0
38.97994250151166
99.99999999999991
82.73519761442236
77.15368980601728
63.84880697275761
59.745150768223496
0.8050675686617412
32.43571367106394
84.30546727246065
53.58245160266565
36.263091451733125
85.7359415476839
61.13481191712255
0.37905198996261924
0.042219370664206834
0.0
0.01066435298944594
0.004664555060953247
0.004664555060953247
0.0
0.01872031696574336
0.0
0.0
0.0
0.0
0.0
0.0
0.0
0.0020216083261366774
0.004022234967726528
0.1542397062499054
0.0
0.0
0.24653857354705935
0.009146426660099771
0.2329684428367654
1.048358097035569
2.9167760527207927
1.016185574133077
0.7526241484069796
0.09267488964854217
0.0
0.0
0.0
0.0
0.7526241686424944
0.14319022489126904
0.0
0.0
0.0
0.0
0.10554841660414105
0.24067037951617978
0.0
0.0
6.8228530956736275
2.558569895052972
0.852856621955006
0.4623548717676744
0.0
0.010252691481208413
0.0162524894097011
0.005588136420255168
0.0018473158965532414
0.0
0.0
0.0
0.0
0.0
0.0
0.0
0.0
0.0
0.0
0.0
3.069737068707243
2.0213789716716732
0.0
0.009287117844683033
0.22317164601695658
0.22317164601695666
0.0926265401353451
6.9022411474958485
6.9022411474958485
0.0
0.05373221681655829
1.9224191625473346
1.9224191625473348
0.1832758745797227
4.053803605192693
4.053803605192693
0.0
0.0
0.0
0.0
0.0
3.133117187801133
3.133117187801133
0.0
0.01969749631198179
0.6697183655800975
0.6697183655800971
0.0
5.544576395559176
1.8481921251198545
0.0
0.08549714022234106
2.906903057441336
2.9069030574413377
0.0
0.8539083176078068
0.31051208359418975
0.07762800582473113
0.10172357890060935
0.0
0.0
0.0
0.0
0.0
0.0
