0.0
0.0002469463262327141
8.62588393688077e-08
0.0010212646061952778
1.0429409965818606e-09
1.0692872755577273e-05
6.713301859880261e-06
7.854542485940399e-06
7.529445582566564e-06
6.247368488110842e-06
0.584047865556889
5.15901764694393e-06
4.686833586039311e-10
2.82305340010739e-06
3.8739782741456548
0.0
3.478619544285323
8.304672825977029
3.6454695046048973
0.6617592402787926
0.7596246466857622
2.7819544321863487
0.7596465374523869
0.8927009956936044
270.56961410406154
1.823101469238657
100.2934157317439
0.8163603890981889
0.00019204980582497241
0.97169047203425
0.0
0.9716905043124818
1.4507470122534242e-05
11.624495240914495
8.83580988002377
8.328495146852525
8.834727525015861
20.818403937339806
98.24957887111037
19.003159800024562
208.2108961999724
2.8433411598692657e-06
0.7943692249231065
1.5888814398031497
0.00013164968166325472
0.0
4.424778618721236
4.2158118761823935e-05
3.0322117979155185e-05
0.010121776708732294
0.001102976236988492
3.226651825004441e-05
16.071244988311445
1.5605782628338704e-09
3.8732914352459213e-10
6.536307785396985e-10
0.00010724890715274173
0.0011358210586713746
0.00012996269769253118
0.0015164637041109306
0.0
0.00018410486317449167
5.241866474713345e-05
8.320585562364889e-10
5.680264583141394e-05
4.982130077802626e-05
13.125376264413006
5.544505840473813e-10
8.439242278981758e-10
3.7940262233657465e-10
5.0920914057135436e-05
1.2066874538415142
0.3656649725737843
3.1066684897839867
0.00012222397484412336
0.0
0.00010213317922145619
0.000498658935543042
0.00011388745399170621
9.542001667507013e-05
9.305352927424899
7.886366034280188e-05
1.4854503122959846
4.5758360741498e-05
3.2782473459682157e-09
0.08006684391909522
0.07648178118367899
0.17702434783612042
7.036848269921457e-05
0.0001365785121763237
0.0
0.00017296819054329394
7.563474654223938e-05
5.170979483775393e-05
4.145858013824922e-10
5.197736702516386e-05
0.5266065051638881
4.5748038313460216e-05
4.271299531436774e-09
0.0020503680423225854
1.2873266643111189e-08
0.0005995641960780691
3.930355367550681e-05
0.00036396203108802523
0.0005258383820089276
0.0
4.169130687632892e-05
3.037862493572387e-05
6.717096658313244e-10
9.160326090290545e-05
8.612767540509324
0.0001517308595588033
3.0086438668632184e-05
0.05210974112969025
0.9679361253804932
0.061669454758949444
8.232176582563038e-05
0.00011527320193399239
5.2776921622099896e-05
5.411222250561504e-10
0.0
5.186584634942146e-05
0.0652828462708811
0.00010640970501474013
23.577860744032783
1.192262599403205e-06
0.0012675884940767587
3.656463503211317e-05
0.0001314055474453558
0.0002591628248779246
5.951296214824441e-05
0.0001845693397808407
5.222163901527127e-05
0.0005525234974155604
5.657140707127375e-05
0.0
4.486487959732262
6.036114345530438e-10
7.506960895950245e-10
3.951464054935426e-10
0.0017713996663023365
2.9404738047365315e-06
0.0008874667204262173
4.379200377596837e-05
4.465141302997921e-06
7.054591392999285e-05
4.0047027426791705e-06
5.41638007247837e-05
0.00034698949818519695
2.7941801393650504e-06
0.0
0.0005758024680765233
0.5382979644527156
9.623915728870884e-05
0.001254073732218034
0.0006018782459138572
0.000627238785520328
0.0003613560959747943
4.596624668759936e-05
0.14943158769358403
2.4514726711684647e-05
7.001497963818528e-05
0.0003912023608371612
3.121620158404567e-05
3.36196884453674e-10
0.0
8.461136159232586
0.0001520628112844951
0.0012270627879798024
0.0009505577059269391
1.1528919356697165e-08
7.592243840705662e-10
1.8381441643337684e-05
2.772546583497086e-05
1.1181688506720597
0.00022989547926914876
1.6708686823206453
1.4681656378681764e-05
6.110175917871271e-10
0.00032387092237232715
0.0
0.00022580440806802232
0.0010070623580186802
0.0028237461675428835
1.105252061401663e-09
5.099578901528673e-10
3.2795644573601034e-06
5.125795487532842e-06
1.2586896701217068e-05
0.0001983555037397184
1.5042255560909131e-05
2.5823588348656346e-06
6.857258478174033e-10
0.00017223586856646915
0.0007770113025836781
0.0
