0.0
11.466112206954811
11.466112206954811
11.466243698576339
11.466243698576331
23.99919759681976
0.0
41.87661044777395
46.14517047210275
46.059652949051404
46.13152385265748
63.99699924913086
0.3842681609040958
90.05870727430622
99.99999999999999
99.99999999999994
99.99999999999994
99.99999999999994
0.0
91.77577062851425
100.00000000000003
99.9999999999998
100.00000000000001
100.0
0.7326744414540548
64.78207368531346
62.235926758442
70.16238919459775
67.46293781125807
99.99999999999999
0.2023369090543918
2.9811070854529107
3.1391925345719858
2.9492751228935665
4.674613675305263
23.93077740204966
0.0
0.0
0.0
0.0
0.0
0.0
0.0
0.0
0.0
0.0
0.0
0.0
0.0
0.0
0.0
0.11294198230639986
0.0
0.0
1.248424814490495
0.0
0.0
0.0
1.2402758132319405
0.0
4.694764197234167
0.5921276977070401
0.0
0.6495778348585094
5.864322710201942
2.0837353135846897
1.0153028841018406
0.0
0.0
0.0
0.0
0.0
0.0
0.0
0.0
0.18018694235662305
0.5337330845932462
0.05323493040306223
0.0
0.0
0.0
0.0
0.0
0.0
0.0
0.0
0.2666400686640318
12.799396729475177
12.799396729475177
12.799572051637211
12.799572051637206
0.26661815339377803
0.0
23.99338055494589
46.14517047210277
41.876610447774
41.796585431061956
41.85947247171726
23.993997075243726
0.0
44.786085542131175
75.70400847804179
57.98583409638715
59.332927456113225
82.21749009825167
37.227209088212476
0.0
55.66977481873287
69.70819286901437
69.24506385918995
62.8835564464834
64.5846854071757
50.9073356606908
0.6844098385367224
49.72285638293866
57.28879918979531
72.2159608692301
62.58084948565153
64.222740176897
64.06530795230485
0.0
2.3736098738013527
2.8322417331018017
3.1584080074443492
2.8273445080926707
4.710916711453983
4.093162479234655
0.7276732799681875
0.0
0.0
0.0
0.0
0.0
0.0
0.0
0.0
0.0
0.0
0.0
0.0
0.0
0.7020071047510124
0.0
0.0
0.0
0.12907655120731412
0.0
0.0
1.2484247964585626
0.0
0.0
0.0
0.0
1.2137038675299052
1.2137038675299026
4.985103953356149
0.0
1.7273996684394872
1.8513946816860396
0.6601372208453378
2.8222837099334765
2.822283709933479
1.0052666392477303
0.0
5.682478297407836
2.821932898271511
0.0
0.6234526143694357
0.6234526143694354
0.0
0.0
0.12067439558297673
4.070941329062252
4.0709413290622525
0.8806915593771649
0.3218925691026524
0.08498792875674584
0.09263725092711517
2.95281669996611
2.9528166999661045
0.0
0.0
0.0
0.0
3.7329609612964467
3.7329609612964467
3.7329609612964467
3.732654147512894
3.7326541475128914
3.7326541475128914
0.0
35.99007083241874
35.99007083241881
35.99007083241881
35.86533841540732
35.99644428993537
35.99644428993548
0.0
46.57980622494062
72.98439337936868
55.0240445251855
41.102447467871336
38.468202875796564
47.94224807405022
0.0
65.9318806894241
71.99907179415104
65.67864139898766
60.92945720735422
57.14886974691708
53.24453412046724
0.5988586087196324
54.396315680980976
56.198717830148595
56.198717830148595
60.379765406932286
61.86065399785462
59.36946874653213
0.0
0.3069384039591977
0.1597062463378854
0.7002659341395
0.34671979190288005
0.2402484759680566
0.0
0.6367141199721641
0.0
0.0
0.0
0.0
0.0
0.0
0.0
0.0
0.0
0.0
0.0
0.0
0.0
3.4939868649937287
0.0
0.0
0.0
0.0
3.257383258827481
3.257383258827482
0.0
0.0
0.0
0.0
0.3297268421009629
2.984824479748009
2.984824479748023
0.0
0.0
0.0
0.0
0.0
8.077724007585621
4.297137655428768
0.0
0.0
1.8580426576239548
1.8580426576239577
0.05667643213244393
0.9332332477030943
0.2765882471298744
0.0
0.0
0.314692539083523
0.3146925390835228
0.0
0.8753794072999639
0.31658087321990336
0.07436443766215259
0.08105759456122578
0.0
0.0
0.0
0.0
0.0
0.0
