1.0712438855658635
12.187922704338952
12.269856622649014
12.131044591258068
12.131044591258053
0.4803925973269908
0.0
25.899010329756464
44.06691671232493
44.18354115397576
46.063504191285816
44.83477338898644
26.469013444313966
0.0
42.60016098393632
95.08029172490005
100.0
100.00000000000001
100.00000000000001
39.54252281053726
0.0
50.058461951030736
100.0
100.0
100.00000000000001
100.0
65.90226015457004
1.639544631734634
54.20383220785822
91.13609904191048
91.36897387088185
95.69841218498794
99.99999999999999
80.8689780394496
5.348296277256572
0.0
2.001420722500468
2.0014207225004683
1.533912722239907
3.6244519972090194
4.626295761546889
0.7710492324259716
0.0
0.0
0.0
0.0
0.0
0.0
0.0
0.0
12.187922704338952
12.269856622649014
12.131044591258066
12.131044591258048
23.99314018615999
0.0
44.066916712324904
44.18354115397576
46.063504191285816
44.83477338898644
63.906279987987574
0.0
68.42926431383417
59.72698124298039
80.4527485677146
85.51225138975504
96.00987169761387
0.0
62.788126575558486
61.23566201465641
62.52088368551262
86.1175306862816
99.34860778342714
0.0
37.08045139759668
37.31332622656807
24.181553634214122
19.545650018232188
99.99999999999997
0.22725689447210645
2.001420722500468
2.001420722500468
1.533912722239907
3.6244519972090194
30.929220095579655
0.0
0.0
0.0
0.0
0.0
0.0
0.0
0.0003982850916051953
0.00019914254580259764
0.0006502636337437199
0.008667380028407442
0.0
0.0
6.808634618037337
0.002758186263648813
0.005516372527297626
0.0
0.8719280386201783
3.6061376930800653
3.6061376930800653
2.115686352009833
0.053855272751964764
0.0
0.0
0.13683292669315153
2.0196475931943434
2.0196475931943434
3.2707071208624052
0.0
0.0
14.090558980005643
0.0
0.0
0.0
0.0
0.13141472708986504
0.0
0.008489374387915739
0.10261754662054513
0.5088993124326955
0.5088993124326955
0.20523509324109027
1.0304890766469545
9.159894229578425
12.139152796119195
4.009747643187734
1.238126765371356
1.0304890766469548
1.0304890766469548
0.12887845307974247
3.82687653299757
3.82687653299757
0.5549898638028965
0.2219959312030471
0.0
0.0
2.503919963343736
5.295365002960137
3.4252399530062028
1.8686174590886366
5.291577106498737
3.6084889298719407
0.0
19.463726287546514
50.31231127757017
32.25321201068117
21.68619233230576
51.26019917606257
33.43726662138442
0.0
53.05631541207565
68.15642996054615
63.079114719936975
41.243846659549995
39.1392758872967
44.45646039826737
0.0
62.54226087998904
88.76466974656995
99.73284769356998
88.72578830071382
84.59410499444165
67.78509620490455
1.6395446317346338
56.34792855173438
60.353531700434225
58.86509049982333
89.21647954906935
87.99433373204542
80.86897803944962
5.348296277256571
1.7555917616295387
0.028640327975301888
0.22815541397191844
0.6724740388934964
0.2272568944721064
0.0
0.7710492324259716
0.0
0.0
0.0
0.0
0.0
0.0
0.0
0.0004511210879411223
0.012134947432409022
0.026519110571689868
0.007192513817385574
0.0
3.782574791472869
0.0
0.0217276196706642
0.8936556582908425
3.686192292877571
1.228730734487017
3.782574774911064
0.08786221898849265
0.0
0.0
0.0
0.0
1.5524645617166093
0.0
0.0
0.0
0.0
0.0
0.0
0.0
0.008489374387915739
0.1647605150750275
4.871585823964019
1.6459158221690209
0.06755167981778232
0.0
0.15542158118393323
0.34916687151019493
0.42963873980597184
0.11041453646508065
0.07403617298198677
0.0
0.0
0.0
0.0
0.0
0.0
0.0
0.0
0.00019914254580259764
0.00019914254580259764
0.00019914254580259764
2.082556163308361
2.0825561633083627
0.0
0.002758186263648813
0.1467006101113695
0.1467006101113696
0.0
4.014556969168536
4.014556969168536
0.8719280386201783
0.053855272751964764
1.92682011721835
1.9268201172183501
0.17696934556152397
0.0
0.0
0.0
0.0
0.0
0.0
0.0
5.7860639731289805
1.7555917616295384
0.0
0.13141472708986504
4.468101997763669
4.468101997763669
0.0
0.46574965794284084
0.1428729877238865
0.0
1.0304890766469545
6.634507754192388
6.634507754192391
1.0304890766469548
1.475706359245068
1.0304890766469548
1.0304890766469548
0.1288784530797425
0.5549898638028965
0.5549898638028966
0.5549898638028965
0.2219958392008814
0.0
0.0
