0.0
0.0
0.0
0.0
0.0
0.0
1.4206211893861007
0.0
0.0
0.0
0.0
0.0
0.0
1.157513573910897
0.0
0.0
0.0
0.0
0.0
0.0
1.4107482945122807
0.0
0.0
0.0
0.0
0.0
0.0
0.0
0.0
0.0
0.0
0.0
0.0
0.0
0.0
0.0
0.0
0.0
0.0
0.0
0.0
0.0
0.0
0.0
0.0
0.0
0.0
0.0
0.0
2.3725687281444356
11.884140949976514
11.343967910288569
10.929994926466915
10.688175268630221
0.28668852864345207
0.053391385227216474
15.137799374166372
47.53860984152884
46.56099526137279
46.24058751268664
46.167818260659814
23.994820449553437
0.019227782051018914
41.10293580142009
51.86426440269298
51.24692379817181
51.57228998891516
44.65579324316238
2.6166398204799926
0.03570871879068011
49.599810838754514
85.71802626527257
76.88879875035404
81.08083304013832
70.86254843356578
60.114776383037224
0.04166302904574736
53.59481089570208
63.82883508176181
67.24036855106013
64.35026547298193
61.294919456197015
74.92390895604193
0.03989367107472971
0.0
0.0
0.0
0.0
0.0
0.0
0.0
0.0
0.0
0.0
0.0
0.0
0.0
0.0
0.0
13.182119932365433
12.56477931557922
12.163778740369672
11.887413417127739
22.08645728577032
0.0
44.211972168752325
43.094698362859624
41.9601903516979
41.896517256174434
63.997409355686955
0.0
53.01722248273125
52.477049453774804
55.94931447821162
61.708297606594016
100.00000000000003
0.0
78.19225824068256
85.86397221956398
84.026405423394
93.96506212077911
99.99999999999999
0.9187447822100335
68.22892835999578
64.6677912619997
61.36473440228303
64.27047696316933
57.79465575836101
0.0
0.429151775624264
0.429151775624264
0.429151775624264
0.429151775624264
0.429151775624264
0.0
0.0
0.0
0.0
0.0
0.0
0.0
0.0
0.0
0.0
0.0
0.0
0.0
0.0
0.0
0.0
0.0
0.0
0.06433677289959393
0.06433677289959393
0.0
0.0
0.0
0.0
0.0
1.3236908509580088
0.16617730823965973
0.0
0.0
0.0
0.0
0.0
0.38743192811564775
0.38743192811564775
0.0
0.0
0.0
0.0
0.0
0.0
0.0
0.0
0.0
0.0
0.0
0.0
0.0
0.0
0.0
0.0
0.0
0.0
0.0
0.0
0.0
0.0
0.0
0.0
0.0
0.0
0.0
2.09488839230454
0.0
0.0
0.0
0.0
0.0
1.1575136071995065
0.0
0.0
0.0
0.0
0.0
23.275396193520464
0.0
0.0
0.0
0.0
0.0
0.14960329321479943
0.0
0.0
0.0
0.0
0.0
0.0
0.0
0.0
0.0
0.0
0.0
0.0
0.0
0.0
0.0
0.0
0.0
0.0
0.0
7.820646806014538
5.797864087008082
4.897004128194515
5.0500093309385425
4.53182434159143
4.013639401008327
0.046717462073814414
38.33439466243058
36.23950624378658
35.41253677548247
36.20077862166468
36.06433630367015
35.99223067433015
0.01682430929464155
48.88518300427293
46.65638387719946
44.427584758542224
38.14874906990197
36.99123545535227
36.632957486719896
0.0312451289418451
73.24167718785756
72.28338500135307
72.28338500135305
69.26185753781239
68.98222954691012
68.70260158061399
0.03645515041502894
60.93439055124438
60.142275746955555
59.814070650991646
65.85762708788135
65.70802364964781
65.5584203365367
0.034906962190388496
0.3390029371011918
0.0
0.0
0.0
0.0
0.0
0.0
0.0
0.0
0.0
0.0
0.0
0.0
0.0
