0.0
0.00028886163936639453
0.0011521118090477497
0.977799009397538
1.6024742387518854e-09
1.54292004554553
0.6950658324847683
1.0298525990335607
0.6950250983663401
1.6550498896311765
2.3858065359100007e-08
4.05836645993455e-06
9.290137390900519e-10
2.735060512278348e-06
1.7377694633037226
0.0
1.737753715572469
4.4296519785464765
1.7378445999831391
0.7780436313642642
4.12353341325661
2.6007044272534205
3.9546606685349786
3.952184299415104
321.1649118810235
1.7149437221915502
48.614382681094405
0.33099290297669953
1.8554688777630692
1.4802252880830813
0.0
1.4802249437184827
1.901137672909501
5.328753216026135
2.9752638584422795
2.161648063814248
2.96751082651615
23.434205231814715
57.58889268023835
8.289966487970585
267.1170506617988
2.1489676231829793
0.046931601837110606
1.9468960888009508
0.00014946239919569755
0.0
3.940328111468908
4.373988070098062e-05
2.480548674778987e-05
0.00039096711442827045
0.12569120269339148
0.00010751372166251328
34.14461407237238
2.7757188366093395
7.041237275107215e-10
2.59766994916654e-06
0.00012360687065846946
0.0007818380363928004
0.0001481453324002829
0.0016484711679490877
0.0
0.00020918291285424367
0.0010660532704603477
5.340242971531778e-10
5.0618393763091885e-05
0.000392381100172271
9.734661865145865
2.5629076373274556e-09
2.832588894506856e-09
2.3868055828605044e-09
6.169354234651707e-05
7.978704811000227e-05
0.0007895034924793635
1.7325151861578472
0.0001616401174401031
0.0
0.00014070912539195201
4.190491919337429e-08
0.00015861070089395195
0.00010994870645797967
5.440792304146459
0.11155138873809556
1.80068509452807e-09
0.12254254304477984
4.737835960485461e-09
0.004028108114757321
2.1977067149171588e-08
0.08252217198947283
7.966892704550031e-05
0.00041019712327855333
0.0
0.0004272153992578038
8.69059640846458e-05
5.714797431230362e-05
8.604206415441059e-10
1.6908834727938983e-08
3.5943947499591392e-09
7.619015329844375e-05
1.1891177709065364e-08
0.0024331599109483426
1.4387867243233372e-08
0.0007008151018081904
4.44473946708183e-05
0.00035483198453036604
0.0005960710509967722
0.0
4.7689585612209526e-05
3.3658084776923886e-05
4.732062452625788e-10
2.6779208866302475e-08
11.52484303315124
8.669694205239791e-05
0.000748906234983956
0.000785561242240552
1.994725368708781
0.6901227763631645
7.63988158936824e-05
0.0002266341471346048
4.8046275467392624e-05
1.419524393665859e-09
0.0
5.728117897080459e-05
0.000437430122153413
0.00014948442307465546
18.35632981918242
0.44903878974614964
0.0014271221495082602
3.463888032897963e-05
0.0001492212245055524
0.00029341316432839753
5.095142420557287e-05
0.00020976660202594218
4.7694920229423174e-05
0.0006452216339306108
5.0514286810417604e-05
0.0
7.626842307692421e-10
2.8713112248963394e-09
2.8693672210542037e-09
2.763626295030092e-09
0.0019753481907423933
2.8746766676879868e-06
0.001060795178071345
4.9886006058173294e-05
4.060973872801573e-06
7.564121308750133e-05
3.8315751907061e-06
4.610631138780117e-05
0.000410235764192141
3.1018898087833854e-06
0.0
0.0006495599990285993
0.7203026799224911
4.370767113174387e-05
0.0013750877519918883
0.0007085007307458159
0.0007831405476726328
0.00041494329518246265
4.567590248136956e-05
0.05178890021320476
2.3328488678062284e-05
7.732259462200032e-05
0.0004386829004367334
3.4551345693882484e-05
3.4416821591061343e-10
0.0
11.472441724246561
8.692299827974646e-05
0.0014290066280192822
0.0010827772385836511
7.544091209592857e-09
9.915803025712422e-10
2.0767713256916667e-05
3.126532796904609e-05
0.3956815952370198
0.0003740379822047904
1.191892035004943
1.629479590318264e-05
3.000517544868612e-10
0.00023135775071785457
0.0
0.00018650020587667444
0.0022162916672689307
0.002101564128194165
1.2530270461984012e-09
8.714281543922763e-10
3.702885167171992e-06
5.781618933150733e-06
1.4154048229990448e-05
0.0003302031235084032
1.6956247972337818e-05
2.8636977724565607e-06
3.443344808512801e-10
8.292076484953803e-05
0.0008753095921127929
0.0
