1.0709044914492662
12.185855245401715
12.238079846238149
12.119219207406154
12.11921920740616
0.4763846789552111
0.0
25.899241982567602
44.06901255462966
44.292653232632034
45.588600446988174
44.645357216675
26.373472639489847
0.0
44.75676725234735
79.37118327158524
79.24998066632767
100.00000000000007
100.0
49.28532544496559
0.0
41.99965496809648
99.8596868787854
99.99999999999997
100.0
100.0
46.0811135908817
0.0
91.70797796396896
100.00000000000003
99.99999999999999
81.9417244023971
77.50663328560779
31.857222595390567
1.564530588926445
0.0
2.157499530772812
2.356371598858826
2.4746825775141743
3.8211213509391464
0.0018431064273726153
0.0
0.0
0.0
0.0
0.0
0.0
0.0
0.0
0.0
12.185855245401713
12.238079846238149
12.11921920740615
12.119219207406157
23.990696680427817
0.0
44.069012554629666
44.29265323263203
45.58860044698816
44.645357216674995
63.90081599895521
0.0
79.37118327158522
79.24998066632767
68.10000007742643
68.10000007742646
100.0
5.634867780240072
14.161949825467657
14.021636704253016
29.52870846457214
31.394271745066913
80.0970147633631
5.422276636249785
100.00000000000001
99.93838672518524
100.00000000000001
100.0
100.0
0.24944433290198126
12.14193917209012
13.91079413996294
11.152854384427245
12.442544301049915
32.26740534968527
0.0
0.0
0.0
0.0
0.0
0.0
0.0
0.0
0.0
0.23188955696288163
1.0435064282764857
0.0
0.0
0.4363271717051063
0.008693996440104346
0.08153050564911886
0.08153050564911887
0.6843418070900826
1.3763679667602846
1.376367966760284
0.45878638444223896
0.05372776453952
0.0
0.0
0.5007278310082286
2.641353885018708
2.6413538850187073
12.769424009765608
0.0
0.5568840203634092
0.6099360800174678
0.6099360800174678
0.3178063688780534
0.86119622269601
0.7368683286407782
0.04006608535527452
0.0
0.0022687386934371967
0.02627292397246765
0.3197335979372856
0.31973359793728556
0.11419933342452436
0.15673090831075778
0.5607274761169565
4.087274529071708
4.087274529071707
0.9597465630357522
0.3509211342958842
0.0854682599037426
0.08414707587089497
3.126289901795411
0.0
0.0
0.0
0.0
0.0
2.504122964601278
5.2908342718847825
3.36181880469109
1.8635583410363359
5.23171987091977
3.6098264429614457
0.0
19.463705036131312
49.396129708887216
32.45138405930163
21.030255990071147
50.98411147087597
33.52734382855059
0.0
33.749384251787816
82.62755247033199
50.57775773998485
47.7271292827224
49.02679108578381
51.15034466675189
0.0
41.87101131952206
99.99999999999996
84.61392437502722
61.18093320385947
73.57636153466579
58.47654192168802
0.0
32.445791909570254
88.88256836538842
60.24947010573167
65.57173955748449
97.793283420855
66.75069025506967
1.5645305889264447
12.152223102825655
0.0
0.00368621285474523
2.8917522585090043
14.97064960564617
13.900656376495894
0.0
0.5924310277716639
0.04473547767549928
0.0
0.0
0.0
0.0
0.0
0.0019469142646117434
0.004342236249986231
0.15447580958607415
0.0
0.0
0.2424030424524562
0.008829382496056722
0.23188955696288163
1.0435064282764857
3.018376541040292
1.1318905467379017
0.3772963044013265
0.09234151216528207
0.0
0.0
0.0
0.0
0.22312625528797841
0.1468714571957827
0.0
0.0
0.0
0.0
0.22312700355731577
0.0
0.0
0.0
7.1869432830588025
2.695103431043205
0.898367569025649
0.028159871798959225
0.16427710020977362
0.16427710020977365
0.0
0.0
0.0
0.0
0.0
0.0
0.0
0.0
0.0
0.0
0.0
0.0
0.0
0.0
3.0645292057561373
2.0210227774796508
0.0
0.008693996440104346
0.21407647985492317
0.21407647985492317
0.08153050564911886
6.854363527754048
6.854363527754048
0.0
0.05372776453952
1.9222553189457758
1.9222553189457758
0.2025298241197821
4.455763423274072
4.455763423274074
0.527950049768882
0.0
0.0
0.0
0.0
13.68686374639233
13.686863746392326
0.0
0.04006608535527452
1.362261469523384
1.3667692565352678
0.004507787011887367
4.805098977947117
1.2545308009909055
0.0
0.15673090831075778
4.772932505952737
4.7729325059527365
0.0
0.9987564411599066
0.35107583062693204
0.0854682599037426
0.08414707587089497
0.0
0.0
0.0
0.0
0.0
0.0
