1.0709057150102308
12.185860502809438
12.238122002181212
12.117140469997624
12.117140469997624
0.47556251123001075
0.0
25.899215062651034
44.06874914835172
44.287890199059184
45.600788678405685
44.65021366526619
26.37593499385246
0.0
44.75383658796373
79.43861504201436
79.31576682416173
100.00000000000007
100.0
49.37217254694389
0.0
51.202887448472524
77.83372053227752
77.4474629532911
99.49233407889402
99.8203100740257
44.04178375297286
0.0
55.60447006205869
63.550694979992564
65.24182349650776
67.49383126117978
65.37259430086654
69.73168338472955
0.0
0.0
2.128024609703124
2.3798634975950277
2.4768104646113085
3.943342074453238
2.0680059598373726
0.34466760934377205
0.0
0.0
0.0
0.0
0.0
0.0
0.0
0.0
12.185860502809438
12.23812200218121
12.117140469997626
12.117140469997631
23.990303111126597
0.0
44.06874914835173
44.287890199059184
45.60078867840568
44.65021366526619
63.901014399383946
0.0
79.4386150420143
79.31576682416174
68.07992423684091
68.07992423684091
100.0
0.0
77.83372053227757
77.4474629532911
55.48141498108278
55.809390976214466
100.00000000000006
0.0
63.550694979992535
65.24182349650778
67.49383126117978
65.37259430086652
99.99999999999994
0.2503523445878194
2.1280246097031235
2.379863497595028
2.4768104646113085
3.943342074453238
12.40200958100479
0.0
0.0
0.0
0.0
0.0
0.0
0.0
0.0
0.0
0.23301093936921544
1.0485501542077604
0.0
0.0
0.24569591094391674
0.009400133898068621
0.09474986475069115
0.09474986475069115
0.6221457762569689
1.2163378356677326
1.2163378356677328
0.7725137911532312
0.05373229462440679
0.0
0.0
0.4871060852612757
2.5979378158105884
2.5979378158105892
0.9340791187387611
0.0
0.6640804698153513
0.5219236106780053
0.5219236106780053
0.2902521535805901
0.2902521535805901
0.11969655053380913
0.027118051451719236
0.0
0.0
0.02846905007720536
0.31047388905511125
0.31047388905511114
0.11117319762502215
0.08740674667487018
0.0
4.152176502496182
4.152176502496181
0.9251147858390635
0.3440500123219873
0.07779165388888261
0.08109916967641555
2.5278431044974066
1.6419872809014513
0.22952727190882458
0.09181088046303712
0.0
0.0
2.5041227147062335
5.290847485525725
3.361909992192218
1.8636422055061352
5.221843457095401
3.6102640874908625
0.0
19.46370765764248
49.39048003681999
32.441805741170235
21.04767529510812
50.991103818811816
33.525079533678266
0.0
33.749651075028154
82.53942185619529
50.4895381700792
47.798250627096095
49.07005335960063
51.12277701616926
0.0
38.981555290722696
100.00000000000001
82.99397204328037
74.43136563882949
67.90217526157541
59.69690309667449
0.0
32.43397594527178
84.1217475388208
53.39931109270173
36.23037719565682
85.59110471365862
59.83190645787924
0.0
0.0341101724786834
0.0
0.013295339295850202
0.005814387453629224
0.005814387453629224
0.0
0.34466760934377205
0.0
0.0
0.0
0.0
0.0
0.0
0.0
0.002032293421739414
0.0039480254250616395
0.15416389698699354
0.0
0.0
0.24569585137668826
0.009205858371323372
0.23301093936921544
1.0485501542077604
2.9110779454508684
1.009928044991934
0.7725149267206793
0.09264305498420722
0.0
0.0
0.0
0.0
0.7725151058287906
0.14260359241143986
0.0
0.0
1.7026104991074547
0.0
0.08527535339520617
0.030864655161625995
0.0
0.0
6.78795779102944
2.5454841451457675
0.8484946104710585
0.38928158233484594
0.0
0.01277532318394748
0.020256275026168457
0.006960935730318255
0.002296843980754654
0.0
0.0
0.0
0.0
0.0
0.0
0.0
0.0
0.0
0.0
0.0
3.069961423500995
2.0214112692932344
0.0
0.009400133898068621
0.22491206611070144
0.22491206611070136
0.09474986475069115
6.905805696125874
6.905805696125874
0.0
0.05373229462440679
1.9224209281230764
1.922420928123077
0.1895175594517093
3.9266639358203155
3.926663935820317
0.0
0.0
0.0
0.0
0.0
3.5018646380564338
3.5018646380564338
0.0
0.027118051451719236
0.9220296859838449
0.9220296859838452
0.0
5.596967411697498
1.8656557459616205
0.0
0.08740674667487018
2.9718318471611282
2.9718318471611296
0.0
0.9291620533568441
0.3445119589484844
0.07779165388888261
0.08109916967641553
0.22952727190882455
0.2295272719088246
0.2295272719088246
0.09181055360894069
0.0
0.0
