0.0
0.0004226526066815486
0.4124370006127804
4.041624572708842e-08
1.1407383201779617e-08
1.2320482305623268e-05
6.583854475395408e-06
7.967202218887074e-06
6.988810945815824e-06
5.627165649694134e-06
5.256284611864352
5.958144487345593e-06
0.6463680743771711
0.2897950601935172
4.802790597430303
0.0
6.882614224349027
8.152938366059647
4.437039200431331
1.2196943295677813
1.7470492599861873
3.398428772813712
1.0424592405367565
2.3076522197453615
276.9454726467329
4.6623439414933205
88.75476392354784
0.3226908803716869
0.23295957108875193
1.1360547180962175
0.0
0.869872010450734
0.3684007338225582
11.414383787785562
9.999073249386809
6.187013931756646
7.453730159585483
25.66197981347009
83.49700263242106
18.655601767466838
217.45027701488183
0.4998247744199485
0.5549915182254688
1.4397019942962865
0.000219110530199757
0.0
4.514160479039622
6.411950384555679e-05
3.6512540813868886e-05
0.8498854717159402
3.4326572273840807
0.00015068722000533268
19.05917666173106
1.2536602997624371e-09
1.5935630934569944
0.7010192550133114
0.00018113002425105748
0.0019139361756342404
0.0002173186594902168
0.14155989001016306
0.0
0.000306272193512405
7.02730062563728e-05
4.829747496094496e-10
7.443065326192397e-05
6.031170431710707e-05
20.355712550316245
4.369467597622069e-10
1.665203503531788e-09
2.2392709550143364e-09
9.040673053859112e-05
2.468586938151345
0.0019223142064211942
2.8335245119228603
0.000580025251759628
0.0
0.0005200128223214865
0.00042473198203594917
0.0004787036165289081
0.00020317905450313389
9.697610222302208
0.00017016679028058915
1.6413457378020545e-09
8.419774444171112e-05
1.185190158743738e-08
0.0065827542430083605
1.5209189644657623e-08
8.8510191612845e-10
0.00011189374759401516
0.0006790689807694915
0.0
0.00043384954675072427
0.00010759449328328297
8.371566927836742e-05
1.3345925105180763e-09
8.904312038739116e-05
1.2648046042694409e-09
9.950623939550718e-05
1.1274593512009846e-08
0.0034906332178064265
1.5899987616454137e-08
0.000999874506200878
6.32947934198593e-05
0.00046816862382854083
0.0009580531289651495
0.0
6.126100212164334e-05
4.955878783520053e-05
1.373240750666715e-09
0.00013744077333282525
4.97551384898221
0.00011771758603665082
0.0010441917556209997
0.0005625204864518979
0.08392648147464128
2.241930281562989
0.00011076138796932541
0.00026105685982893387
7.068433885560879e-05
1.3452401007849491e-09
0.0
8.401491797958637e-05
5.686875570250756e-08
0.0002927769380552008
31.80439053630578
1.1972144817490866
0.0020888974287509984
5.0881409616375794e-05
0.00021869230511983674
0.00042953306765907014
7.493619287234353e-05
0.0003071255100676388
0.001993478953162255
0.0009437478024783413
7.426902079662065e-05
0.0
2.9246300181148564e-09
1.3237322394936722e-09
5.187940607526183e-10
2.382268269649906e-09
0.0028957177791034015
4.220462218953304e-06
0.0015528481477465105
7.309586972856838e-05
5.967377225140461e-06
0.00011129100524857874
5.626545091955581e-06
6.184004963790806e-05
0.0006020168490521926
4.55481010875905e-06
0.0
0.0009510929238093593
0.31096959513287836
6.0417464493654194e-05
0.18458988316392716
0.2760414773212455
0.0011464254700776907
0.0006084485046407856
6.604885699123135e-05
0.04660273459423502
3.426724690903421e-05
0.00010109280538469588
0.0006420517731391586
5.072909929431662e-05
6.125879233467985
0.0
4.3121120261618255
0.00011819123903207963
0.0019581504274724963
0.0015814134075558214
5.5255088985876105e-09
0.15341336112319687
2.960574617791324e-05
4.585471819803137e-05
9.812618274809101e-05
0.0005433676350211109
3.4162202549987293
2.3925433368989978e-05
1.7864199269321743e-09
0.0005348503555846742
0.0
0.0002832138336852916
0.0030448773194930697
0.0032025644595240575
9.208601984621642e-10
5.579967982608966e-10
5.272127702034668e-06
8.483328560366256e-06
2.075440425980395e-05
0.00026824043413719797
2.4870201794807885e-05
4.203710474207674e-06
2.1101377667251958e-09
0.0004511396278820643
0.0012795936114264371
0.0
