1.0712516465237987
12.187971569976169
12.270635725288585
12.130932555725897
12.130932555725899
0.4481940331315063
0.0
25.8975459582342
44.05485388100541
44.036347890270434
46.08070459380477
44.841937638811366
26.52572525402102
0.0
40.58003384645015
91.59444374622464
90.92019056282784
100.00000000000001
100.0
46.37350084570297
0.8023195246907838
38.426108015709765
99.99999999999997
99.46236014786635
100.00000000000001
98.94632133471404
63.88161213081475
4.608449453864557
55.22732449594176
92.86483469411853
93.48873158112717
100.0
100.0
74.94153412058404
5.582326391274978
0.0
0.9760169708111535
0.9760169708111534
0.6690414014627617
2.833623527275453
4.6177283533388644
0.7696212949791333
0.0
0.0
0.0
0.0
0.0
0.0
0.0
0.0
12.18797156997617
12.270635725288587
12.130932555725902
12.130932555725904
23.992024077614047
0.0
44.054853881005386
44.03634789027045
46.080704593804775
44.84193763881137
63.903438425190814
1.1615347158112694
51.759965523541794
51.085712340144994
70.18544613773678
70.02946996227732
99.43390825399702
21.629914173037676
62.34442439018725
60.99721367794268
56.69498621914477
100.0
97.82841908082543
0.0
35.04479124800308
35.66868813501164
7.142097886602317
38.05112370515637
100.0
0.13362591649802924
3.568735920984836
3.568735920984834
3.2617603516364424
5.426342477449134
35.4073860741423
0.0
0.0
0.0
0.0
0.0
0.0
0.0
0.0004210576581257408
0.0002105288290628704
0.0006960236387412893
0.009423017784264806
0.0
0.0
1.8662165853731647
0.0030818121954410654
0.006163624390882132
0.2378481215662771
1.644553667127809
9.80343591496291
9.803435914962908
2.642318210699865
0.05378898813869546
0.0
0.0
0.0
0.0
0.0006611040320819314
5.00233524600413
0.09544993448134437
3.3523618400447583
9.076211827406958
0.022128319396859844
0.1856019159419531
0.18560191594195308
0.061158512377197244
0.2819552235197241
5.609788332383439
5.062734585298916
0.8713224555195916
1.329064508852158
1.329064508852158
0.3950631383626342
0.16914371870268166
0.0
4.053101825296297
4.053101825296296
0.9852431470425047
0.3657898958460083
0.11212788552713462
0.12103858329514304
3.842011732160816
3.842011732160816
0.5599679314078653
0.22398716125563847
0.0
0.0
2.50391496974981
5.29547302762706
3.426792345184571
1.8674811850149307
5.293096056162508
3.639452101586145
0.0
19.463847674955666
50.26563176641555
31.8034875016215
21.716300693544845
51.27512475835922
33.4847773917815
0.0
52.23557254640525
70.32417282384323
80.43320506854192
48.819088234917054
42.01632927302153
41.6439320273408
0.8023195246907837
56.87676819793486
96.86259946360252
79.92902506589158
77.82720718994328
69.5865547733324
63.88161213081475
4.608449453864557
57.51883858500975
60.39790778411121
58.60527596682906
85.83253301990226
85.41087906482194
75.22820430299369
5.582326391274978
1.7027526986038406
0.0
0.11101093675962405
0.42218957811162633
0.13362591649802927
0.0
0.7696212949791333
0.0
0.0
0.0
0.0
0.0
0.0
0.0
0.00048549480967841887
0.011147315923747035
0.024177305473983054
0.0065159479655118365
0.0
1.3490368302804792
0.040771303903816274
0.2378481215662771
1.644553667127809
3.716300543489444
1.2387667426877256
1.3485079188725095
0.0905259764466041
0.0
0.0
0.0
0.0
3.2995825606803924
0.0
11.099185145051273
0.10732202366844464
1.6244078002393618
0.5647006060334055
0.10732202366844462
0.0
0.09655726302535864
0.10661018587124725
3.3779514708872993
1.1616659561210851
0.38721965254670193
0.0
0.5470537470845248
0.6136603636268078
1.271725047470956
1.0941074941690498
1.0941074941690498
0.0
0.0
0.0
0.0
0.0
0.0
0.0
0.0
0.0002105288290628704
0.0002105288290628704
0.0002105288290628704
2.1053912403733936
2.105391240373394
0.0
0.0030818121954410654
0.1457434348806587
0.14574343488065875
0.0
3.926726524646412
3.926726524646412
1.644553667127809
0.05378898813869546
1.9244461259776002
1.9244461259776
0.0
0.0
0.0
0.0
0.09544993448134437
0.0
0.0
0.06638512129057018
2.924043617126361
1.7027526986038404
0.0
0.28195522351972413
3.9766858089242563
3.9797915503783092
1.421481944058164
3.1983567147112617
0.9235538423752341
0.0
0.16914371870268166
5.7508867033342135
5.750886703334212
0.0
0.8197968371063609
0.20034377631072958
0.11212788552713462
0.12103858329514304
0.5599679314078656
0.5599679314078655
0.5599679314078654
0.22398690554240738
0.0
0.0
