0.0
11.466469978817878
11.466469978817884
11.466510754886318
11.466510754886317
23.999700698026626
0.0
46.25061297136842
46.250612971368454
45.82788960397463
45.92880762733216
63.63548113509402
0.0
99.9999999999997
100.00000000000004
99.99999999999997
99.77258779023161
99.99999999999999
0.0
87.03163543225129
86.46657263237
83.54259769966652
100.0
100.00000000000001
0.0
62.4897604699549
62.41846913866494
59.84784126395587
69.45948657213287
100.00000000000003
0.0
0.35890605241038126
0.42079579350678825
0.34526762509795605
3.217842490028005
21.530321223141225
0.0
0.0
0.0
0.0
0.0
0.0
0.0
0.0
0.0
0.0
0.0
0.0
0.0
0.0
0.0
0.7982360697301147
0.0
0.0
0.6535182953725868
0.0
0.0
0.0
0.7251310183199894
0.2417103323928917
0.6535182954748002
0.5004900804576717
0.0
0.23270101711135183
6.96329231909907
2.65140745502359
0.8838024800126049
0.0
0.050960022682694256
0.050960022682694256
0.050960022682694256
0.050960022682694256
0.050960022682694256
0.0
0.0
0.032150528114519614
0.06631018920827741
0.0
0.0
0.0
0.0
0.0
0.0
0.0
0.0
0.0
0.26665722515196355
12.799786004189611
12.799786004189624
12.79984037228087
12.799840372280867
0.26665042914055814
0.0
24.061296005017095
41.97311735026088
41.97311735026098
41.58552419496838
41.67382746540621
23.967153957643994
0.10091802335731194
47.017649155175235
64.11295730080774
64.56935402473029
69.156910603908
74.38756149178722
39.604825656744545
0.4058507846357324
59.94182429642139
76.39178805213048
77.38413728767686
69.76485344367686
76.39159420511615
40.03123736046858
0.0
53.262800291681486
61.010101083762436
61.23847135479108
66.20906570165984
55.705316440838
59.08808785721755
1.3536723810887392
4.135194641484675
4.2443692619552245
4.290934480679536
4.285539611507475
4.490723530431051
3.1440692207426317
0.5589456348285471
0.0
0.0
0.0
0.0
0.0
0.0
0.0
0.0
0.0
0.0
0.0
0.0
0.0
5.604132861781709
0.0
0.0
0.0
0.9122697939772737
0.4747426026472494
0.0
5.379198763673794
0.0
0.0
0.0
0.0
0.0
0.0
0.8168980178814216
0.0
2.09552385644499
13.198348048788095
0.26594401955583064
0.49864503666718296
0.49864503666718296
0.49864503666718296
0.0
2.5010193780433685
0.0
0.0
0.09016536429165721
0.09016536429165722
0.0
0.0
0.3842534590537902
4.455195097407981
4.070941638354196
0.8806916730612279
0.3218932803530419
0.08498830868495175
0.07115726735081943
2.2681385148375335
2.268138514837533
0.0
0.0
0.0
0.0
3.7332011521274877
3.7332011521274877
3.7332011521274877
3.733106007967814
3.733106007967813
3.733106007967813
0.0
36.09194400752566
36.09194400752565
36.09194400752565
35.66689899577354
35.66689899577355
35.66689899577355
0.08830327043764795
48.11012147412861
69.3422640358661
53.869421591311855
41.91043106376021
38.38379889594001
46.39164041423995
0.3551194365562658
64.19254896806872
71.84730446676863
66.87013262008814
65.86982730012897
60.83630321751225
60.43110949975595
0.0
61.08698248263545
60.76099948338694
60.76099948338694
57.253021091314174
56.22947709724399
51.70207687506535
1.1844633334526469
0.16337972841633652
0.0
0.06631018920827715
0.03215052811451963
0.03215052811451963
0.0
0.4890774304749787
0.0
0.0
0.0
0.0
0.0
0.0
0.0
0.0
0.0
0.0
0.0
0.0
0.0
0.0
0.0
0.0
0.0
0.0
4.294337344132403
4.294337344132403
0.3079917760053911
0.0
0.0
0.0
0.10447518674472402
1.9850290516101694
1.985029051610162
0.0
0.0
0.0
0.0
0.0
5.019232070306197
2.1244270912880716
0.0
0.0
0.0
0.0
0.008195791148882645
0.8034062478565713
0.3274808130857689
0.0
0.0
3.8860918260640993
3.886091826064109
0.0
0.8753799339204391
0.31658154615323436
0.07436477009933277
0.062262608931967
0.0
0.0
0.0
0.0
0.0
0.0
