0.0
1.1694990671159976e-05
1.6405662355501907e-05
1.3653684192164041e-05
1.110416677324672e-05
1.524350123034619e-05
1.551528883631426e-05
1.5754749453860152e-05
1.5701203854553434e-05
1.5238080813949525e-05
3.197339394457664e-05
1.583596410585312e-05
3.207202075451804e-05
9.660709870634252e-06
1.7398556874216155e-05
0.0
2.8629182754029103e-05
2.4535860775341658e-05
3.24167504927005e-05
3.1173799972910067e-05
41.34450755415001
3.02805200186278e-05
51.69551445461689
103.98783586166954
85.82137928810559
3.3366262770716975e-05
117.15055101751709
1.4022989882299148e-05
0.3459674702679029
0.6919155689692735
0.0
0.6919219427238303
0.3459672726034483
2.175745255305712e-05
95.12442038199505
2.2761063759625043e-05
1.562243866050623e-05
0.4036179694604552
206.5193742348491
1.570190626876558e-05
95.5307829516171
1.0418278596007762e-05
9.283604851325125e-06
1.6354424184403236e-05
2.0587349281778987e-05
0.0
1.0109256513139611e-05
1.2415911592347151e-05
1.2832515253753589e-05
1.2537442836154308e-05
1.3006653023402521e-05
1.0066121002040295e-05
2.706996805150689e-05
1.2868720735152247e-05
2.7215080380166495e-05
7.414935026180154e-06
1.0011947901082579e-05
1.0293982381760403e-05
1.6490161065871747e-05
1.193696655399413e-05
0.0
1.6234080025071003e-05
1.663953621318316e-05
1.6527277304810658e-05
1.676274090287303e-05
1.25019771222307e-05
3.273998901216322e-05
1.663572111903095e-05
3.290742818057299e-05
9.778036709535484e-06
1.1450388728052067e-05
1.1748487683183899e-05
9.442032339069353e-06
9.736809121727734e-06
9.940560265459968e-06
0.0
1.758084682993083e-05
1.7239452007923263e-05
1.7683462288470972e-05
9.930065659633178e-06
3.4681139943098256e-05
1.7373969593843458e-05
3.493653206446678e-05
9.889717069762744e-06
1.549729685318905e-05
1.719737136201591e-05
1.0893762784511572e-05
1.1571498281632624e-05
1.171425955900177e-05
1.782025825598071e-05
0.0
1.8029678474907332e-05
1.5253602306995302e-05
1.174061714648365e-05
1.2938909354091944e-05
9.231903572847193e-06
3.748640083528548e-05
1.0069756967458292e-05
1.4823875204264747e-05
1.726847357577076e-05
1.1839617236372017e-05
1.2713746428975088e-05
1.3336587673167051e-05
1.7527398109651375e-05
1.8160757514138733e-05
0.0
1.0916376330887136e-05
1.3343204593973718e-05
1.2881448758678613e-05
9.225635136462548e-06
3.721702013984355e-05
1.0038362719402097e-05
1.2413401431502097e-05
1.3100820938094149e-05
1.0382448786272748e-05
1.0995219536738112e-05
1.1163516194222383e-05
1.6930870057929507e-05
1.6989782544318336e-05
1.6839935537656505e-05
0.0
1.1149606012887017e-05
3.3911465528229756e-05
1.7386336473372967e-05
3.393393398895768e-05
9.790479612757439e-06
1.221687977806802e-05
1.2894707129109244e-05
1.5788640476503425e-05
1.774049647470858e-05
1.2437221168492532e-05
1.5909188017873206e-05
1.630432992956098e-05
1.6204544635733e-05
1.642560801476035e-05
0.0
3.159158651038041e-05
1.631773611248132e-05
3.1749369794571114e-05
9.67717021133116e-06
1.4608028143533104e-05
1.6389344733935678e-05
1.2972593912489118e-05
1.4101883480031848e-05
1.59216938782109e-05
1.6110955322780393e-05
1.6416124037457815e-05
9.202469151383182e-06
1.8350988297589527e-05
1.586216833605349e-05
0.0
1.8332108572937645e-05
3.4453584661239104e-05
9.901585734940641e-06
1.3535037017951626e-05
1.4843507692138011e-05
1.1389387556938436e-05
1.2199818996895861e-05
1.2799228683236004e-05
1.6643726005043535e-05
1.475599251012978e-05
9.903611446370891e-06
1.9835079459484378e-05
1.2787551057874975e-05
3.3499781695120524e-05
0.0
3.352129564573417e-05
9.747425256264535e-06
1.3136122869135875e-05
1.6090453943688926e-05
1.196222138487839e-05
1.2909325555598597e-05
1.4033419835802104e-05
1.5933514771061618e-05
1.6378361592624703e-05
1.8401082878995176e-05
1.688308366877947e-05
1.4018351416393283e-05
3.255829979316718e-05
1.854527678991199e-05
0.0
1.8978903805190713e-05
8.899694530534407e-06
1.0525870619439851e-05
8.797331216404088e-06
9.271720136567833e-06
1.0026928480990421e-05
1.0426647859606736e-05
1.0577821159009067e-05
1.1225783654119463e-05
1.0734980251540774e-05
1.0025290937553047e-05
1.5615879612590833e-05
1.1281092684018515e-05
4.666648631909953e-05
0.0
