1.0712313927348063
12.187863342323151
12.269264739157604
12.128892713150043
12.128892713150035
0.4905838572972141
0.0
25.899304774066756
44.069551580998365
44.043404897504864
46.64294793779829
45.06589320694456
26.585478043040588
0.0
40.72244216791858
96.22863124215469
100.00000000000004
99.99999999999999
98.7217670151489
54.889436748260245
2.1660411494531857
52.912061137613094
98.55233601435762
99.99999999999999
99.99999999999997
99.99999999999999
66.29235738534463
4.620511290281804
54.57136923220042
93.25359364571534
94.13505883621558
87.52215574574416
98.5980161681322
63.66415633447836
6.376911050947515
0.0
0.5551190977347334
0.6272398888954764
0.27755955828411044
2.3131474435176353
4.626294887035272
0.7710489840855563
0.0
0.0
0.0
0.0
0.0
0.0
0.0
0.0
12.18786334232315
12.269264739157602
12.128892713150044
12.128892713150043
23.991477590890124
0.0
44.069551580998365
44.04340489750486
46.64294793779828
45.06589320694456
63.9128550882925
3.8787681059284904
66.21668712709253
64.6335921340632
71.74985408873091
80.50567797630515
99.7866203788022
0.0
65.65226180184692
75.49226607822416
48.62185678674923
70.73709003480293
96.97469349383547
0.0
35.99912073409441
36.88058592459466
20.68703237120333
57.692526949669194
100.0
0.06530401995352278
3.2579559979956714
3.3300767891564167
2.98039645854505
5.015984343778578
44.177583836898066
0.0
0.0
0.0
0.0
0.0
0.0
0.0
0.0
0.0
0.0
0.0070567407475113815
0.0
0.0
2.4977117441625714
0.0065780187447326945
0.006578018744732694
0.012784591788866564
0.21083070166502088
0.24945658436096374
0.24945658436096374
3.0826630303840465
0.0540362005861813
0.0
0.0
0.10078217840872516
0.3023465281233654
0.3027742711817759
2.1775084569939827
0.026121876908447066
0.0
2.752306988072444
0.04570020014819714
0.3873502568484847
0.3873502568484846
0.07746991287867472
0.21575563899633146
4.392910617724181
4.032535082342717
0.9734783348920751
0.7477469797987533
0.6987036774363711
0.0
0.004626471532298825
0.0
4.075402866352311
4.075402866352312
1.0179469147522444
0.42414392959919456
0.16965734624168816
0.12887846120750102
3.8268766028032077
3.826876602803205
0.5549897494355165
0.22199589906387554
0.0
0.0
2.503923600369663
5.295283657670356
3.424103588822917
1.868474982917664
5.292959673282861
3.5959348862497205
0.0
19.463699498304265
50.32252667355832
32.352411385642824
22.731164176018346
51.59726044839274
33.32737713211921
0.0
52.29349212775565
78.06741583709392
66.54088616363974
65.04858170437068
61.173444979068194
54.88943674826024
2.1660411494531857
63.01107765346109
76.67185602941338
66.819092746188
86.8178871537691
71.75497531834134
66.29235738534462
4.620511290281804
58.84739702621667
61.80012102964014
59.303316294973776
92.01460568076467
64.1953616415313
63.66415633447836
6.376911050947516
1.3397768440759317
0.0
0.0
0.7185927227116177
0.16347364381037163
0.0
0.7710489840855563
0.0
0.0
0.0
0.0
0.0
0.0
0.0
0.0015886640831013921
0.011337898111417312
0.028614490336669813
0.010364885254780493
0.003452079639127544
0.8863573355632547
0.007171360472496495
0.02695877671824687
0.37214883273550226
4.7943099617730915
1.6402004785057507
1.3876177286874207
0.0816972877445262
0.0
0.0
0.04452026730245702
0.014787876372780194
0.42276862348113226
0.0
2.8724684444455226
0.0
11.608806337527483
2.3589120245353374
1.150978184088104
0.0
0.0
0.0
4.75168028361379
1.7240709139057486
0.5359022725459913
0.021494560921617115
0.48687994554098735
0.5061120070298739
0.36144427740379836
0.36144427740379836
0.7228885548075967
0.0
0.0
0.0
0.0
0.0
0.0
0.0
0.0
0.0
0.0
0.0
2.076023295172142
2.0760232951721393
0.0
0.0065780187447326945
0.15267230020119946
0.18472016415240933
0.03862588269594286
0.0
0.0
0.0
0.0540362005861813
1.9322584114703685
1.932258411470368
0.20156434971464024
3.021302497536085
3.021302497536085
0.0
0.026121876908447066
0.888151427517208
0.8988152476711829
0.18123780051800098
1.4174605720074733
1.4174605720074733
0.07746991287867472
0.21575563899633146
2.942780656655444
2.942780656655444
1.3349226122958735
5.472387348061318
0.38193161755133803
0.0
0.004626471532298825
0.15745390055404168
0.1574539005540416
0.0
0.848288411661017
0.25448618197719897
0.0
0.12887846120750102
0.5549897494355167
0.5549897494355165
0.5549897494355165
0.22199572022475828
0.0
0.0
