0.0
0.0004046644328284415
0.0016144901081368683
0.0017186297604565046
3.50425182952575e-09
1.1791927834883883e-05
6.300700696958771e-06
7.616718749255374e-06
6.688034292425734e-06
5.385266766003453e-06
5.7874047584435956e-08
5.698708350863033e-06
3.2828151731206214e-09
3.636131424551319e-06
4.707695109281527
0.0
6.145339151364192
4.914640329893564
4.237107527872348
0.4694050422839647
1.1792717675154223
2.925072157142039
1.179213489189865
1.7596737468789583
283.4358212555916
3.063456320528122
91.89867013174744
0.7262664307193153
0.0001511605585956736
1.157331848902723
0.0
1.0165273451563885
2.4500233944262155e-05
8.414921712911418
10.237705199116503
6.581917998363478
8.917953371207409
27.17078288910434
76.84908770536079
20.45549869110719
220.23610555694165
2.050297116283108
0.45703169576154057
1.496623836751088
0.00020969693972969363
0.0
3.9213112691479814
6.13801820907885e-05
0.18266990100535507
1.3155358964151396
1.5024850980009514
0.00014426083288347248
29.652508235470528
1.7895833291282047e-09
0.9335792293612359
1.3014721445533361e-07
0.00017333732991355052
0.001954707605184217
0.0002077178982936329
0.003737611418531949
0.0
0.00029303165465662217
0.0005581716675860716
5.646699552384676e-10
7.123976302848782e-05
5.772711504437801e-05
4.695792988902344
5.646699420341821e-10
3.6389390906216743e-09
4.03759292534347e-09
8.65313655540116e-05
0.9897625312382236
0.0018409892768306685
3.311652665286728
0.000555258219934524
0.0
0.0004977628113237206
0.00040664006041624855
0.00045819575970657423
0.00019451063719412616
7.141498891798101
0.00016290326531891202
1.656366098405861e-09
8.089787208114392e-05
8.897930899116436e-09
0.006276181529718327
1.5797853007231673e-08
1.039339797395857e-09
0.00010703217431565924
0.0006904295626836012
0.0
0.00041522118982391496
0.00010295157700478653
8.013981643139928e-05
5.114999995037905e-09
8.155019345701571e-05
1.467571888540781e-09
9.571956896504451e-05
1.5438700420147754e-05
0.0017952163946751529
2.3291059137286182e-08
0.000958526319364005
8.845298115660476e-05
0.00030667720156014714
0.0006047494527157062
0.0
5.861864359563044e-05
4.743875201696438e-05
1.0580761131996215
0.00012597003670548217
2.9450363744398995
0.00011305891286153077
0.0010509708046571734
0.0010639299127118715
3.696579837185026e-08
2.040326016930302
0.00010598713630783489
0.0003169337091713891
6.75792865729943e-05
2.4300755670753378e-09
0.0
8.041925174833095e-05
0.08183260270681439
0.00032205224340734536
37.42357974775139
0.9856841592814058
0.001999830945434414
4.87062681974163e-05
0.00020936399269000011
0.0004111463993914196
7.172501060481975e-05
0.0002938350361374061
6.709514446999916e-05
0.0009035446497881935
7.108665414411991e-05
0.0
1.1504033003189032e-08
4.097467868677124e-09
3.884418684535989e-09
4.487012080228101e-09
0.0027720717639453034
4.0434180114733046e-06
0.0014867535909780841
6.997456116892676e-05
5.714134873017159e-06
0.0001065146836215203
5.3871497290487035e-06
5.9391298102411335e-05
0.0005762686058225087
4.359641367098316e-06
0.0
0.0009106268256196105
0.18406473906669746
5.797610857706538e-05
0.320631694649194
0.11908969125556683
0.0010975785354581354
0.0005824594785345605
6.319283642933156e-05
0.08230917653197174
3.279853434516617e-05
9.718689103564269e-05
0.0006140758385944558
4.855086148600649e-05
8.070915821540348
0.0
2.5523648906416097
0.00011350254978475986
0.0028861740882724267
0.0015141163420041772
5.682174426597131e-09
2.0908336604925576e-09
2.831775809109357e-05
4.389066945665161e-05
9.393295883681878e-05
0.000518802422822134
4.201619020249642
2.2897253972217705e-05
9.066753562926793e-09
0.0004904040138850497
0.0
0.000442104042274178
0.0030397171225380886
0.0030656823176535256
9.46933609808599e-10
6.71323835921444e-10
5.0421522706166295e-06
8.120128302268199e-06
1.9868790192101063e-05
0.00025803354063436704
2.380975080232106e-05
4.0231634747291735e-06
2.5810943771726077e-08
0.00024183533226167106
0.001227631089880912
0.0
