0.0
0.0005730667718818783
0.0010622727289197535
0.03683111088207383
3.955090141670573e-09
7.712783382632238e-06
4.117481251336879e-06
4.8819276450994264e-06
4.3685295897978545e-06
0.03613243722711971
4.18563867389694e-09
3.7172842376120498e-06
6.855575597029474e-10
2.645533427987586e-06
1.5640427655076083
0.0
1.5640283934488761
5.2139503511195
1.7393170362552473
0.23493537897188238
0.38014274014515137
1.3791092398446063
0.3801649904905853
1.8556801233248994
329.5862897828313
0.7983056027511124
51.38348006818815
2.0439281894966417
9.827605635219386e-05
0.6398635245039582
0.0
0.6398631722171533
1.6093762892523144e-05
5.654266038019124
7.268715866331922
6.040481265900763
7.2686956238736204
17.8062468859881
60.744075684480585
8.214847637212792
275.855423142804
1.0013410886680567
0.6029651853074256
1.453798491632768
0.00013733988039382516
0.0
3.9325037654557184
4.026574329493517e-05
2.2856114465559806e-05
0.00036069748090108934
2.4153677922212233e-05
9.495332765751907e-05
23.87513163783254
3.429558282213399
4.2787370948730826e-10
1.1650777404731547e-08
0.00011357253131714495
0.0010944347315199878
0.0001357488061774081
0.001522797617867301
0.0
0.0001916037154889682
4.402094451115645e-05
6.85987272057214e-09
4.6638824601768246e-05
2.7849290636295914
3.149455882232507
9.73005534280199e-09
6.585709554224204e-09
6.102311601599519e-09
5.6675179858633705e-05
7.335905903247819e-05
0.0007279573393325257
0.514774764008135
0.00020540831792658257
0.0
0.00023419996781002845
0.03443105254594857
0.0002124445022160499
0.00012755999218069298
5.889425748652902
0.20777658560525034
9.676485381240577e-10
6.180654602163823e-05
5.405110650384468e-09
0.0019070344074393836
2.0513771907423906e-08
0.035472586302421436
6.974532362159753e-05
0.00044208162499748235
0.0
0.00023066387384249488
7.40684070489898e-05
5.229133990047111e-05
1.7563359360160627e-09
7.915000659484763e-09
1.949724912539087e-09
7.484301854037906e-05
9.683382622391874e-09
0.0012626599202401746
1.2979432180759028e-08
0.0006474744927342732
3.93909337467012e-05
0.00020249091650361377
0.000344182195409869
0.0
4.137202293868371e-05
3.0906198910868806e-05
0.7532235593653103
1.2008300636100843e-08
11.821088965728377
8.508244010787179e-05
0.00036695496516129405
0.0006427731911052418
0.9560280443048783
0.35604675405237246
6.922148728550078e-05
0.0002560142697596254
4.426052525603366e-05
2.747687267681384e-09
0.0
5.240352976661161e-05
0.3147012081940113
0.00013757241533902042
17.81216324891008
1.921274416487245e-05
0.16126379908380228
0.21868745007950374
0.0001371595494381744
0.0002698803641941655
0.22947518214400547
0.00019210864931643214
4.3942260765055274e-05
0.0005954975500451173
4.6548910182020656e-05
0.0
1.2973653136293265e-09
0.15300099876593498
1.0183436175286192e-08
1.7964301326178618e-08
0.0018412712144558097
2.6459682177057334e-06
0.0009785928831196763
4.5935322551319834e-05
3.7405736524039627e-06
7.197947579806586e-05
3.5283738560166425e-06
4.37430588674091e-08
0.00038350847093235026
2.8428628596150988e-06
0.0
0.0005984458000805992
0.738818048301507
4.3536128757248446e-05
0.0013027031897790819
0.0006451848612857153
0.0007224354780643902
0.000382090088764127
4.13012488355084e-05
0.0002651670287673338
2.1480019951438045e-05
5.5890141308450854e-08
0.0004008455698157476
3.1675359048677784e-05
1.0599717862960315e-09
0.0
11.80922005727963
8.543376361318663e-05
0.0013210248597501106
0.0010008135638014655
6.866738078133383e-09
7.195551399392437e-10
1.8461955284685152e-05
2.8786826988636356e-05
0.12733542267072914
0.00023217595164470398
0.9937219649699361
1.4939051235828196e-05
3.635423923051782e-10
0.00021315170190325507
0.0
0.0002788813743392586
0.05593055499594824
0.0019281961656783327
1.1400579768682441e-09
6.947228476824138e-10
3.2868059416660265e-06
5.330202824948128e-06
1.3060183767993571e-05
0.00022410508059477
1.5689530338544783e-05
2.6253447090705646e-06
4.1546826522164164e-10
7.626636907019486e-05
0.0006010527226426276
0.0
