0.0
0.0003638236975495598
0.0014515897410711323
0.001543622388146393
1.4247185838247797e-08
1.0592839613074226e-05
5.656143288437206e-06
6.845449522606953e-06
6.003762380068688e-06
4.833912173729479e-06
2.965669540083696e-09
5.119663986182203e-06
6.586839139536564e-10
3.253415989228457e-06
1.8264299736764724
0.0
1.8264060888797768
3.4692917427480636
0.9133360153656895
0.6524072515242452
1.0442806482490083
1.858108466464113
1.0439927774327937
2.4852170942058285
333.5700926642231
3.2692474085470146e-05
47.006012579182354
1.0841281095053437
0.00013595338651542602
0.6901122426777041
0.0
0.6901120574866404
0.43719183221356384
8.799704223713457
9.233490167835289
3.7439974390805744
5.906177839368809
20.458698429156975
54.36249140183747
19.830308515636066
264.08821453262766
1.8160216118583856
0.866527578786604
1.7303250163152921
0.0002587179649148389
0.0
5.506697322231911
5.5146803059949516e-05
3.137592604632945e-05
0.02983130887839748
4.32522243078783
0.00012961529037878972
10.663490691364022
1.383892510044375e-09
2.6983251522657867
1.798184165935071e-09
0.00015558022026923655
0.0025274614266373747
0.0001778283759865285
0.1883962511167392
0.0
0.00026278295208382766
6.0375182917576136e-05
5.37865843623445e-10
6.395460421270558e-05
5.1821300313768344e-05
4.047208933560943e-09
4.470859053468081e-10
3.235236432947204e-08
9.362118367986816e-09
7.764947293343435e-05
0.00026933607238614055
0.0016552391808996947
3.9372668181293395
0.0006368511693644087
0.0
0.0004467085603307464
0.00036595312005518137
0.00041053458306869174
0.00017469454511123271
5.138390650322204
0.00014618319788121785
1.8429323800654608e-09
7.23297854033132e-05
1.0148001567296159e-08
0.005359473207776128
1.6672841161579564e-08
9.996826489390913e-10
9.600548474689055e-05
0.0008108167871331435
0.0
0.000582995833280118
9.220526330799485e-05
7.190082644868283e-05
1.1813109639019756e-09
7.648783686398625e-05
1.5921892739206098e-09
8.549012089158187e-05
1.7435118198042783e-08
0.002618315419434073
1.2656136155195145e-08
0.0008612234859753281
5.430669535174697e-05
0.0004022985324046831
0.0007488584456114295
0.0
0.1086393147921253
4.255533745508232e-05
9.254142411496306e-10
0.00011807248544393252
11.027508754180406
0.00010114655883085028
0.0008976758477845868
0.00048430429859811587
1.246916927815161
1.718428719738894
9.510711539351989e-05
0.0002897440048581757
6.066257515007656e-05
1.884293476330016e-09
0.0
7.215611716936523e-05
6.130426022081538e-08
0.0001882116575668743
18.93575355322812
0.7164455451222709
0.001360624791384885
4.371408584672644e-05
0.00017940815314580573
0.00036926584678089705
6.438475068434545e-05
0.0002634762994927851
0.0017113398457745984
0.0008148344108034821
6.381557956631921e-05
0.0
1.2971079591026917
2.6354589365456406e-08
4.621993334497785e-10
9.456619713876494e-09
0.00247231716112129
3.626804919564081e-06
0.0013371732201475739
6.293667076582312e-05
5.1269670018602215e-06
9.561049689235426e-05
4.837641216847386e-06
5.314428275168092e-05
0.0005498546395774524
3.909610928765715e-06
0.0
0.0008174950396200586
0.6723099520730749
5.191556132546773e-05
0.09860979387946023
0.0008964124066102386
0.000986524272008768
0.0005239904188267392
5.670125664675899e-05
0.00031128743642947805
2.944108292969665e-05
8.687584954463086e-05
0.00048825727754563575
4.355353625285604e-05
4.933121936636776e-09
0.0
10.99394002910645
0.00010155582237226282
0.0026793967874425345
0.0013616574973862056
6.085400571266022e-09
5.16203741892117e-10
2.5397350362146096e-05
3.9370304478662434e-05
8.435481179118221e-05
0.0004672184002707685
1.4806661890960302
2.0532798104739024e-05
8.296420664986194e-10
0.0004594837208536038
0.0
0.00024349697454586347
0.0027290589702857054
0.0026493349767345202
1.014100239976287e-09
5.240021921594868e-10
4.522203131028666e-06
7.288686573179279e-06
1.7870343449887142e-05
0.00039321287943705843
2.1415263987317416e-05
3.6090216361142383e-06
9.377191469880622e-10
0.00022557466230427282
0.0011006126816254336
0.0
