0.0
8.40945428783258e-09
2.1182750324613202e-08
1.7460029613666959
6.0980506530689516e-09
2.9314942185071917
0.7213247021906792
0.0022873353385558463
0.7213403831551859
4.353359416392139e-09
24.84334951358456
5.23921766082268
10.341872686738705
2.01292980088148e-08
0.3959078331785533
0.0
0.6524051942338382
1.938014772983442
0.49282399914257535
3.8009026395929233
0.8492597082768075
0.5098970930402464
0.8491231257113603
8.723987754593673e-09
263.29647223794393
6.601532224079037
114.32496272987228
0.14360332698537304
6.075101760237703
6.774586442000138
0.0
6.774586446412717
7.03217175210408
0.30061864949204076
0.9701928178803733
0.0984613852908022
0.7198476769178501
70.52960545119103
96.34391736661483
4.662100907348079
102.77463999562075
1.700192391670183
0.19206640464093455
0.0025350211018536225
3.466322816195297e-08
0.0
4.549448567274172
0.9421100804095118
0.9180949951957865
4.783420389489376
1.3938637743368762
2.2224592826765395e-08
3.5921402697072637
4.002967902356129
76.00728217002825
2.6356714276833912
2.2753446539964964e-08
0.0008813554162245483
4.957478129754078e-08
0.050819672966840666
0.0
5.3918471018328914e-08
5.383445539311301e-08
0.3952291540871325
5.30610101658477e-08
0.16863547473818896
1.3008186051019845e-08
1.0976561461700539e-08
1.1890246282180991e-08
9.883537895415402e-09
7.200785635378064e-09
4.677984486891363
0.0026976410905896085
3.7746429430368313
5.942642673356029e-08
0.0
3.4613668013384465e-08
3.9859935871182733e-08
3.427971565712468e-08
8.259185138915272e-09
1.1236566699081822
3.872534197751455e-08
25.972511682535053
2.674293503531813e-08
8.336086101419308e-09
0.7008504602583501
0.3982840822172772
0.536583877437827
9.870514287853956e-09
0.00044556464137508105
0.0
2.838604665585441e-07
2.153270982444699e-08
6.006693002187428e-09
3.6455098405769806
8.015985470267553e-09
1.4748459281850594
3.4258958080770166e-08
8.241667974118293e-09
0.050666918607231146
1.0628181026755957e-08
1.142485329267535e-07
9.399919576135713e-09
8.161714590527456e-07
7.180051339040535e-07
0.0
0.10315961589937922
4.641986602911907e-09
8.881491156739314e-09
9.665116773523312e-09
12.42613926253875
7.264653052449828e-08
6.290377147990572e-09
0.12099052177012146
0.07448687085057185
0.3985786901276085
0.3277180108017319
7.850963525569518e-08
4.706918807830679e-08
5.325675122946995e-08
0.0
5.676916814780699e-09
2.4533608335482837
1.7675881595735177e-08
25.862309454036655
4.1439225773213014e-08
1.183563462391181e-08
0.4463964825707834
3.591444112772407e-08
1.0660718510753844e-06
0.9154618728918114
4.8377028706282825e-08
4.828875930840429e-08
0.6128313080605698
4.80539285457527e-08
0.0
1.075504465617006e-08
9.243253091456174e-09
8.797985231562357
1.3489091631569186e-08
1.113193425868041e-08
0.0021310983443922596
5.190309117456858e-06
0.014312247507458395
1.1394179172805385e-08
1.945621788071905e-08
1.9387655449870323e-08
3.050153859122652e-08
0.00038641362800108056
1.3512586886312203e-09
0.0
0.0005541616244075299
0.753787133609495
5.8190894508841736e-08
8.328248647352217e-09
0.05150712278704918
0.04556680841920279
1.0235979487145311e-07
8.194630511957959e-09
6.076040251658137e-08
4.1445182956289666e-08
2.8649209748745545e-08
0.00023882192749937126
0.06546198060870981
1.3578386525776301e-08
0.0
12.662864172654844
6.89107577360219e-08
2.9199698032469486e-08
0.0004560698544417868
0.15212230561493978
8.116201533881218e-08
1.0268828179100474e-08
1.0165694234109594e-07
0.49044496696667844
0.00021995987983656204
2.2104934750998217
4.614531139761741e-09
1.6182079455993382e-08
0.00021979971297648697
0.0
0.000564164078233629
5.196674796891292e-07
0.004524635702165049
0.0022180458785017077
6.472792232050596e-09
6.2280186574016185e-09
9.140201013719815e-09
3.0059754371792746e-05
3.7009453011708066e-05
0.1018936886150757
4.148932941196129e-09
1.1060130571359424e-08
3.673061899768659e-05
0.0012943574324766542
0.0
