0.0
0.00027236277597019734
0.0010869494852565453
1.463878341457208e-07
5.7886413252944994e-09
7.890122699935606e-06
4.214358211825289e-06
4.9966626442910595e-06
4.471045197611908e-06
0.13974896216688104
12.153878734769375
3.8049027454535238e-06
6.785963384944043e-10
2.7101105189263008e-06
2.4674528802026208
0.0
2.4674374732332565
5.547109687636136
2.3911902876201583
0.09568102996540394
0.43645861439090283
1.3745809383367125
0.4364672755967294
4.425984668843304
330.20071673912145
10.92866500565081
37.5069495125685
1.7671301382519997
0.00010060556943554249
1.3860157374342235
0.0
1.3860157906482022
1.6471314681764874e-05
9.793982633710526
10.245577341918173
7.503715388158257
10.199905336192797
16.78025983863416
38.7883324444798
13.476812361908365
269.6296403359259
0.3547715413129536
0.8970960485607884
1.7919940496702607
0.00014110074753638865
0.0
4.591320662427982
4.121619755107903e-05
2.3403553666685815e-05
0.00036884704395989275
0.04569013035844234
0.00010130805956645293
15.613911856005476
1.7804390544542235
3.7178752412441635e-10
0.028778362514747892
0.00011658706524112514
0.0016182117773508428
0.00013963437057756914
0.12548131257494166
0.0
0.00019658729432502062
4.506858598385167e-05
5.6164156519041315e-09
4.7742942569537e-05
3.9615178645025265e-05
2.3429778789948976
4.553884866286752e-09
4.643964680927762e-09
4.242243970361354e-09
5.817529926087758e-05
0.2417218610110453
0.0007443616867094611
0.8876566537714419
0.00015218898829506104
0.0
0.00013244780508099184
0.04857165295826363
0.00014932034669562462
0.00010355193547751927
7.620271597507776
0.5623599940270436
5.115522481746919e-10
0.23034096769663562
4.164195519591305e-09
0.0012673827713362451
9.393358429015698e-09
0.06505551915272967
7.50619856606866e-05
0.0003642344991942269
0.0
0.00023449583839685862
8.162451140359143e-05
5.380825510591093e-05
3.058187059110485e-09
3.4541332910319437e-09
0.37538571227904155
0.13523953591579563
9.56785811081752e-09
0.002284556800107718
5.162748338143842e-09
0.0006602168254709
4.186533899369247e-05
0.0003493178270850692
0.0005614715442944615
0.0
4.478668476446994e-05
3.16915519616915e-05
6.294399108456687e-10
4.8381138705211664e-09
9.452960128976148
8.720347179277105e-05
0.0003753402261114017
0.0006436824249977889
0.8366700006507077
0.943165959592581
7.20340420876766e-05
0.0002814455943325984
4.529845301596404e-05
1.246583787609376e-09
0.0
5.393957288278311e-05
0.9446226542094796
0.00014089549317599775
28.208824815052203
1.9696079009231248e-05
0.0010164492122357622
0.08936210860804103
0.00014078660363930911
0.00027646854731868287
0.17859173316434918
0.00019712433357575439
4.4978195186015654e-05
0.0006089229497697566
4.7641501046568615e-05
0.0
1.3213523703785352e-09
4.873088937866401e-09
1.8826241589536105e-09
4.987369022780124e-09
0.0018834733569433513
2.7106530694424884e-06
0.0010011652417157917
4.698764853983622e-05
3.829297135632692e-06
7.378737446161026e-05
3.612522892978998e-06
3.6454619219800847e-08
0.0003920253195508997
2.920560700502813e-06
0.0
0.0006127635356489645
0.5908099980855559
4.462290409618196e-05
0.0013318630736063996
0.0006749486374658627
0.0007387892034402825
0.00039078169508010424
4.3084378870753736e-05
0.0002440726814303893
2.1994065115167937e-05
4.587076824401847e-08
0.0004117485797590765
3.2548457091217226e-05
4.336049858606961
0.0
8.822762786247488
8.75671183027205e-05
0.0014320852301184933
0.0010236923159688911
2.515168333131111e-09
2.6092524967672984e-10
1.9557157986083155e-05
2.9431311622015376e-05
0.742778537070933
0.00023768652269996976
2.3410217406461116
1.5340133926034852e-05
4.0733526810041176e-10
0.0002182010587284879
0.0
0.00017005531791675288
0.0010704127080530927
0.0030587063908090943
4.1915966523377663e-10
2.7567353398785815e-10
3.4885867082670708e-06
5.444097298726542e-06
1.3353739648662063e-05
0.0002295593886238542
1.600374605287541e-05
2.69538305692753e-06
4.4696813730058494e-10
7.810858155113957e-05
0.0008261538979854666
0.0
