0.0
0.000374230868888761
0.0014930729159401785
0.0015876746485312052
1.508173880690978e-08
1.0895897954775674e-05
5.817782299535736e-06
7.041092322207552e-06
6.175331378436185e-06
4.971979599017551e-06
3.1338848654770727e-09
5.266158780286535e-06
6.971599462989626e-10
3.3463396173797063e-06
1.8262982731406299
0.0
1.8262737209980173
3.4597367009939757
0.9132736301473628
0.6524284547579322
1.044027112584076
1.8576525751539108
1.0437314558387136
2.4725317457859797
333.5819610714116
3.3626109770846e-05
47.000800507258845
1.0838358212351304
0.00013983858304040446
0.6893405966717313
0.0
0.6893404045354793
0.4353190494011684
8.794015749491768
9.220739347255334
3.725054169599577
5.907703141381641
20.45831131245793
54.372278205060766
19.82860471656124
264.13094585101277
1.816070070058866
0.8655475124682526
1.728286823868788
0.0002660965142686439
0.0
5.500244083395245
5.672360208728543e-05
3.22721620770558e-05
0.028564970617345094
4.32011009938555
0.00013331887585623262
10.681005347323062
1.4651120053988792e-09
2.7067152970408643
1.903399073607469e-09
0.00016002096460192316
0.002599656817253166
0.00018290729316459728
0.18842425058610246
0.0
0.0002702909907555519
6.21003298216475e-05
5.691498081512367e-10
6.578152464702449e-05
5.330137843674508e-05
4.279853242675429e-09
4.7301198597121e-10
3.364270514117341e-08
9.97458305623451e-09
7.986532663329208e-05
0.0002770172373918454
0.0017025981979010528
3.936714387892003
0.0006547791961055531
0.0
0.00045945713157176057
0.00037642860807116926
0.00042222246924781534
0.0001796860819728006
5.164338164769336
0.00015035787375469972
1.9573641006794528e-09
7.439504225191308e-05
1.0744465959735481e-08
0.005512684128888135
1.765830643453089e-08
1.0621727821078736e-09
9.87478330655076e-05
0.000833991984433852
0.0
0.0005996408898482024
9.48332356709786e-05
7.395470499405851e-05
1.2538844107288001e-09
7.867182251599064e-05
1.6845248156722205e-09
8.79317709630063e-05
1.789720546806565e-08
0.0026931682600045016
1.340645814677127e-08
0.0008858482445290637
5.585781049013145e-05
0.0004137796854567473
0.00077025889970278
0.0
0.10796514462403992
4.377090104296895e-05
9.886443739985862e-10
0.00012144443556070095
11.053270432448901
0.00010403591914630891
0.0009233377365613711
0.0004981504930550531
1.2453448968901313
1.7165957964468506
9.782369443243978e-05
0.000298020736865941
6.239595504253873e-05
2.0081338515750133e-09
0.0
7.421728710691128e-05
6.493870148161278e-08
0.00019359406340318367
18.926144670804284
0.7157597394573499
0.001399528222638137
4.496229678366685e-05
0.00018452673761537315
0.00037981661374544406
6.622384264452607e-05
0.0002710043437389607
0.0017603253390686383
0.0008381352791105495
6.563857291274681e-05
0.0
1.296087952138822
2.205441966560341e-08
4.88988787742619e-10
1.0079547984844279e-08
0.0025430053883525863
3.7304376712060313e-06
0.001375406096074013
6.473604178799526e-05
5.273486308183035e-06
9.834093142121065e-05
4.976005246344744e-06
5.4662765704920164e-05
0.0005655341238787502
4.0213756581132675e-06
0.0
0.0008408595417511776
0.6725704765700498
5.339883195519235e-05
0.09847805154834004
0.0009220674326255915
0.0010147118303877759
0.0005389717657705017
5.832121536444504e-05
0.00032012720758384743
3.0282121287810713e-05
8.935804187346437e-05
0.0005022164384984506
4.479788413798521e-05
5.25219241535275e-09
0.0
11.019178918548846
0.0001044569741210565
0.0027559944179983407
0.0014005846386000583
6.446181488065402e-09
5.472006978069414e-10
2.6123098234933623e-05
4.049479033566282e-05
8.676489437086293e-05
0.0004805662703596856
1.4793165951581289
2.1119334444853148e-05
8.836785151975158e-10
0.0004726040364883707
0.0
0.0002504553342495803
0.002807073965198281
0.0027250958996471427
1.0741950725726781e-09
5.554754893415185e-10
4.6515055126276725e-06
7.496997739784221e-06
1.838123456501693e-05
0.0004044148401563556
2.2027561303678637e-05
3.712143666187843e-06
9.990414786005284e-10
0.00023201540653356302
0.0011320652849821282
0.0
