0.0
0.0003489792428151867
0.10296975524054924
0.14465822281084362
1.5049714871057717e-08
1.0176007508150376e-05
5.437823817755399e-06
6.579679587480715e-06
5.772151831697088e-06
1.010280931330847
0.6763576765678991
4.926613014173646e-06
6.303389585388199e-09
3.1266586813958062e-06
1.2036626180332815
0.0
0.7126195657130073
3.026707477327583
0.6019470339948161
7.001941740977648e-05
0.3428218367953119
1.8244642125510395
0.3427831569178582
3.5365162386121174
280.13791384012904
8.128593946432614
102.75653741072513
0.9632823034364978
0.00013055375118369616
1.0048853421284887
0.0
1.0048850822592756
0.3772573515136219
9.893225578850805
8.969533072838678
3.5386217805494233
8.969574440680715
14.863720585459525
113.965110581861
10.302236540764484
210.9722870199227
1.4544789528136821
0.2829242966870642
0.785194661363801
0.00018131226992674284
0.0
2.721154582667504
5.294528385034399e-05
3.014206919197953e-05
0.0004720111082731943
3.1851256853982186e-05
0.00012441946693214146
18.426562427043226
1.8265363394707103e-09
1.5142896331347752e-09
1.5899633724319014e-09
0.0001496901616903836
0.002081288156280448
0.00018005670508317175
0.10225187263463253
0.0
0.0002530559289966815
5.9911060282959617e-05
3.6548968315663704e-10
6.144932835240694e-05
4.979209580766774e-05
2.033662875529718e-09
3.157006848499324e-10
2.0443290183003687e-09
1.5373100837863488e-09
7.467023023622561e-05
0.5655590976706067
0.056529500249444205
1.3511906691330549
0.000597828739113133
0.0
0.00042939634439108246
0.0003506306108609122
0.0003951824208554547
0.00016775795447951584
2.819299891534562
0.0001405564356938901
1.1883324550128625e-09
6.943579848950061e-05
1.404576513083398e-08
0.0046777906652212126
1.0641926331380773e-07
0.01767253852239582
9.255289605371092e-05
0.0007286551682241406
0.0
0.000520515100084358
8.889513416708374e-05
6.911970462233564e-05
2.3678117226519064e-09
7.344314457707043e-05
1.2893136802420817e-09
8.211333324993026e-05
1.7349549989342693e-08
0.0025060292425756418
1.0964846512690305e-08
0.0008257139655104514
5.234840039214334e-05
0.0003947096923223656
0.0007187574486310676
0.0
0.062371495633535286
4.092246138560108e-05
7.935006566793909e-10
0.00011336070987094362
10.722630273456517
9.70932895140324e-05
0.0008609190855139462
0.0004645201074586783
0.623726551304448
1.4711061128588452
9.1507615034443e-05
0.00027866340927128045
5.829350471299899e-05
1.4987303396686564e-09
0.0
6.936743222292858e-05
5.163417276433703e-08
0.00018077570520234312
19.62158156712212
0.7618858248155416
0.26038109388949493
0.2951851754974872
0.00018062764526071158
0.00035471128064637415
6.199233275504083e-05
0.00025377945678604333
5.787267877582652e-05
0.0007793746063536741
6.131671748048771e-05
0.0
2.785548232266032e-09
2.229889326142251e-09
1.7044543704961337e-09
1.6014789016452281e-09
0.002370182908180364
3.486823998121151e-06
0.00128222724411867
6.036476613712807e-05
4.928858522076074e-06
9.184009060414654e-05
4.645227842387852e-06
5.189555041120892e-05
0.0005295284915492326
3.7620624388596472e-06
0.0
0.0007847229128661066
0.6567096978073124
4.9828788202122e-05
0.0012908778585977285
0.0008564652574463366
0.0009466806334294958
0.0005024818735507481
5.4579038858581575e-05
0.00030458959755752177
2.8292450310163974e-05
8.518101957024756e-05
0.0004682743450802943
4.189239760047017e-05
5.242592300152512e-09
0.0
10.739906797458035
9.748159371217748e-05
0.0025646556802467655
0.0013059125852439837
5.3430086390609075e-09
6.735768710844991e-10
2.4482627745610932e-05
3.785874281198105e-05
8.101980085983056e-05
0.00045605618170471604
1.643491375421957
1.9750828605207247e-05
6.565813316277704e-10
0.0004417703206184517
0.0
0.00023393959689553873
0.0026155754327182694
0.002540218433130034
8.877250885675379e-10
8.34001778014589e-10
4.360204047152181e-06
7.004736037090041e-06
1.7137795928000312e-05
0.0003825563106030145
2.0536657594916936e-05
3.4729600627961413e-06
7.407248485493531e-10
0.00021637676672351918
0.0010565020246731552
0.0
