0.0
1.993962086367042e-07
1.2130951813921108e-08
1.472733711380793e-08
1.9088575778415126e-08
1.3650009674357664e-08
1.2978505957794757e-08
1.3685827997806033e-08
1.386133775536085e-08
4.729860440682936e-09
2.6884971370828206
1.5684865744868728e-08
1.3876283809076376e-08
1.2835809303812734e-08
6.819596637104244
0.0
2.3718623793512585
8.814262877969357
2.43692453498013
5.041126294739382e-07
5.921235287742446
21.42848356383951
0.8408114200467058
3.255488223026829
159.60430634565986
0.2639072084073343
174.34410900394886
11.582337206493929
2.0033427447171853e-08
2.880222720282958
0.0
2.2016248998379715
0.03272028527770645
9.1082432377898
6.190215491403192
16.046896012909315
6.135789833608157
45.33731657676799
11.495430015508099
41.78991985911304
215.7981023598574
5.794684489588866
2.4241240504316682e-08
0.8141935675455024
1.3226225112484004e-08
0.0
4.17246467501413
4.952988570071379e-07
0.8094859582154759
6.532646015034874
0.8092555886174908
3.368451563740464e-09
67.3660792635414
0.2608113449110227
7.540625510817369
5.894399829710265e-08
1.9849308119433386e-08
0.0004370773032819113
1.9478724397347096e-08
0.33118904982307085
0.0
0.00020823494871150317
4.3618842523636274e-07
0.054663181475009474
6.348576670084955e-07
9.71923658851506e-09
0.05645756421046859
2.589524659068249e-07
1.7716915760356473
0.5498387107342142
1.235507693702152e-08
2.638904101812787
2.2512300941906143e-08
0.09836107810715196
0.0002458752386135358
0.0
3.866378676032543e-07
0.04430625908875657
9.114282264007097e-07
2.756948536480131e-09
16.000676143078362
6.377036226792806e-07
0.037664643103092824
7.554944271996187e-08
1.4451427772272713e-08
6.290390069630137e-08
1.2153479712946047e-08
5.00469673663636e-08
5.39039217623592e-08
0.00034762419371702223
0.0
0.0005876245898666368
0.027944968570394284
2.9375411410419286e-09
1.1707745413461262e-08
1.1407252861701988e-08
35.44060871184479
1.2344184712014546e-07
2.0322382155990584e-08
0.0006254169689403675
5.602728542998896e-08
6.036381866689858e-07
1.2279623941968559e-07
8.530121790959952e-05
0.00065416763956751
0.0
0.07915947364195935
4.774255121695745e-08
1.4592987135803088e-08
1.3785007267915538e-08
1.5815822787628522
1.449697382645076e-07
0.2964656577031478
0.1004624450964709
1.966226441857986
0.5423725585191377
0.006698702491054633
0.0003136828828104595
0.006698273547319955
2.679300963337428e-08
0.0
2.8114362873767367e-09
23.165733610694037
9.438683999610059e-05
3.1206276243262956e-08
1.0291849575700215e-07
4.625840211603432e-08
2.174758671096545
2.0982041037396318e-08
2.634425245673309e-08
3.971064195803724
6.565463648858547e-07
2.6851324422969546e-07
0.07586761702401437
6.261452316106623e-07
0.0
6.749522275491333
2.642941340551831e-07
0.053937859100120056
8.84796535291451e-08
0.0019430704480640432
4.108249702422658e-08
0.023031345235650032
0.00046259470817199103
4.0593478901588935e-08
1.3165474087745539e-07
4.6536464145144194e-08
9.314625895288552e-06
0.0005849053037913184
1.5719921287291198e-07
0.0
0.0009160682525676965
0.09278164594526617
9.304608892498561e-08
1.9474983947300517e-08
2.3362206700489916e-07
0.2463279503240333
6.772245579707973e-07
2.53718368312177e-07
0.3960405024822786
0.09561463272242512
0.010926131407295897
0.00010117306524348339
4.1710266287584924e-08
87.09489662612981
0.0
0.7446818302930959
1.362704068590268e-07
1.332268739649712e-08
8.330428312147671e-07
1.454586612095922e-08
0.00046140297316223447
7.775704442745965e-08
6.145281376879754e-05
4.584567302111464
0.00023621446245818703
3.0585973690116086
4.948352029459114e-09
0.0005595261073257848
0.00023888130832224572
0.0
0.0002120581481717421
1.2342126051087687e-08
5.3263779230108785e-05
1.0319309645122629e-08
0.00040907721988269976
3.847061863760104e-08
4.5917270331219555e-06
0.3807027176877714
6.1612918278531925e-06
0.19115814799894051
5.963542670140038e-09
0.000482450535997943
9.321951479242938e-06
0.000256222595529865
0.0
