0.0
11.466368415754134
11.466368415754136
11.46643025006834
11.466430250068345
23.999546152790494
0.0
46.240011332152356
41.96349461600826
45.85549999344819
45.94729553176235
63.66843160192332
0.0
99.99999999999984
99.99999999999997
99.99999999999996
99.99164558146627
100.0
0.0
81.11355358147375
79.9535863269983
83.97767236632005
100.00000000000001
99.99999999999999
0.6154678692913667
63.62798059130224
63.82715151096876
60.97588106780164
71.92391204741773
100.00000000000003
0.0
0.28083846601988766
0.32401221159829113
0.2822809013212001
3.0985375977263527
24.791047372421577
0.0
0.0
0.0
0.0
0.0
0.0
0.0
0.0
0.0
0.0
0.0
0.0
0.0
0.0
0.0
0.7260801528592351
0.0
0.0
0.5135199114549067
0.0
0.0
0.0
0.671473337199277
0.671473337199277
0.5135199259734083
0.7144341788358584
0.0
0.2628519116525261
5.106714411612676
1.8926890509939065
0.6308963034390147
0.0
0.03014520362590749
0.33105078102038826
0.03014520362590749
0.03014520362590749
0.03014520362590749
0.0
0.0
0.02242878557597859
0.04625728482383812
0.0
0.0
0.0
0.0
0.0
0.0
0.0
0.0
0.0
0.2666523511518193
12.799675502402643
12.799675502402648
12.79975794815492
12.799757948154927
0.2666420454327843
0.0
24.055755206000573
41.96349461600827
46.240011332152264
41.61093788665331
41.6912589826782
23.970122912517283
0.09179553831418284
48.19210793911234
64.70153194690701
65.1798317582817
66.40524873462117
74.42784293632556
33.61325791140163
0.3465675566129817
46.220917251318575
77.9970484072291
78.64349574956915
70.78091936835719
70.41965842499499
40.42412764640968
0.0
51.60747032037846
63.289225500868106
63.516849409058345
67.24770525460372
55.48793655716486
58.923064628382505
1.2986646343715498
4.377364246681086
4.3995836870385
4.402667526008386
4.399686718131453
4.600847910731823
3.0636754735537988
0.5446534061341115
0.0
0.0
0.0
0.0
0.0
0.0
0.0
0.0
0.0
0.0
0.0
0.0
0.0
0.0
0.0
0.0
0.0
0.8298058889819829
0.4782998113747852
0.0
4.7164938177762465
0.0
0.0
0.0
0.0
0.5524931418746274
0.5524931418746268
1.2043557716014275
0.0
1.5990019982225898
14.435990424469583
0.3004021847457442
0.5632540963982702
0.5632540963982702
0.5632540963982702
0.0
0.4743168486288947
0.0
0.0
0.05480509667920896
0.05480509667920898
0.0
0.0
0.280898942760668
4.351840549004886
4.070941606244214
0.8806916128613422
0.3218931673268367
0.08498825452590351
0.06933774506812222
2.2101423152785338
2.210142315278538
0.0
0.0
0.0
0.0
3.73313291612547
3.73313291612547
3.73313291612547
3.7329886360589803
3.73298863605898
3.73298863605898
0.0
36.083632809000875
36.083632809000875
36.083632809000875
35.697009417267246
35.69700941726726
35.69700941726726
0.08032109602490999
50.0293487077176
63.770536393379594
52.23021300698648
44.42925551201418
40.98020202041731
52.411149624545814
0.303246612036359
69.60268039883034
73.90471747215726
70.7162354505403
64.95749123477835
60.582313616074906
60.636191436328986
0.0
58.79101326042254
58.689075640498864
58.689075640498864
56.87000304507112
56.05137628095534
51.55768154983468
1.136331555075106
1.1894696072340991
0.0
0.046257284823838035
0.02242878557597862
0.02242878557597862
0.0
0.4765717303673475
0.0
0.0
0.0
0.0
0.0
0.0
0.0
0.0
0.0
0.0
0.0
0.0
0.0
0.6526632189876851
0.0
0.0
0.0
0.0
3.9061534261426933
3.9061534261426933
0.0
0.0
0.0
0.0
0.1201417197585611
0.6979178905192266
0.697917890519226
0.20840630114258757
0.0
0.0
0.0
0.0
5.743985044289407
1.7842044108511486
0.0
0.0
0.0
0.0
0.0049697014976522805
1.2403927704435453
0.4267948278563364
0.0
0.0
3.95596040516659
3.9559604051665715
0.0
0.8753799274864985
0.3165814938670784
0.07436472271016557
0.06067052693460696
0.0
0.0
0.0
0.0
0.0
0.0
