0.0
0.00038060656229632465
0.001517851376641916
0.4169573372807284
4.14028053970836e-09
1.1033002356852963e-05
5.884333839470289e-06
6.9628541573861025e-06
6.241250242738222e-06
0.6206442760380273
4.459708297206736e-09
5.3253371425490424e-06
1.4153982614858778e-09
3.593269248305234e-06
1.8138567085329866
0.0
0.9069493562450057
4.791275327553096
2.3422994453398593
1.2207811430948103
1.294781521504005
2.2463063051960437
7.653468099409304
4.494552919341454
309.1119667014106
1.6895535192232816
45.93659889912096
4.250877243752844
0.00014006035257688892
0.7272925950022012
0.0
0.7272917386947413
2.3001909474512955e-05
9.480395269515224
6.529318055372242
6.462550307994004
2.533109371954232
17.33284899772118
66.41813389087662
11.211893494379737
268.0369211929784
3.6561536978937814e-06
0.24147133134668847
1.3899049987008736
0.00019556775740447375
0.0
3.2217204099230536
5.7680933023626055e-05
3.268942848423079e-05
0.0005153942394310959
3.453378790666003e-05
0.00014166649564499264
20.988139574710814
3.212770355886503e-09
1.1748977271699498e-09
2.0719170204154593e-09
0.00016218098676490074
0.0016910149391802954
0.0001939154139558315
0.0021732533442399876
0.0
0.0002754643956755471
6.297790677638449e-05
1.579985101294191e-09
6.671475201059636e-05
0.0005169530934909304
13.157385391659487
1.6030510038997164e-09
1.6665590190363698e-09
1.065796080840062e-09
8.097351464021605e-05
3.2233130089143724
1.2252881597527094
3.589002483035612
0.00021297522279932197
0.0
0.00018540510751821463
7.605903849074159e-08
0.00020899166153445997
0.00014490195952745458
11.95352160151398
0.21965512722797323
1.9720090130416424e-09
0.06479898007462488
1.4909675169059317e-08
0.003170752657063512
0.45019012359327626
0.0009759137812741954
0.00010466087273233988
0.0006651850534517515
0.0
0.00045138986052437524
0.00011424700292784675
7.532200013589316e-05
1.583466528665007e-09
1.6258021885666837e-08
4.312520518675523e-09
0.00010004995657021275
1.321745437831127e-08
0.003323442314715753
3.639145891316239e-08
0.0009236312893341496
5.8424161950268756e-05
0.0002901774987496117
0.0007878478981752415
0.0
6.269792753327231e-05
4.436270648418998e-05
1.0268980553815004e-09
2.495524338129071e-08
10.908318630826372
0.00011382613618932295
0.10651181602612847
0.0010358357603614781
5.139268024113463e-08
0.3892105208352944
0.00010057170084714018
0.0002989991537801561
6.336248536736932e-05
1.4759952805493814e-09
0.0
7.549473599434791e-05
0.20873715692939349
0.00019697995925201168
19.9630735251653
0.48087036831702956
0.0018806872340211718
4.56059613588594e-05
0.00019578115364852464
0.00038659053725318294
6.714420229878807e-05
0.0002762120863560999
6.285171845469302e-05
0.0008503759449646675
6.657321658321716e-05
0.0
1.3626841368157839e-09
1.3968913543439948e-09
1.5461622297878947e-09
1.1927227460968162e-09
0.002601369244080362
3.784455277598299e-06
0.0013977546729411483
6.573851721905528e-05
5.351247374987398e-06
9.949583504022648e-05
5.0486677974391735e-06
6.380917503705286e-05
0.0005398438843458556
4.088337490625659e-06
0.0
0.0008559049292617695
0.6817699050168577
5.73534260397496e-05
0.001808690267808895
0.1879326429334083
0.0010318127057569663
0.0005468082572629208
6.01045254460708e-05
0.00025280393722210267
3.074462131056999e-05
0.00010858557777201515
0.0005813412964123298
4.5525565760450914e-05
6.308193495992991e-10
0.0
10.719377767482262
0.00011411120095274981
0.0018646349000076444
0.0014264800650032597
1.8135505171076914e-08
1.5291793479306279e-09
2.73005775339465e-05
4.119673199391107e-05
0.7883753284978807
0.0005188196093875894
1.4362506184366675
2.1471336518375948e-05
8.155876377955516e-10
0.0003048477686856539
0.0
0.00024618350150254736
0.4088535977201553
0.002753182183497743
2.9771327367755187e-09
1.146216937808761e-09
4.868181687448646e-06
7.617877609528212e-06
1.86510017309483e-05
0.0003210913291176477
2.2342961879899926e-05
3.7733219138962148e-06
9.156456255234666e-10
0.00010924763762466892
0.0008598818103042585
0.0
