1.0712405794503956
12.187901299005977
12.269504397898675
12.13251851214013
12.132518512140134
0.4468379778899843
0.0
25.899273491286284
44.06926471497074
44.21245486376132
46.05561855079605
44.83212247924714
26.554091659022397
0.0
42.18945596453889
93.9648957672666
99.22663423303482
99.99999999999996
99.99999999999999
50.41860003407297
1.1967846033123035
48.78636371767966
98.84229930058893
100.00000000000001
100.00000000000001
98.54582103318064
70.5744206864621
4.337167308743726
55.67336286561536
91.79933295326968
92.27748425785924
100.00000000000003
99.99999999999999
74.67251888175856
4.148092194959972
0.0
1.6220933106831439
1.6220933106831439
1.1705026937067537
3.2363911171344615
4.622696794347414
0.7704494487622816
0.0
0.0
0.0
0.0
0.0
0.0
0.0
0.0
12.187901299005977
12.269504397898677
12.132518512140132
12.132518512140138
23.9912007080113
0.0
44.06926471497076
44.21245486376132
46.05561855079604
44.83212247924713
63.9012490413175
0.0
64.79440860515781
57.63191676872331
69.69131169488178
76.52777094916523
97.53920552171125
2.1342645289046076
63.545871243475595
64.94672859279797
52.3775643632204
100.0
96.76800474160213
0.0
35.349239021293975
35.827390325883464
7.925294082470028
54.527028876111864
89.7389296675684
0.22570165983229717
2.417467720950408
2.41746772095041
1.9658771039740197
4.031765527401728
71.65164232432967
0.0
0.0
0.0
0.0
0.0
0.0
0.0
0.0004167887174682999
0.00020839435873414995
0.0006627585354402655
0.00869967205231948
0.0
0.0
3.4213560252614608
0.0041336727373979905
0.0
0.10881792283091574
0.752400690071478
2.5656044495390953
2.5656044495390953
2.3009707799725807
0.05373773514540337
0.0
0.0
0.0
0.0
0.0
2.1938644824710085
0.12796084682742345
4.36614801860804
4.575776121156799
0.7104094866957382
0.4841725320325458
0.43137482673437977
0.41801828640375105
0.15258382229554862
0.0
0.0022193693785206078
0.0129314623607229
0.4132824013445951
0.41328240134459515
0.08127204691647243
0.17193456552488023
0.0
4.089180600284173
4.089180600284175
0.9955996718907321
0.371550329452051
0.2381031101173558
0.12558458190653696
3.8332354060995284
3.8332354060995284
0.5570814737108791
0.22283258954867058
0.0
0.0
2.503922223100678
5.295315930080487
3.424536475978864
1.8682588118738228
5.293190646508707
3.6406607861931906
0.0
19.463702397312638
50.32166226757643
32.34182616993421
21.67048815959089
51.26362169391464
33.521389503679494
0.0
52.88946648959972
68.1655568764525
60.323419351195994
54.03816402261376
50.41860003407298
50.41860003407298
1.1967846033123035
61.153483176733545
93.9635143004663
87.32475531752758
87.93959995492024
82.15366907645212
70.9341081662544
4.604572217455522
56.565629453472276
59.13819440647719
58.679243338194574
88.5056278349648
88.00408525845097
74.433272719262
3.8806872862481763
1.2300076026523643
0.022236035144223707
0.2111373045339046
0.7166215713486552
0.22570165983229715
0.0
0.7704494487622816
0.0
0.0
0.0
0.0
0.0
0.0
0.0
0.0004543641767061156
0.010902405074122217
0.028034036569441673
0.010278874521290629
0.0034257715708523105
1.9007533678355997
0.018651100899548374
0.10881792283091572
0.752400690071478
4.422888796549846
1.9758967007833845
1.9007533515268649
0.09257889456712784
0.0
0.0
0.0
0.0
0.9638568596070938
0.0
20.271324215550276
0.6156956768681814
5.963090228473264
2.0290880542826466
0.27366746524531704
0.0
0.04836165996605638
0.4739469314316917
3.024523816486127
1.001456918347032
0.33381872761714676
0.054541317940044756
0.3181595262947042
0.431500333800941
0.4435296670988194
0.1517628493712981
0.010475259168396478
0.0
0.0
0.0
0.0
0.0
0.0
0.0
0.0
0.00020839435873414995
0.00020839435873414995
0.00020839435873414995
2.0778576145225887
2.0778576145225864
0.0
0.0041336727373979905
0.1461641878251223
0.1461641878251222
0.0
3.314522529795505
3.314522529795505
0.0
0.05373773514540337
1.9226169096172814
1.9226169096172812
0.0
0.0
0.0
0.0
0.12796084682742348
0.1587531725241145
0.15875317252411453
0.15875317252411453
6.390530292669897
1.496045739494342
0.0
0.15258382229554862
5.187850206785523
5.187850206785523
0.04017037690810474
1.1079682913243696
0.9563026091789324
0.0
0.17193456552488023
5.8457753348107495
5.845775334810753
0.0
0.9360738526216229
0.312024556003062
0.0
0.12558458190653696
0.557081473710879
0.5570814737108791
0.5570814737108791
0.22283255439515487
0.0
0.0
