0.0
0.0003638582643261757
0.0014517272110336392
0.001543768927379415
1.4248960571400824e-08
1.0593859175941831e-05
5.656680300805735e-06
6.846098811573631e-06
6.004331806026751e-06
4.834370827614286e-06
2.9652442812674587e-09
5.120138859649155e-06
6.588088278660542e-10
3.2537231121925203e-06
1.8264197330745284
0.0
1.8263958460541643
3.4693556655914595
0.9133309066116514
0.6524531728788848
1.0443547581340342
1.8581540173134197
1.044066961296811
2.4852902412923936
333.56808921476613
3.26954963860883e-05
47.006699639298084
1.0841376625014207
0.0001359665493627401
0.6901098777396909
0.0
0.6901096925587084
0.4372276754208944
8.799757343232345
9.233755797682576
3.744171377901303
5.906360575910528
20.458724131136094
54.3629773952895
19.83003170833514
264.08731918514405
1.8160226982402263
0.8665326838593918
1.7303349682052582
0.0002587425849773995
0.0
5.506729093231799
5.515209723060274e-05
3.137890124758464e-05
0.029839924964657982
4.325247254169419
0.0001296276462627594
10.663767854045405
1.3840898986546585e-09
2.6982685117107064
1.7984701001629959e-09
0.00015559506934257846
0.0025277013800376245
0.00017784529434142042
0.18840909306522266
0.0
0.0002628079381727712
6.0380880663391165e-05
5.379763509273966e-10
6.396063155045857e-05
5.182619326851409e-05
4.047537413549243e-09
4.471743843049869e-10
3.235315595209813e-08
9.36305113434996e-09
7.765689932473979e-05
0.0002693617900407719
0.0016553957796862917
3.9372330170057097
0.000636912844303092
0.0
0.000446751186969398
0.0003659876505728782
0.000410573996533674
0.00017471120267355679
5.139207667503235
0.00014619653584667017
1.8431998354047573e-09
7.233664004369612e-05
1.0149722973911517e-08
0.005359980525182444
1.6676339339830474e-08
9.998429909557154e-10
9.601463893925275e-05
0.000810894102510142
0.0
0.0005830512275207672
9.221406918663312e-05
7.190769775482433e-05
1.1814308167505091e-09
7.649516212137559e-05
1.592480668050067e-09
8.549830687092625e-05
1.7439361241024692e-08
0.0026185631320505636
1.265874266806392e-08
0.000861304895487531
5.4311876951067545e-05
0.0004023369830610934
0.0007489296417226894
0.0
0.10863063512898699
4.255940341929307e-05
9.254830593148148e-10
0.00011808376558728182
11.02765528824716
0.00010115622693730906
0.0008977607724672447
0.00048435009035348704
1.246958848350772
1.7183945763628925
9.511611234435995e-05
0.0002897716275246776
6.06683016120769e-05
1.8845811409416453e-09
0.0
7.216301313135183e-05
6.131696258808054e-08
0.00018822975422429938
18.935330594516188
0.7164238781974237
0.0013607535301290827
4.37182260810097e-05
0.00017942526752327552
0.0003693010102620027
6.439081995872976e-05
0.00026350135315466694
0.001711502032192047
0.0008149115591395265
6.382159543939672e-05
0.0
1.297170724310733
2.6375234605359957e-08
4.622906660561436e-10
9.457548676715459e-09
0.002472550996228977
3.6271491548834594e-06
0.0013372997643466824
6.294263113433359e-05
5.127451586820735e-06
9.561963101885093e-05
4.838098894092981e-06
5.314936524855425e-05
0.0005499071064971673
3.909984484657273e-06
0.0
0.0008175727685145715
0.6723208312648951
5.19205267072051e-05
0.09862633976055052
0.0008964971849877066
0.0009866176987074011
0.000524040019164953
5.67066338181804e-05
0.00031131721214848875
2.9443866748510986e-05
8.688415319879174e-05
0.0004883036640791355
4.355769613876886e-05
4.931512012582438e-09
0.0
10.994060637455831
0.00010156552897308549
0.0026796504188987143
0.0013617862645180455
6.0866801208789386e-09
5.16292133400534e-10
2.5399775523950815e-05
3.9374073034882185e-05
8.436285181184384e-05
0.0004672628840136528
1.4806159033055535
2.0534760721773016e-05
8.296856537860767e-10
0.0004595275349108532
0.0
0.00024352018130455131
0.0027293172494997683
0.002649585526233335
1.014313374909433e-09
5.240915015205206e-10
4.522634715077348e-06
7.2893818168659634e-06
1.787203513857455e-05
0.000393250553026987
2.1417289655756888e-05
3.6093663984118033e-06
9.377674566041775e-10
0.0002255962554476319
0.0011007173218985805
0.0
