0.0
11.46646004024843
11.466460040248423
11.466502830072617
11.466502830072614
23.99968548392273
0.0
40.133680949069955
46.250967250793416
45.82696686031777
45.928189764102385
63.63437991976116
0.0
100.00000000000041
100.00000000000033
99.99999999999997
99.84905854763839
100.00000000000001
0.0
76.75143612959889
76.16048433122516
85.66029165243161
100.00000000000003
99.99999999999997
0.0
59.95913065736639
59.97178332955803
60.355209535029104
70.00190726797328
100.00000000000001
0.0
3.4662940752659916
3.4662940752659916
3.4662940752659925
3.4662940752659925
30.497576594826675
0.0
0.0
0.0
0.0
0.0
0.0
0.0
0.0
0.0
0.0
0.0
0.0
0.0
0.0
0.0
0.8006475341749187
0.0
0.0
0.9131113444606452
0.0
0.0
0.0
0.0
0.0
0.9131113451223826
0.6725703139345384
0.0
0.5811604768514455
8.090324237354883
2.5920456194776276
0.8640151974758371
0.0
0.09709221681503907
0.09709221681503907
0.09709221681503907
0.09709221681503907
0.09709221681503907
0.0
0.0
0.0
0.0
0.0
0.0
0.0
0.0
0.0
0.0
0.0
0.0
0.0
0.26665673587937166
12.799775204993207
12.799775204993203
12.799832258092128
12.799832258092122
0.26664960424200695
0.0
24.061481174122417
48.090725219550364
41.973438917826904
41.584674865667026
41.67324490647855
23.96705475081982
0.10122290378464872
44.63334821984052
65.22055354024945
65.22055354024945
68.9061511193544
77.55896268629877
33.533665779175855
0.28050348814826964
58.027881078236724
87.35863963979209
87.03648009047373
70.951486894505
72.03439724991462
40.82889210639192
0.0
52.339806887513156
65.11120092063601
65.12566111742639
70.6429979444547
58.20399081569655
59.66688443803561
1.5466045747593444
0.0
3.4662940752659925
3.4662940752659925
3.900723803594355
3.900723803594355
0.0
0.0
0.0
0.0
0.0
0.0
0.0
0.0
0.0
0.0
0.0
0.0
0.0
0.0
0.0
0.0
0.0
0.0
0.0
0.9150257533427643
0.0
0.0
0.9131113494292082
0.0
0.0
0.0
0.0
0.0
0.0
1.0611540588521977
0.0
1.4792176619629693
14.430758298831538
0.6641834021159374
1.245343878967383
1.245343878967383
1.245343878967383
0.0
0.0
0.0
0.0
0.0
0.0
0.0
0.0
0.404670734342193
4.475612366379834
4.070941632037629
0.8806916548166547
0.3218932538575779
0.0849882960336927
0.8057360180459073
1.5107550338360722
1.5107550338360722
0.0
0.0
0.0
0.0
3.7331943023112024
3.7331943023112024
3.7331943023112024
3.7330944593880973
3.733094459388097
3.733094459388097
0.0
36.092221761183566
36.092221761183616
36.092221761183616
35.66589270933542
35.66589270933542
35.66589270933542
0.08857004081156764
53.38604278636824
62.24420722445269
52.432835472928446
43.2173468871694
39.05827556736822
49.819400979710885
0.24544055212973592
61.425889370172584
77.24671314855138
66.59977181754066
63.50823495274543
60.19490031503249
61.2433380626841
0.0
58.35892588155726
58.10470815711305
62.64100980905667
60.15939269670141
57.36708330169563
52.20852388328115
1.3532790029144264
0.2584508952868219
0.11040818176097522
0.43442972832836374
0.0
0.0
0.0
0.0
0.0
0.0
0.0
0.0
0.0
0.0
0.0
0.0
0.0
0.0
0.0
0.0
0.0
0.0
0.0
0.0
0.0
0.0
4.307310432302225
4.307310432302223
0.7120670549086214
0.0
0.0
0.0
0.0
2.582717816614277
2.5827178166142786
0.0
0.0
0.0
0.0
0.0
4.545095531123279
2.0725979893618534
0.0
0.0
0.0
0.0
0.0
2.685609378996371
0.46240813261038166
0.0
0.0
3.641036821561412
3.6410368215614115
0.0
0.8753799392024181
0.3165815387172118
0.07436475902948111
0.7050190157901688
0.0
0.0
0.0
0.0
0.0
0.0
