0.0
1.2699055031310555e-07
9.465566582576497e-09
3.275892060538366
2.4562279481927503e-08
2.9751472996864e-08
2.995454233415811e-08
3.028039222815608e-08
3.0382430289671264e-08
2.85246434818753
6.419097646664436
3.041236316792113e-08
3.148658237954249e-08
2.9792406076189836e-08
6.91076183688375
0.0
6.910761733848026
14.215567549770187
4.922706629075657
3.2086477829231796
15.006466031789735
21.84124336843545
5.3061134660868845
9.665603017455942e-09
218.55251661731015
9.821212030280927
84.38871749724277
6.134846951921843
0.7102322811538349
3.4180741111678423
0.0
2.2366121108141654
1.3048282111315004
13.756286626979366
8.720173007007178
7.586740619248644
8.106194709083292
50.710149910981634
11.348004813471142
11.80819100828709
233.4225517954955
2.5181214357649235
0.5407972002174714
3.5321136050134276
1.2014427205051557e-08
0.0
11.080350634779133
7.359439827265588e-07
0.8757913929177419
6.529754574455414
1.6864921837452034
4.7574277867247304e-09
51.20501216754998
1.8151507923555517
7.409358844262895
2.0218671904035222e-07
2.018257664815602e-08
0.0012131851213247266
1.8166439418792514e-08
1.8818964453896543
0.0
0.00022462131268878233
7.06164398809767e-07
0.6156296105232275
1.6800562421089565e-06
4.710088745830523e-09
4.411250242345331
4.4291000167018103e-07
0.04224082437683079
2.8755841303740606e-07
1.3620452747193909e-08
0.25858139693802573
2.5666540380587752e-08
0.08745586580608913
0.000384500440174075
0.0
7.283313696259334e-07
0.03928312202010225
2.4860682628900305e-06
3.4499699033832566e-09
35.661645473851664
1.2460322429779845e-06
0.03404688649616708
1.4221835400130382e-07
1.2151921015490598e-08
0.5085979776870195
1.9678620959532493e-08
8.037586568704726e-08
5.741695464328728e-08
0.0010330237382226246
0.0
3.5979854708579544e-08
1.5428638300190802e-08
3.408980321913145e-09
2.0881023839669403e-08
1.9895524475113713e-08
35.35584587727759
3.1458174469455323e-07
1.9176946159935444e-08
1.378960543467123e-06
5.2960411243524276e-08
2.390048359822339e-06
1.5597377535273223e-07
3.123007221395121e-06
1.4821159596611873e-06
0.0
7.554260569077883e-08
4.166443647482667e-09
2.7948879253707622e-08
2.457083416294926e-08
3.0552225620721756
4.4367222867356847e-07
2.1180509723560176e-08
1.0257656953008274
4.482008793808359
0.007594752221337119
0.1386187888295392
0.000417215155094703
0.12037736280006144
1.040282751259079e-05
0.0
3.5147920536447413e-09
6.590437209104175
7.949500731491339e-07
7.902418059149029e-07
1.572937189563458e-07
0.4353497734374822
0.5281080831230031
1.9298990793827178e-08
1.9663101701567543e-08
8.006275428380834e-07
1.034261680628945e-06
4.936210283309849e-07
0.07536455361542727
0.885728320628606
0.0
8.574457613672179
0.8750298626932584
0.05405125597633503
2.3433431906049483e-07
1.7830628795722103e-08
0.0071021766306694715
0.00011613261150829346
5.601896417598143e-07
6.45736692062941e-08
4.82531717219242e-07
6.183421280284494e-08
2.505814628111146e-07
0.00029577720053684207
5.516957580233446e-09
0.0
0.0009022405543969061
0.17937645015076037
3.628781833647827e-07
1.885418057743223e-08
0.08723074860901697
3.136317795559175e-08
2.2463339741125522e-06
0.006207846439076004
1.7813363795165136e-06
0.11578745358438772
0.009281305350856731
0.00017456464056488175
3.8938593413464275e-09
39.32752746770244
0.0
1.100339417544061
3.7051745891145224e-07
2.7519595524996577e-08
1.102436838600514e-06
1.6220650535466413e-07
0.00041576781427917007
1.1980672890288365e-07
0.002352393122967098
3.00714832651976
0.00022196099996494965
0.00010636892788934776
5.048474817138648e-09
0.0003897958400392394
0.0002223624506481072
0.0
0.0008233327920713688
3.586976649110003e-08
0.13766911643494806
2.498423732322755e-07
0.10204597145321338
4.996967524233622e-08
1.026731104124377e-05
0.10865942574905471
3.665315603782111e-05
1.3391386698357408e-07
6.045717445445635e-09
8.654793654946773e-08
3.670069148788818e-05
0.0006966992466759791
0.0
