0.0
5.3752426255352365e-09
3.339456664934311e-08
2.3676583831027713
5.3752393501660635e-09
2.7632542088822866e-09
2.6920694830433674e-09
2.928958898201924e-09
2.7640978118236813e-09
0.6265449951280047
4.445613833103201e-09
3.0556483809697912e-09
3.923005563903414e-09
1.4135567587017563
7.19305073202216
0.0
1.9602763329196293
8.089536394927194
5.355375961689401
4.939828690452864
3.4027509654893913
9.069476572419704
3.4019925802726627
1.2662179081273034e-09
134.94221415422552
3.7751827163563982
186.98798311239736
13.09749855956864
1.019854184335381
3.5377565742005026
0.0
2.4516606898163786
0.9962929380656763
19.541811792768804
13.782517782789323
16.450099265297474
11.949639219711361
51.71299166218735
11.470004452893196
33.5723377218814
181.3993730937063
5.326005870535343
1.2627183716813541e-09
1.2021289591984536
1.380834420228937e-09
0.0
6.915505149962599
2.2952545438372744e-08
0.8198195390377794
6.471533465158578
0.8196671304754364
4.2656211953600385e-10
64.20131106870441
0.26446513467009675
7.459685604245271
7.670909474040535e-09
4.157647002338959e-09
0.0004117828670544599
2.9042890085160976e-09
0.8931273024253702
0.0
0.00010803611100752505
2.6758157922492354e-07
0.05508953984672038
6.356160468096517e-08
2.163207276742606e-09
0.05704955492655083
3.6296171366036654e-08
0.04198547611794553
1.0971279653531237e-08
3.2472749322487297e-09
13.066692630783294
1.4301698064884198
0.10430506086944233
0.0002214937149649894
0.0
5.559172682156126e-08
0.04689412752450553
9.283084956392928e-08
3.2748238072062155e-10
12.74477192807754
8.877475930564441e-08
0.039580593860301175
1.0498369206471199e-08
1.5359537679404078e-09
0.8535860844653081
0.001178116847022754
1.00220874739587e-08
7.52143410456968e-09
0.00014464481173825556
0.0
3.899342801180856e-09
0.03941668878760889
3.6403322088494864e-10
1.6289216785796852e-09
1.6308345406342682e-09
35.43084019457935
1.6909067089802758e-08
1.7682398687198281e-09
1.387283297510197e-07
2.870306861010484e-09
9.036650436240832e-08
1.297184585523816e-08
0.0001614407231091867
0.0003147238785242915
0.0
0.1080926798936892
4.4553212783233514e-10
2.090407817790821e-09
1.9752458384204964e-09
1.563081410380511
2.010231661518705e-08
1.718882427955669e-09
0.4112236352285849
2.736646880554699
0.008660610393415319
0.006566206967473836
5.0272153019342764e-05
0.006566139695715545
1.5191349181798402e-09
0.0
3.7420460841478153e-10
2.2550641597944773e-07
1.1945826224306882e-05
3.8882888277324708
1.5489644943030974e-08
0.026108713978959548
0.06850515344277154
3.629577737625584e-08
2.0895256655692268e-09
4.510996732737631e-08
3.635475551083307e-06
3.8011316464475285e-08
0.07652063213091798
6.351926443053821e-08
0.0
51.04914610013621
3.627604197180501e-08
0.05349011301527116
1.0868806023656258e-08
0.001047782792356413
3.097649006722507e-08
0.039656613054730824
0.0004946041809728473
5.577271800499842e-09
1.048441883159428e-08
5.49253674862129e-09
1.063109520798504e-07
0.0002938940274109058
4.943266201931036e-10
0.0
0.00045011193655776147
0.09258317823253062
1.1523382008688291e-08
1.4987962508104743e-09
8.068802635901848e-08
0.42300451151425056
9.642453200268704e-08
2.7839419350447252e-08
8.355769774874491e-08
0.09558185363209779
0.011149011503460517
9.170753979212041e-05
3.022514517939454e-10
105.58618094533236
0.0
0.7500082480257002
1.8128671747546017e-08
0.3377768187925892
0.4991766035346299
0.22525234482623546
1.298606954993627e-09
7.995428119605238e-09
1.3516381348984884e-05
2.8290996680482046
0.0001294256047463724
6.583813172684167
3.494564690494809e-08
1.2664552658219033e-09
0.00012961086837121676
0.0
0.00012500292797479475
0.07808238393356876
0.0971474489807983
0.08612268880505405
0.0004728146309672699
2.7270252962675563e-08
3.7494588335262506e-07
0.21380178769998814
4.000656041737867e-07
0.11309096434289852
5.420546646140882e-08
0.006166604955882161
8.531859963215448e-07
0.0003396488626784905
0.0
