0.0
0.0002261512857259181
1.204405672112055
1.2569688268717693e-08
3.6178953950886352e-09
6.557058878248618e-06
3.510976404076125e-06
4.245818897231018e-06
3.72592491596599e-06
3.001517301523525e-06
2.00974471839773
3.1752976598059273e-06
3.5459878908901096e-09
2.024976542457144e-06
6.969964864110452
0.0
2.9840838782746486
4.549971237363589
6.143249860937354
0.47467139540287145
1.9602301925759629
3.803710448034233
1.2181844106013349
2.9261199748253275
292.560533577961
2.0387925038187434e-05
83.12140308916038
0.4108059869180034
0.6730787241258666
1.0517654661195235
0.0
1.0135427167218916
0.5813662191303048
8.560953879189451
9.858445752343773
9.06955288309087
7.131636814793781
27.46214151960417
70.9068604523987
24.01797627378923
223.65743062025743
0.6366382495929638
0.17943803185704338
1.787059159785466
2.6965088662736612e-08
0.0
5.223272141781273
3.450391317336008e-05
1.9592038326754803e-05
0.3260465764947851
3.7525671285767936
8.098302588334806e-05
25.38202536848645
3.575002656832763e-10
2.534628034004316
2.251355112562308
9.729586584991944e-05
0.001206895963434393
2.4176823466759304e-08
0.0013593789545333663
0.0
0.00016528487717732941
0.0003119542147287231
1.8226171850550072e-10
3.990316241435532e-05
3.231431668956894e-05
3.011574184614433
1.4166179038820948e-10
0.041496285365816524
1.6148674482315681e-09
4.836067778336454e-05
1.5324965539410147
0.3456153254040087
4.009894515062771
0.0003103687472669117
0.0
0.00027810517616438924
0.00022719342873720242
0.0002558214548302823
0.0001086059381596875
5.21505739523057
9.099551476803198e-05
5.420182274508246e-10
4.502401558357457e-05
2.633552177448467e-09
0.0028532571289237706
3.778048126492846e-09
3.47665696084284e-10
5.9946905855152734e-05
0.0004342411268961641
0.0
0.00023209173604714665
5.7599639526503615e-05
4.477314634767451e-05
4.712364218654179e-10
4.76239585675234e-05
3.454349703768176e-10
0.22374564175879805
3.8482138675058155e-09
0.0019008183578604187
3.16738938959228e-09
0.0005347733797497562
3.3905192028105624e-05
0.0002504109736855341
0.0004656976421883163
0.0
3.27986162306369e-05
2.650946729030915e-05
3.3430108781791307e-10
7.352554899865926e-05
2.0905078765637657
6.297016617314423e-05
0.000522635476526253
0.00030082510145072917
4.577250947564875e-09
1.8388422915218352
5.921945315376682e-05
0.0001949941045729664
0.00694610168669661
0.0069237596214987585
0.0
4.493424562680884e-05
1.9262135481770282e-08
0.00015576247347275738
38.93639223195316
0.7657682744273474
0.0011612636702841275
2.7251840863890426e-05
2.467889896150174e-08
0.00023086304347239513
4.018653488762859e-05
0.00016574749692432428
0.013844180094685422
0.01435654826287579
3.982174273176949e-05
0.0
3.1717395672043196
2.0369249549158007e-08
0.013866513526162067
1.7051971576496763e-09
0.0015488810132721234
2.2554717056871885e-06
0.0008306080586956842
3.9101013815268805e-05
3.188177832883356e-06
5.9489467079056726e-05
3.014240573169946e-06
3.308370690427622e-05
0.00032201724861021853
2.4358254138973927e-06
0.0
0.0005087741161218357
0.13065671394404502
3.23182782510098e-05
0.3774906588373934
0.000556606811716054
0.0006131810220373645
0.00032551491221923033
3.533549042740724e-05
0.00019425044063094734
1.2870392359108935
5.408048247746319e-05
0.0003434430686043502
2.713775678050025e-05
9.747465735944122
0.0
1.3936719203885755
6.322375354022328e-05
0.0010473285168778879
0.0008458491141018004
1.3811761320976797e-09
7.330923913985365e-10
1.5855969369116498e-05
2.4531122907368605e-05
5.248881283303703e-05
0.0002906468845702511
4.432262086272784
0.07882872022298668
5.494261665934575e-10
0.0002861696278052246
0.0
0.00015149696087601985
0.0016286648821172247
0.0017128129649174877
2.3020957943701567e-10
1.9272718533309456e-10
2.823628708651794e-06
4.5381473111089174e-06
1.1100511317684472e-05
0.00014350844493382636
1.3302129896520178e-05
2.248696796609841e-06
6.590826904703282e-10
0.00024128106562048028
0.0006844689407859306
0.0
