1.0712421787481143
12.187914304799992
12.269761413190619
12.131133588519365
12.131133588519356
0.4772826482118177
0.0
25.89932322366531
44.06971925368513
44.04358308612251
46.63314758089306
45.06203362769804
26.592193597785347
0.0
42.431263636755716
100.0
100.0
100.0
100.0
51.73061129453774
1.0531626659309257
48.62767927106789
100.0
100.0
99.99999999999997
100.0
74.6486989611177
4.15985219916581
53.31639896169447
90.19675134808969
90.30273508275239
99.99999999999997
98.28214526329089
72.57383988716775
3.9684414868532065
0.0
1.8027208835232966
1.8027208835232966
1.4546957201637158
3.5980459719124607
4.626295358888561
0.7710491203109288
0.0
0.0
0.0
0.0
0.0
0.0
0.0
0.0
12.187914304799994
12.269761413190619
12.131133588519361
12.131133588519354
23.99302252452393
0.0
44.06971925368508
44.04358308612251
46.63314758089306
45.062033627698035
63.912248433954986
0.0
65.96712254606584
64.78569168896557
84.49287242155867
81.33634548012299
95.97115721802305
3.102374524285553
64.63481610107705
63.56201381111431
66.81391082441809
82.4154542143374
99.06199346863352
0.0
37.047036740437434
37.15302047510018
9.832640624866798
48.300028444984875
99.99999999999997
0.21208367341885864
1.8027208835232966
1.8027208835232966
1.4546957201637158
3.5980459719124607
50.064428049601645
0.0
0.0
0.0
0.0
0.0
0.0
0.0
0.0003704754488414913
0.00018523772442074566
0.00062152936714148
0.00849138777362719
0.0
0.0
2.0044249299149803
0.002731628268419631
0.00546325653683926
0.0
0.0
0.0
0.0
1.9310439549078708
0.053994717735900075
0.0
0.0
0.04967420860683096
0.9438123888110791
0.9438123888110792
2.5377872684966287
0.03125705310125469
1.626143797619411
5.624041879841196
0.019439382164388983
0.12658952944988067
0.12658952944988067
0.09533247634862599
0.2571002898299218
3.7771410849033487
3.2133911693549777
0.9807427726809705
0.7328593225847713
0.7328593225847713
0.14657173960708267
0.12363607388033868
0.0
4.031113353836543
4.031113353836542
1.2503635030772176
0.4648125524125297
0.14407521955803976
0.12887848002671212
3.8268765387125616
3.826876538712561
0.5549897528971474
0.2219958858971021
0.0
0.0
2.5039205516263374
5.295348367530203
3.4250477661358194
1.8688745513759877
5.2918890307878
3.6117275750907476
0.0
19.46369780641396
50.32325188592142
32.35880983360641
22.713341834040843
51.592311909968416
33.337468024983316
0.0
52.987700888893706
78.59504229607943
68.88979452711364
59.0583611158014
54.144634599009464
51.73061129453773
1.0531626659309254
61.03071298008919
89.90679281609904
100.00000000000004
92.4302494170276
83.26662810267555
74.6486989611177
4.15985219916581
56.95398704703228
61.40666929468158
58.16559421146699
84.35088970738873
80.57710383763478
72.57383988716776
3.968441486853207
1.4649851139945906
0.0
0.15041633818184194
0.5093906213639976
0.16979623603415236
0.0
0.7710491203109288
0.0
0.0
0.0
0.0
0.0
0.0
0.0
0.0004362916427207344
0.01199785253015975
0.02668862420022969
0.00734626688609542
0.0
1.181430868246171
0.0
0.027920770319758148
0.37689698965810353
4.84323599968252
1.7010080611074798
1.1814308728717204
0.0822645500939088
0.0
0.5674595671901664
1.4186489841106793
0.4728823400786095
1.0728020125990303
0.0
2.838718599502134
0.0
0.0
0.0
0.0
0.0
0.03125705310125469
0.03125705310125469
4.913060224140719
1.7471369146382436
0.5589694791467583
0.0
0.792092210792648
0.8823421633101434
0.804416206247712
0.5637499155483754
0.5637499155483754
0.0
0.0
0.0
0.0
0.0
0.0
0.0
0.0
0.00018523772442074566
0.00018523772442074566
0.00018523772442074566
2.0771840562671207
2.0771840562671215
0.0
0.002731628268419631
0.14659966955433235
0.14659966955433235
0.0
0.0
0.0
0.0
0.053994717735900075
1.9318065446716126
1.9318065446716117
0.09934840817186548
0.0
0.0
0.0
0.03125705310125469
0.031257053101254685
0.031257053101254685
0.08957519813084573
1.5603175903432165
1.5603175903432167
0.09533247634862597
0.257100289829922
4.964265916055457
4.964265916055461
0.0
1.1380137964871102
0.36496395913419366
0.14657173960708264
0.12363607388033868
4.203627608234719
4.203627608234719
0.0
0.6985190847689376
0.24183449428039155
0.14407521955803976
0.12887848002671212
0.5549897528971474
0.5549897528971474
0.5549897528971474
0.22199565381275896
0.0
0.0
