1.0712414849517784
12.187906433234934
12.269576768538482
12.132506156247908
12.132506156247914
0.44882446020903877
0.0
25.89905088823319
44.06727339654252
44.18792553417138
46.064637981326825
44.83928543948327
27.181185386840227
0.0
42.56187543781216
96.32476248696567
98.36807954926168
96.69442606394091
100.0
49.50953543209755
0.5419325285608657
45.3665517552267
99.8781485143971
99.99999999999997
100.0
99.99999999999999
61.531738537356524
1.8846355225463878
46.241078951158556
83.753265468529
83.13189969346581
99.99999999999999
91.92170301456721
62.952197694391955
3.000181424759559
0.10187356030579693
1.7949851011667433
1.7949851011667435
1.4942132016922258
3.6112191728900735
4.626296283518059
0.771049377470717
0.0
0.0
0.0
0.0
0.0
0.0
0.0
0.0
12.187906433234932
12.26957676853848
12.132506156247905
12.132506156247912
23.991538383077717
0.0
44.06727339654254
44.18792553417138
46.06463798132681
44.83928543948327
63.8656974871334
0.0
58.89252737820983
54.79277517100027
86.02700962099438
80.07584604952106
98.5561702489377
10.344589646683295
64.22912690754175
66.15330930804117
58.25726254700733
64.53753287436334
99.99999999999997
6.7849199361678565
40.99868150529256
40.3773157302294
26.344672742512287
28.96950532017526
100.0
0.1018734441678955
1.7949851011667433
1.7949851011667435
1.4942132016922258
3.6112191728900735
28.861381313972295
0.0
0.0
0.0
0.0
0.0
0.0
0.0
0.0005395278550500401
0.00026976392752502007
0.00026976392752502007
0.008714732664566315
0.0
0.0
3.590458289438274
0.004186946011771088
0.0
0.12532056217088017
0.8772440888026568
4.314471893236093
4.314471893236094
3.764668750466674
0.05290755891331185
0.0
0.0
0.0017380079551735563
0.03305460861270289
0.03305460861270289
2.8187858053387873
0.7338885913569454
2.8991036668828114
7.993846537580707
0.39277994552085765
2.131109159587545
2.131109159587545
0.37626733103104193
0.2716421138916304
5.475719254022666
5.0188456491321425
1.1862838181129867
1.269403378859385
0.978768912642626
0.0
0.37939505051777045
10.251591249698366
11.049752327418933
3.506338621670787
1.3402998374548707
0.48730492948048665
0.12177593119828434
0.1288784277460823
3.826876512019603
3.8268765120196035
0.5549899726698502
0.22199598871029963
0.0
0.0
2.5039217667960694
5.295326955102062
3.4246811603692597
1.8680715051697578
5.292888545842634
3.637319406346774
0.0
19.463722644485095
50.3138935788673
32.266811353770905
21.67605761589978
51.32665354200395
34.1158385892172
0.0
53.040761897797324
68.12980495532452
62.64129329169006
61.3468134760958
53.23311235364423
49.50953543209755
0.5419325285608657
59.728099874816046
88.58452769695451
74.22297957989358
75.64552042983527
68.1922328206491
61.59207566836584
1.8846355225463882
53.31772770996187
73.67359167065999
67.45161561424236
73.57541552717157
67.23255464673251
62.952197694391955
3.0001814247595586
0.6273701700101388
0.0
0.22313758577961385
0.5960312850950303
0.20374700447369237
0.0
0.771049377470717
0.0
0.0
0.0
0.0
0.0
0.0
0.0
0.0026376320155263016
0.011035089745272952
0.02788993966397537
0.010112932250841155
0.003370959925890529
2.056435144079833
0.0026376320155263016
0.12532056217088017
0.8772440888026568
4.553301687534576
2.1025966117846444
2.19141563071455
0.12590859703044874
0.0
0.0
0.0
0.0
2.19141563584349
0.0
0.0
0.18813366551552096
0.18813366551552096
0.18813366551552096
1.2427315479653767
0.0
0.0
0.0
2.7679145728610255
1.0379679222085605
0.34598928892220837
0.0
0.45687360489052237
0.6056320716827922
0.8287696574624058
0.45687360489052237
0.9137472097810448
0.0
0.0
0.0
0.0
0.0
0.0
0.0
0.0
0.00026976392752502007
0.00026976392752502007
0.00026976392752502007
2.0816697863430838
2.0816697863430833
0.0
0.004186946011771088
0.14628066024281106
0.14628066024281108
0.0
3.1612712448283373
3.1612712448283373
0.0
0.05290755891331185
1.892914770445757
1.8929147704457563
0.0034760634432727667
1.5732531174464626
1.5732531174464626
0.0
0.7338885913569454
0.0
0.038371163279511546
0.6523100043538026
0.6273701700101388
0.6273701700101388
0.0
0.2716421138916304
3.7601125671727296
3.760112567172727
1.643157423003509
8.247977548404373
2.4053052864915294
0.0
0.37939505051777045
2.7081775439502085
2.708177543950209
2.708177543950209
1.3403803111963828
0.4873854090311186
0.12177593119828434
0.12887842774608227
0.5549899726698503
0.5549899726698501
0.5549899726698502
0.2219959819284239
0.0
0.0
