0.0
0.00039661637365480417
0.00158227239165031
2.5732573819623645e-08
6.817633468429682e-09
1.1502987876709874e-05
6.154934327010224e-06
7.443274572010817e-06
6.53165231426331e-06
5.260843860635265e-06
3.4913023683320152
5.9370110064799555e-06
1.4995457102425704
0.5420987481577788
2.7264094829550567
0.0
3.367816581048139
4.477276642668219
2.267147662702071
1.9178514941644094
1.5288746536012008
2.751791389965698
0.8036663318538964
3.3643356414022044e-05
319.5817831821397
0.9949461624387678
51.90240509418011
0.5311271901687447
0.8169581164149218
1.3790830748014578
0.0
1.3041505087876797
1.256175044245571
12.2706596504855
10.379042067206836
6.158821304367326
7.3488619025616915
28.585165017632868
34.47902837480875
19.656101474406917
255.4995169925403
0.8442743837027519
0.4410633470976416
1.6955189554534467
1.2476505370332222e-08
0.0
4.838957932289896
6.0509977253626735e-05
3.4337394437255366e-05
0.26546823984466816
3.830366271892068
0.00014198859586662144
24.387602381396363
8.956692885509436e-10
1.4042501479972958
2.472731430602741e-09
0.00017042354205786724
0.0021242941153516905
1.266963163516393e-08
0.0038910722235309695
0.0
0.00028819050816678677
0.0005472256990380746
5.936991904750141e-10
6.993639170218448e-05
5.663401486523919e-05
14.828576402235157
4.571081897400658e-10
1.4534416941934159e-09
1.4822603502201334e-09
8.477101796570434e-05
1.454143060239569
0.0018032585236447975
5.772247289801684
0.0005438247931217136
0.0
0.0004877678449603275
0.0003985169777441409
0.0004492830684838321
0.00019041421610682858
9.838938916081538
0.0001595031206727976
1.3428524265776689e-09
7.881843370897758e-05
7.714035863051148e-09
0.005470561706295779
0.26232212551178996
7.302797147383383e-10
0.00010496391201724428
0.0008294274826506476
0.0
0.000358009558431952
0.00010098868620763423
7.847108740283948e-05
8.340653759864426e-10
8.33787139123532e-05
1.1035258291473359e-09
9.31855507065468e-05
1.394746608065398e-05
0.003211680234612785
5.729715357688708e-09
0.0009530087363077776
8.285239389524739e-05
0.0004854372235173778
0.000897158154639127
0.0
5.747913838044249e-05
4.645511066327537e-05
8.831624512027107e-10
0.0001287176272192464
7.433539108497916
0.0001102568815792248
0.000978418553781836
0.0005276933861293732
1.1470146792732412
1.760813143262704
0.00010375237592416805
0.00031583242397711025
6.610486417960002e-05
1.128910241922762e-09
0.0
7.875253988604534e-05
6.677433209270299e-08
0.00020532387279010656
29.32424579769597
0.1947027954384245
0.0020374868579132797
4.775716570847583e-05
1.3716715289255738e-08
0.00040461486860326443
7.043010633996688e-05
0.00028895482954951633
0.0018707728599857655
0.0009329725177898563
6.97914374786276e-05
0.0
7.0016390783667575
1.6571262085586321e-09
4.718892303141073e-10
1.5504553332050055e-09
0.0026918810593906306
3.951411756403688e-06
0.0014570039886453697
0.00011897268896337305
5.589580635669123e-06
0.00010419661004650306
5.269536416034446e-06
5.895608525155841e-05
0.0005526498685790834
4.270665291422447e-06
0.0
0.0008914173863005104
0.46459617964256306
5.657540154016384e-05
0.0018850456852186643
0.7948222584179909
0.0010754480477447215
0.0005870970968097262
6.19033958193105e-05
0.00034614979442714453
3.209087719548995e-05
9.678653042058983e-05
0.0006034064534241146
4.755665158453723e-05
5.842234213000458
0.0
6.442400574611813
0.00011069888288995273
0.002913945240745077
0.0014837530924023316
1.3670766888502542e-09
4.4693468785778314e-10
2.776581840495161e-05
4.2984884592310474e-05
9.202001264023194e-05
0.0005182548291045425
2.295245876008901
2.2418705925129124e-05
1.0010308211700604e-09
0.000501453194379648
0.0
0.000265736132846253
0.0029717098763954904
0.0030043645910032596
2.2785144658925644e-10
4.5534931629047453e-10
4.944036248566569e-06
7.955022796387405e-06
1.9471354073537343e-05
0.000255726139133213
2.3334915620861964e-05
3.940463563997741e-06
1.1322841344818889e-09
0.0002456706207918997
0.001202589144472536
0.0
