0.0
11.466501109373395
11.466501109373395
11.466535396773578
11.46653539677358
23.999748001186845
0.0
46.251059636685
46.25105963668516
45.82672634620268
45.92802872445804
63.634092887127764
0.0
99.99999999999977
99.99999999999976
100.0
99.77377182164871
99.99999999999997
0.0
76.74828280886408
76.15660865217208
85.63129219715302
99.99999999999999
99.99999999999999
0.0
59.95977135064758
59.97156426770768
60.35843886730198
70.00414816344042
100.00000000000001
0.0
3.4652353733981487
3.4652353733981487
3.4652353733981487
3.4652353733981487
30.414471801100845
0.0
0.0
0.0
0.0
0.0
0.0
0.0
0.0
0.0
0.0
0.0
0.0
0.0
0.0
0.0
0.8012760691272198
0.0
0.0
0.9130440470243241
0.0
0.0
0.0
0.0
0.0
0.9130440474374203
0.6696618976576183
0.0
0.5820445966966786
8.100429496647447
2.595283230391189
0.8650944043470078
0.0
0.09816190982177626
0.09816190982177626
0.09816190982177626
0.09816190982177626
0.09816190982177626
0.0
0.0
0.0
0.0
0.0
0.0
0.0
0.0
0.0
0.0
0.0
0.0
0.0
0.2666587107864172
12.799819884099408
12.799819884099401
12.79986560063298
12.799865600632982
0.2666529962197192
0.0
24.06152944442406
41.97352277237591
41.97352277237603
41.58445348706083
41.67309306803426
23.967028905364785
0.10130237825549665
44.627540780321084
65.22506843085581
65.22506843085586
68.88145041742894
77.87544279235708
33.729325785531834
0.2740274159439772
58.02193460221204
87.35664664734533
87.03527675491776
70.92415012349261
71.93921723414064
40.75627991607419
0.0
52.33812592540334
65.10924624341847
65.12272386291582
70.64191940303613
58.20186851243158
59.66704903468745
1.5466594411094787
0.0
3.4652353733981487
3.4652353733981487
3.900076079588075
3.900076079588075
0.0
0.0
0.0
0.0
0.0
0.0
0.0
0.0
0.0
0.0
0.0
0.0
0.0
0.0
0.0
0.0
0.0
0.0
0.0
0.9157440790025367
0.0
0.0
0.9130440502127584
0.0
0.0
0.0
0.0
0.0
0.0
1.06159750181978
0.0
1.4450664735023766
14.383781565533255
0.6651938247962041
1.2472384214928827
1.2472384214928827
1.2472384214928827
0.0
0.0
0.0
0.0
0.0
0.0
0.0
0.0
0.40655301542418565
4.477494657142279
4.070941641718094
0.8806916748425586
0.32189328883143
0.08498831308883964
0.8060327888565954
1.5113114791061202
1.5113114791061202
0.0
0.0
0.0
0.0
3.7332219510098414
3.7332219510098414
3.7332219510098414
3.733141947076068
3.7331419470760694
3.7331419470760694
0.0
36.09229416663604
36.092294166636094
36.092294166636094
35.66563041920358
35.66563041920358
35.66563041920358
0.08863958097355955
53.39243493437469
62.229912292697854
52.425010652244815
43.21651525953237
39.05666476672611
49.771255379207275
0.2397739889509801
61.42385317507276
77.25082874509489
66.60078689767298
63.51583855690763
60.18772647938353
61.134419809204644
0.0
58.356137749311785
58.101636118962226
62.64259178653099
60.162513007627915
57.36817141368157
52.208667905351525
1.3533270109707938
0.25904018416946867
0.11048672993501563
0.43484070618992654
0.0
0.0
0.0
0.0
0.0
0.0
0.0
0.0
0.0
0.0
0.0
0.0
0.0
0.0
0.0
0.0
0.0
0.0
0.0
0.0
0.0
0.0
4.310691937086776
4.310691937086778
0.7104727423145142
0.0
0.0
0.0
0.0
2.5822323473663227
2.5822323473663267
0.0
0.0
0.0
0.0
0.0
4.563552365827867
2.079748359282343
0.0
0.0
0.0
0.0
0.0
2.687571118425005
0.4628145642579657
0.0
0.0
3.640967136782957
3.640967136782957
0.0
0.8753799392055777
0.31658155349873335
0.07436477395273469
0.7052786902495211
0.0
0.0
0.0
0.0
0.0
0.0
