0.0
11.466521436461049
11.46652143646105
11.466551513112918
11.466551513112917
23.999778940505898
0.0
46.25095705260643
46.16835800988438
45.82699355244103
45.92820764991104
63.63441177257944
0.0
99.99999999999984
99.9999999999999
99.99999999999991
99.98361091211483
99.99999999999996
0.0
76.75090714363351
76.15948983210889
85.63938209034957
99.99999999999996
99.99999999999997
0.0
59.95988607415915
59.97185212221402
60.36068680701171
70.00746896349808
100.00000000000004
0.0
3.465069686019889
3.465069686019889
3.465069686019889
3.465069686019889
30.444791090448117
0.0
0.0
0.0
0.0
0.0
0.0
0.0
0.0
0.0
0.0
0.0
0.0
0.0
0.0
0.0
0.8005777555269895
0.0
0.0
0.9126677139023998
0.0
0.0
0.0
0.0
0.0
0.9126677142201519
0.6701292130358117
0.0
0.5821568409146658
8.100937680797035
2.595446048138028
0.8651486782539579
0.0
0.09811880031154907
0.09811880031154907
0.09811880031154907
0.09811880031154907
0.09811880031154907
0.0
0.0
0.0
0.0
0.0
0.0
0.0
0.0
0.0
0.0
0.0
0.0
0.0
0.26665968698547465
12.799841999400654
12.799841999400657
12.799882101603147
12.799882101603146
0.2666546742101641
0.0
24.0614758240641
41.97342966003445
42.05602870275672
41.58469943426906
41.67326176955532
23.96705764688687
0.10121409746998011
44.63700965183153
65.21357737026455
65.21357737026455
68.8908553942618
77.63894167091247
33.70886160905923
0.2781065666453905
58.020552765354175
87.3584005243948
87.03715012040185
70.92492944570147
71.95679505275058
40.75490438440532
0.0
52.338499600594865
65.11001125771092
65.12368674120243
70.64389693284376
58.20191743034888
59.666527233491585
1.546485507705519
0.0
3.465069686019889
3.465069686019889
3.9000267446568873
3.9000267446568873
0.0
0.0
0.0
0.0
0.0
0.0
0.0
0.0
0.0
0.0
0.0
0.0
0.0
0.0
0.0
0.0
0.0
0.0
0.0
0.9149460063165594
0.0
0.0
0.9126677163600395
0.0
0.0
0.0
0.0
0.0
0.0
1.0611809207337077
0.0
1.450299747976342
14.392013746317678
0.6653221039024751
1.2474789448171417
1.2474789448171417
1.2474789448171417
0.0
0.0
0.0
0.0
0.0
0.0
0.0
0.0
0.405880352925205
4.476821998615227
4.070941645690023
0.8806916830595777
0.32189330318254494
0.08498832008674843
0.8060701844867162
1.511381595912589
1.511381595912589
0.0
0.0
0.0
0.0
3.733235617796644
3.733235617796644
3.733235617796644
3.733165438942298
3.7331654389422972
3.7331654389422972
0.0
36.092213736096134
36.092213736096234
36.092213736096234
35.66592182119601
35.66592182119601
35.66592182119601
0.0885623352862326
53.391750828498374
62.238118217836934
52.43370377437653
43.21934311544288
39.057797550488424
49.77986515144755
0.24334324581471672
61.42337999796587
77.25109681138824
66.60033446547875
63.51659121415637
60.187545786735114
61.13235652657169
0.0
58.35608379416427
58.10152358756719
62.64360731932927
60.16356834770158
57.36837100209354
52.208211329305136
1.3531748192423294
0.2590357127691435
0.11052250636826469
0.4349570586369982
0.0
0.0
0.0
0.0
0.0
0.0
0.0
0.0
0.0
0.0
0.0
0.0
0.0
0.0
0.0
0.0
0.0
0.0
0.0
0.0
0.0
0.0
4.306935207418997
4.306935207418999
0.7111115406673472
0.0
0.0
0.0
0.0
2.58244872898529
2.582448728985298
0.0
0.0
0.0
0.0
0.0
4.561770553856704
2.079184889612304
0.0
0.0
0.0
0.0
0.0
2.6883577300470853
0.46292902876836384
0.0
0.0
3.6411880619888604
3.641188061988859
0.0
0.8753799392068
0.3165815595643018
0.07436478007590487
0.7053114114258762
0.0
0.0
0.0
0.0
0.0
0.0
