1.0709033773309853
12.185852823091409
12.238115052492228
12.119116997384044
12.119116997384037
0.47637804698568015
0.0
25.898660171275687
44.063788437547736
44.198875940169074
45.6980366828525
44.68900106374933
26.395540005224493
0.0
44.68903467558345
78.70066407067085
78.54148664032421
99.99999999999997
99.64861668690655
39.10076862814345
0.0
52.93465083551041
98.65372746756007
100.0
100.0
98.0080217313536
52.278944888913806
0.0
49.325019643694176
86.29821812898594
93.96918848745817
100.00000000000001
94.60171891066356
60.34418895420697
2.918770049523319
0.0
0.34620612261957673
0.43564769735319947
0.3330807041411556
2.313147948837706
4.626295897675414
0.7710492667352192
0.0
0.0
0.0
0.0
0.0
0.0
0.0
0.0
12.185852823091409
12.238115052492228
12.11911699738405
12.119116997384038
23.990702621977917
0.0
44.06378843754775
44.19887594016908
45.6980366828525
44.68900106374933
63.90213380809063
0.0
78.70066407067078
78.54148664032421
68.90577253796279
67.76955174492201
99.99999999999999
0.0
66.55287347631959
62.87744252616095
70.21954298291561
99.99999999999999
93.56478173427472
3.951585797525336
33.166847372339845
38.15668556202797
28.367071435881734
33.26768316740431
99.99999999999999
0.04072393523492924
3.3776380575495666
3.4670796322831876
3.3645126390711444
5.344579883767695
43.7476797595162
0.0
0.0
0.0
0.0
0.0
0.0
0.0
0.0
0.0
0.24167116278413162
1.0875207077396662
0.0
0.0
0.4903340801003462
0.008682692480811521
0.08147961368136666
0.08147961368136666
0.2817889777659335
2.0568472428719096
2.0568472428719096
4.192484922646658
0.05375838080004908
0.0
0.0
0.10596082287316834
0.7417273387081876
0.7417273387081877
3.4228372878248567
0.014286469299718276
8.421362604202406
4.907808517040114
0.9026568631688924
3.1214456528771404
3.1214456528771404
2.6728942148890633
0.059084638182179794
0.0
6.208072891055981
0.2264893438829815
0.7362405417222411
0.7362405417222408
0.452978687765963
0.3154919688338717
10.868176248219484
12.283611888504241
3.6139638796335047
1.25681858443388
0.4579550745813559
0.13069235646103558
0.12887844676891191
3.8268765238462263
3.8268765238462246
0.5549898822819755
0.2219959648686134
0.0
0.0
2.504122594818698
5.290814228568557
3.3618422405505513
1.8633888845942845
5.23159549203465
3.6098947459352924
0.0
19.463758093841314
49.33685402490282
32.25964898950666
21.184077018783007
51.0476385731197
33.506593878719244
0.0
33.75554229716966
83.76366980657158
51.71182237766875
38.223214854908406
44.87346313890707
47.26883742173604
0.0
62.76007631503509
77.63236695363089
85.42863838720166
75.79224185395246
70.77163843619049
54.61892347020542
0.0
55.46083983681498
64.60147857025676
59.0664302168554
74.28677806956004
64.90203343461249
60.34418895420697
2.918770049523319
1.46407339778204
0.0
0.06912367354750147
0.20513398642408778
0.17888314946724554
0.0
0.7710492667352192
1.356762308861587
0.0
0.0
0.0
0.0
0.0
0.0
0.001937026728404918
0.004294154365142136
0.1544891033293499
0.0
0.0
0.3183545910011656
0.008821314478138564
0.24167116278413162
1.302980538457523
3.0271066850087096
1.009035518439402
2.3291583842048476
0.09174898122421113
0.0
0.0
0.00023612164970955772
0.0
2.3291583869472072
0.4532449629359496
0.0
0.0
0.5765356602924461
0.5765356602924461
0.5532568460858692
0.0
0.013038835661955043
0.2897185031995405
10.386482863317317
8.589314207669412
8.275133446422453
0.027290299511340887
0.05151364352676303
0.4584530817541875
0.5275767553016889
0.2131881822623781
0.06912367354750149
0.0
0.0
0.0
0.0
0.0
0.0
0.0
0.0
0.0
0.0
0.0
3.1160147709814128
2.028494063241746
0.0
0.008682692480811521
0.21403148574451458
0.21403148574451442
0.08147961368136666
6.353124338805651
6.353124338805651
0.0
0.05375838080004908
1.9233561170007862
1.9233561170007871
0.0
2.840331207072527
2.840331207072527
0.0
0.014286469299718276
0.028572938599436548
0.028572938599436548
1.8053137148583853
1.627133983224624
1.627133983224624
0.16306058544258428
0.059084638182179794
2.0088776917294733
2.008877691729473
0.0
19.26656312634048
1.3567623088615872
0.0
0.3154919688338717
2.198528239348728
2.198528239348727
2.198528239348727
1.2499956283470335
0.45113237761424235
0.10340205694969468
0.1288784467689119
0.5549898822819757
0.5549898822819755
0.5549898822819755
0.22199582540374946
0.0
0.0
