0.0
7.482123782795007e-09
6.408587057679306e-09
9.182804714362108e-09
7.482118140041143e-09
7.3724795597110256e-09
6.615322063323863e-09
8.537017935553701e-09
7.105072911163677e-09
2.549175690660212e-09
9.37326467384441e-09
7.2652947078791655e-09
7.293537640373058e-09
6.6242618340186756e-09
1.2043332510809335
0.0
0.7681870784458904
8.854910563536052
0.611070795117832
1.8449406571104305
1.0789608333252176
39.397845475595204
1.676113591121044
1.2616597284773605e-09
260.333900313613
0.5040737165146867
66.65677720820386
8.597965119142157e-08
0.5382791205331015
6.800277082098029
0.0
6.8002770789903915
0.5981918425084332
1.8341128117733922
1.6033200541682788
29.90533257293842
2.181893029322737
120.33347187255987
91.22369949471079
0.6787472094042643
43.160771593220886
8.362829577131214e-08
0.08771878672574994
0.8200266512394725
3.867383778471413e-09
0.0
4.486661156226314
1.8309489693131245
0.9780871530203877
16.954557598288467
1.5582677060125376
6.670222103631668e-10
24.462541151194237
0.49186683595821046
132.812716688341
6.455967335532022e-08
3.581508714626519e-08
0.0004284470420369202
2.3924484890700975e-08
0.4303761875204283
0.0
2.1244322391414994e-07
8.591103520677296e-07
0.12607217426046308
0.07806588960651872
0.4772105558508002
0.12816345829209233
0.06385222433641258
0.12092949036653022
4.488662390848485e-08
1.6572249186333386e-08
1.8523690268677178
0.5986166859995006
3.8529323875363812
8.395560056361657e-07
0.0
1.2718439612106227e-06
5.856953373563432
7.79929558208497e-07
3.7408211228368334e-10
0.022945786666134976
0.006857971610392246
8.936122057789175
4.594000964658668e-08
4.376961737387122e-09
0.08802607089765738
0.08404715833304688
0.08877299615382048
6.649576668626807e-09
4.841701087814788e-08
0.0
1.4982747742254923e-08
1.525340840925729e-08
3.40430896512748e-10
4.8897302439597124e-08
4.769038091109202e-08
45.224184592969756
9.215228757227399e-08
7.9794774954787e-09
2.5768742121626407e-07
2.3256231726043336e-07
2.010833968484397e-07
1.4374531307355549e-08
2.8324089156142084e-07
2.48631903536685e-07
0.0
3.542653286975662e-08
4.830863511208948e-10
5.091156316064911e-08
4.829627465660463e-08
4.315631575374322
8.996839017056341e-08
8.116848735890097e-08
0.4417557618134518
0.35891065870357763
0.15404036125320056
5.424930320750543e-07
2.3775031005115977e-07
1.628706531963595
0.15023021324953337
0.0
3.464842867637089e-10
0.49447461174781987
0.00026350061468715963
0.3753143386116552
5.831164214506245e-08
0.039050230554767
0.06494963515243714
8.889603852419405e-05
3.1324335132775574e-09
0.06772584733298997
2.1270667353851663e-07
8.548521625655663e-07
0.12040065443321804
0.06277433460823634
0.0
0.12292048863743199
0.05519551130231069
20.125308210681595
4.5190081768934345e-08
1.837042159407877e-08
1.7725992885996906e-06
2.493914752898083e-07
2.0951283427461987e-07
5.494484991798318e-07
3.345925582480142e-08
8.527910354083114e-07
5.298447214075432e-08
3.6601699868645404e-07
8.326690898114957e-10
0.0
0.00019352999372409136
0.31794889281603295
9.428657501442746e-08
1.6645861316387112e-08
1.2289189416474845e-06
2.3436997104464242e-07
0.5713805564526134
3.360906766692993e-07
0.08675895848193918
0.560867651610745
0.003938729679996039
3.889642234801559e-07
4.722460288183565e-10
2.1322347062369706
0.0
2.283626312660247
8.205105137538652e-08
1.1997271615391673e-08
0.18120724895998708
4.775839698687494e-08
1.79429797018786e-06
1.268458396654652e-08
2.8269430647379233e-08
2.3209631487489846
0.0002029891523883293
0.02352989873607054
6.338242974030682e-10
0.013828142305934427
0.00024153490279132234
0.0
0.00022127471249007538
1.427703551873917e-08
0.009564035423278484
4.8482926352260655e-08
0.004142415419979302
1.4351830927198578e-08
0.004246868361255405
0.15172522805251382
2.894662727407443e-05
3.093347011960842e-05
7.960452283591862e-10
0.013140553349015555
2.984658012266739e-05
0.0003034632170036297
0.0
