0.0
0.0
0.034692153414381824
0.0874798057791562
0.0
0.0
0.3976919458808413
0.0
0.17414176290410005
0.17414176290409952
0.5202502884588398
8.439926274868704
8.439926274868714
5.081606053364599
0.0
0.09880152375860314
0.0
0.10113410873884085
0.7093700928004106
0.7093700928004095
1.205682999546693
0.1451938784037266
0.0
3.1359885700425463
3.293565275856565
5.027701530854806
5.027701530854802
2.3925288568044425
0.40436364793652374
3.116686541008021
2.8575975771496833
1.4475791022047415
0.48252635758198803
0.0
0.0
0.0
0.9281388056343023
0.928138805634306
0.0
0.0
0.0
0.0
0.0
1.0157253794802348
0.8904963435578853
0.010655218400027991
0.0
0.0
0.0
2.2694996618728167
13.670926960733015
12.91553882520717
12.144053855876072
12.857029946265424
1.8699872801433008
0.0
19.09564296482245
40.67687134865634
44.40989664370218
45.91047729540344
45.94224747387746
24.203308475029733
0.0
15.59930019185636
83.0016967627593
72.89832761829538
68.72223669564613
64.68504406788853
45.23067348063597
0.9102229709604406
54.543498001474525
69.51895545329917
69.04441294711499
80.35960174092602
75.65278228568148
58.52803497753751
0.0
17.360255233716288
80.30382719848782
75.82467289746089
76.19141648504781
61.331366603729364
52.22819440391583
0.10647963986073673
1.540068386868711
7.81488336005844
7.81488336005844
5.397154305354617
5.615229296767607
1.7077876167383867
0.2766590995621556
0.0
0.0
0.0
0.0
0.0
0.0
0.0
0.0
0.0
0.0
0.0
2.437045254074942
2.327029557962074
0.0
0.0
0.0
0.0
1.0383255706996402
4.8345783933133974
4.834578393313412
3.1906507378470543
0.0
0.07961936343071827
0.07961936343071847
0.0
15.046905179467853
7.477169003985888
1.6500732716450461
0.12704464360326093
4.870044647708395
4.870044647708388
1.7532065029128885
6.809890139146605
0.42815096679519904
0.15757670581401612
0.35381819194445807
13.38793998715622
13.387939987156276
0.0
4.43324527724697
2.6103696557150364
0.0
0.0
0.0
0.0
0.0
0.0
0.0
0.0
0.0
0.6462361981374811
0.6462361981374836
0.14917305760039185
0.0
0.0
0.0
1.3674449187236668
15.597637584431913
14.734336858116663
13.789716363090188
14.604546180678017
24.986123873091323
0.0
40.39820236919709
38.858659563239414
41.66925005407372
41.69704896023849
63.97970716044619
34.750138048594
74.16277640571715
79.22934557592586
60.1319571086904
56.59941355940246
73.42273948934299
0.812747053990848
80.97598948980759
80.26417573053027
71.11236891997676
73.02324647276595
100.00000000000001
46.88930016035073
70.65528060530868
69.89873194779273
63.93016775628904
94.15188384814388
99.99999999999999
11.722325040087648
4.522094560189693
4.522094560189695
8.592114014651935
8.429536240218914
17.715502901320026
0.0
0.0
0.0
0.0
0.0
0.0
0.0
1.1026836036021173
0.4748668780162942
0.32191704097124163
1.1134470905726905
1.1512352143864253
2.093761656452387
0.0
23.34962524074879
60.52425031412632
40.7051222858951
36.1227097104957
36.24240310550072
36.09884165367452
0.0
52.09510379621449
51.0809470154245
44.88079675984101
41.42351103594343
83.96111134697111
50.107336487839234
0.7964450995903856
62.30453699605544
63.51430033615768
66.97654714905887
51.25495664459716
100.00000000000009
68.03215070373628
0.0
56.5684966162434
51.873901232201284
51.87390123220128
52.76663909979991
53.46318415058804
60.28018862151435
0.09316968487814462
0.019326732927227346
3.9694606323750574
3.9694606323750383
3.5106715019215424
2.90100484729547
2.14595400566771
0.24207671211688617
0.1864549754082169
0.0
0.0
0.03550451003836367
0.0
0.0
0.0
0.004827268216053317
0.020718556162484584
0.08104730172222666
0.0
0.0
0.299751012582894
0.00551687796120379
0.002478010958170132
0.14603946278420127
0.0
0.0
5.0367999731778825
0.0
0.0
0.0
1.4062162872851112
0.4687387598806256
1.1863562663136982
0.2025986146731902
2.206073881396227
3.2025794471522584
6.357470946351968
2.2242081017800728
5.235702955584774
0.8065855044324953
0.0
0.0
0.0
0.0
0.0
0.7741579181568006
0.0
0.5820183872158176
0.8128888609650866
0.2032222048560558
0.2032222048560558
0.0
0.03550451003836367
0.03550451003836367
0.0
0.0
0.0
0.0
