1.0712406718928995
12.187902271050971
12.26952538891005
12.12256090790396
12.12256090790396
0.4562211256469819
0.0
25.899416945212117
44.07055136286168
44.228308996739464
46.17858712753435
44.88067597338608
26.492149582914433
0.0
42.979205854508535
98.95051242550443
99.99999999999999
99.49091242084359
100.00000000000001
42.09628615270253
0.0
51.26833973160497
95.11383183365773
100.0
99.99999999999997
100.0
57.49372067859237
1.7038454546949828
46.363891571970385
84.03326784396356
83.43305444544279
99.99999999999993
92.26583802221032
63.77815672436296
3.059865600135109
0.0
1.8837684215230845
1.969236787462576
1.5768828386487181
3.638775240186042
4.626295523285808
0.7710491677322047
0.0
0.0
0.0
0.0
0.0
0.0
0.0
0.0
12.187902271050975
12.269525388910049
12.122560907903958
12.122560907903955
23.989304852114586
0.0
44.07055136286169
44.22830899673947
46.17858712753436
44.88067597338608
63.907585582517015
0.0
63.881326229359026
60.292656230618825
81.6934202319143
83.5198076001022
99.87189731872897
0.0
69.17862912519854
67.4073576909737
61.5759843840977
76.44187309713067
99.99999999999997
6.658819628634883
39.98814206067947
39.387928662158714
25.85067827739507
28.48768129784736
100.0
0.22161930034230334
1.883768421523084
1.9692367874625762
1.5768828386487181
3.638775240186042
31.571467389649932
0.0
0.0
0.0
0.0
0.0
0.0
0.0
0.00045398806770307156
0.00022699403385153578
0.00022699403385153578
0.007711629798779112
0.0
0.0
4.570528326727152
0.05598381564735007
0.05598381564735008
0.20944413282196359
1.1053680862519621
2.1201001515944737
2.120100151594473
3.8781112675258953
0.053885733709459344
0.0
0.0
0.045694843348657116
0.8682027463892275
0.8682027463892273
3.4069948841489506
0.0
0.0
1.2651144923670137
0.3579814481754978
1.9162818961505055
1.9162818961505057
1.3890867823487423
0.14378688115030744
2.3963954404618577
2.2444612670669506
0.8373643715743644
0.7916687624770118
0.7109370590704418
0.28254973814088535
0.3798222932958928
10.307795965845642
10.871383104926053
3.4660130780550023
1.37358487134973
0.49948521934500384
0.12487124853151604
0.12887845159568587
3.826876548995034
3.826876548995034
0.5549898351249508
0.22199592602084556
0.0
0.0
2.5039220837937197
5.295317376723106
3.424576638666073
1.869369162312286
5.212727303328337
3.628880056064556
0.0
19.46368932698145
50.32601717483646
32.389645797866436
21.893733385216873
51.32713291379371
33.41543607808313
0.0
53.21030238895984
68.9348447879583
58.70374829343469
49.30076227608216
43.186123586667605
44.000265506790356
0.0
62.64984283330943
83.93171198198742
73.09271584816592
80.45896083096395
68.89265436229036
57.78998553298361
1.7038454546949828
52.826421538257264
73.13091477224842
66.84806882997165
74.55927259763368
68.37030774198203
63.77815672436296
3.059865600135109
1.1466501158039508
0.0
0.2794638968434073
0.6924372306753008
0.18992660020631538
0.0
0.7710491677322047
1.0603235075938116
0.0
0.0
0.0
0.0
0.0
0.0
0.003561901543548102
0.00824749320616076
0.027087156414193497
0.011303442505245974
0.003766699313229852
2.5391824094432756
0.003561901543548102
0.15346031717461348
0.5211441568731846
3.893733203660088
1.2979109432763751
2.5391823521213146
0.08663810231239605
0.0
0.0
0.0
0.0
2.260344787190017
0.1773892611034032
11.670074809458185
0.16438163737746542
0.16438163737746542
0.16438163737746542
1.2004267579068613
0.0
0.0
0.14127486907044268
2.580537443520258
0.9677010116369478
0.3225667573780928
0.0
0.15193417339490525
0.3020687272062449
0.7144769291172262
0.34185837084942283
0.3038683467898105
0.0
0.0
0.0
0.0
0.0
0.0
0.0
0.0
0.00022699403385153578
0.00022699403385153578
0.00022699403385153578
2.0758753837708
2.0758753837708004
0.0
0.05598381564735007
0.21394561962281838
0.21394561962281816
0.4679697524357587
3.2227671042728403
3.2227671042728403
0.15346031717461348
0.053885733709459344
1.9279108935537614
1.927910893553761
0.09138968208624446
0.0
0.0
0.0
0.0
0.0
0.0
0.5807994377793018
1.1466501158039508
1.1466501158039508
0.0
0.14378688115030744
2.6098852582924787
2.6098852582924765
0.848023675898827
6.707147203338224
1.0603235075938116
0.0
0.3798222932958928
2.9024259389745763
2.9024259389745746
2.9024259389745746
1.3735847238121075
0.49948519433803285
0.12487124853151603
0.12887845159568587
0.5549898351249509
0.5549898351249508
0.5549898351249509
0.2219958103939142
0.0
0.0
