0.0
11.466530284141564
11.46653028414156
11.466558527591124
11.46655852759113
23.99979240577005
0.0
41.97336397713555
46.250884688077406
45.827182032562625
45.92833385798683
63.63463670599022
0.0
99.99999999999994
99.99999999999999
100.0000000000001
99.95607597050316
100.0
0.0
76.75405157958724
76.16322880873567
85.64778371607122
100.00000000000001
100.0
0.0
59.96076387952146
59.97298914349694
60.354987663300676
70.00840536078573
100.00000000000004
0.0
3.4676443295225328
3.4676443295225328
3.4676443295225328
3.4676443295225328
30.432135864392162
0.0
0.0
0.0
0.0
0.0
0.0
0.0
0.0
0.0
0.0
0.0
0.0
0.0
0.0
0.0
0.8000851857950221
0.0
0.0
0.9122501339969395
0.0
0.0
0.0
0.0
0.0
0.9122501342774371
0.6680474064267142
0.0
0.5816430977871928
8.10009329152793
2.5951755162376466
0.8650585014842148
0.0
0.09816458731578862
0.09816458731578862
0.09816458731578862
0.09816458731578862
0.09816458731578862
0.0
0.0
0.0
0.0
0.0
0.0
0.0
0.0
0.0
0.0
0.0
0.0
0.0
0.266660112140033
12.79985162514461
12.799851625144601
12.799889283077352
12.799889283077361
0.26665540489843864
0.0
24.061438001086703
46.250884688077505
41.97336397713565
41.584872918829944
41.67338076607613
23.967077918072913
0.1011518254243089
44.63440585337127
65.20613928286538
65.2061392828654
68.87806409886727
77.70793444082435
33.717766033686225
0.272004892729023
58.01891533105738
87.35918016812474
87.0377528035483
70.92639987810833
71.94758881764463
40.76058650351186
0.0
52.33906257715587
65.1107839123848
65.1247556426419
70.64249319050401
58.19892295185373
59.66472982362831
1.5458863712132922
0.0
3.4676443295225328
3.4676443295225328
3.901962121468705
3.901962121468705
0.0
0.0
0.0
0.0
0.0
0.0
0.0
0.0
0.0
0.0
0.0
0.0
0.0
0.0
0.0
0.0
0.0
0.0
0.0
0.9143830694800255
0.0
0.0
0.9122501361655652
0.0
0.0
0.0
0.0
0.0
0.0
1.0604294658920008
0.0
1.4264077874482681
14.360213424699342
0.664734968899649
1.246378066686841
1.246378066686841
1.246378066686841
0.0
0.0
0.0
0.0
0.0
0.0
0.0
0.0
0.40552719619210886
4.4764688434558435
4.070941647263711
0.8806916863142604
0.3218933088677387
0.08498832285914039
0.8052858333078883
1.5099109374522943
1.5099109374522943
0.0
0.0
0.0
0.0
3.7332415699604633
3.7332415699604633
3.7332415699604633
3.7331756685781414
3.7331756685781396
3.7331756685781396
0.0
36.09215700162999
36.092157001630035
36.092157001630035
35.66612736810354
35.66612736810353
35.66612736810353
0.08850784724627028
53.39659006050212
62.23911283084837
52.439835677511546
43.220426105856006
39.057172926546215
49.74593159971338
0.23800428113789512
61.422819312449114
77.24999706232076
66.59838095380748
63.51631830827117
60.18911407620723
61.1408797112195
0.0
58.35900258288619
58.104894905374955
62.64057537886824
60.15521477392665
57.36506223311549
52.206638595674775
1.3526505748116304
0.2585199467796793
0.11034061526803131
0.4343177919461724
0.0
0.0
0.0
0.0
0.0
0.0
0.0
0.0
0.0
0.0
0.0
0.0
0.0
0.0
0.0
0.0
0.0
0.0
0.0
0.0
0.0
0.0
4.304285306593362
4.304285306593361
0.7108043369406716
0.0
0.0
0.0
0.0
2.5833830177317227
2.583383017731722
0.0
0.0
0.0
0.0
0.0
4.551101255937975
2.074510641163072
0.0
0.0
0.0
0.0
0.0
2.6840591952640818
0.46201645505105077
0.0
0.0
3.641949062650835
3.641949062650838
0.0
0.8753799392082541
0.31658156196788323
0.07436478250174784
0.7046251041444024
0.0
0.0
0.0
0.0
0.0
0.0
