0.0
0.0005309997093579566
0.0010899310980255765
2.9713586062274674e-08
1.970639143257726e-09
7.925160313228871e-06
4.226647054452132e-06
5.001029753334169e-06
4.48312381462818e-06
0.17540366104122568
2.3490009899976662e-09
3.825048111019282e-06
9.22356557754444e-10
2.5883159126792806e-06
1.9708021243031968
0.0
1.9707888683335253
4.780567219227308
2.4152613474642726
0.43456593522216425
0.9564165398693635
0.9435587561422053
0.9566619063332227
1.2728544866558453
324.9752183784522
0.7741794338604723
53.61094968299788
2.80865470109335
0.00010060618429890176
0.9576897490142118
0.0
1.5842133439520247
1.6514952698498096e-05
7.037864653664347
8.149115864951872
2.750864753070773
8.14887255095394
21.835913692189678
51.47770638202681
11.49591053681863
272.4752477565781
2.6349799855983834e-06
0.6935577558199957
1.3849093110636037
0.00013964029620878066
0.0
3.46225518127952
4.144462473439899e-05
2.3475983101457813e-05
0.0003703540457081714
2.480435924832941e-05
0.00010170939932901194
32.56112856417896
4.397687551574978
4.972042217927236e-10
5.3529279161060455e-09
0.00011602523674544615
0.0010410079051060516
0.000138663821055215
0.0015620003222815899
0.0
0.00019753420191191698
4.5227487472502935e-05
1.8268080765755156e-09
4.7915340810780426e-05
2.396664375036756
4.740972971188735
5.95217617225833e-09
3.247893504253304e-09
1.7694743589600037e-09
5.793438422455737e-05
7.532941423495459e-05
0.0007510335936152277
0.6129914540622653
0.00015294681248444447
0.0
0.0001331418443004788
5.7177053088927346e-08
0.00015007827922096937
0.00010402864012698353
11.126432516950313
0.10258459468250733
1.352981980235809e-09
0.042859755556327636
5.080899014781201e-09
0.0027619275371930955
4.810786195917837e-08
0.06478671451630615
7.50450078036212e-05
0.0003882196704692983
0.0
0.00040368863022313553
8.15663141772522e-05
5.4108573972078055e-05
7.768311898883102e-10
1.5615915304146762e-08
1.896250114669576e-09
7.20849808861199e-05
1.373447995871412e-08
0.0022853665117795316
3.18459651507239e-08
0.0006634375287005197
4.191293120526832e-05
0.00030358419098585454
0.0006205337490305012
0.0
4.483648416705999e-05
3.186948934245497e-05
1.689669233945736e-09
2.491259536448396e-08
9.570334212639906
8.203739302054149e-05
0.00037718524947040683
0.0006943823096273181
0.9263094114605674
0.17125487350907057
7.218840349965412e-05
0.00021428288296711174
4.556208997758533e-05
1.516970423049114e-09
0.0
5.423250335188556e-05
0.17253401582599803
0.00014144249016794714
23.02831594514992
1.842965968683517e-05
0.0010196510320209682
0.13965341370202528
0.00014004078605481032
0.0002775231720113344
0.2994531655093874
0.00019805695915831454
4.5136763580687025e-05
0.000611007493983608
4.781354538928208e-05
0.0
1.2543350332705975e-09
7.151748578504861e-09
1.944796616905514
1.8866711793516438e-09
0.0018694826273371581
2.7174747816134934e-06
0.0010040405115955572
4.7213229210819484e-05
3.844182234678459e-06
7.155868387501328e-05
3.6259539689929356e-06
4.3634261614315615e-05
0.00038770682885659195
2.9355062371317388e-06
0.0
0.0006146252310096593
0.5981458745744159
4.136605343056397e-05
0.0013014283542094945
0.0006706783219970065
0.0007408122852026469
0.00039273533668840563
4.3138804163007214e-05
0.06444917390454337
2.207801016940877e-05
7.313353109234684e-05
0.00041523566520638603
3.2699692361776316e-05
0.6619980991685738
0.0
8.93231192143022
8.225162262401274e-05
0.001352227612772152
0.0010247314034243715
1.8064945692346476e-08
1.7040321926936818e-09
1.9581879306986992e-05
0.20936813399417598
6.337450139196939e-05
0.0003538135711843135
2.0011818156706647
1.5420638130873085e-05
3.5443516608654324e-10
0.00021892021571200148
0.0
0.00017647191143820774
0.0010735431080721634
0.003013090047882213
2.932813633236326e-09
1.2711253500994963e-09
3.4923459063115204e-06
5.468208311232379e-06
1.33949035224568e-05
0.0003119612720478338
1.604716848357173e-05
2.7103694708802137e-06
4.1736898625507825e-10
7.845138564632946e-05
0.0008282215497453888
0.0
