0.0
0.0003825173049897795
0.001526065017925317
0.0016245443432568027
5.7816752025763756e-09
1.1146965790905081e-05
5.9567307089214584e-06
7.208372376543023e-06
6.323125138728435e-06
5.091370943464462e-06
6.785153020383747e-09
5.3895979425272394e-06
4.8321978258160985e-09
3.430155694858693e-06
1.7233031413514344
0.0
1.7232814160565166
4.005365890476645
1.0064518684231913
0.03776590828252223
0.365972781264133
1.4172063598325941
0.3658732108257724
2.554541957606203
340.4225694650449
0.604128924109396
39.19176155699252
0.970745578479566
0.00014296528667918522
0.9781529664870757
0.0
0.9781528506860997
2.3159198148149608e-05
8.921315404292223
8.903304519423806
4.545654855202727
5.2110318642079605
28.19841851269235
36.90230367245276
19.46657992810351
269.73726524183814
1.8030286299652103
0.8802871448634311
1.757480275467969
0.0001981273100755041
0.0
5.592985731634534
5.801474681893985e-05
3.304036126500907e-05
0.4809744430302533
4.393674730145276
0.0001363466261603371
21.925926428833083
4.14847048514043e-09
2.3538327780172765
1.0058768870896426e-08
0.00016386336758205536
0.0021959372371829025
0.0001963639902873554
0.17042672022934957
0.0
0.0002770455699463398
6.357503890472155e-05
4.3798382334306185e-10
6.734338927110322e-05
5.456944523977251e-05
5.816101849831565
4.0967631134138253e-10
2.6988733909243423e-09
8.365339775105511e-09
8.179679060854855e-05
0.00028383268593456195
0.0017392830189663297
4.887514208573147
0.0006763817327268907
0.0
0.0004705861920026598
0.0003842300999340909
0.0004334216806226779
0.00018384031511560343
6.675127765697518
0.00015396366214830815
1.2788053207412745e-09
7.618056351170632e-05
9.991145016300285e-09
0.005782371546440447
1.2789419475204524e-08
1.4870462233655901e-09
0.00010120192168031049
0.0008556939591879868
0.0
0.00039257981314054773
9.736682349660941e-05
7.573999934518689e-05
9.783690466685654e-10
8.05661718198319e-05
1.1833160089530776e-09
9.00305198024362e-05
1.1489764649290417e-08
0.002751673233490066
9.841919049608622e-09
0.0009047543431832836
5.7249701921997414e-05
0.0004235900536572626
0.0007877455355383921
0.0
0.16350894577406375
4.483685551401254e-05
5.632241322038942e-10
0.00012435296622944323
7.4671643621249775
0.00010650886906852242
0.0009434665890777651
0.0005089911888606273
0.7844498452534798
2.264879369083113
0.00010020043696433216
0.00030511696907981506
6.388728393180356e-05
1.104905261712485e-09
0.0
7.601017568409417e-05
4.588585430425549e-08
0.0001980518058956798
25.760699327623186
0.25046722226035784
0.0018896383541386914
4.60376796766517e-05
0.00019784572950492686
0.0003886168373447025
6.78000530263124e-05
0.00027781042068238083
0.0018045657260874852
0.0008539705323847007
6.719764417501509e-05
0.0
1.0907499360905443e-08
1.1299053769412219e-08
3.899678895506184e-10
1.1304672877887362e-08
0.002597465962167529
3.8191393829045434e-06
0.0014050023643224544
6.614322249551905e-05
5.398838286779734e-06
0.00010070881474128225
5.0921960914993704e-06
5.59525202735037e-05
0.000580426944046676
4.12202746859831e-06
0.0
0.0008599766305720588
0.4309020263549655
5.4666862942695127e-05
0.11331392354475911
0.0009415614679861967
0.0010374766039958601
0.0005505592961557716
5.974349611596918e-05
0.00032889713747070125
3.100527301871032e-05
9.146797915918663e-05
0.0005132665334927045
4.58903837578988e-05
2.511583974148707e-09
0.0
7.487713835531673
0.00010693742679788436
0.002815803998136178
0.0014309597143179168
4.575796396801467e-09
5.864339945554769e-10
2.6779730126807747e-05
4.148453074009753e-05
8.878510669541662e-05
0.0004916753899313962
2.141974151532641
2.1636053018028238e-05
5.322160344938163e-10
0.000483783173594251
0.0
0.0002562622211572978
0.0028680821510241434
0.0028979053831352185
7.625587090958673e-10
6.029979912658298e-10
4.766985443408915e-06
7.674660351507713e-06
1.8779957766919357e-05
0.000242717676046713
2.2503733776590356e-05
3.8026077238285325e-06
6.018336813904387e-10
0.00023761096626284558
0.0011601749676292716
0.0
