1.0712360074087206
12.18787402151243
12.269093551602785
12.124987825523405
12.124987825523407
0.4922057179925877
0.0
25.899680127034795
44.07290663863706
44.25732308518423
46.10769953228444
44.85240079871821
26.477832761775858
0.0
42.043956901259996
94.44419738334481
99.99999999999999
100.00000000000004
98.98971934312556
45.09754987401041
0.3591707173007186
52.94637693769804
99.99999999999993
99.41087181067628
100.0
99.81615582338566
65.81271318952228
4.16133606116057
54.992628057459406
91.89607305702357
92.02242605702278
99.99999999999999
99.98011223794828
75.49933751056558
3.8976957774509207
0.1231891378075752
1.199374341343089
1.2111710358655972
0.8634159054091155
2.8992517754428158
4.620399513262688
0.7700663410176832
0.0
0.0
0.0
0.0
0.0
0.0
0.0
0.0
12.18787402151243
12.269093551602785
12.124987825523409
12.124987825523414
23.99137220399928
0.0
44.07290663863708
44.257323085184225
46.10769953228444
44.85240079871821
63.90678498858121
3.0764414299228213
67.37739719948068
64.04380975371016
74.36633321879205
82.53134146311065
99.2897370126451
0.0
64.02463892969459
74.85160165842552
50.1014903624977
82.60625874743434
98.27734060046154
0.0
35.40718606166451
35.53353906166384
6.499870574669632
56.84691808638269
79.29101274380307
0.07946462126574538
2.6956332792426987
2.707429973765206
2.3596748433087247
4.395510713342425
79.26833418439976
0.0
0.0
0.0
0.0
0.0
0.0
0.0
0.0
0.0
0.0
0.0071786905121570144
0.0
0.0
3.283314802605117
0.03935904045288846
0.03935904045288847
0.05517613606018921
0.44012526139525093
0.5084928698275037
0.5084928698275037
2.986280180802962
0.05393685280952548
0.0
0.0
0.04816989859682097
0.24075349367618992
0.24075349367618992
2.4769639272363118
0.0
0.0
3.6181823079476962
0.008238585191726332
0.0803568016199537
0.0803568016199537
0.03306918086041935
0.15950093006765656
2.3464147761153122
2.0002677498565733
0.8024668659695928
0.574444922787412
0.5744449227874122
0.19255584530942682
0.1795499125503106
0.0
4.0750202120649295
4.07502021206493
0.9283802801042822
0.3375923155146243
0.08439790980514195
0.12348413127375969
3.8372906168867846
3.8372906168867837
0.5584149603488249
0.22336598026785248
0.0
0.0
2.503924843166522
5.295255490643394
3.423714553847142
1.869288984691032
5.259080279228542
3.5924174479456017
0.0
19.463665387489115
50.33535991434467
32.47852955536155
21.763770337965877
51.28602921534606
33.42895235602553
0.0
52.83035747123818
68.29672022363945
57.510319681614185
48.88988429001269
45.21817080329486
45.097549874010404
0.3591707173007185
63.20281401736494
77.37563107637614
67.54345728128675
81.36445191194805
74.77161369339633
65.81271318952231
4.16133606116057
58.51372547362202
61.59971911096348
59.47270990214473
88.47386220692366
88.63202211725583
75.6965843729248
3.8976957774509224
0.26930849408401214
0.11602717012649821
0.11602717012649819
0.6986539220271958
0.1499261879668235
0.0
0.7700663410176832
0.0
0.0
0.0
0.0
0.0
0.0
0.0
0.0018098820259730532
0.01024369971724876
0.02887685292856473
0.01118045255663911
0.003726343649200846
1.8240637473945616
0.0018098820259730532
0.027069810233296545
0.4477759169120976
3.7616434756824066
1.2531754397774493
1.8240636284617653
0.0873884228346003
0.0
0.0
0.0
0.0
0.8205883341994153
0.0
9.766327465314703
0.0
6.242158613858154
2.060871040056427
0.9969319614119798
0.0
0.0057901832552142525
0.13224634734737253
1.3602294891115332
0.507790273042881
0.1692587973467633
0.019644829728506594
0.46079039894737717
0.4639340600616071
0.4621741963852379
0.34614702625873967
0.34614702625873967
0.0
0.0
0.0
0.0
0.0
0.0
0.0
0.0
0.0
0.0
0.0
2.070391251383193
2.0703912513831906
0.0
0.03935904045288846
0.18293751052859847
0.21194607850796296
0.06836760843225285
3.700138764424926
3.700138764424926
0.0
0.05393685280952548
1.927101960692744
1.927101960692744
0.12042462743642597
2.9729811290552797
2.97298112905528
0.0
0.0
0.0
0.0
0.03089596866197608
0.38633592204789424
0.3863359220478943
0.0
0.1595009300676566
3.076647267822413
3.0766472678224135
0.0
0.7936099866584863
0.0
0.0
0.1795499125503106
6.104697462179534
6.104697462179532
0.0
0.9283790316060861
0.3375918965449627
0.08439790980514195
0.1234841312737597
0.5584149603488251
0.5584149603488249
0.5584149603488249
0.22336577346143577
0.0
0.0
