0.0
4.109487624179044e-08
3.705513872554731e-09
1.4878140881827668
7.695567761419836e-09
1.5892582317916163e-08
4.35556562194211e-09
4.670745029647884e-09
1.5960035031377353e-08
0.10816771333233136
4.2258637916953255e-09
1.615267999536979e-08
1.619138227989448e-08
1.5374233733004066e-08
3.376511747856724
0.0
3.7685553212137677
10.140656416961162
3.4152498500198076
1.057330492305303
26.894647789959706
22.497907292148412
1.2789369979322076
3.424506861712474e-09
190.68677097047328
11.485849819096668
119.16851117126441
3.0862601530011404
0.8637634570895883
2.4076925054723697
0.0
1.6738707996224491
0.8701485582168045
11.219569299047478
2.46831072342246
17.486856136761865
6.280117930608911
44.51764031530392
22.372474491584136
9.281566443852158
249.3077112472681
1.5764900804335171
2.6309289467434788e-08
2.372508777770738
4.269248808530919e-09
0.0
6.388816938070988
3.786039231297446e-07
8.015482603300481e-08
6.508981420994687
0.725362656474513
1.1985323538735027e-09
25.43187463920326
17.84065414390802
7.613418022804686
1.9419446024153755
5.458108628277562e-08
0.00026401602540522084
7.72667924868008e-09
1.4379360860235435
0.0
0.00023380005333736734
1.9141118012167558e-07
0.053827861679879636
6.890214189958053e-07
1.238391432271452e-09
17.883183770332064
1.2578713113984587e-07
0.04194219449660477
2.352318231541889
4.498432700656524e-08
0.8119619533806728
0.704116488296891
0.7533238096200912
1.6858843868865965e-07
0.0
1.47147759566114e-07
0.03491275808198638
1.0207392202250962e-06
9.56066334112179e-10
0.18876730862699995
0.23861645390254105
1.3710329202906966
3.730880340553868
3.830430346492404e-09
0.9410369194147647
4.2970711157380945e-09
0.07037404478211423
4.598637903515368e-09
3.211204465824002e-07
0.0
3.1242655233553654e-09
4.455869713924653e-09
8.941455918391954e-10
0.5428707094215098
4.799835595847499e-09
35.17634432661504
4.283704039674579e-08
4.862766368908849e-09
0.06301595488027402
5.17540674312624e-09
3.6736578797815527e-09
5.403190933040843e-09
3.6316253397285506e-06
9.613120869204978e-07
0.0
4.910275530331037e-09
1.1539280360640512e-09
5.686134196816402e-09
5.719012063153055e-09
1.7523669055735358
5.112014436987927e-08
4.529659415983314e-08
0.29155983741529995
1.3518530196517975
0.007037413400770956
0.10219277131462673
0.0004087122181884138
1.7944985322871785
1.073617039957975e-06
0.0
8.976938148947224e-10
34.43969814709852
2.7143755200859822e-05
0.004241350853091932
3.1030589506212214e-08
6.365920256178766e-08
0.7574494361912165
8.489381359973346e-09
5.484799990433647e-09
0.0003644305559461367
4.6052741389882197e-07
1.0122688175979124e-07
0.07449451423449777
1.6896427189520504
0.0
12.150434345378297
0.147970862180475
0.05368766508890724
2.7275203628825067e-08
1.1263243643442065e-08
3.267015471186955e-08
0.00032193748469084915
4.25220499286649e-09
3.3312366198390646e-08
3.43473721680167e-08
2.251124558656609e-08
8.208203306012328e-08
0.0007480408492582671
1.395178613695745e-09
0.0
0.001629184425446306
0.10628465025538142
3.465211301822907e-08
2.022711941297994e-08
7.173407376008729e-08
4.542587955063232e-09
0.00019012696792955152
6.371493064378831e-08
2.538319339214424e-07
0.6065508417615707
0.011783168520919624
0.00018098008496784409
9.138454637759061e-10
95.69920136154963
0.0
0.8120349385008403
4.5697129604156825e-08
4.81351675570904e-09
0.16107347286821344
0.0174642834279239
4.119993998623339e-08
0.03793062819216467
0.44360501622552273
4.737531321384876
0.0002490116638729252
0.00020279486778924103
1.0941533168486024e-09
0.0005099980321147784
0.00025115785362327857
0.0
0.0002370075021187851
5.1931883863717406e-09
0.16787215775462144
0.02566640069336408
4.88606225671662e-09
0.05266241191150893
1.1206404313022679e-06
0.17852236733224608
3.7095604286185316e-05
2.2124454364764777e-07
1.301756101450561e-09
0.00013868081867399992
3.950742785760025e-05
0.0002905824416691056
0.0
