0.0
11.466504911678165
11.46650491167817
11.466538411047733
11.46653841104773
23.99975378772192
0.0
46.25097795957401
46.25097795957383
45.8269390734966
45.928171167753575
63.634346757401346
0.0
99.99999999999997
99.99999999999982
99.9999999999999
99.98376121103908
99.99999999999994
0.0
76.75072518210956
76.15932018491809
85.63858808816794
100.0
100.0
0.0
59.960130960991734
59.972117139031276
60.35858657870943
70.0071892960143
99.99999999999999
0.0
3.4657885294216415
3.4657885294216415
3.4657885294216415
3.4657885294216415
30.439017129967198
0.0
0.0
0.0
0.0
0.0
0.0
0.0
0.0
0.0
0.0
0.0
0.0
0.0
0.0
0.0
0.8007201338004027
0.0
0.0
0.9127150720427323
0.0
0.0
0.0
0.0
0.0
0.9127150724384748
0.6700424682617482
0.0
0.5820044334107383
8.100466678548418
2.5952951433261724
0.8650983755849696
0.0
0.09798671309554799
0.09798671309554799
0.09798671309554799
0.09798671309554799
0.09798671309554799
0.0
0.0
0.0
0.0
0.0
0.0
0.0
0.0
0.0
0.0
0.0
0.0
0.0
0.2666588933390941
12.799824020958937
12.799824020958942
12.799868686785025
12.799868686785025
0.2666533101108343
0.0
24.06148675502055
41.973448636816016
41.97344863681588
41.58464928966982
41.67322737214468
23.967051782497137
0.10123209425712731
44.63466550860897
65.21684839360988
65.21684839360985
68.8863588791506
77.64175806848858
33.71118038460844
0.27819895331021977
58.02090946364756
87.35833198991274
87.03702191305986
70.92548932978865
71.95292980367535
40.75696857712693
0.0
52.338573201910336
65.11038990808058
65.12408839726835
70.6436015595159
58.20132617666138
59.66612898788951
1.5463527589076003
0.0
3.4657885294216415
3.4657885294216415
3.9005714419797277
3.9005714419797277
0.0
0.0
0.0
0.0
0.0
0.0
0.0
0.0
0.0
0.0
0.0
0.0
0.0
0.0
0.0
0.0
0.0
0.0
0.0
0.9151087243433171
0.0
0.0
0.9127150750879484
0.0
0.0
0.0
0.0
0.0
0.0
1.061184627703401
0.0
1.4507785548188836
14.391157722249911
0.6651479238979867
1.2471523573087249
1.2471523573087249
1.2471523573087249
0.0
0.0
0.0
0.0
0.0
0.0
0.0
0.0
0.4059006053583921
4.476842247856197
4.070941642497811
0.8806916764554716
0.32189329164870845
0.08498831446255363
0.8058504379175294
1.5109695710953706
1.5109695710953706
0.0
0.0
0.0
0.0
3.733224506747319
3.733224506747319
3.733224506747319
3.7331463415516817
3.7331463415516817
3.7331463415516817
0.0
36.092230132530844
36.092230132530815
36.092230132530815
35.665862408647556
35.66586240864757
35.66586240864757
0.0885780824749864
53.39170453847398
62.23671086328503
52.431931404731216
43.2175757309276
39.057242147985896
49.77792187863195
0.2434240841464423
61.423502150977384
77.25085980885054
66.60028345181912
63.516398965879574
60.18812952535
61.135452803706855
0.0
58.35668725566172
58.102239214927465
62.64268563676265
60.16110709393204
57.367434428878795
52.20786286440332
1.35305866404415
0.2589348661247685
0.11046531099840855
0.4347829125580863
0.0
0.0
0.0
0.0
0.0
0.0
0.0
0.0
0.0
0.0
0.0
0.0
0.0
0.0
0.0
0.0
0.0
0.0
0.0
0.0
0.0
0.0
4.307701134344088
4.30770113434409
0.7110191021141508
0.0
0.0
0.0
0.0
2.5824731256500133
2.582473125650013
0.0
0.0
0.0
0.0
0.0
4.560643211329932
2.07857377176904
0.0
0.0
0.0
0.0
0.0
2.687080519484974
0.46267423621423875
0.0
0.0
3.641356672967845
3.641356672967853
0.0
0.8753799392060454
0.3165815546896282
0.07436477515473444
0.7051191331778387
0.0
0.0
0.0
0.0
0.0
0.0
