0.0
0.0002798312437517195
0.0011166370535337887
3.1215377959714326e-08
1.0923721546885798e-08
8.154660461115996e-06
4.356363957576542e-06
5.27142328010499e-06
4.6243013329816876e-06
0.7300959045623016
1.746702117487674e-08
3.9423750048213815e-06
7.729985622399562e-10
2.5038095677710716e-06
1.6385824306672483
0.0
1.3473520401761307
1.1179558323727903
0.819384199766988
0.08842611419747762
0.5153855848035555
2.028210397893675
0.5152612559704781
2.1967002098372297
278.17741803768405
8.81554861203624
98.49221864634696
0.8001120911267121
0.00010456917944718912
0.6300608515284449
0.0
0.630060696164616
0.068788607023235
8.95249461697687
8.580586616829674
3.018451689412075
8.580713097758386
18.163968092328766
115.46539386323909
9.270011188077746
216.19717545063017
1.2240290880545999
0.8063971038754383
1.726817456331097
0.00014508942008447615
0.0
4.442247520869455
4.243537122403028e-05
2.4158968844383607e-05
0.533198981619096
2.5528993682058813e-05
9.974619872467604e-05
15.932740029897
1.4952482296889277e-09
1.6557421263826222e-09
4.110872375138268e-09
0.00011982504532140204
0.0015757168278009645
0.00014361091038209302
1.7698531012859284
0.0
0.00020246870627715392
4.650345235961224e-05
3.0046526549349833e-10
4.925167185375199e-05
3.990908812297585e-05
0.3065552286059395
2.676561597823451e-10
1.5109970249223697e-09
1.4432952421847565e-09
5.9815265896889016e-05
0.0002074398783422661
0.0012734097560017537
2.991555313024107
0.00047627638275310393
0.0
0.0003439847612415765
0.0002813762619481835
0.0003163767275877323
0.00013449181146945357
1.9413168777680605
0.00011260708709282235
9.425728558590663e-10
5.564732244749416e-05
6.636043787099109e-09
0.0037513044813952652
1.0928870912455375e-08
0.10661031372353211
7.398190181642932e-05
0.0005835878895812278
0.0
0.0004152411837668002
7.110091750182496e-05
5.538755590232818e-05
1.2294396186252906e-09
5.8855684429561825e-05
1.107741618575672e-09
6.580643594452553e-05
1.1082162653449574e-05
0.002270140207608435
7.591730508540522e-09
0.0006622922157173574
6.159885970444052e-05
0.00034292809290612474
0.0006332780430031157
0.0
4.0485000788584966e-05
3.278473476111908e-05
5.669049057908404e-10
9.084650407124376e-05
11.450870672245538
7.781795505703915e-05
0.0006904480152095339
0.00037250346638270876
0.5661592191612574
1.4279887294647389
7.32692832164891e-05
0.00022320045033879992
4.671902214294046e-05
1.2610720280717301e-09
0.0
5.558466923758778e-05
3.6849613756870606e-08
0.0001448854300663037
18.208993348488455
0.8144628092331591
0.0013833752867227923
3.366670266650412e-05
0.00014476591165390188
0.0002842493002993
4.9583962749828227e-05
0.00020301848194769726
4.63837388766553e-05
0.0006250691330712754
4.914376784271088e-05
0.0
2.657758679962887e-09
0.6367699385421934
1.278984604279626e-09
1.5998002397914116e-09
0.0019175220919151008
2.792519756042262e-06
0.001028352156920002
4.840617840794476e-05
3.948311590146596e-06
7.360374356599988e-05
3.723109485244977e-06
4.161317119954787e-05
0.00039751350411053755
3.012129878454533e-06
0.0
0.0006295011002200177
0.7156794098881935
3.993389890495333e-05
0.08872835485308203
0.0006870967538753233
0.0007589369724231049
0.00040296971358693784
4.368361701169592e-05
0.0002435384302150449
2.2676417930026037e-05
6.831495758713487e-05
0.00042506621359364796
3.355517347879527e-05
1.7949215426149866e-09
0.0
11.304222521380986
7.8129905866502e-05
0.0020566777199716485
0.0010472208824485049
3.6658501724726615e-09
5.062691429985753e-10
1.9571594182512104e-05
3.0335236583143193e-05
6.494646477438614e-05
0.00036570909278144526
1.6164200395229635
1.5820034493681997e-05
4.4472551590080894e-10
0.00035383819110223363
0.0
0.00018753763153563118
0.0020974089039071608
0.0020373061877530345
6.109036577778705e-10
6.321052947605652e-10
3.4847168666092376e-06
5.613318603735537e-06
1.3743775851383494e-05
0.00030634944402724133
1.646990321844706e-05
2.7809409762676128e-06
5.055574572618756e-10
0.00017335831543984127
0.0008469957332590532
0.0
