0.0
11.46643126507827
11.466431265078274
11.466473297959862
11.466473297959862
23.99962467559874
0.0
46.21638217307253
46.21638217307245
45.90751404069982
46.25556052595053
63.90375111559617
0.0
94.64217902156251
98.94983629367658
98.9498362936766
100.00000000000009
100.00000000000006
0.0
98.66151212877111
99.99999999999989
100.00000000000009
100.0
100.00000000000003
3.2840417957863326
61.77418168038956
63.1931175272699
61.47215776609873
65.09180550506144
99.99999999999999
0.0
0.5796850126094708
0.66808769643117
0.5823754979258038
2.6737110594973594
27.625571587472294
0.0
0.0
0.0
0.0
0.0
0.0
0.0
0.0
0.0
0.0
0.0
0.0
0.0
0.0
0.0
0.3022458310464193
0.0
0.0
2.1014172189267244
0.0
0.0
0.0
5.037587244392781
0.0
2.079893105438698
0.4685360039208945
0.0
1.0070882710514402
6.045300575892707
2.3108503945225447
0.9772701711967194
0.0
0.0
0.0
0.0
0.0
0.0
0.0
0.0
0.04592345335050121
0.09471698608840193
0.0
0.0
0.0
0.0
0.0
0.0
0.0
0.0
0.0
0.26665545482738373
12.799743783143866
12.799743783143875
12.799799826985991
12.799799826985991
0.2666484493471193
0.0
24.040718948131598
41.941879335696704
41.94187933569663
41.66485265232541
41.96939332691979
23.93244586740911
0.085668370446232
44.20093964418884
65.99903373332465
59.49829344728728
64.470946313139
90.90714960956828
38.72901974531269
0.3600308853130085
53.61958299608085
67.61987932221645
78.76052893375973
64.96769328514989
62.0932389328783
48.46213886998271
0.670257984003145
49.09706732260815
59.85837853068705
64.83530428855651
66.78816706679362
62.697837316434324
64.36146849246792
0.0
0.0
2.007869274555899
2.6298114804245825
2.623689180531344
2.7730702920721697
2.3354338343499164
0.4151882285767955
0.0
0.0
0.0
0.0
0.0
0.0
0.0
0.0
0.0
0.0
0.0
0.0
0.0
0.0
0.0
0.0
0.0
0.3454238069101935
0.0
0.06404281375878822
2.1010763000189394
0.0
0.0
0.0
0.0
0.5067347884594571
0.5067347884594571
3.7078480969759138
0.0
2.6612428616632338
2.8470004829104893
1.0669598584172668
4.602926049731053
4.602926049731046
1.5440770549532656
0.0
3.7270722516241563
0.42827882244201926
0.0
0.1127417909545878
0.11274179095458763
0.0
0.0
0.02540364478358726
4.096345274714727
4.070941629931141
0.8806916591318263
0.32189325358761073
0.08498829549165819
0.052856036824271986
1.6847871746950485
1.6847871746950565
0.0
0.0
0.0
0.0
3.7331763675833733
3.7331763675833733
3.7331763675833733
3.73307829085967
3.7330782908596714
3.7330782908596714
0.0
36.06107842219749
36.06107842219738
36.06107842219738
35.89866880111369
35.89866880111366
35.89866880111366
0.074959824140453
48.510927565048746
67.66482730604376
52.27067049691326
43.417597946424884
40.85538140825022
48.35195772376827
0.3150270246488824
66.02320186610031
71.90819308431799
65.71663679553416
61.92237313609011
58.18792292709236
55.38530156569453
0.5864757360027518
57.092022602166864
60.72172508258111
57.285970133265245
61.49151661919618
62.89700763816152
59.9500941518572
0.0
1.6188072678903094
0.0
0.09471698608840189
0.04592345335050115
0.04592345335050115
0.0
0.36328970000469607
0.15933068225753524
0.0
0.0
0.0
0.0
0.0
0.0
0.0
0.0
0.0
0.0
0.0
0.0
1.2534707941186745
0.0
0.0
0.0
0.0
2.633043270565966
2.6330432705659645
1.8096765392824856
0.0
0.0
0.0
0.29122728087964705
2.944199871082995
2.9441998710829993
0.0
0.0
0.0
0.0
0.0
4.901771741282204
4.603076483720972
0.5035441355257202
0.0
0.8914067392735715
0.891406739273572
0.010247474883264523
3.124711113528778
1.0356494346739793
0.0
0.0
0.3794308355639297
0.37943083556393054
0.0
0.8753799313215542
0.31658153302925607
0.07436475855520092
0.04624903222123799
0.0
0.0
0.0
0.0
0.0
0.0
