0.0
0.0006582028972008907
0.0012177811959494602
4.5720644987295865e-09
2.4009515028002997e-09
8.85963768696499e-06
4.742412609758063e-06
5.735040178873378e-06
5.032651150373754e-06
4.053765524807776e-06
8.811159622391838
4.3049731227397765e-06
6.908137998696057
0.3264543717863453
2.8772833613248414
0.0
4.177002783144335
4.962652565821732
2.311251113224808
1.9947852961948784
2.6366770478405694
3.8000469478914747
2.6364592192562384
2.592184446352493e-05
290.03390298240004
2.9676360542980604
81.15057408384409
0.21926627127954498
2.4708626702439576
3.1550348182263432
0.0
1.4995543317107158
2.4707658499979317
13.618936001392907
11.463663129585212
7.486378293258435
11.463883261421872
19.95697528339533
63.45195662556435
17.557823792380063
219.66050565710626
0.34015223657030413
0.0013245614449128836
1.0662089521571225
1.770149469773097e-08
0.0
2.5020571069508732
4.661662996062922e-05
2.6457883707819955e-05
0.10055773308036962
2.799829300532739e-05
0.00010938235575354279
15.552931081236274
7.034331787117059e-10
0.5029228621659658
1.4054844593224398
0.00013122725103726285
0.001198296145351788
1.5560667031805183e-08
0.207629400525771
0.0
0.00022159421839525328
5.0864084674885084e-05
2.874453418847297e-10
5.388844866451757e-05
4.3641904786757416e-05
20.24704320481998
2.3070118553895495e-10
9.81006391603921e-10
9.987566555414713e-10
6.527656932895948e-05
0.6753024142008748
0.17707317542420697
3.98450548289067
0.0004189167846676104
0.0
0.00037501603184342117
0.00030708740709599276
0.00034443972844734914
0.00014669085456325398
16.49311495478865
0.00012287376825983277
1.1446127424353864e-09
6.080139101457799e-05
4.980317417933286e-09
0.0044961795770800984
5.947166261702644e-09
7.673677705780311e-10
8.075510453632458e-05
0.0006813680865192218
0.0
0.000490192323359259
7.743072874816974e-05
6.043638043225146e-05
8.915173080886435e-10
6.429902083879827e-05
6.591438920415064e-10
7.187252909539794e-05
1.380321425945716e-05
0.002480688678770651
5.347368560827108e-09
0.0007223425696909049
6.622068692145254e-05
0.00036622934268983477
0.0006911712570808973
0.0
4.410006204440221e-05
3.5769944146754826e-05
7.656833315353148e-10
9.926802477470126e-05
5.97160170503473
8.504360266785185e-05
0.0007532477636077303
0.00040627373226418106
8.242154134687286e-09
1.2362919419866736
7.990554244428837e-05
0.00024318994826766786
0.0005137383157731914
8.064211890913437e-10
0.0
6.065176415931209e-05
5.215169605159579e-08
0.00015818156188975897
29.520924495631164
1.0387566445475118
0.001568802089902234
3.6800821915599627e-05
1.6562362662485984e-08
0.00031158978263313584
5.427017278573068e-05
0.000222174007877089
0.00143966123113487
0.0007181134859306081
5.377751312517845e-05
0.0
1.5899612989329033e-09
1.0725466450599493e-09
2.785658729435442e-10
1.075333438455524e-09
0.0020917191916204505
3.0446803955114037e-06
0.0011218300071673603
5.2805954537935646e-05
4.305708382526193e-06
8.031554048188973e-05
4.059917233130775e-06
4.469104776544735e-05
0.0004340086992018643
3.2855989340993672e-06
0.0
0.0006869965224582616
0.37322509639457807
4.3648880757257606e-05
0.08684779339377324
1.1603711297079882
0.000827581222602613
0.0004396036946621579
4.765180900124198e-05
0.00026108245238288126
2.472607833485243e-05
7.304747610878196e-05
0.0004640325101822937
3.660718055219058e-05
2.593842757508806
0.0
5.175388152725167
8.538683910344649e-05
0.0022480013988107625
0.0011422464333598916
1.961211011427307e-09
2.202345959438186e-09
2.1360304907596207e-05
3.311570556557897e-05
7.088335158629439e-05
0.00039240182667588986
3.0863397563442705
1.7261950967296164e-05
1.2479748559720212e-09
0.0003858134553434096
0.0
0.00020459526095288947
0.0022895483869984226
0.0022224264614558566
3.268875321048494e-10
3.690794355405566e-10
3.8027936580941743e-06
6.1254368522947515e-06
1.4992477546411725e-05
0.0003307274749210532
1.796351745463069e-05
3.0332829147652543e-06
1.4905690779339228e-09
0.0001896038974779597
0.0009243314363017972
0.0
