0.0
1.4063310137666916e-08
3.093007386514563e-09
2.458849983508875e-09
3.557744538878549e-09
2.085628032799679e-09
2.0248017797683637e-09
2.138136696037935e-09
2.1229802797061177e-09
8.255679821591465e-10
3.5821250550975465
2.428912752886269e-09
2.1472673438709326e-09
1.8191974792713813e-09
0.9033229592063614
0.0
0.9193619485664442
6.916963606798896
0.9420110111715733
5.7944945407269236e-08
10.461338742443681
16.72538460973382
0.9182972954848596
2.7742312011089143
138.51659691205734
0.28786538469027034
201.4948562550948
16.827979339963814
1.6664277017986753
3.1659078215566874
0.0
3.1659078326159777
1.6728289632453015
11.2399734546572
9.69018368112245
17.43910259042672
11.482328427641228
48.19875119143321
11.329378338015715
38.97585349537549
194.62880920186572
5.954024557762397
8.118523155224467e-09
0.561231607550351
2.6566434869321638e-09
0.0
5.10629580047096
5.622671183719351e-08
0.8796529201931844
6.531753710029186
0.8794392914145724
4.776310097282278e-10
74.78164745387997
0.2839946270644366
7.561274361914677
5.927144957244829e-09
2.1220769099542813e-08
0.0005852840833644614
3.1679071530839725e-08
0.4441171229159106
0.0
0.00011467639798742109
6.471553083589559e-08
0.054863740289716474
7.511972384739299e-08
0.2197026812899713
0.056661723317920465
3.837300048660834e-08
0.04196220373520848
2.0843380113343238e-08
1.892511046450653e-08
4.295944632371801
0.6368838620571717
0.09555596192792676
0.00018530328005224276
0.0
5.8598482949499517e-08
0.04302688624177395
1.06829084220019e-07
3.878493009084283e-10
14.939266367868559
1.0000701816235815e-07
0.03684493482963414
1.0893787508791178e-08
1.6471360799164656e-09
8.95903145921213e-09
4.903455216553832e-09
7.3366306116526284e-09
6.639928398344494e-09
0.0002211278259326588
0.0
1.2121933552601924e-09
0.11602634698117023
4.0953223994523416e-10
1.7773267660246163e-09
1.6105335321446171e-09
35.36318088344369
1.545615539819964e-08
2.5665299103370782e-09
1.4886262926330345e-07
8.682275721646804e-09
9.077272023936745e-08
1.526232716732359e-08
4.702928217042169e-05
0.0003318414721046858
0.0
0.27508581338604876
1.180613359383795e-09
2.473867774644138e-09
1.937035200819912e-09
1.4740083520952991
1.8579567104825776e-08
0.3212065882376205
0.19235906396290942
1.2382065416506025
0.22401049876964518
0.007274249180235602
0.00011877227697858103
0.0072741781423741
2.5124886243609748
0.0
3.932784391665502e-10
11.96991303247708
9.429205764105364e-06
5.763716357040308e-09
1.4636811563974352e-08
2.059727598502706e-08
2.230550987746124
2.9932020078694145e-08
3.903619213206145e-09
4.0113504986693815
7.527507096053283e-08
4.062967361418699e-08
0.07615772859517195
7.417611771009397e-08
0.0
24.904516553052993
3.885331711494954e-08
0.05340442388112365
1.0384007106282661e-08
0.0009673346177930588
4.9357588879154507e-08
0.015577737466086407
0.0004537374326929903
6.138701148619369e-09
1.671126379011278e-08
5.935353610098365e-09
5.54418119399496e-07
0.0003218080359973903
2.618574605557425e-09
0.0
0.0004423203318160706
0.09741262593591077
1.1522719916609593e-08
8.217300873604086e-09
6.514109360293214e-08
0.23791656519161508
8.81639917454239e-08
3.643463194843701e-08
8.733284302134742e-08
0.09536551277168889
0.01106716328624593
1.8310306638025207e-07
9.199120557208817e-10
93.14231519033717
0.0
0.787601540857402
1.7730563334893744e-08
0.05371323505907211
0.0002449845312443111
7.91002096180608e-09
3.814636637996654e-09
0.36269248523261755
1.0451983805222402
4.471248778842859
0.00012271616984132087
5.94718462439137
9.257063454284926e-10
1.5207990591488532e-09
0.00012288102470686048
0.0
0.00011748429879548121
0.04065760732698497
8.186249221081481e-06
4.32921309878337e-09
0.0004331507214209286
0.11413707717334537
0.14532491600911734
0.3609252477725065
4.973729714048902e-07
0.16292567354591367
1.158774893231516e-09
0.005867583040617836
9.499682366276527e-07
0.00010070475695054058
0.0
