0.0
0.00037423048838423597
0.0014930712947352983
0.0015876729386647642
1.5081060470161384e-08
1.0895903300353692e-05
5.817769930085389e-06
7.04107658386621e-06
6.175317317942662e-06
4.971968531707769e-06
3.13360791140391e-09
5.266138647790389e-06
6.971609253953462e-10
3.3463352959083843e-06
1.8263077544079829
0.0
1.8262832022855156
3.459813642931721
0.9132783706379314
0.652462827190144
1.0440765323731755
1.8576890994508115
1.0437807822135343
2.4726122504306987
333.58086242383484
3.362597194761846e-05
47.00104205576103
1.0838142578781582
0.0001398387310562751
0.6893407910860774
0.0
0.6893405989786767
0.4353536566215388
8.794048467296088
9.220902077832012
3.7251276559940742
5.907862706914943
20.458269895206943
54.37239368177656
19.82842397904975
264.1306381877222
1.8160285500017954
0.8655471275514717
1.7282860571563043
0.0002660962115672348
0.0
5.500241642951608
5.67235799285754e-05
3.227208403575754e-05
0.02856474228724735
4.3201081832615005
0.00013331874583116774
10.681013782455622
1.4650663911483745e-09
2.7067095840089106
1.9033505470949134e-09
0.00016002081122385686
0.002599654140327498
0.00018290707941605495
0.1884319947745817
0.0
0.0002702906639018088
6.210014161241004e-05
5.691536247962939e-10
6.578131294282827e-05
5.330121940962512e-05
4.279587220804907e-09
4.730121224317116e-10
3.3646773581828335e-08
9.978166586504046e-09
7.986525785958496e-05
0.0002770169893114906
0.0017025963166513473
3.9366954055048007
0.0006547788626738624
0.0
0.00045945678276561406
0.00037642816667727175
0.0004222222347429931
0.00017968590400908318
5.164876598740795
0.00015035729866791207
1.9573486465660813e-09
7.439502423855632e-05
1.0744240816405371e-08
0.00551267825850094
1.7658353506682197e-08
1.0621386589529023e-09
9.874771745292901e-05
0.0008339910393357585
0.0
0.0005996401905696929
9.483313378680537e-05
7.395462183311273e-05
1.2538333922239049e-09
7.867175187332425e-05
1.6845004905456506e-09
8.79316831387157e-05
1.7898063751541202e-08
0.002693165330711639
1.3406472120634602e-08
0.0008858472895899323
5.5857745262547236e-05
0.00041377924490713653
0.0007702580442835799
0.0
0.10793234585196308
4.377085037993056e-05
9.886120279474668e-10
0.00012144428523884446
11.053341642863568
0.00010403578611804372
0.0009233366356121481
0.0004981498699244676
1.2453756027074372
1.7165889219288992
9.782344055347264e-05
0.00029802037953521263
6.239576590341168e-05
2.0081401369706055e-09
0.0
7.42172043023266e-05
6.493881407535278e-08
0.00019359394130032755
18.925947470792618
0.7157497064608289
0.0013995266537756054
4.496218187947311e-05
0.00018452652691652115
0.00037981619292740273
6.622362872945716e-05
0.00027100401764342896
0.001760323281394411
0.0008381346529365635
6.563836233008556e-05
0.0
1.2961422115739414
2.2058639003289406e-08
4.889888752539804e-10
1.0083420041877332e-08
0.0025430026371312565
3.730429008388167e-06
0.0013754045882500487
6.473597694750653e-05
5.273471633953124e-06
9.834081964555988e-05
4.975992233986238e-06
5.4662697512905906e-05
0.0005655335042550341
4.021371087372743e-06
0.0
0.0008408586060166796
0.6725752858904424
5.3398765704453394e-05
0.09848904794109115
0.0009220663660344886
0.001014710729434185
0.0005389712721564256
5.832109381814258e-05
0.0003201269179988192
3.0282040655590764e-05
8.935793190440192e-05
0.0005022158755032541
4.479783319580957e-05
5.250990852758711e-09
0.0
11.019206299084335
0.00010445684123663906
0.0027559914046572423
0.001400583072689548
6.446195290191894e-09
5.471889847372552e-10
2.6123066394258554e-05
4.0494743030488654e-05
8.676479697453206e-05
0.00048056574574311756
1.479290515759867
2.1119309419629993e-05
8.836430253821485e-10
0.0004726035849550223
0.0
0.0002504550333575355
0.002807070896091374
0.0027250928636078356
1.0741973726083792e-09
5.554632861568026e-10
4.65149989386748e-06
7.496989449085295e-06
1.8381214555085347e-05
0.00040441445754986905
2.2027537791342415e-05
3.7121392384396485e-06
9.989997688481566e-10
0.00023201518135218833
0.0011320640246088192
0.0
