1.0712389768402129
12.187892116748278
12.269371992982256
12.127192851937805
12.127192851937801
0.44884308775731674
0.0
25.899335926113206
44.06982910938351
44.21941613338057
46.136897743666665
44.8640474114564
26.483768285379316
0.0
41.12790900968334
99.99041811360487
98.58141288376689
100.0
99.99999999999999
48.671999417526635
0.26048133667903806
50.383308008252655
100.00000000000001
100.0
99.99999999999999
100.00000000000001
57.33975823444051
1.8716972533531233
48.987938159581994
86.45507330328405
86.12042218735142
100.00000000000003
95.96592575377231
75.33834893467517
4.295066990003066
0.108822418326315
1.8646283022812682
1.8646283022812673
1.519568084010996
3.619670169433289
4.62629550788921
0.7710491656300417
0.0
0.0
0.0
0.0
0.0
0.0
0.0
0.0
12.187892116748277
12.269371992982256
12.127192851937801
12.127192851937796
23.991220111032497
0.0
44.06982910938351
44.21941613338057
46.136897743666665
44.86404741145639
63.90711256572328
0.0
59.55676762401057
58.14776239417256
89.9700701933584
95.57669386875878
93.43855577057035
0.0
62.3498668172607
68.89551085568492
68.39998798743902
83.22853122137828
91.07201275331704
3.9409586224273
39.47150592069961
39.136854804766955
17.002553622549897
20.627576819097143
53.03103829632835
0.10882457656297526
1.864628302281268
1.8646283022812669
1.5195680840109957
3.619670169433289
100.0
0.0
0.0
0.0
0.0
0.0
0.0
0.0
0.00044373436374469625
0.00022186718187234812
0.00022186718187234812
0.008236890303378796
0.0
0.0
5.072418827030746
0.025413456612009472
0.025413456612009472
0.1045592149913212
0.8823555158287155
4.730351254838989
4.730351254838988
4.113065653493869
0.05387472507485939
0.0
0.0
0.12491814582196406
2.3734456848373062
2.373878143979187
2.390769543524482
0.0
0.0
0.7624674350815358
0.7624674350815358
1.0100874263953967
1.0100874263953967
0.17585396293564226
0.22049774825908097
4.6404369253161155
4.268148241545937
0.980765831808636
0.9134207761555216
0.7902506055201427
0.014300706384368577
0.5498666613922706
11.59791445841173
11.597914458411738
4.142699679053436
1.7870468519427702
0.6498350239949489
0.16245870489254965
0.12887846359076086
3.8268765430321703
3.8268765430321694
0.5549898117532494
0.22199591155528264
0.0
0.0
2.5039230624556272
5.2952952179760695
3.4242704678072045
1.8688222913741428
5.271894613895134
3.638154669885714
0.0
19.463696678068793
50.32351012874937
32.36276044376512
21.81855059123219
51.302885903691184
33.4233443868288
0.0
52.45821305380849
69.87705051098547
78.84894143742348
53.96803188371569
49.48992955337668
48.67199941752665
0.2604813366790381
62.318858189277194
85.595555814718
96.20942639354689
94.19279903654032
59.782180093574524
57.43770319049554
1.871697253353123
54.64764127258049
70.32401146300616
63.616245353331344
85.49204874716848
84.53778928886885
75.33834893467515
4.295066990003066
0.0
0.0
0.21906158671762968
0.6437377967687696
0.21764699488929035
0.0
0.7710491656300417
0.0
0.0
0.0
0.0
0.0
0.0
0.0
0.002911370132001074
0.010148219432601021
0.028130546676468363
0.010789857523145154
0.0035960853522089384
2.818010465874256
0.002911370132001074
0.0791457583793117
0.6175603059343033
3.81854978637306
1.2728494874648102
2.8180104072366854
0.08708145340648597
0.0
0.0
0.0
0.0
2.3907695105551086
0.0
20.864705142311294
0.0
0.0
0.0
0.6693022328418602
0.0
0.0
0.0
0.0
0.0
0.0
0.0
0.3722886837701778
0.5183303177948272
0.7373919045124567
0.3722886837701778
0.7445773675403556
0.0
0.0
0.0
0.0
0.0
0.0
0.0
0.0
0.00022186718187234812
0.00022186718187234812
0.00022186718187234812
2.077154649658629
2.077154649658631
0.0
0.025413456612009472
0.1694392547223174
0.16943925472231738
0.025413456612009472
3.5082571515220167
3.5082571515220167
0.6175603059343033
0.05387472507485939
1.9275157143639823
1.9275157143639818
0.24983627414255025
0.0
0.0
0.0
0.0
0.0
0.0
0.0010805983188515481
0.17585396293564226
0.17585396293564226
0.17585396293564226
0.22049774825908097
2.856483181823805
2.856483181823807
1.3530545155788136
0.19190417776292332
0.06873430614856227
0.014300706384368578
0.5498666613922706
7.195495631333913
7.195495631333916
4.142699679053436
1.7870468483011057
0.649835101376357
0.16245870489254968
0.12887846359076083
0.5549898117532492
0.5549898117532492
0.5549898117532494
0.2219957628810943
0.0
0.0
