0.0
11.466544686212139
11.466544686212135
11.466566096397052
11.46656609639705
23.99980457995973
0.0
46.209516603327856
46.20951660332776
45.92597328267429
46.24628496197191
63.91238005634793
0.0
96.45872810372454
100.00000000000001
100.00000000000001
100.00000000000001
100.00000000000001
0.0
89.02518652827376
99.99999999999986
100.00000000000004
100.00000000000003
100.00000000000004
3.839692726314478
66.0442408770663
61.9778140961282
64.04620527364631
66.37291597005155
100.00000000000003
0.0
0.9248625135951772
1.1800945499611788
0.9277678446314384
3.5008656685544737
30.932869930213677
0.0
0.0
0.0
0.0
0.0
0.0
0.0
0.0
0.0
0.0
0.0
0.0
0.0
0.0
0.0
0.2718245565548864
0.0
0.0
0.38887074241234487
0.0
0.0
0.0
3.2363217756039853
0.0
4.321650690712722
0.7692592984284142
0.0
0.0
5.300034982060173
1.982532357823278
0.6874081525459621
0.0
0.0
0.10907499958013356
0.14873863579109137
0.14873863579109137
0.14873863579109137
0.0
0.0
0.13258806062628561
0.2734628750688271
0.0
0.0
0.0
0.0
0.0
0.0
0.0
0.0
0.0
0.2666608607799925
12.799867229065311
12.799867229065308
12.79989577597853
12.799895775978525
0.2666572924158407
0.0
24.039817053870035
41.93581559377873
41.93581559377865
41.681390792907486
41.9616635122929
23.938626729079726
0.07930260176452784
49.38431512251719
75.6672554146432
53.68169675847973
67.30923705208065
77.37777724031602
36.252637857046984
0.0
54.632864969058495
74.59433233202205
79.44218221997092
72.77661648971667
69.6774526730196
48.17032468361148
0.5728221008394002
48.62329289501725
57.42026023571076
69.41169174277849
60.208691862762485
61.19482187509302
58.374029346069165
1.0073322823656878
0.0
2.9709058841123888
2.989136743852822
2.971113407757837
3.7800606931370675
3.65550800540873
0.6498680887212798
0.0
0.0
0.0
0.0
0.0
0.0
0.0
0.0
0.0
0.0
0.0
0.0
0.0
0.0
0.0
0.0
0.0
0.31065663606272736
0.9580150345230273
0.9580150345230262
0.4916119179515003
0.0
0.0
0.0
0.0
0.0
0.0
4.695537523966626
0.0
1.4005309575400837
1.4702819975556045
0.10941467622647413
2.271716626752894
2.271716626752897
0.8130104945375886
0.0
0.0
0.0
0.0
0.3644459233356632
0.3644459233356633
0.08410288794820074
0.0
0.0
4.070941653136267
4.070941653136253
0.8806917010437559
0.3218933318270721
0.08498833402507906
0.08273228098182545
3.2463949293973697
2.637091573525925
0.0
0.0
0.0
0.0
3.733252050919895
3.733252050919895
3.733252050919895
3.7332020938217703
3.7332020938217707
3.7332020938217707
0.0
36.05972558080498
36.059725580804965
36.06963840602553
35.90794009361957
35.9079400936196
35.9079400936196
0.06938977654396186
47.580236456671216
73.28254115135883
58.871481505621716
37.87944671610282
33.57578781111796
45.88393663013657
0.0
65.92775665037321
73.8506097600641
67.524359792405
66.92628158821705
60.24998941160847
55.05179963841312
0.5012193382344751
57.29955781333031
56.85769425425595
54.23334302545095
59.82030192476777
57.48627366630621
51.686579033681994
0.8814157470699769
0.3624244453179956
0.0
0.27346287506882655
0.1325880606262855
0.1325880606262855
0.0
0.5686345776311197
0.09019157186611389
0.0
0.0
0.0
0.0
0.0
0.0
0.0
0.0
0.0
0.0
0.009912825220565979
0.0
2.4656712185001686
0.0
0.0
0.0
0.0
2.407117871837159
2.4071178718371598
0.0
0.0
0.0
0.0
0.05240089818930994
2.2063795399354196
2.2063795399354165
0.0
0.0
0.0
0.0
0.28510754882573774
2.827795869259891
2.134644475451888
0.05162992304796248
0.0
1.1039679157727973
1.1039679157727966
0.08410288794820074
3.8016758896833935
1.2626820061255948
0.0
0.0
3.8935907877228333
3.8935907877228333
0.0
0.8753799365891847
0.3165815698101975
0.07436479227194417
0.07239074585909734
0.0
0.0
0.0
0.0
0.0
0.0
