1.0712422232309877
12.187914075658265
12.269750599687264
12.13114243199938
12.131142431999383
0.47407592906586016
0.0
25.899354505698238
44.069998583871566
44.221508299106475
46.32207159397811
44.93790629218656
26.52092343781447
0.0
42.58050868179396
99.45892205374818
100.0
99.99999999999999
99.22291296425607
46.42801007638114
0.0
49.25331849919026
99.99999999999997
100.0
100.0
96.94781372383001
67.63486439561812
2.6994573065598235
51.50199603643285
89.44440203613567
90.1940041585881
100.00000000000001
100.00000000000003
62.46572943171423
3.6288395102305473
0.0
0.5276013933256176
0.5276013933256176
0.2385276043060055
2.3131478612170007
4.626295722434001
0.7710492163876834
0.0
0.0
0.0
0.0
0.0
0.0
0.0
0.0
12.187914075658265
12.269750599687264
12.13114243199938
12.131142431999375
23.993011650259593
0.0
44.06999858387152
44.22150829910647
46.3220715939781
44.937906292186554
63.90921733332916
0.0
64.31329585797289
61.89963413957188
99.32948124274594
99.99999999999999
98.87797655948744
2.085620281071308
60.82432358727232
59.218616760438906
62.82732688520517
100.0
98.7264589104015
2.4727277543602537
33.38033723053377
34.12993935298615
32.598334371977465
28.93667104611555
100.00000000000001
0.10803489335548226
3.471995217245177
3.4719952172451767
3.1829214282255647
5.257541685136558
61.339129206332125
0.0
0.0
0.0
0.0
0.0
0.0
0.0
0.00037750467615117647
0.00018875233807558823
0.0006261496711866142
0.008474288151741049
0.0
0.0
3.37065062292151
0.002740771360978144
0.005481542721956289
0.01735048245843168
0.21457044951089524
1.4846443603849608
1.4846443603849608
2.8902721811060754
0.05400045597817761
0.0
0.0
0.21803624124597493
1.739207202377392
1.7392072023773917
3.4242984278864004
0.0
0.0
21.5722501278306
0.25831815454303947
2.3018181057554727
2.3018181057554727
2.482226087554477
0.1535130589497047
1.673282510314136
1.4046954913300924
0.4170606189881911
0.5368545009581495
0.5368545009581493
0.11979388196995822
0.6208240339896015
12.195879854750094
15.552983273196626
3.9779274524361194
1.1993503320161751
0.6208240339896014
0.6208240339896014
0.1288784818849318
3.82687650699555
3.8268765069955486
0.5549897922099583
0.22199589579308365
0.0
0.0
2.50392062600587
5.295347843283306
3.425027834170499
1.8689049289769146
5.291918771456455
3.612041992645871
0.0
19.463694966802507
50.3243423651596
32.369329624333126
22.152495880425338
51.410723006066796
33.38829404025495
0.0
53.048331669267895
71.1421398975774
87.1460608336856
50.015755579451394
49.010506807693794
47.88636403309763
0.0
61.37569234417982
87.93277186436633
97.1827921910489
85.53065799503293
77.13184684050631
68.09018648259826
2.724618377655171
56.20716139995886
62.147566694642
64.45117300999237
74.19889314809268
65.41245862133587
62.39891414386219
3.6036784391351997
1.8185916416197614
0.0
0.1653818081697239
0.2805652653679297
0.10803489335548226
0.0
0.7710492163876834
1.9700410354708862
0.0
0.0
0.0
0.0
0.0
0.0
0.0004373973331110259
0.011986811021326628
0.026717233499161535
0.007366103266510576
0.0
1.8725837566121804
0.0
0.028537770105429905
0.38379539326734924
4.152495894718666
1.3841652592218519
1.8725836898478718
0.0851081548598848
0.0
0.0
0.0
0.0
1.6057068023847745
0.0
0.0
0.0
0.0
0.0
0.5485880505397581
0.0
0.049866516506448536
0.2692765568774543
7.67475222300927
2.878031994559276
0.9593439406849307
0.0
0.45852498678670695
0.5611010270022736
0.5365448673693368
0.26858701898404613
0.26858701898404613
0.0
0.0
0.0
0.0
0.0
0.0
0.0
0.0
0.00018875233807558823
0.00018875233807558823
0.00018875233807558823
2.076648801475835
2.076648801475833
0.0
0.002740771360978144
0.14659060352710584
0.14659060352710584
0.0
2.2470066527132193
2.2470066527132193
0.0
0.05400045597817761
1.9291205196854038
1.9291205196854038
0.011265316765192202
0.0
0.0
0.0
0.0
0.01844672590485888
0.20650646478935147
0.704696052598819
2.515808962161299
2.3307766937033523
0.5121850520835908
0.15351305894970468
3.822064440652536
3.822064440652538
0.0
10.153178457146268
4.01783352913271
0.0
0.6208240339896015
0.6208240339896013
0.6208240339896013
0.6208240339896013
1.09787934140305
0.6208240339896013
0.6208240339896013
0.1288784818849318
0.5549897922099583
0.5549897922099583
0.5549897922099583
0.2219956835383445
0.0
0.0
