0.0
0.0002993021834877681
0.0011938943837494392
0.0012707234167294832
9.642614607565469e-09
8.717615198011675e-06
4.657845523528914e-06
5.636142430309624e-06
4.9442335464200915e-06
3.981143172217278e-06
2.002094317774076e-09
4.215783413850829e-06
4.466076877462697e-10
2.6789367597274513e-06
1.82603916080513
0.0
1.826019426966668
3.4704290746580426
0.9131190897278099
0.6541760813501428
1.050914236905874
1.87191103740171
1.050949031650093
2.4861304434938196
333.5451924042167
2.693242376849354e-05
46.97108947545334
1.0864771006556468
0.0001118986460003105
0.6901822719520784
0.0
0.6901821462797497
0.4384779913189202
8.801782274156155
9.239247165371472
3.737692459051937
5.9087522382082005
20.45588244348489
54.32885955985294
19.837541123059328
264.1128930491586
1.814320799646429
0.8664664016922661
1.730688060661582
0.000213085320838681
0.0
5.507654469701499
4.539835432690322e-05
2.58409538025805e-05
0.030077376892532936
4.326233873116542
0.00010669713450041017
10.66219635915412
9.372421852152773e-10
2.6965558925347284
1.2216781953285278e-09
0.00012814510582242404
0.0020805721284302154
0.00014652353446457364
0.18818835428928582
0.0
0.00021641872366350888
4.9721873407752406e-05
3.6497116815846535e-10
5.267311086885514e-05
4.2681115409933516e-05
2.733727892345312e-09
3.0315827077411616e-10
2.179628010711966e-08
6.315856036728499e-09
6.39621796085893e-05
0.00022188620239265206
0.0013611650900832062
3.936380286844196
0.0005265791733448705
0.0
0.00036796777378459534
0.0003006448787462255
0.0003388758775718123
0.00014380756112435317
5.148097823850552
0.00012040366437219615
1.2473358715022923e-09
5.957476236082835e-05
6.8701451775560435e-09
0.004407434998181882
1.1309562014304255e-08
6.773818976968729e-10
7.907638518972101e-05
0.0006675618092026914
0.0
0.00048016847435977276
7.600835620968642e-05
5.921854267587841e-05
7.987441928485765e-10
6.300096823637648e-05
1.078504338913482e-09
7.040791795497335e-05
1.181997657264161e-08
0.002152905675125244
8.584044872789082e-09
0.0007080387593303853
4.4730269177230866e-05
0.00033144863338585345
0.0006162510134235725
0.0
0.10847849174824559
3.5049535769882835e-05
6.244300265667033e-10
9.724751997835214e-05
10.987282881911067
8.330090342981999e-05
0.0007382328760531262
0.0003982613649305238
1.248200070614523
1.7172511844128673
7.833578118103575e-05
0.0002386259989445474
4.995928173402197e-05
1.2565177144599346e-09
0.0
5.942910651202532e-05
4.1562738990213467e-08
0.00015492890638179008
19.176885296043675
0.7034587578071028
0.0011187598776269433
3.6005659728331845e-05
0.00014777436675451338
0.00030398321937107493
5.302964649561521e-05
0.0002169972880053447
0.001409391264175752
0.0006698319470159557
5.2559239327936934e-05
0.0
1.2987970610372024
1.8319778388171645e-08
3.1339966564966096e-10
6.378528132023685e-09
0.002032711159391412
2.9867057239513267e-06
0.0010995086575828284
5.175342897615153e-05
4.222021026422445e-06
7.874324897191978e-05
3.983312584055811e-06
4.376806686903651e-05
0.00045310889220362687
3.2196662409344186e-06
0.0
0.0006727252873680862
0.6698772063660469
4.2755512202148716e-05
0.09966465445031367
0.0007368856599988172
0.0008113658468061923
0.000430819328435204
4.6700019421395803e-05
0.0002567473503856645
2.4246086161645945e-05
7.154655887322703e-05
0.00040170996597082697
3.5871581282179016e-05
3.4628035975461563e-09
0.0
10.95248130782594
8.363709334637776e-05
0.002203279098757075
0.0011196764675152969
4.126275204815462e-09
3.4989125951396873e-10
2.0921141506922664e-05
3.24370554559324e-05
6.94467991462722e-05
0.0003846029770076818
1.444451438342075
1.6912833518021277e-05
5.576118681957331e-10
0.00037827030547178285
0.0
0.00020045221416996418
0.002244157997647528
0.002178167958196548
6.876976743729691e-10
3.550456878393127e-10
3.724486503372864e-06
6.001712072332589e-06
1.4695073413570425e-05
0.0003244508182621229
1.76089330013685e-05
2.9723538653583758e-06
6.302140733628545e-10
0.0001857994979505786
0.0009057222264127401
0.0
