0.0
2.9525211237736483e-06
8.49883951797655e-08
1.0737362771459335e-07
1.6870552906532597e-07
1.0676760800434682e-07
1.0017923593935192e-07
1.0553373673385814e-07
1.0778752372386769e-07
3.08927513528732e-08
2.478842498913009
1.2004590400855515e-07
1.1015009512661154e-07
8.609779501455216e-08
3.903885966742977
0.0
4.350325843100241
8.222129368741797
2.158014746382538
5.6225941118949035e-06
5.228625803358343
20.041261426945066
0.8618807759407289
5.2446826714518835
147.86348317338388
0.2708128524726255
169.87585540188388
26.661375594201107
0.6964835826698536
2.9054270239359368
0.0
2.132947732300916
0.6303145699624733
10.803862026213334
5.787648296141651
16.21427722954041
6.516694844073468
46.180909763808785
11.468748746828176
36.815105331860764
220.24427734982902
1.9999753643344667
1.3686160863508532e-07
1.0518582182405805
8.271475937565637e-08
0.0
2.939179750241906
9.789802658040987e-06
0.8270299209515592
8.09251111629238
0.8268685404305334
2.4049099604003052e-08
68.80946464158134
0.267272539137581
7.479195636009158
6.515712121403923e-07
1.928199648669921e-07
0.0003306927494957139
1.9655059296337255e-07
0.1912386557999037
0.0
0.0001706772634721773
1.6669403079112418e-05
0.05513946691138426
4.9322161701647453e-05
0.0430147440495509
0.05700134636143202
5.1748479354656656e-05
0.3820470173012567
0.030793232278216204
1.0528866061897516e-07
5.747204678411416
2.041152398753124e-07
0.10185609677635786
0.0005269207521573533
0.0
2.8896748641823797e-06
0.04586800779249174
5.841946611118934e-06
1.9601251816425083e-08
14.643180940950735
4.540135906139625e-06
0.03885264232681028
5.228033256213049e-07
2.1153069552303895e-07
3.8523667175628133e-07
8.595449491893675e-08
3.6819549486297674e-07
4.167836725464912e-07
0.00035579708270395895
0.0
3.329218718354407e-07
0.0017824576068846479
2.1487234347928657e-08
8.30519414440099e-08
8.231773592664452e-08
35.4610294311074
1.1041200236985786e-06
2.452736454860438e-07
0.0005292364062844513
1.7370398038803586e-07
4.361837400958939e-06
7.8284813684549e-07
6.38130693677701e-05
0.0005378156724490274
0.0
0.005329795526866451
1.2204198062099546e-07
1.0325449908915886e-07
9.869300003757689e-08
1.6055114234277286
1.2508592145577803e-06
0.23679635454761938
3.101656705510771e-05
2.2786709127548637
0.422073262538313
0.006753457160723189
0.0005653372702086059
0.006750824302678321
2.928323450263407e-07
0.0
2.0531048841302626e-08
20.76735485168438
9.761126834928193e-05
1.651395493824901e-07
6.356159131258294e-07
1.7090552606296642e-06
1.596383009330515
2.667814293955134e-07
2.2886513067950807e-07
3.1452134646699133
8.175774476230166e-06
1.7058326508260863e-05
0.07670825197046013
8.836718858252402e-05
0.0
20.22439951829723
0.01394118596798598
0.0669031315495479
0.013644626758860127
0.0006221410594203235
1.7776073240410703e-06
0.03166789180807747
0.00047456678535800324
3.1938342078231535e-07
8.771604868246466e-06
0.002406682415677131
1.4098801310999789e-05
0.0003056129277956779
2.618919023278591e-07
0.0
0.0006988479236177743
0.08926957915419892
8.576820924858857e-07
1.6653151816697302e-06
4.085045692304454e-06
0.3593715899076855
6.175832120886825e-06
0.05600343903913019
0.36549889955782666
0.09691628521303625
0.01105045191854126
1.0273786433610565e-05
8.453357537778302e-08
88.47585786515255
0.0
0.7205470238028723
1.1753793211675305e-06
5.712990148335163e-08
5.472604753658676e-06
7.293011740583432e-08
0.0003818845718284127
3.8318614835749664e-07
4.368272500926231e-05
4.502572562269905
0.00019277747464129593
1.5084585557079861
2.4546604967946293e-08
6.270623509919686e-08
0.00020008122316823897
0.0
0.00018217074185663878
4.9399604435607616e-08
0.00014781100491036893
4.079753270702972e-08
0.0004414765980482928
1.364932196857401e-07
4.461330845126904e-06
0.3721664711293741
7.145693146065463e-06
0.09428142457655331
2.7199977043664388e-08
0.0009117966880730383
1.5386952953960187e-05
0.00020678827392082186
0.0
