0.0
0.0003705550265319846
5.977532670844913e-09
2.5544165052029175
6.659203057701018e-09
3.963873251244884e-09
4.195580503185305e-09
3.948451747026894e-09
4.028195716396959e-09
4.467038850887818e-09
3.218134063935935
4.342610258138252e-09
4.049019522263505e-09
2.339794498059265e-09
5.466767840123275
0.0
4.761246779850988
8.770773691189088
3.999397019393885
1.3978154088120953
26.682956938917023
29.911176100399253
4.642107631484661
1.7411955637325274
174.71073200309652
6.133607178366242
133.17570111323468
5.046857837509903
5.87231971691613e-09
2.4128385212988634
0.0
1.4079347561679554
0.03252764248241461
9.22586821502006
6.418861515280632
19.567252576400755
13.636176971713923
47.07905775781903
10.981425323912795
22.267863780847108
230.13022561043618
6.984108304484017
2.5615498087908996e-09
0.9395780738824449
2.5201746022423243e-09
0.0
6.976165517147054
6.016678875583043e-08
0.9993025673014259
6.430756753818754
1.0357012490364699
8.391308972859081e-10
66.87077108546104
0.3276116744432601
7.532080439714123
8.617516606089033e-09
5.525963353259728e-09
0.0006598350118062939
4.783872412857615e-09
0.8895202261267147
0.0
0.000291406275782247
0.0008961049290147823
0.0545107605830684
2.1320516729944878e-07
1.0998836383946676e-09
0.05634344872254285
7.14076119914593e-08
0.042414610229667915
1.6257438032992915e-08
4.501173073710876e-09
1.288761703605885
0.23673951855602327
0.0941347302849911
1.5977575699695881e-07
0.0
1.1585331186466101e-07
0.042369780986389785
3.144428972422672e-07
6.592901846623575e-10
18.529365651308023
1.9535416167889724e-07
0.03660584715124846
2.1907723101893108e-08
2.7206924827283493e-09
0.9464769729936225
3.216891434254958e-08
1.3472353367642425e-08
1.0955011617944173e-08
1.318727442281711e-07
0.0
2.2820595950205557e-09
2.5386262874750094e-09
6.603699045626119e-10
2.4007902888869492
3.0018742583287085e-09
33.23323167878431
2.8553793286921577e-08
3.4036119005032143e-09
0.026138540792970795
0.026454343204966264
1.944948533350873e-07
2.2803581555901237e-08
7.138511862710809e-05
4.382248415077874e-07
0.0
3.962055025545865e-09
7.354478867497472e-10
1.3678306801183662
3.4884241025271173e-09
1.7202882118574756
3.472979817605915e-08
0.013542320679425577
0.41149111618680884
1.3739582847570302e-08
0.007856437203538782
0.12513631884867216
0.0002747014012526705
0.11334588641014777
1.8754470981604282e-08
0.0
6.895300662503593e-10
7.718183356420781e-07
3.864186209372747e-05
2.4927671153921862e-08
2.8715393564858346e-08
0.11970394922117648
0.7220030313029616
4.628842022396081e-09
3.436671197677867e-07
0.3257830794538409
1.8327971577374438e-07
7.880578427300593e-08
0.07550311423133366
2.1209591662797618e-07
0.0
24.31762994077737
7.097151633101944e-08
0.05405053621899502
1.5710600531853744e-08
0.002744837834034744
3.7083074335843394e-07
2.5099558255895587e-09
0.00044495088354086764
1.9983329359326457e-08
1.7684658677876284e-07
1.1597469989959092e-08
2.6018737231199175e-06
0.0006691862767151135
6.950537170218153e-10
0.0
0.0008856476980451855
0.1831066170085065
2.5955728150827518e-08
0.01685364045507476
0.01936171860183073
2.691146003037942e-09
2.8247921780462046e-07
0.01900550448353727
5.318345221663326e-07
0.09902778337869367
0.012013839677744668
0.00022795412098284182
5.676908907160584e-10
67.48460898571209
0.0
1.4463659597008458
3.379034524262455e-08
0.15851334528009303
0.19224524101751825
3.886696826314999e-09
1.4816986731465148e-09
1.9441131150032293e-08
3.283152370296581e-05
4.280003443323763
0.00016647650969133892
0.7286834257049564
7.474380052434534e-10
2.2932817778948884e-09
0.00016724718790083593
0.0
0.0001536414719232233
0.06616749411214409
0.07428404505997481
3.8747551776087946e-09
0.000413544896229345
7.93516606546748e-08
3.967111345518798e-06
0.19199726671780648
1.6536320413549246e-06
0.08456681651857731
7.663951191372481e-10
3.72026635731362
4.700022662350748e-06
0.00018742018387741253
0.0
