0.0
2.9524399648391054e-08
1.3620571503706874e-09
2.1357009668114458e-09
2.921277418923104e-09
2.0119209877138273e-09
1.8923613599257363e-09
1.8496321235007428e-09
2.021504010237053e-09
6.072091182801831e-10
1.3152978811361982
2.2612484970597217e-09
2.0152705360464122e-09
1.8705897611616557e-09
2.1811154067119376
0.0
2.181115402185079
7.57092399685436
0.9229806677621084
2.906434330368643e-07
4.273119452730631
28.197313111616833
0.8495168857566775
4.793402355464787
147.32346542001446
4.086311309171916
172.87207257754625
11.372592544254747
1.7423169652599382
2.8946270200645605
0.0
2.397712417105667
1.7756414522135522
11.910021694890919
5.202554215824856
13.987660844940907
6.402334793723666
45.593859004735364
11.451911182174229
41.60781152857698
212.09306573701178
5.526207730713477
2.728921438709733e-09
1.1387539930700685
1.6005017467551679e-09
0.0
3.780541416296334
2.979304197294335e-07
0.8155754338803209
6.462488569959245
0.8151253141362318
4.40573147000621e-10
69.57826494630555
0.43805078027184835
7.616517299672094
0.1666891733295521
3.4627544608480184e-09
0.00019604456713806737
2.4558978577391063e-09
0.14995742284595903
0.0
0.00010260174333759207
0.9971237623590233
0.055085332130991316
6.661189559499682e-08
5.397556248750372e-09
0.4746184695555661
4.282230128579173e-08
0.6213615408455401
0.37907811266949093
2.140083701325163e-09
7.195592643739176
1.6919102999433484e-08
0.1049397515977593
0.00035006222008701746
0.0
5.126906409911024e-08
0.04738196424670284
8.00779030843908e-08
3.649588943768737e-10
9.89513750403395
7.864197934339618e-08
0.039622719369153014
9.717209234018988e-09
2.1825319347168825e-09
8.246837727520438e-09
1.7257107784366427e-09
6.473182550954458e-09
7.029881243825509e-09
0.00023298227135969672
0.0
0.00029283701218762255
0.037643910536505405
3.927833433835751e-10
1.5266275414190897e-09
1.4637393770171866e-09
35.43228682970032
1.528506648879895e-08
2.8836233570075675e-09
1.2775160393217094e-07
3.488489301952736e-09
7.812180016774462e-08
1.4072335991177075e-08
4.593307035614251e-05
0.00033215429293002586
0.0
0.10445455345811347
1.8098762651552665e-09
1.9431654758835842e-09
1.774135286720827e-09
1.5683716141099813
1.8092920667656985e-08
0.24075326094346103
0.0031005319253942245
3.053462314198309
0.35184229153254903
0.0062011352681070765
0.0001899797719094247
0.006201075181792439
4.00730355513253e-09
0.0
3.716576876222542e-10
21.28646408046326
6.437174882403914e-06
0.5154454365506528
0.29633739631919365
1.9009299571479757e-08
2.109976983196778
2.55489775132878e-09
3.238782956470635e-09
4.333957239956373
3.0487716645661657e-07
4.399406206489215e-08
0.07670470521683126
0.0037997335759115424
0.0
22.09153488697455
0.021334953065874216
0.07391347800671935
0.021056233576786022
0.0009684419449041705
5.176947575722796e-09
0.037388050492799835
0.0004974337055213626
5.218658730213297e-09
2.6363542370636792e-08
2.325369822068004e-08
7.74395230662366e-08
0.00032025599609515637
5.568628880191647e-09
0.0
0.0004269732023796007
0.09251932605602646
1.0542281430757894e-08
3.362989413711453e-09
0.004961826494270667
0.39880635816508314
8.880920576418282e-08
3.981665214548757e-08
0.3933332255252716
0.11498942597393455
0.010993275868465886
2.3781679332029496e-07
1.6999787005598505e-09
69.32696158544756
0.0
0.7502460051512504
1.6430527429920547e-08
1.5867672485080204e-09
1.0310756593200508e-07
1.8032025174138603e-09
0.00024885888772997815
7.831491320784056e-09
1.1069203388185573e-05
4.783398682501918
0.0001234549146927488
3.595259003024157
7.285020116514115e-10
0.0005804491592254499
0.00012359669875172536
0.0
0.00011466176535903112
1.5483829230692303e-09
3.2392537907407184e-06
1.3345574521210007e-09
0.00047767054915736896
3.323762599377838e-09
2.9978598417535086e-07
0.400029830409683
2.1778905089858392e-07
0.2247004841575036
9.185409805690739e-10
0.0005194653034919504
3.6595912218974197e-07
5.936455023042883e-05
0.0
