0.0
11.466307315236582
11.466307315236573
11.466393154080171
11.46639315408017
23.999481463586854
0.0
41.870831415073866
46.137921075627354
46.09689135673238
46.13275823391565
63.99880424254534
2.6259453581542607
98.32924453126135
100.00000000000009
100.00000000000006
100.00000000000006
100.00000000000006
0.0
99.99999999999983
100.0
100.0
100.0
100.0
2.4992919140552474
65.36292506793907
65.08456046792338
70.40820737180191
100.00000000000004
100.0
0.11080050900639325
4.906599118277745
5.030259046510952
10.537301180188908
7.914763323588865
32.22812316316826
0.0
0.0
0.0
0.0
0.0
0.0
0.0
0.0
0.0
0.0
0.0
0.0
0.0
0.0
0.0
0.05448591759884576
0.0
0.7177581536625949
1.054850281387051
0.0
0.0
0.0
0.0
0.0
1.553714631591763
0.6702488154966739
0.0
0.3448759653905673
5.38352405037464
2.001276109891305
0.667092030380581
0.0
0.038462728269714315
0.6736589684334732
1.3082942938656212
0.7185321798517126
0.0
0.0
0.0
0.057516249239729166
0.15337668069055088
0.0
0.0
0.0
0.0
0.0
0.0
0.0
0.0
0.0
0.2666494442135704
12.799608995454872
12.79960899545486
12.799723447246324
12.799723447246322
0.2666351377396377
0.0
24.002407582397538
46.13792107562747
41.87083141507377
41.831976450946364
41.863359968481745
23.997313959851994
0.0
59.67234187978163
37.072442939400695
37.950102306897925
41.84851795667687
47.32620710494928
36.42604691970001
0.0
50.96742268246747
75.22155854198326
73.66784391200598
61.29589985860826
53.28654801665761
48.606860107012665
0.7356198168658485
44.20631232116276
76.4665318119332
76.2229627869195
68.87532592714072
52.9064506020635
57.31635018879465
0.8463375626557185
6.799423432416122
10.058797027963383
10.29326198420583
7.054273930181378
14.657234077447336
3.363740012794988
0.5979982216458833
0.0
0.0
0.0
0.0
0.0
0.0
0.0
0.0
0.0
0.0
0.0
0.0
0.0
0.48181431134346897
0.0
0.0
0.0
0.062269620112966606
0.0
0.3418492071261909
4.951019070068763
0.0
0.0
0.0
0.0
1.0011542176913448
1.0011542176913435
2.163619726112872
0.0
1.1779157320291005
1.2560932405312772
0.379943978218925
1.720141514895695
1.7201415148956982
0.7123002215339922
0.0
3.6453456814215373
0.014562562025518505
0.07973965909220104
1.215933718689852
1.1067145034984662
0.4888282280001189
0.0
0.10343642126701155
4.070941647147321
4.070941647147309
0.8806916898555446
0.32189331119344333
0.08498832376941383
0.07612891697750054
3.116100291853696
2.4266095060268515
0.0
0.0
0.0
0.0
3.7330922189899836
3.7330922189899836
3.7330922189899836
3.732891928354927
3.732891928354929
3.732891928354929
0.0
36.003611373596364
36.003611373596335
36.02897616110515
35.932716331333125
35.99807387781945
35.99807387781994
0.0
39.833354032526984
53.059948621662215
45.43790207004814
39.65544603152044
38.70633780814546
49.43031896886484
0.0
65.49500040599835
72.24928227043249
64.96907373346414
61.78236733414408
58.3221665246576
55.654133686424345
0.6436673397576175
57.13240264160707
56.73168624935988
57.3663215747923
58.605875404388414
58.01090305369067
51.999037753985576
0.7405453673237532
4.009616814624176
3.3997117162080603
3.5722604597047303
0.07668831204583203
0.076688312045832
0.0
0.5232484439401478
0.06565778642667856
0.0
0.0
0.0
0.0
0.0
0.0
0.0
0.0
0.0
0.0
0.02536478750881287
0.0
0.0
0.0
0.0
0.0
0.0
1.6372391215130933
1.6372391215130924
0.966158204786247
0.0
0.0
0.0
0.2541682653549938
3.048593584032762
3.0485935840327456
0.0
0.0
0.0
0.0
0.0
6.092222133794764
2.439620393664466
0.0
0.0
0.8948442112806217
0.8948442112806205
0.09465665316587028
2.7718382216537747
0.9192090099734997
0.0
0.0
3.742401086142321
3.7424010861423067
0.0
0.8753799354004073
0.31658156023412903
0.07436478329823709
0.06661280235531306
0.0
0.0
0.0
0.0
0.0
0.0
