1.0712348633234563
12.187866042126451
12.268954986099239
12.127761160891067
12.127761160891065
0.4649530359423468
0.0
25.8999699944581
44.075489591605056
44.289123910392846
46.11660827723717
44.86130920608716
27.418675360247324
0.0
42.44371174255956
96.51149640502199
99.74076758329016
100.0
100.00000000000004
48.24949705099221
0.8443593575669734
49.04176810863403
98.24905721305747
99.99999999999999
99.99999999999999
98.91992391303685
63.32080686156672
3.9585073089541147
54.66733518258292
91.35270889817677
91.4096597384267
99.99999999999999
99.93458730739013
75.78898576686385
3.949479774114127
0.0
1.8860847795217772
1.8860847795217768
1.5307418515018876
3.6233954065544913
4.626296273073797
0.7710493744395193
0.0
0.0
0.0
0.0
0.0
0.0
0.0
0.0
12.187866042126453
12.268954986099237
12.127761160891069
12.127761160891058
23.99197751060115
0.0
44.07548959160504
44.28912391039285
46.11660827723717
44.86130920608716
63.853341001101796
0.0
63.190809197605795
57.86795786397289
67.6939910534667
74.87383313938581
99.2536340851918
7.269337705094394
65.74756357087668
61.6994462806926
54.820562774764696
95.82999117871483
92.63554875084016
0.0
36.69482579101602
36.75177663126588
11.55469705822512
55.54956142218345
83.42446807947324
0.22100008689283526
1.8860847795217768
1.8860847795217768
1.5307418515018876
3.6233954065544913
86.61405508460092
0.0
0.0
0.0
0.0
0.0
0.0
0.0
0.00048472099619806404
0.00024236049809903202
0.00024236049809903202
0.007905894879241602
0.0
0.0
3.7684442764577035
0.02209158275725094
0.02209158275725094
0.0398595791249961
0.2993389373452442
1.9566847320218201
1.9566847320218204
3.8857683263751324
0.05261901661247498
0.0
0.0
0.0
0.0
0.0
3.7963812377828323
0.9536445143046796
6.8963155567405385
4.998779724178197
0.0
0.0038843411755371607
0.0038843411755371607
0.0038843411755371607
0.160929254790307
2.703486888778263
2.123382750750384
1.3995284944549986
0.42528947306879433
0.42528947306879433
0.027047473044027312
0.22356556986929263
2.213130715195135
4.946882061632408
4.946882061632406
1.0669745764668104
0.38799073263897504
0.09699767198283113
0.12887842807710145
3.8268765130602436
3.826876513060244
0.554989970975136
0.22199598816911548
0.0
0.0
2.503925739774785
5.295238575953509
3.4234405795821305
1.8692914672704068
5.273814358225039
3.6205693992383856
0.0
19.463639090278317
50.3456253315936
32.57597172607202
21.765897212522688
51.37786249332583
34.322448282949665
0.0
52.99275789671816
68.35577181968608
59.98916355681343
49.937289430151665
48.192334351129055
48.192334351129055
0.8443593575669732
61.358316102449045
85.05110089878251
74.17873047991739
76.91590279570079
72.66587337205851
63.32080686156672
3.9585073089541147
58.119204092713424
61.27841762586779
59.096147323585015
90.22812516844968
89.82890441467259
75.78898576686383
3.9494797741141277
1.499206733613105
0.016977779146485995
0.24330036455557366
0.661989223545548
0.22100008689283526
0.0
0.7710493744395193
0.0
0.0
0.0
0.0
0.0
0.0
0.0
0.0016847186024456073
0.010821976726934647
0.029486035203213426
0.011198459650000415
0.003732795487562419
2.093580154854637
0.007620865080204802
0.039859399549484094
0.28730055335587606
3.7658972128758035
1.2552990695059232
2.093580151641738
0.13749280133702627
0.0
0.0
0.0
0.0
2.2971745042843548
0.0
33.61810976283141
0.0
1.3025686998499924
0.4341895512678695
0.28965398479045984
0.0
0.0
0.0
4.438264216424062
0.3601808820611544
0.12005424785851221
0.0
0.5801041380278793
0.7309858806997718
0.9742862452553458
0.5970819171743653
0.5801041380278793
0.0
0.0
0.0
0.0
0.0
0.0
0.0
0.0
0.00024236049809903202
0.00024236049809903202
0.00024236049809903202
2.0662862427540816
2.0662862427540816
0.0
0.02209158275725094
0.16689150337537084
0.16689150337537073
0.022091582757250938
3.676509120340712
3.676509120340712
0.24914577588444836
0.05261901661247498
1.8825913382694677
1.8825913382694681
0.0
0.0
0.0
0.0
0.9536445143046796
0.0
0.003884341175537159
0.0038843411755371607
1.499206733613105
1.499206733613105
0.0
0.160929254790307
2.7681075886813122
2.768107588681313
0.0
0.4766040589870782
0.08041578698495325
0.027047473044027322
0.2235655698692926
5.388098522471588
5.388098522471589
0.0
1.0669745054029138
0.3879907063264195
0.09699767198283113
0.12887842807710145
0.5549899709751358
0.5549899709751358
0.5549899709751358
0.22199597970881602
0.0
0.0
