0.0
9.478057016845988e-07
1.2594634156838992e-08
2.764439756505682e-08
2.5270684566485765e-08
2.2838132560491003e-08
2.2612757696268336e-08
2.2736392220467077e-08
2.3817420390951077e-08
9.016650264804454e-09
7.400499038225076
2.3887518630357916e-08
2.4851133949685573e-08
2.2704139624895924e-08
6.524447858735141
0.0
6.021721523900927
14.448905422488602
4.715549092303411
8.426431010175936
24.168088632659558
29.826442120153732
1.6232457686740616
2.6256405535637676e-08
205.36266672836322
2.6229939072946507
93.70540569023984
7.96691094080945
1.3575380088147087e-08
2.5039324530810734
0.0
2.266083979961697
0.03240432939075619
2.454359915442997
2.769404844795387
18.574071870292006
6.6677637837643555
44.88808800923722
11.45458374009664
17.14611519433929
255.5939852836783
4.066299835940109
1.3244483995663185
1.3467514033503671
1.7197768745325008e-08
0.0
10.80110157969574
0.1158298703451086
0.8255945967049817
6.542405820317884
2.0377143631315136
7.4042106657634434e-09
36.474438668692905
3.4998304307370898
8.076954486899961
0.4254385231531487
2.723388450868592e-08
0.0010126421721115234
3.2328529184937696e-08
1.7111497687839747
0.0
0.0001952495297100212
7.254332531794919e-07
0.05434105262059154
1.7583076339748892e-06
0.053310745802252625
2.552319605798116
5.178053341121768e-07
0.041978822281852624
3.1386189965013446e-07
1.7307593921771896e-08
0.00014872924010922065
3.946427494085576e-08
0.08579630595309766
0.00032713630094713316
0.0
7.186263358220674e-07
0.038526950297017686
2.5808941420371977e-06
4.9314893142527886e-09
44.62936543885506
1.436702559241661e-06
0.03379932788356904
1.5842676450934832e-07
2.5489107481522185e-08
0.6800800270059273
6.858004166601212e-08
1.0227483130092418e-07
1.368724022417664e-07
0.0008789563459216304
0.0
1.9946043229682317e-08
2.72858784275909e-08
7.059726403334083e-09
2.2194261144266414e-08
2.3580139803999992e-08
35.342331355866285
3.4539576659582193e-07
2.6326932790011463e-08
1.5176960281077677e-06
1.5285193690293885e-07
1.8683709239755654e-06
1.843598540576455e-07
2.4681632212794555e-06
1.281054950691508e-06
0.0
5.1108851684016765e-08
1.0179423513928387e-08
2.7445528743852993e-08
2.852200136162451e-08
4.736686113437365
3.993410076190498e-07
2.7840681875226494e-08
1.0719564383608744
0.31719635052591716
0.007420132326790759
0.15560246488698756
0.00035591969861393813
0.13251813772699592
8.485118407782319e-06
0.0
6.612787795767396e-09
11.346717555347075
8.114254179830339e-07
8.187897784423895e-07
1.7087321225748542e-07
0.1416407307463142
1.7898401445996703
3.35818478532437e-08
2.2317918120329655e-08
0.16732457379217397
9.966247553217986e-07
5.004713605427734e-07
0.07566077587607191
1.765682563081423e-06
0.0
0.07954137879023893
5.327476223299191e-07
0.05257930283780515
2.602139029882061e-07
4.9697766669380873e-08
0.0020123735039255606
4.4967238460512224e-08
1.5696225158484513e-07
8.142824852586387e-08
5.740483865136525e-07
6.100439620666949e-08
1.406562518270027e-07
0.0002705812140172621
1.4848833992857374e-08
0.0
0.0008928704079843979
0.28634934766876996
3.252805651357678e-07
2.9164602614198405e-08
0.09479923068983463
8.5046627276636e-08
1.8377350264318686e-06
0.009711699101034477
1.558114507565362e-06
0.09187325268034896
0.008781612948928413
0.00014820273420893264
7.094327137042721e-09
47.69496531488261
0.0
1.5770011448657746
3.8275310126339975e-07
0.08383469931424996
0.20900930958924796
1.0926066713234728e-07
0.0025401808769177263
6.894956266684628e-06
0.25368271986070984
2.858008212556723
0.00018604702381172248
0.1552236233139279
4.399822081137064e-08
0.0003145747675100877
0.00018648449914636923
0.0
0.0004887044351838848
0.03826362203450799
0.17837823398994415
1.0886188324537794e-07
8.15106325557056e-05
1.0664119481756254e-05
0.0454781391326007
0.1086122924766906
2.9386792204057643e-05
0.041569884634413384
6.617921017377299e-08
9.197301563261654e-08
2.946125948970656e-05
0.0005923917599598553
0.0
