0.0
2.6760038283249686e-06
7.537425321980735e-09
1.4074857081767251
1.6113288925289923e-08
1.9899151915627303e-08
1.850890534630949e-08
1.3307722635843174e-08
1.9939117349046778e-08
4.177826590060291e-09
4.375661873309125
2.2002768577267493e-08
1.997392404951028e-08
1.073012353583341e-08
5.637886724724588
0.0
3.9876285717955122
11.505541284836944
2.7618899381490323
4.009236346321049
6.515437659724284
15.729715351077399
2.4616320421795397
1.0928607125447628e-08
152.33050954301208
3.2082146788895467
169.49986265638887
9.611539120518074
1.9659206468527968
2.748078385567666
0.0
2.3180037484755784
2.000407962285093
10.92403563652119
3.8144318172633382
19.27825622263636
5.995009370974859
47.687244535969995
11.41365007707995
38.83776808879287
209.9674715979025
7.781592620347737
0.47744916100842016
1.3923372449052498
6.999278715294133e-09
0.0
6.5417845949127935
0.012168594161574908
0.8443265367147402
6.419103197282141
0.8441371615245943
3.332672718030262e-09
55.600204095773336
0.27285343307844134
7.388354643681067
5.4072557854516065e-08
2.0389036252553054e-08
0.0007144121574011019
1.9389857427837008e-08
0.057061266216627056
0.0
4.6587270091359177e-07
0.0012752111798310151
0.05543496773009283
4.2632237835460973e-07
1.2693540938971243e-08
1.2600370375438146
2.3034415397237457e-07
0.617850101625519
0.18520296460261887
1.8529741472202397e-08
9.91099961052789
0.16484920701081018
0.11819985985218046
0.000532493025393574
0.0
3.8593821320141083e-07
0.05331757307579253
6.169595953503369e-07
2.8122983364878647e-09
10.705435226301576
4.914595912973339e-07
0.043586519877659616
6.915886469479932e-08
1.9683757198599098e-08
7.3509301459847e-08
2.908552784711803e-08
5.946495502433444e-08
5.1829604851970846e-08
0.0003950499596264668
0.0
2.0846361693321878e-08
0.03194554356957518
3.251790140799223e-09
1.0556932268982742e-08
9.891081219758117e-09
35.435640793783584
1.0775391376639413e-07
2.5293603277364873e-08
0.0005225495053682408
5.723742523729904e-08
5.358309376982691e-07
1.0727627016878112e-07
1.008899554392052e-05
0.000488149514472018
0.0
0.08941505370083955
3.4071596107754495e-08
1.3707289081458442e-08
1.1972337292396402e-08
1.5624354935391724
1.2679207253492713e-07
2.0144905911172994e-08
0.17070043084078454
3.045857610239241
0.009798060352727192
0.005172300716080376
4.381994992270916e-05
0.005171689062158898
1.6943975240780432e-08
0.0
3.055183018176064e-09
18.243917142379942
5.432407910224675e-05
1.929778925366775
8.275036473929861e-08
3.065897619635144e-08
8.038453847470184e-07
8.187870912485375e-08
1.2043957612618825e-08
0.0019192537096869846
4.6647149091045695e-07
2.6734384513660676e-07
0.07705684726294101
4.268445470691538e-07
0.0
37.31229315591789
2.3631726206066657e-07
0.053392519060746074
7.728401557812327e-08
0.0014259004584788648
3.976288187771147e-08
0.04414255445149447
0.0005571456935070273
3.873362806711601e-08
8.627123010224592e-08
5.3659237131729575e-08
1.5983704615703584e-06
0.00047090201418798736
8.821551068577191e-08
0.0
0.0006337943982812148
0.09168835140264078
7.204983717051486e-08
1.433562841107007e-08
0.07016901856936575
0.5203364518810002
7.254942215141752e-07
0.09168347489736028
0.28862043493048717
0.09564028600412988
0.011143402036751415
2.212194112443867e-06
2.3805034225472347e-08
69.88400012847387
0.0
0.7400395353835048
1.1402369300441954e-07
1.0757983570708659e-08
7.656100129741646e-07
1.716162049004995e-08
0.0003561707995224222
5.192850943457988e-08
2.903348153975406e-05
3.6789073874998293
0.00017955999817109413
3.263145214355002
9.440757291370457e-09
0.0012895911280592714
0.00018092749815227212
0.0
0.00016551040626214286
1.212178931930634e-08
2.7355465567863583e-05
1.6775302117808955e-08
0.0005238507426109115
2.3929570736895693e-08
1.3387077891207403e-06
0.2921134073135608
1.4287735808132997e-06
0.20394276944084164
1.3154685483859038e-08
0.0010390163850277534
2.9631072241184194e-06
0.0001511529365498219
0.0
