1.0709075311203513
12.185870054699063
12.23824261965383
12.113033334833247
12.113033334833245
0.4739092672157731
0.0
25.89878426943706
44.06489055647318
44.21863936564281
45.633335065667445
44.663194005181765
26.38253276863602
0.0
44.748274254307894
79.32459702126089
79.19862956241542
98.30916313318052
98.2998815724842
38.36995392118399
0.0
53.14050226084781
98.08985527931287
100.00000000000001
100.0
99.00671207342208
51.31047729497179
0.0
51.74302840090915
88.17253749349739
90.99674477522503
100.0
94.31404874674668
60.08682587011855
2.8165823724166694
0.0
1.8767889808165448
1.9638557278133746
1.606073381969307
3.648505880322073
4.62629620455321
0.7710493549197417
0.0
0.0
0.0
0.0
0.0
0.0
0.0
0.0
12.185870054699057
12.238242619653832
12.113033334833245
12.113033334833247
23.989530799593027
0.0
44.06489055647319
44.21863936564281
45.633335065667445
44.66319400518176
63.90139990869176
0.0
79.32459702126086
79.1986295624154
67.63242035792686
67.62313879723057
99.99999999999999
0.0
67.20836221763169
63.42719530452789
68.72235570163177
99.86088310117968
92.85726074033693
0.8567137447775128
36.321758591805654
36.12304400780707
41.4251411704688
40.89974291950734
99.99999999999999
0.22079859313726585
1.8767889808165448
1.9638557278133746
1.606073381969307
3.6485058803220736
42.47196268854182
0.0
0.0
0.0
0.0
0.0
0.0
0.0
0.0
0.0
0.23569271417705412
1.0606172776968006
0.0
0.0
0.3680170533999166
0.010766841632007442
0.1202803092540926
0.1202803092540926
0.5779069753809027
1.2065140212171026
1.2065140212171026
3.3678399325120747
0.05374126538911703
0.0
0.0
0.0
0.0
0.0
3.028488716332174
0.0
9.910342951734522
5.403521608220812
0.2667491193640519
1.3135089878265969
2.321149609970543
3.9735644312890654
0.053778754831402736
0.0
6.672520042879228
0.25439424503866426
0.8563499603201008
0.8563499603201006
0.5087884900773285
0.35540718332042753
11.102803217369793
11.267866300286524
3.397276925558396
1.4298901614831454
0.5199600364094015
0.12999000100610925
0.12887842885802916
3.8268765182562223
3.8268765182562205
0.5549899619832532
0.22199598436193285
0.0
0.0
2.504121968405838
5.290871042964666
3.3621598484430475
1.8636695656448992
5.2026360921388966
3.6111614904430134
0.0
19.463746877240077
49.36446876960961
32.2975463456559
21.09137561377756
51.01000709227763
33.518867150200975
0.0
33.75015688617046
82.85588684871969
50.80583455378194
50.353943907343
39.09704399855075
44.055534237246725
0.0
62.841956618291775
79.30590584380225
93.61619750595473
86.85566309484476
74.85031135742807
53.56165023091098
0.0
56.48658974150585
63.656009617928746
59.37496871828445
69.55843158856054
65.6064721321267
60.086825870118545
2.8165823724166694
1.1574665253200909
0.0
0.07514800861074754
0.7155646916881355
0.17413349399365793
0.0
0.7710493549197417
3.4534431308539775
0.0
0.0
0.0
0.0
0.0
0.0
0.0021956100364882818
0.003198098301032826
0.15363976568038262
0.0
0.0
0.2519348707152175
0.009940649821509126
0.23569271417705412
1.300867594711559
2.910423155479719
0.9701410441620606
1.5310740291900538
0.09243754684833294
0.0
0.0
0.0
0.0
1.8710221921634749
0.4828375134549907
0.0
0.0
0.25337216082571
2.2686534044079596
0.3974291624175566
0.0
0.0017396627128506504
0.39345512225575324
8.093771958937467
2.742368196065945
0.25988949668163647
0.004076123300267789
0.04767364573362718
0.43726402808779674
0.5124120366985442
0.204569711227311
0.07514800861074754
0.0
0.0
0.0
0.0
0.0
0.0
0.0
0.0
0.0
0.0
0.0
3.089034916051946
2.0284176383551475
0.0
0.010766841632007442
0.24583740864016704
0.245837408640167
0.1202803092540926
6.767223771061106
6.767223771061106
0.0
0.05374126538911703
1.9227429568261691
1.922742956826169
0.0
1.2070555975034798
1.2070555975034798
0.0
0.0
0.0
0.0
0.7933877076368347
1.1574665253200909
1.1574665253200909
0.0
0.053778754831402736
1.8284775458202411
1.8284775458202418
0.0
7.444876502636831
3.4534431308539766
0.0
0.3554071833204274
3.2322138426416824
3.232213842641684
3.2322138426416838
1.4298901494202492
0.5199600378142508
0.12999000100610927
0.12887842885802916
0.5549899619832532
0.5549899619832532
0.5549899619832532
0.22199597175564148
0.0
0.0
