0.0
0.0004716938126650118
0.0018826194970509862
6.675761589406822e-08
1.6100725838976845e-08
1.3750364083533418e-05
7.345268675197464e-06
8.888556621329959e-06
7.79701188591771e-06
0.948819675047932
1.2022774249754218e-07
6.656478971513246e-06
2.5921181737948245e-09
4.222283748340063e-06
1.365458722354874
0.0
0.7907486212393762
2.8914127851598774
0.6828860661758529
0.10655146729379178
0.4153974973212291
1.7975603781321736
0.41540995264024216
2.9789702906719198
278.51778561087286
9.185822325896146
101.10602186147575
1.0702399900504633
0.0001763031022539623
1.4374735766646645
0.0
1.437473209693955
2.8627515413690364e-05
8.45117590186835
8.055510044348877
3.3102315332917494
5.8838037871479445
27.204932119876318
102.21220870395607
10.859515246752752
208.3361951096439
1.6088898649840426
0.8299528862912569
1.6560891408898037
0.00024467082978080917
0.0
5.501554996358649
7.155029526223055e-05
4.0730367082760935e-05
1.1645847016888422
2.1717404762151125
0.00016815255637321662
27.997566872581128
2.6013989697708196e-09
3.4426050978412013e-09
5.609757426075602e-09
0.00020204767422679265
0.0032818515775000588
0.0002424423806185678
0.10393646205644008
0.0
0.0003416290021491185
0.0017416231676860953
7.859312112588753e-10
8.303342890426188e-05
6.728232264891247e-05
3.3415017546941596e-08
6.813828733809857e-10
3.4464654965630184e-09
3.2060680245790226e-09
0.0001008384672466855
0.0003498774319237977
0.1226920257362344
3.779931342277854
0.0008080025118977715
0.0
0.000580343990860767
0.00047404294206149423
0.0005344496475475668
0.00022672340964501232
2.261221034520984
0.00018985437046880184
2.2822475390984764e-09
9.381838533549962e-05
1.8535368822537997e-08
0.005135908930521517
0.13035574854652676
0.028968480247652188
0.00012479531950051573
0.0007999313394272665
0.0
0.0005438825279496038
0.00012001452786428025
9.338013588237468e-05
5.231985626797875e-09
9.923253311660868e-05
2.5743395688209495e-09
0.00011095756011962631
2.0421644533095136e-08
0.0033669237632017773
1.5789433659558065e-08
0.0011163753750242239
7.059311398675328e-05
0.000565969291318862
0.0009709273197277235
0.0
0.06686768383026313
5.5277117997714714e-05
1.1469105760466737e-09
0.00015316393740793808
8.039981507401322
0.00013119399606972138
0.0011638102477456583
0.0006279499006067353
1.0386355371584113
1.9286561133652222
0.00012354813635683128
0.0003764947957510033
7.876871552347546e-05
2.974795848138986e-09
0.0
9.371332020677578e-05
8.215327279827993e-08
0.00024428991076288467
26.798702079464213
1.0595512602822266
0.002332006951746829
5.6757399693809305e-05
0.00024403275548351154
0.0004792560073798848
8.359533160002042e-05
0.0003425734220155205
7.820085753306797e-05
0.0010536811540888026
8.285476646148685e-05
0.0
4.445937252445559e-09
1.3292497449459497e-08
3.958461539246956e-09
3.4827420665614956e-09
0.003204179888229827
4.709042516666071e-06
0.001733493868623513
8.160194637497419e-05
6.657760343612584e-06
0.0001240989352853002
6.278619067625245e-06
7.015224085277323e-05
0.0007152101702453894
5.081232682915299e-06
0.0
0.001060640977715618
0.46911302945042443
6.733172021933454e-05
0.08039970387139345
0.0011470043943006558
0.0012796501260571433
0.0006792904867209269
7.367156852605197e-05
0.000430786837720214
3.82308007497447e-05
0.00011516218431833306
0.0006320829859788403
5.658079387843926e-05
1.5938442351362063e-08
0.0
7.997631750297474
0.00013171926248811065
0.0034669631324892383
0.0017653653943733006
7.618872212503235e-09
1.0032404607639815e-09
3.30227095069193e-05
5.114753551890563e-05
0.00010949129454544138
0.0006165993912376018
2.4665643775426886
2.6675540085981117e-05
1.3240167842360642e-09
0.0005967673271448531
0.0
0.0003161565776410388
0.003535733553080846
0.003414139451395083
1.2686140922437713e-09
1.1546253162802577e-09
5.87976533418682e-06
9.465196059786909e-06
2.3167826090758042e-05
0.0005480330068923249
2.7763540158292076e-05
4.68947685097451e-06
1.457152129222104e-09
0.0002923353825488316
0.001427405072788375
0.0
