0.0
11.46646576980201
11.46646576980201
11.466507372706566
11.46650737270657
23.99969420424703
0.0
46.2510929896954
40.216458110442375
45.826639401172926
45.92797049827872
63.633989127326345
0.0
99.99999999999973
99.99999999999989
99.99999999999991
99.84925051856169
99.99999999999999
0.0
76.7476904498053
76.15585984244207
84.80720936694996
100.0
100.0
0.0
59.960279374750584
59.97213570017288
60.356591396266246
70.00252299276967
99.99999999999999
0.0
3.4659050052082603
3.4659050052082603
3.4659050052082603
3.4659050052082603
30.437998992265108
0.0
0.0
0.0
0.0
0.0
0.0
0.0
0.0
0.0
0.0
0.0
0.0
0.0
0.0
0.0
0.8015033018575162
0.0
0.0
0.9131746049469887
0.0
0.0
0.0
0.0
0.0
0.9131746055624271
0.6723176064383279
0.0
0.581908297646322
8.099933827312773
2.5951244206773487
0.865041465030104
0.0
0.09727443187761449
0.09727443187761449
0.09727443187761449
0.09727443187761449
0.09727443187761449
0.0
0.0
0.0
0.0
0.0
0.0
0.0
0.0
0.0
0.0
0.0
0.0
0.0
0.26665701120871454
12.799781438392337
12.799781438392339
12.799836908931747
12.79983690893175
0.2666500773912881
0.0
24.061546888707287
41.97355304652768
48.00818792578081
41.58437345935117
41.673038169318744
23.96701954027133
0.10133109710591702
44.62913609368835
65.23048427204316
65.2304842720432
68.88890100202406
77.56488336160811
33.53895846400113
0.2807528382072382
58.02304770009441
87.35723298860617
87.03588898797088
71.75046498656404
71.95598777297076
40.7582729921608
0.0
52.33833562979421
65.11075319159757
65.1243032777949
70.6415804004343
58.20298883903123
59.66728836374638
1.5467392167855907
0.0
3.4659050052082603
3.4659050052082603
3.9006090465987935
3.9006090465987935
0.0
0.0
0.0
0.0
0.0
0.0
0.0
0.0
0.0
0.0
0.0
0.0
0.0
0.0
0.0
0.0
0.0
0.0
0.0
0.916003773551447
0.0
0.0
0.9131746096440864
0.0
0.0
0.0
0.0
0.0
0.0
1.0617691259097919
0.0
1.4805325912659593
14.42506102284884
0.6650380544529395
1.246946352099261
1.246946352099261
1.246946352099261
0.0
0.0
0.0
0.0
0.0
0.0
0.0
0.0
0.4071810860353672
4.478122719552155
4.07094163351679
0.8806916578762362
0.32189325920061207
0.08498829863936375
0.8058236403085905
1.5109193255786044
1.5109193255786044
0.0
0.0
0.0
0.0
3.733198156922005
3.733198156922005
3.733198156922005
3.7331010834780334
3.7331010834780347
3.7331010834780347
0.0
36.09232033306099
36.092320333061004
36.092320333061004
35.66553559979663
35.66553559979661
35.66553559979661
0.08866470996767739
53.38840630256339
62.231436796947634
52.422182080589735
43.21558107923079
39.057932145657446
49.81501421542256
0.2456587334313334
61.424234352678404
77.25106740449051
66.60160594297828
63.516032766169715
60.18836983231208
61.1374093925528
0.0
58.356354502113824
58.101922574551914
62.64195374720742
60.160095268121864
57.36743530398967
52.20887731827809
1.3533968146873916
0.25901062063214836
0.11041610048661644
0.4347040413905331
0.0
0.0
0.0
0.0
0.0
0.0
0.0
0.0
0.0
0.0
0.0
0.0
0.0
0.0
0.0
0.0
0.0
0.0
0.0
0.0
0.0
0.0
4.311914297409677
4.311914297409674
0.7109123854041606
0.0
0.0
0.0
0.0
2.5818406266806697
2.581840626680665
0.0
0.0
0.0
0.0
0.0
4.5655601364978375
2.0803232820374467
0.0
0.0
0.0
0.0
0.0
2.68629914172257
0.4626013406910314
0.0
0.0
3.64086580523254
3.6408658052325533
0.0
0.8753799392028876
0.3165815409753288
0.07436476130944328
0.7050956852700163
0.0
0.0
0.0
0.0
0.0
0.0
