0.0
0.0009738627564606821
0.0022550366223503216
0.0021051444428981103
6.563770499341279e-09
1.6480046317870588e-05
8.799581773589473e-06
1.0648362048592099e-05
9.34060144454999e-06
7.524732890179564e-06
7.740595029006606e-09
7.960493644340894e-06
2.957880756008208e-09
5.056292029180573e-06
1.4024515059039933
0.0
1.4024206738005085
2.636583185649604
1.2166976723370586
0.2762879248988829
0.5679364830807204
1.8764413053626667
0.568255392332277
2.494559574974865
275.8744735846751
10.484091424917056
92.2860624640083
1.002508889983993
0.00021118140724421641
0.5443715218413903
0.0
0.5443708078697045
3.421515865625609e-05
8.915320438998288
8.601583856797282
3.8128988042306338
8.601387966641447
18.424915589332166
112.93266921511504
8.164993725700544
222.4592732467727
1.5312581329213142
0.7499391644900635
1.4953058552860847
0.00029228405951714205
0.0
3.909687826877719
8.574886176624524e-05
4.8791881540177465e-05
0.0007646222708493371
5.15622772938101e-05
0.00020140711013777755
18.73645909853008
1.2259520720673295e-08
3.3818808597934398e-09
4.153760487587174e-09
0.00024164317372905972
0.003286342713114514
0.0002896640318920909
1.599888729704335
0.0
0.00040890009589941744
9.392988742409793e-05
1.1801856065469208e-09
9.945127528673409e-05
0.0001869303923290241
0.249391899302874
6.261078502519946e-08
5.382031497724999e-09
4.2374555656866935e-09
0.00012060809870384997
0.0004189892299000133
0.002571908787653259
2.699026583131266
0.0009643617460260892
0.0
0.000695049326888707
0.000567918462913786
0.000640150740926086
0.00027154842335530647
2.753701848190296
0.00022737681000796234
3.6295224239805057e-09
0.00011235056741865765
2.816078679899828e-08
0.007575790734370803
5.262830294502907e-08
0.0893208713031695
0.00014935313229651358
0.00117835333827804
0.0
0.0008390312309765674
0.00014366270864126152
0.00011182974296319637
5.004152213994456e-09
0.00011882713608367946
4.2804969719011326e-09
0.0001329307021403273
3.150916706435661e-07
0.004058230536626301
3.2261291251238056e-08
0.0013373920914396072
8.457918146953148e-05
0.0006395022890431479
0.001163701663316855
0.0
8.17833936630447e-05
6.619700282749669e-05
2.118679330726015e-09
0.00018341346339423886
10.23473906176536
0.00015713493087785818
0.0013941845246912212
0.0007522557953511686
0.38233280407848663
1.3830304135141454
0.00014793432904883832
0.0004508751562532998
9.435668797688808e-05
4.636532261212419e-09
0.0
0.00011222811005270412
1.5419881042448846e-07
0.00029286444862033255
21.271379103230835
1.2356908298621834
0.0027937564828717414
6.795433786371778e-05
0.00029180919906912856
0.0005739562722508395
0.0001001213650756993
0.00041001449883260694
9.365747335161897e-05
0.0012624060722957544
9.923500208489632e-05
0.0
1.0990212063086249
9.442318449712287e-08
5.318125179993481e-09
4.527454379354477e-09
0.0038393225974643844
5.63952830775866e-06
0.002076630772579132
9.775002346983799e-05
7.975285831442005e-06
0.0001486138623708736
7.519447685190781e-06
8.403855128634626e-05
0.0008545153161555152
6.088271351534388e-06
0.0
0.0012703943647258218
0.6373988424582078
8.065652266883404e-05
0.1392930002579294
0.0013871283156971263
0.0015325837966447713
0.0008137530050113272
8.82056446689705e-05
0.0004923492365281529
4.5789894107047614e-05
0.0001379486710370789
0.0007584733828428587
6.775531263869005e-05
7.538616110424741e-09
0.0
10.039995555882765
0.00015776504451354363
0.004153086176947934
0.002114738034215003
1.573138422344008e-08
1.87455913921243e-09
3.952661121735577e-05
6.124963747891754e-05
0.00013114102409403838
0.0007385033384883767
2.42820404817714
3.194388995725786e-05
1.9794697225593167e-09
0.0007145752214548655
0.0
0.00037867890472524006
0.004235455797167426
0.004113735168758717
2.6105296029346035e-09
2.2504099983713983e-09
7.040355199205468e-06
1.133606624337638e-05
2.7752759445499422e-05
0.0006190049131535418
3.325822513940358e-05
5.616977655201347e-06
2.2206545116028215e-09
0.00035005536782409323
0.0017102191048618486
0.0
