1.1590733470855383
11.455809121672369
11.597830269542346
11.510901095009643
11.890982014626138
0.4333634163411331
0.0
25.89685207154781
44.04761708598867
44.02009476861764
46.43973258751856
44.957065983791
26.532559904470858
0.0
29.955284222338918
89.35817538486036
93.04535932839967
99.99999999999999
99.04369885485167
47.617831974529516
1.888200622997695
48.866057279299156
96.52296285030108
100.0
99.99999999999997
100.0
61.82472568927889
3.2247760461305925
50.506768927608285
89.59414540279325
91.8865045961622
100.00000000000004
98.01066785165999
58.48471791670223
2.355345870688404
0.0
1.737341459408685
1.7373414594086845
1.5620833362327444
3.633842582098396
4.6262962846761475
0.7710493775468592
0.0
0.0
0.0
0.0
0.0
0.0
0.0
0.0
12.723680784307229
12.865701932177204
11.51090109500964
11.890982014626124
23.991838907948154
0.0
44.04761708598869
44.020094768617646
46.43973258751856
44.957065983791004
63.90142410414957
14.461408486351694
61.14458326662703
64.83176721016633
67.21590553330122
88.54709363109798
96.79066158624961
0.9232189129990973
58.37615795271355
53.33476693985831
57.55424898418417
91.49547647220555
94.6554522651843
3.7714765949951525
39.54260361229937
41.83496280566833
30.648945586797904
29.202592639062882
100.0
0.20439309032738298
1.7373414594086847
1.7373414594086847
1.5620833362327446
3.6338425820983966
54.153333504365264
0.0
0.0
0.0
0.0
0.0
0.0
0.0
0.0011836233880657997
0.0011836233880657997
0.0011836233880657997
0.0011836233880657997
0.0
0.0
2.1224729222100844
0.016967813457277915
0.4566652720554731
1.2740570101595685
1.2740570101595685
7.853880611591789
7.85388061159179
2.5686848789622543
0.06133324770184244
0.286846341272707
0.2868463412727069
0.4040977452325526
4.073930985784666
4.073930985784665
2.559421906660787
0.12303010346585146
0.5270950622256749
3.7401206510511713
0.3217057052297683
1.3630475720470683
1.363047572047068
0.48751551048314234
0.2973113881825263
5.91221433944683
5.376888023655512
1.4629985382994664
1.333026913707059
1.0730836751062258
0.15968542247924183
0.1366426463195237
1.750572548588443
4.791847340217694
3.8932136690968604
1.0233714190724046
0.3720521049971795
0.09295871490916935
0.12887842763861307
3.826876512508312
3.826876512508315
0.5549899731840786
0.22199598926341263
0.0
0.0
2.451222651378011
5.283651704067116
3.506175216912238
1.860071179640938
5.316720155504848
3.6675123168624033
0.0
19.46392253926018
50.23810435672101
31.75013017730844
22.447999787414236
51.536780750439284
33.532752507804226
0.0
47.91933421458318
88.00481123846697
70.04076124648435
51.27635588503017
47.617831974529516
47.617831974529516
1.888200622997695
61.1285420604921
87.36529720139785
100.00000000000009
87.83420393220408
74.59227229297736
61.82472568927889
3.224776046130593
55.745792665910685
63.69548357391133
60.46562735564246
78.62877923901155
66.0945502715663
58.48471791670224
2.355345870688404
1.4035729751307104
0.0
0.0
0.2364595361651064
0.0
0.0
0.7710493775468593
0.0
0.0
0.0
0.0
0.0
0.0
0.0
0.002719434374068283
0.01766084542911837
0.017660845429118374
0.0
0.0
1.2023579669707765
0.002719434374068283
1.2740570101595685
1.2740570101595685
4.4479996989687445
1.4826665138781494
1.564353844216797
0.09241489060977229
0.0
0.0
0.0
0.0
1.5643538628252467
0.0
13.320688556490598
0.0
0.10648634048887458
0.10648634048887459
0.8096816397627858
0.0
0.117146550302327
0.3273498477559576
8.692579003030751
2.5254416907239965
0.234293100604654
0.0
0.5353263157913192
0.5353263157913192
1.0706526315826383
1.0706526315826383
1.0706526315826383
0.0
0.0
0.0
0.0
0.0
0.0
0.0
0.0011836233880657997
0.0011836233880657997
0.0011836233880657997
0.0011836233880657997
3.384872485278915
3.3848724852789154
1.2678716626348578
0.016967813457277915
0.12024307836730841
0.12024307836730831
0.0
1.3172017895065218
1.3172017895065218
1.3172017895065218
0.06133324770184243
1.907520797265683
1.9075207972656838
0.23450278858816137
0.411922698445514
0.411922698445514
0.411922698445514
0.12303010346585146
0.117146550302327
0.14327965924029024
0.5614136805735237
1.4035729751307104
1.4035729751307104
0.0
0.2973113881825263
4.196372777007898
4.1963727770079
1.9983248540907856
18.04471919365267
5.394400028622428
0.0
0.13664264631952372
2.895277194513119
2.895277194513116
0.8519388774676114
1.0234583001000623
0.3721389963279491
0.09295871490916935
0.12887842763861307
0.5549899731840787
0.5549899731840786
0.5549899731840786
0.2219959824895084
0.0
0.0
