0.0
5.595943926006485e-09
2.5731595645994157e-09
0.17602828303029822
4.085881547778349e-09
2.2471233195658256e-09
2.1221085293292104e-09
2.2406965169467396e-09
2.2689920788196983e-09
2.029383724559764
1.492499900217331
2.5563153366897945e-09
2.5263483817094195e-09
2.30028650382113e-09
4.084362047812978
0.0
1.8215664288944915
9.374745069413734
3.12902150748583
8.244304961511412e-08
0.9265235659558517
9.098784178305294
0.9275517091021022
1.4566824822775428e-09
157.0134126671935
0.29187524710133067
187.38532549980974
11.109420428651214
1.1415925981701952e-08
3.2695834166785995
0.0
2.288951387392826
0.03300485372886487
20.330096527654625
17.60213385175683
22.152384858683014
13.272607488024136
49.357663896848294
11.34829508051983
29.26327568546219
182.5834176138253
5.8256692125042315
1.467089821475399e-09
1.0739714254061983
1.4871671180899131e-09
0.0
7.083758360903531
2.2299598672193964e-08
0.8841253159899196
6.436456705796465
0.8848971774948494
4.4022047949473474e-10
61.8646247556031
0.2869957428134605
7.3714795304576235
1.5641086891524046e-08
5.198368139018742e-09
0.00039384764266608936
2.3091914913662317e-09
0.728510500000118
0.0
0.00011186046941938673
7.449618150333798e-08
0.05470149390290423
6.71933458616018e-08
4.414410495480069e-10
0.0562799582913904
3.698186304704764e-08
0.04243685644954301
1.870072862907498e-08
3.659465049086188e-09
8.92356660500633
1.0876178051442325
0.09940407474287898
1.2193114661533858e-07
0.0
5.717591358219268e-08
0.04460971644626779
9.821484523883746e-08
3.4305929473611244e-10
7.799460413655505
9.445819801493617e-08
0.03836977737173258
1.0882208390832653e-08
1.4477481932383588e-09
0.24459039600377733
2.4069241972766213e-08
7.887747363761436e-09
6.273890447350021e-09
3.634713235833969e-08
0.0
1.017074120316989e-09
1.2465096039307006
3.5569681338324023e-10
1.7860647846901829e-09
2.0701762047511505e-09
37.491404216511434
2.774554683253704e-08
1.8860105675179296e-09
0.0011989146081031927
1.156101348020674e-09
1.0509512969396506e-07
1.2594915087474999e-08
0.00021771802298513386
1.4699025801451352e-07
0.0
2.3941368675604716e-09
4.1983410775716914e-10
2.2083710591051267e-09
2.3706456383006744e-09
1.5764179583634974
2.764870718407773e-08
3.448303933148457e-09
0.771109792796129
1.9102488625243526
0.008260778883024084
0.0069263066784795374
0.00019233166859756881
0.006926237986210651
2.0219050640169347e-09
0.0
3.6908328997610607e-10
12.556175396030914
9.54488542298474e-06
3.40978119942575e-09
1.3144510762869539e-08
0.16583915903859928
0.2682119490720942
2.063317766759669e-09
0.0001823388643824567
9.22894841361373e-08
9.963540661017442e-08
3.899736221987384e-08
0.07588837971602451
6.712580262203888e-08
0.0
60.56252033091043
3.693687439858987e-08
0.05422181380278748
1.768210406209077e-08
0.0020560865799819274
1.611742275690483e-08
1.4270793844374676e-09
0.0004717921632376904
5.4013333380523185e-09
2.1470619196185027e-07
5.2570236318513294e-09
1.1132886051787172e-07
0.00045016041401254594
3.565789497831135e-10
0.0
0.000655255763641471
0.08875035009863244
2.2552338926768272e-08
5.337110239776406e-09
0.07578576697341859
2.126691978201392e-09
1.196627303755252e-07
0.0037524315457643656
1.5593269003955566e-07
0.09948332787296293
0.012361698025017829
0.0002556119218913936
2.634548713198387e-10
86.17517998072518
0.0
0.7055598383903755
2.6836071743687138e-08
0.18302802816849326
0.24587158312835874
3.6448704179053035e-09
7.626511530570188e-10
9.209811415460691e-09
1.327027696203573e-05
3.879022122717049
0.00012473856230679428
0.04038279571222542
3.644885874300398e-10
1.4652981733988535e-09
0.00012490088436194742
0.0
0.0004166991349324797
0.05903835344757193
0.06534144966738986
4.052193554711742e-09
0.0004507610907090223
5.3345957560317995e-08
9.209884329931393e-07
0.7789755386798001
3.8987050197078684e-07
0.03577517772295737
4.282925603184508e-10
0.005579809101919854
8.866086555648935e-07
0.00010715374638898662
0.0
