0.0
1.5573790942019497e-08
1.0235596871628226e-08
2.356753558672852
1.1475632461153646e-08
1.105628926699114e-08
9.450240763001504e-09
9.098581531131655e-09
1.1023158435319368e-08
3.429026892579011
8.66210824709547
1.2256066579338539e-08
1.1022687263251206e-08
6.112875228027018e-09
7.974327227278888
0.0
5.117133801765397
13.474782267617528
5.182780731199904
4.45288863010977
14.444584865862089
8.99187838651704
5.667968403443992
2.804495113016332e-09
168.8243817267769
9.96059188788397
143.3727612452468
9.23404261135282
1.0770100392073827
4.017267202689067
0.0
2.1445438993530326
1.1102460365416078
13.395304616085323
10.417477346718831
18.96053294838266
9.639996727461922
54.346184313523885
11.373888076567493
16.373358655233847
199.83227890173134
3.925556340018849
4.476527848743273e-09
1.112619945762114
3.5754886716344225e-09
0.0
2.45329904891432
4.079413173032246e-06
0.8116675479985485
6.42760680486227
0.8116258284613252
1.4944887932809013e-09
78.30097566164892
0.24819226633621166
7.708854539476993
2.1668858817128437e-08
6.707001519895777e-09
0.00127999018503317
6.53136865061908e-09
0.19920673480946313
0.0
0.0001825559329529567
7.515217436802038e-07
0.05487404231518167
8.738893097226417e-07
1.5338249790715446e-09
5.145916868986452
1.4991711878318057e-07
0.04140568313260738
3.985204484104435e-08
5.789816716992333e-09
7.070078931620536
2.3190687896066588e-08
0.10440303317450471
0.0006951714738822319
0.0
5.490246302541407e-07
0.04693695956080382
1.2946331316794293e-06
1.1052519991775288e-09
20.390209531073133
4.5988980576557e-07
0.03959646690207125
5.6800449855091374e-08
5.5890360646656595e-09
0.4269636979013538
5.2755437418305655e-09
2.691871534275878e-08
2.179356459601375e-08
0.000391218244810104
0.0
5.949731909471872e-09
4.999153019627063e-09
1.1017060930750885e-09
2.819445599571518
7.0445441816930685e-09
32.85352507991536
7.081569705902389e-08
6.116492596634731e-09
9.807042622260172e-07
4.9533145861563275e-09
3.503216520174165e-07
5.17285664907789e-08
5.013005843617694e-06
1.3936399832635962e-06
0.0
0.397271651644998
1.2500898795658175e-09
1.4881881580338767
8.740098737560615e-09
2.270804081424993
9.336019494856524e-08
6.796822178453407e-09
0.12509812210586455
2.9349277238516085
0.00903359623733811
0.006218485823125817
0.0005810328741949445
0.006217604976849513
7.151269254113418e-09
0.0
1.1361604171600658e-09
3.924791887321208
7.5813029323781e-05
1.2334339354196785e-08
8.341900265225337e-08
0.07291133888267948
0.25985287958520764
6.743045913337054e-09
7.224523058866966e-09
0.3645579131371008
4.2970857761894524e-06
3.6655194734510344e-07
0.0763165708375522
8.715393337631555e-07
0.0
17.555926883141883
1.4660944586680893e-07
0.05248380778163355
3.927606556768893e-08
0.0017564033580443506
5.6404936467173836e-08
0.0020054560739056473
9.616327628157161e-08
2.460057397139361e-08
5.5132749147802085e-08
2.743343868347379e-08
4.8177414069163186e-08
0.00022515909100009605
1.369262580631963e-09
0.0
0.000769886528359015
0.25217230706640115
7.538736780524528e-08
1.3575582654705115e-08
3.0008622612763755e-07
0.42842788351877914
1.6562345217809566e-06
2.35800252030797e-07
1.3495279653687487e-06
0.22032191042333793
0.011111438572041698
0.0001546381773649032
1.0611949229142542e-09
65.53018537726007
0.0
1.6889614156220851
7.758740732429023e-08
0.5148121572254662
0.27383654555210507
1.1256938438429503e-07
0.0004153403406964217
0.14457392315197717
0.9266112520293278
3.100140377371509
0.00021364375728449787
1.9819186037648733
1.4768570361363984e-09
0.0006636187146652105
0.00021660676804040452
0.0
0.001003557561503508
0.08755549301915197
0.07537741112473274
1.7434626709964128e-07
0.000547707517617277
0.06730471115840111
0.08906779904004283
0.20113242768816228
2.164071400388735e-06
0.09240812739839856
1.712301459852981e-09
4.241220298594195
5.612182783854449e-06
0.00020738925576266185
0.0
