0.0
11.46634604979598
11.466346049795991
11.466420899236942
11.466420899236947
23.99953323975463
0.0
47.86606184370404
46.14808671274362
46.05956030497809
46.11577179424844
63.98228509235895
4.743303978620255
99.3639331490648
99.99999999999991
100.00000000000006
100.00000000000006
100.00000000000006
1.9966951924126854
92.93362282520397
100.00000000000023
99.99999999999994
100.00000000000001
99.99999999999997
2.131505431687213
57.24275810976845
80.26501618673203
71.36518931846267
99.58810694965322
100.00000000000001
0.17319466318629836
1.7665870590991382
1.848643528713206
1.6112810091792364
3.903754028428957
23.563986464660715
0.0
0.0
0.0
0.0
0.0
0.0
0.0
0.0
0.0
0.0
0.0
0.0
0.0
0.0
0.0
0.10718138718149998
0.0
0.0
0.07058983019278685
0.0
0.0
0.0
5.366329103959731
0.11784782987095618
1.0456187894720133
0.4143932791811731
0.0
0.7955742658213742
3.8111344813365102
1.497257228393993
1.0456186944450598
0.0
0.0
0.51264130019346
0.6866451677398456
0.5602861445316816
0.51264130019346
0.0
0.0373450490286822
0.2315384953177275
0.5178492188105065
0.0
0.0
0.0
0.0
0.0
0.0
0.0
0.0
0.0
0.26665119559161415
12.799651261947847
12.799651261947858
12.79975106120246
12.799751061202468
0.2666387206847884
0.0
23.99381340081903
40.161214080241265
41.87918921120186
41.7962677894422
41.84545284255375
23.97893954444289
0.0
39.45139549648283
80.52314668705013
57.41755149834091
53.797405739837984
72.60936602591626
38.811283847290305
0.0
45.545273661949146
73.08915914462074
80.31682224128006
67.69519534857992
64.87337596288216
59.58884776599828
0.7929693195157497
50.61766165548362
64.74221140742618
68.65522423767972
76.13664951635019
50.86455628840305
52.20746707771054
0.5408564763276452
0.0
1.5764187518665782
2.0162571334245416
1.8085649288323178
3.814478820675824
4.820281762265276
0.8569389687337551
0.0
0.0
0.0
0.0
0.0
0.0
0.0
0.0
0.0
0.0
0.0
0.0
0.0
0.0
0.0
0.0
0.0
0.12249301392171426
0.9769011292605335
0.9769011292605335
1.27217525670877
0.0
0.04594669646334932
0.045946696463349125
0.045946696463349125
1.3149334671178396
1.3620726029765384
1.6813220986409207
0.04476969952436584
2.375777181080314
2.5488122438697314
0.7090141191108897
2.9912933243171933
2.9912933243171898
1.4634196383666311
0.0
2.7587029242226127
1.4504705648492626
0.4228065417495442
0.8271982030079414
0.8271982030079417
0.2757326769884878
0.0
0.0
4.067850546635271
4.0678505466352775
0.8977525244516436
0.32812889297489667
0.08663463542788051
0.10909367635603351
3.477361986960287
3.4773619869602928
0.0
0.0
0.0
0.0
3.733116738282597
3.733116738282597
3.733116738282597
3.7329420895870378
3.732942089587037
3.732942089587037
0.0
35.99072010122855
35.99072010122855
36.04136892019561
35.85966054207262
36.00334554675855
36.003345546758474
0.0
52.52555527767542
67.7366600597722
55.85512201562553
43.67022479201635
39.52822784155638
46.15852151423562
0.0
70.19403863310279
73.35059098376594
70.94264255238977
73.84543167466572
74.11834753593851
44.47684672650337
0.693848154576281
56.76900169501495
56.50832669315495
56.508326693154736
57.33646077070915
62.57951711452341
54.01060821850197
0.4732494167866896
0.8350533485882541
0.0
0.5825802887771692
0.25892451625570706
0.25892451625570706
0.0
0.7498215976420357
0.1374625286643404
0.0
0.0
0.0
0.0
0.0
0.0
0.0
0.0
0.0
0.0
0.050648818967063344
0.0
0.2542156909040874
0.0
0.0
0.0
0.014975057679371262
3.4577781932163374
3.4577781932163334
1.1619183642572501
0.0
0.0
0.0
0.18647984905357376
0.6729251375969365
0.6729251375969411
0.18975611288889765
0.0391734870838201
0.07834697416764011
0.07834697416764011
0.07834697416764011
6.08344556839627
2.49649122956814
0.0
0.0
3.020259909109508
3.0202599091095164
0.36995572403085114
2.7534917808466908
0.8935064363182124
0.0
0.0
2.769060534534916
2.7690605345349315
0.0
0.8885806970080925
0.32083171370710667
0.07580530599939544
0.09545696681152933
0.0
0.0
0.0
0.0
0.0
0.0
