0.0
11.466458881128512
11.46645888112852
11.466495995068005
11.466495995068001
23.999668728427483
0.0
46.157803583599105
46.15780358359898
46.09917436792206
46.099174367922146
63.908838018532165
0.0
96.09312712086896
100.00000000000007
99.99999999999997
99.99999999999997
99.99999999999997
0.0
83.60224108501805
100.00000000000004
100.0
100.00000000000001
100.00000000000003
7.581824386413523
63.829137261657365
62.79705346326707
70.18570041775989
78.42925790584044
100.0
0.029584976765741244
0.36143217782133
0.4387872066709948
0.3659669834120377
3.272768864869363
36.86720389194728
0.0
0.0
0.0
0.0
0.0
0.0
0.0
0.0
0.0
0.0
0.0
0.0
0.0
0.0
0.0
0.1665610253638048
0.0
0.0
1.2101200127026757
0.0
0.0
0.0
2.954287992125624
0.06398914919480729
0.6026349204030731
0.5909754371858174
0.0
0.8083676839022403
6.4185609557928345
2.2385818587587516
1.2935285212931193
0.0
0.048771005517182796
0.048771005517182796
0.048771005517182796
0.048771005517182796
0.048771005517182796
0.0
0.0
0.0401843579579803
0.08288016043742509
0.0
0.0
0.0
0.0
0.0
0.0
0.0
0.0
0.0
0.2666567741250938
12.799773836575332
12.799773836575344
12.79982332182799
12.799823321827986
0.26665058846851347
0.0
24.01279042593752
41.88887753727023
41.88887753727021
41.83471865570499
41.834718655705075
23.967057340371106
0.033938647614028046
45.75762391353031
72.26846430640241
58.15289131857587
59.3292776944592
74.89234583376243
35.48360698750895
0.33007980752642974
54.666194638912316
77.45514128996261
76.3909979344393
75.27722333856651
76.18174795785977
58.05145747545864
0.41562588400649775
44.843463604560014
62.362451280122166
68.86019752483585
62.209178945523064
52.66086068977975
49.80303163616155
0.6302265649058587
0.0
4.251823180309645
4.257348539513191
4.252147094994695
4.459775800813071
3.197310975328896
0.5684108351855641
0.0
0.0
0.0
0.0
0.0
0.0
0.0
0.0
0.0
0.0
0.0
0.0
0.0
0.0
0.0
0.0
0.0
0.19035545755863403
0.0
0.0
1.210120013263512
0.0
0.0
0.0
0.0
0.0
0.025602934466682936
0.9252041330582569
0.0
1.729836371931695
1.8495639845623382
0.8270493360451043
1.8562589027140706
1.8562589027140706
1.6142580043793733
0.0
0.11836449313801045
0.11836449313801042
0.0
0.11249096920311387
0.11249096920311383
0.025959220391891972
0.0
0.0
4.070941636856525
4.070941636856526
0.8806916707734452
0.32189327581485977
0.08498830642385727
0.07236224665145725
2.3065472371751143
2.306547237175118
0.0
0.0
0.0
0.0
3.7331948377513147
3.7331948377513147
3.7331948377513147
3.7331082385591894
3.7331082385591876
3.7331082385591876
0.0
36.01918563890625
36.01918563890631
36.01918563890631
35.95058601055659
35.95058601055667
35.95058601055667
0.02969631666227454
44.98437741697362
78.34821785119108
59.70043530350456
39.96812607833344
37.994945037751116
47.45055257734574
0.288819831585626
66.42789204340181
76.32149886874409
73.12248025238948
72.86376472868388
68.32086544723423
66.34452282909558
0.36367264850568554
59.89982621209129
59.15895812817457
59.15895812817457
60.282682533750666
58.977921773578444
56.917750441327485
0.5514482442926265
0.32256919482751223
0.0
0.08288016043742491
0.040184357957980324
0.040184357957980324
0.0
0.49735948078736864
0.09856859706267199
0.0
0.0
0.0
0.0
0.0
0.0
0.0
0.0
0.0
0.0
0.0
0.0
1.434926774130922
0.0
0.0
0.0
0.0
0.9413094451403472
0.9413094451403465
2.5487595563991476
0.0
0.0
0.0
0.034528649232085706
0.6146119507028884
0.6146119507028887
0.0
0.0
0.0
0.0
0.0
6.372561211729165
2.186197615924952
0.0
0.0
0.0
0.0
0.025959220391891972
1.945457567157577
0.6406958809073678
0.0
0.0
1.3623788029947845
1.3623788029947845
0.0
0.8753799332976591
0.3165815438068893
0.07436476812087511
0.06331696582002509
0.0
0.0
0.0
0.0
0.0
0.0
