0.0
11.466500314529329
11.466500314529323
11.46653003306116
11.466530033061161
23.999734808155413
0.0
41.91471919971174
46.18638537553759
45.95831565671901
46.106486523765795
63.715640722250626
0.0
99.99999999999994
99.99999999999994
99.86225246162344
99.82320653529165
100.00000000000006
0.0
87.40383565668324
89.80506359852221
89.91744862360515
100.0
99.99999999999997
0.3430161348569584
56.42728938077207
56.39869807616754
55.76908508302742
82.64072359280611
100.00000000000001
0.0
0.7142298150103596
0.8275789523361781
0.7320917696999841
3.7301981073082193
32.422367141473394
0.0
0.0
0.0
0.0
0.0
0.0
0.0
0.0
0.0
0.0
0.0
0.0
0.0
0.0
0.0
0.24833990055025393
0.0
0.0
1.8024294356669837
0.0
0.0
0.0
3.290170020234054
0.0
5.591164153792855
0.6278503478970406
0.03198260652971438
0.652880268782104
5.847926762434041
2.1455867805955067
1.1215637761585373
0.0
0.0
0.04471942399616264
0.044719423996162674
0.044719423996162674
0.0
0.0
0.0
0.058882627351034715
0.12144539498838841
0.0
0.0
0.0
0.0
0.0
0.0
0.0
0.0
0.0
0.266658742343944
12.79981893964044
12.799818939640437
12.799858564349547
12.79985856434955
0.26665378925530475
0.0
24.0261119378612
46.18638537553776
41.914719199711726
41.708962694663924
41.838612203329866
23.92698392055668
0.051522624740174716
49.628064370625985
65.78539395687447
69.83276194295625
76.24404359817304
71.06664544154481
34.268278480383564
0.0
55.3263373334801
77.42268101213126
78.30879613278
66.81366431770365
65.28492181936967
41.96771191026281
1.039894192200667
50.14357853147524
61.377226583330426
61.35220919180139
61.80448894614828
53.92713699151958
56.82773420955977
0.6002211509981209
0.0
3.756535444802948
3.764631811754792
3.7578112987093495
3.971961751395652
3.3337022945722086
0.5926581825281587
0.0
0.0
0.0
0.0
0.0
0.0
0.0
0.0
0.0
0.0
0.0
0.0
0.0
0.0
0.0
0.0
0.0
0.28381702920029017
0.0
0.0
1.8024294544622734
0.2558608522377151
0.25586085223771504
0.22387824570800066
0.22387824570800066
1.9522418409558902
1.920259234426173
5.084324893064986
0.0
1.3927734498083815
10.103100985313812
0.7095973282884454
3.372153178077918
3.372153178077916
1.330494990540836
0.0
1.490554916644236
0.060678844164342896
0.06387308873549737
0.13096431234014394
0.13096431234014402
0.04791366856731715
0.0
0.0
4.070941644063246
4.070941644063243
0.8806916841937913
0.3218933007821604
0.08498831861334438
0.07544909328806339
2.4049402298616234
2.4049402298616296
0.0
0.0
0.0
0.0
3.7332223928152173
3.7332223928152173
3.7332223928152173
3.733153049574267
3.7331530495742675
3.7331530495742675
0.0
36.039167906791775
36.039167906791825
36.04560823488435
35.890475880834956
35.89047588083503
35.89047588083503
0.045082296647652884
40.53694023159841
73.94331209224842
54.99969554876827
41.33223587964665
39.38679967180552
49.43240539037348
0.0
66.35917485593332
72.13681845225175
66.41939224446547
70.34226265192106
65.87392749651397
62.95156786539421
0.9099074181755837
57.19814639762811
56.86541245963533
56.86541245963533
53.45440513178673
51.93617968229719
49.724267433364794
0.5251935071233558
1.4098051725048022
0.0
0.12144539498838801
0.05888262735103478
0.05888262735103478
0.0
0.5185759097121388
0.0
0.0
0.0
0.0
0.0
0.0
0.0
0.0
0.0
0.0
0.0
0.00644032809252184
0.0
1.5946206953240463
0.0
0.0
0.0
0.0
1.513754185249735
1.5137541852497347
0.0
0.22387824570800074
0.22387824570800066
0.22387824570800066
0.28427644803564217
3.423284675542832
3.4232846755428343
1.1168196401259862
0.0
0.0
0.0
0.0
7.2879454992116885
2.819610345009604
0.0
0.0
0.7227563912077187
0.7227563912077178
0.16686682145194295
1.8529809845580152
0.6367484717075234
0.0
0.0
1.405935045854526
1.4059350458545303
0.0
0.8753799347562987
0.31658155539042665
0.07436477878667633
0.06601795662705544
0.0
0.0
0.0
0.0
0.0
0.0
