1.0712472456046602
12.187942675509273
12.27015308385241
12.132058684202768
12.13205868420278
0.44677296228040597
0.0
25.89773258146005
44.055805890826676
44.04712298111644
46.09338747651888
44.847041480810596
26.53615851203302
0.0
41.26321061089301
90.35224350715886
89.3808508368437
100.0
100.00000000000004
47.3534592243437
0.9610497482607205
47.52687211519885
99.99999999999997
100.0
100.00000000000001
98.39813573163508
70.98861935068028
6.700004798922334
54.810718339871435
91.07626796630498
92.97069027051467
100.0
99.99999999999999
79.69368432489944
5.312181035861337
0.0
1.9921568426464331
1.9921568426464338
1.5556428158514644
3.631695171419462
4.626295493928584
0.7710491558318284
0.0
0.0
0.0
0.0
0.0
0.0
0.0
0.0
12.187942675509273
12.270153083852408
12.132058684202764
12.132058684202772
23.990355158889578
0.0
44.05580589082671
44.047122981116445
46.09338747651888
44.847041480810596
63.90313288948192
0.0
53.77760160451966
52.80620893420451
72.0725519242832
78.0118157639573
95.93763219850436
3.1875261707450697
68.40823408485996
67.82350675723403
56.569441566251044
100.0
96.08921556427539
0.0
36.322133391803106
38.2165556960127
9.233578814677822
49.23718528280761
81.24649574984421
0.23610922599570536
1.9921568426464331
1.9921568426464338
1.5556428158514644
3.631695171419462
70.81081361207272
0.0
0.0
0.0
0.0
0.0
0.0
0.0
0.00043265952134726273
0.00021632976067363136
0.0007109834650865672
0.009517788515890992
0.0
0.0
1.8628751879771248
0.003966596775381549
0.0
0.22751795205839825
1.6029075266503092
9.729977073309149
9.72997707330915
2.1719438509372075
0.05378180663965949
0.0
0.0
0.0
0.0
0.0010097469191755264
1.6041490418792714
0.10302233071638416
3.625674155134943
4.021713594104989
0.8919823054334084
0.2976075996912929
0.2976075996912929
0.2976075996912929
0.12924064610060293
0.0
0.0023487096577480115
0.013747950386281863
0.40613768311183074
0.40613768311183074
0.05288098421628507
0.18708272352011399
0.03229627437395093
4.092635181815253
4.092635181815252
0.9966029553078255
0.37135482966553646
0.23492760406464608
0.12887846559632452
3.826876546513586
3.8268765465135868
0.554989807824259
0.22199591650093353
0.0
0.0
2.5039180731887813
5.295406711777595
3.425829776978265
1.8670346796560096
5.292747997221256
3.640798955362042
0.0
19.463838891398765
50.26924039976197
31.836267014588653
21.73903787126237
51.28322973199348
33.4898878022881
0.0
50.69181809230747
72.01966722185972
83.62114659902674
51.72529924634547
47.07206655523828
47.07206655523828
0.9610497482607204
60.58051573497582
95.7729706050298
87.75187385912322
90.44324286434005
81.06142972096457
72.0506673008178
6.970678888080039
56.776046407607254
59.346741800173625
57.4651855481755
89.80622984216193
89.77206989403614
78.6316363747619
5.041506946703631
1.1455740354148676
0.04306711102388352
0.23408861151970103
0.7102997958000079
0.23610922599570536
0.0
0.7710491558318283
0.0
0.0
0.0
0.0
0.0
0.0
0.0
0.0004946537044129359
0.011007271844102431
0.026316549693551967
0.009185896818751049
0.0030613005097903235
1.1357075066112812
0.039000890253337625
0.22751795205839825
1.5731268264949585
3.697662210553604
1.2049702947919956
1.9427852846088456
0.09081254728905809
0.0
0.0
0.0
0.0
0.5847273893320176
0.0
18.80233675661534
0.7697396347388976
5.306343605837535
1.8164532033161034
0.2737967682755379
0.0
0.0
0.0
1.1970918496615326
0.3078218484116755
0.10149271099454221
0.05455544522052168
0.3182455384868928
0.43285944798698717
0.46616632305211836
0.16743899574528182
0.006908082689075275
0.0
0.0
0.0
0.0
0.0
0.0
0.0
0.0
0.00021632976067363136
0.00021632976067363136
0.00021632976067363136
2.103575720768998
2.1035757207689985
0.0
0.003966596775381549
0.14611262903898717
0.14611262903898714
0.0
3.9629158928256496
3.96291589282565
1.6558779508578658
0.05378180663965949
1.9241908366752911
1.9241908366752911
0.0
0.0
0.0
0.0
0.10302233071638416
0.0
0.0
0.0
3.727241878092907
1.8398521686502942
0.0
0.12924064610060293
4.394181920777032
4.394181920777032
0.042747322402598834
0.05288098421628507
0.05288098421628507
0.05288098421628507
0.187082723520114
6.3285514956595215
6.328551495659523
0.0
0.9378707910937545
0.3126229156713407
0.0
0.12887846559632452
0.554989807824259
0.554989807824259
0.554989807824259
0.22199574817904813
0.0
0.0
