0.0
0.0004234447811463144
0.0016897016297476146
0.8644051260889823
6.732849048296056e-09
1.2253574473413473e-05
6.540543747198616e-06
7.74021543772212e-06
6.9376108279166276e-06
1.5598955700339538
7.587036423947068e-09
5.915851802386677e-06
1.7595165883479632e-09
4.008769602141448e-06
3.131283229578971
0.0
3.0432224602708713
5.315104747005589
3.2639050587608955
1.1080985350967525
1.4617874888261193
2.2516906349711494
1.4623879572827831
0.6434762840346604
323.68844861725074
3.6682859921364104
48.92124087830886
3.863352470240354
0.0001557968314697198
1.2617696023113252
0.0
1.261769375203131
2.5624614646197495e-05
12.193605403308748
8.666176873898035
5.58853456250739
8.665579572798467
23.675974838626527
43.25843956791114
12.625250695488731
263.85657143019074
0.661172345518992
0.5491059378325489
1.1828327265182912
0.00021951608457967177
0.0
3.2693813072684654
6.408802426279655e-05
3.635269278400215e-05
0.0005733095695428011
3.840558799075357e-05
0.00015761517776929706
25.077663424691906
0.3888242566788611
1.3950855454790349e-09
0.19169657950419133
0.00018136139719397205
0.0018828656612562594
0.00021763240640115757
0.002416862307347572
0.0
0.0003069375949543028
7.00327093183839e-05
2.1095668680564814e-09
7.417920915811771e-05
0.0005755405020708583
15.307777226516002
1.8914683465120322e-09
2.1308633385835337e-09
1.5003024219317712e-09
9.053509058904596e-05
0.44396476656973277
0.0011566138899601615
4.365567939473687
0.0004036207234228297
0.0
0.0002061845704596515
2.3891243133288608e-08
0.0002324381996626745
0.00016114761516139374
7.382381929543199
0.6932207842056626
1.8925493194672505e-09
0.2895576067630803
1.7122963920362057e-08
0.004594256091507617
2.4867250021285654e-08
0.2569846690184942
0.00011662941187872618
0.0009060033880126753
0.0
0.0006248834092458526
0.00012812758540482175
8.372471464440485e-05
1.4914111426620672e-09
7.310939106884529e-09
1.6601576387245814e-09
0.00011171556036376087
2.497341585561801e-08
0.0035730582418313614
1.4934164522487525e-08
0.001027803958117923
6.507463692452197e-05
0.0005135532072644875
0.0008737963329864856
0.0
7.014942027884467e-05
4.930881366426568e-05
1.3882201714823839e-09
1.0858850541947518e-08
12.180096091942755
0.00012707379371865721
0.12410111557882016
0.02429863120136776
2.128175151250057e-08
1.1801574433972775
0.00011191866726098805
0.0003323137489544231
7.040318178680449e-05
1.5493096147842088e-09
0.0
8.392021464332801e-05
1.8353129517881883
0.00021909082777733967
18.04282033689364
2.8528165752455478e-05
0.002092566689679822
5.0778727957111766e-05
0.00021904133261862698
0.0004301646099700021
7.466422996164253e-05
0.00030780938056098933
6.989302832413971e-05
0.0009462112314157038
7.402259819501943e-05
0.0
2.1400709320969755e-09
1.649371334326426e-09
1.849495253643852e-09
1.6697538981261439e-09
0.002896910238332273
4.213480885208181e-06
0.0015556096125919822
7.315769555295743e-05
5.950537042090403e-06
0.00011085880549654612
5.614254298376564e-06
6.758176833558996e-05
0.0006016549056425016
4.546834381179991e-06
0.0
0.0009522328732420834
0.7612559937649872
6.405124638410141e-05
0.0020165998168500403
0.0010391742012589211
0.11025890499959443
0.0006085367706916303
6.692578786506509e-05
0.00036506794529778016
3.418780348163969e-05
0.0001133959079460112
0.0006430224244177907
5.063240837785515e-05
1.2207864536579122e-09
0.0
12.070985680835701
0.00012740434370466725
0.002095852078497994
0.0015879450196237864
5.418018737873366e-09
2.7908180704330493e-09
3.0429439949654035e-05
4.582850066658653e-05
0.7081372042734889
0.0005482463367749615
1.11831739029947
2.3878818958590725e-05
1.3118456004938126e-09
0.00033915464752986755
0.0
0.00027337172618964364
0.0016635398199769398
0.004668228702281086
9.025891775491722e-10
1.4982162721553214e-09
5.430596924560064e-06
8.476066378729703e-06
2.0754897126525145e-05
0.00048479083344315046
2.4872150888946155e-05
4.197150979973655e-06
1.4824156355714983e-09
0.00012151795339277323
0.0012831333417351375
0.0
