0.0
0.0003755624843827052
0.0014983727978464508
0.0015933210879660812
1.5167261552611633e-08
1.0934793715524612e-05
5.838603161400899e-06
7.066277809259027e-06
6.197432922452056e-06
4.989770546669026e-06
3.138055405556585e-09
5.285067537463314e-06
7.020675530686911e-10
3.3583039379382413e-06
1.826181705229834
0.0
1.8261570680197174
3.4617769164615355
0.9132157892665176
0.6534794382053529
1.045769955161296
1.858677166379518
1.0454770921075045
2.4747611301008567
333.5348287826633
3.374662124013366e-05
47.018768307171754
1.0842551563463312
0.00014033764152192885
0.6894066712235187
0.0
0.6894064784586436
0.4362523151258542
8.795725030822254
9.226949900987641
3.7295509543721868
5.911584887911311
20.459196018424283
54.381731164954864
19.82383385000787
264.1070140492683
1.8163807317367975
0.865698704470781
1.7285792483553593
0.00026704479307556423
0.0
5.501178604600806
5.692628711583015e-05
3.2387617752796135e-05
0.02881635047891384
4.320838991321558
0.00013379433686028772
10.685922880907931
1.4741945000949674e-09
2.7051599737081515
1.915640407974604e-09
0.0001605921307819869
0.0026089029042828398
0.00018355942000095217
0.1887376826274482
0.0
0.00027125486103118734
6.232249555570876e-05
5.733703321396878e-10
6.601684739373427e-05
5.3492074794092634e-05
4.2995959514745535e-09
4.76452474663469e-10
3.3752907815197364e-08
9.999363409668893e-09
8.015063585103493e-05
0.0002780063115068098
0.0017086381935217684
3.936121483376396
0.0006571403418004339
0.0
0.0004610954994559173
0.0003777613079787183
0.00042373463737101273
0.00018032697048342541
5.1808095400423495
0.0001508953128078015
1.9689536555383727e-09
7.46611430892238e-05
1.0815156526882394e-08
0.005532242484569756
1.7789607305942133e-08
1.0688371537558966e-09
9.910044809160847e-05
0.0008369691782864309
0.0
0.0006017775550902474
9.517236957727432e-05
7.42191817319579e-05
1.2599375271458748e-09
7.895321742318418e-05
1.6963671561370638e-09
8.824627264336697e-05
1.8051785935132834e-08
0.0027027201172440153
1.35051014023425e-08
0.0008889877762945629
5.605740793993293e-05
0.00041525945480396187
0.0007730018646705654
0.0
0.10795521993503496
4.392743448085765e-05
9.924596970313398e-10
0.00012187867584847469
11.055369333359039
0.00010440801438179876
0.0009266146762217567
0.0004999183652233085
1.2463241093732684
1.7160996509888786
9.817349771692541e-05
0.0002990852679299565
6.261923637644414e-05
2.0200880813824367e-09
0.0
7.448270174909804e-05
6.541704293284444e-08
0.00019428568450694493
18.918018091348472
0.7153988245603906
0.0014044927144934787
4.5123165317488304e-05
0.00018518560658354547
0.00038117099284769
6.646079947701654e-05
0.0002719708048252239
0.0017665849803721163
0.0008411040865193741
6.587342329895676e-05
0.0
1.2975015100569343
2.256347250526066e-08
4.925433089268765e-10
1.010270009087632e-08
0.0025520222683363004
3.7437922252562894e-06
0.001380285306959753
6.49657177341002e-05
5.292351566591705e-06
9.869255409446574e-05
4.993807161921003e-06
5.4858407745221595e-05
0.0005675547338655384
4.035757557212188e-06
0.0
0.0008438542111044024
0.6727694722278574
5.358992661827607e-05
0.09889127416489917
0.000925337543114221
0.0010183138950691406
0.0005408823531694357
5.852961201551934e-05
0.00032127268955634296
3.039040502862678e-05
8.967766809474801e-05
0.0005040037093243378
4.495803899342665e-05
5.269625751696318e-09
0.0
11.020854458561178
0.00010483054623524838
0.0027657734831949225
0.0014055524435740191
6.49417357831767e-09
5.508294331850412e-10
2.6216515218229186e-05
4.063983057844341e-05
8.707451677464613e-05
0.0004822795702243285
1.4784570270702198
2.1194894367312998e-05
8.866797118317214e-10
0.00047428823853288703
0.0
0.00025134877898204074
0.0028170326591890325
0.002734758784932625
1.0821886618520737e-09
5.591499213174321e-10
4.6681330870725675e-06
7.5237701009411606e-06
1.844645900427394e-05
0.0004058643757193259
2.2105670477019397e-05
3.725419479349356e-06
1.0024102734631964e-09
0.00023284472676113316
0.0011360967433811345
0.0
