0.0
0.0002730752014311312
0.0010895568132557524
3.487895224396352e-08
1.2237831274514857e-08
7.960917738604199e-06
4.253458745433996e-06
5.1468965034324395e-06
4.515050779916739e-06
0.7264137908921896
2.0985343606811385e-08
3.850782960901848e-06
9.138716074758931e-10
2.444626741278495e-06
1.506857853131658
0.0
1.2131117280742565
1.4299947610251034
0.7535196060477497
0.08972264385463306
0.494420818294375
1.9586219135735166
0.4943086407802603
2.3041392242283023
280.53090677602904
9.051216828381998
98.8641264365428
0.8671744580056603
0.00010207418411947285
0.755384794551903
0.0
0.7553846054434343
0.07920213427915984
10.044433274000387
8.905817179114896
2.9273336142601316
8.90593145926521
19.17395206107505
112.80687023569946
8.791096635464946
214.4261150260576
1.3237639333433868
0.7911195076917996
1.5800301390578604
0.00014174616243431602
0.0
4.130349651358074
4.142663332223474e-05
2.3585832150311527e-05
0.5276873762827031
2.4923818261920357e-05
9.735063357203878e-05
18.906254468635595
1.5426111828907586e-09
1.5926852002693415e-09
2.642418952831584e-09
0.00011704286217405612
0.0016206450018925042
0.00014056129961300068
1.3983435985372497
0.0
0.0001978098742985324
4.540778098986513e-05
2.849605875438816e-10
4.8082599815245823e-05
3.89617377244182e-05
0.03893999911208609
2.48410003423502e-10
1.493301716659325e-09
1.4058623831885031e-09
5.8410055041717025e-05
0.00020257251800215098
0.0012420450899436224
2.854625348113318
0.00046665025263435873
0.0
0.00033593048015609844
0.0002743596319788095
0.0003092463878502021
0.0001312628624635876
2.584772536607556
0.00010993710527250031
9.599928196249e-10
5.433145521013488e-05
7.860905830972952e-09
0.0036597658543337536
1.3181667827985616e-08
0.12357370541789303
7.232176115780668e-05
0.0005696153801655422
0.0
0.0004057793297694143
6.949401444753438e-05
5.4079292600738406e-05
1.4618501356234658e-09
5.746411634994938e-05
1.065541871006055e-09
6.42525676382e-05
2.505462182097927e-07
0.002230159653901072
8.99556720791361e-09
0.0006460412269628905
4.0985512507518786e-05
0.000340064900991034
0.0006184121896780743
0.0
3.956769658706523e-05
3.201433400875705e-05
5.7828854676206e-10
8.86939742713877e-05
10.44488366953313
7.597172444348698e-05
0.0006735918831193688
0.00036343022972808707
0.5556242814534171
1.338539246412049
7.156379426445928e-05
0.00021796585048989127
4.561276754516883e-05
1.3716301376732947e-09
0.0
5.4272441009656865e-05
4.4176000667386846e-08
0.00014143581110691246
19.861707291384654
0.7712188626804769
0.0013496085449367537
3.286899478002631e-05
0.00014133236978919816
0.0002774839050033019
4.84084340816761e-05
0.00019836210536284534
4.5283435386947666e-05
0.0006097422355215627
4.79783546542645e-05
0.0
1.6600826214594235
8.290260884485102e-09
1.252223585428919e-09
1.4747156253080767e-09
0.0018706551421838668
2.726440711189656e-06
0.0010032232073284549
4.7226388941529155e-05
3.8545512292576584e-06
7.185700056021842e-05
3.6346411831218473e-06
4.062891468562305e-05
0.0003884127132108928
2.941855349229743e-06
0.0
0.0006143610179085868
0.6528052209868499
3.899019357213169e-05
0.08678973258911785
0.000670112193394511
0.0007405621355241253
0.0003931205509100443
4.267496211416976e-05
0.00023819496676336422
2.2137548396157764e-05
6.669423644983132e-05
0.0004147312083656352
3.2769236946708935e-05
1.924455252753082e-09
0.0
10.314290528800917
7.627539420265795e-05
0.00200648840745807
0.0010216940603016084
4.354956411122184e-09
5.591457820838277e-10
1.9132393854853227e-05
2.9621263343466676e-05
6.339245280712578e-05
0.00035699597218745297
1.6535386573151136
1.545019666926285e-05
4.660934645023704e-10
0.00034551174025967686
0.0
0.0001830418125705794
0.0020462996563631107
0.0019874301945366542
7.255390591161429e-10
6.926441872491453e-10
3.407310927186356e-06
5.4800232179831815e-06
1.3408549778485269e-05
0.0002993476461848471
1.606720052235835e-05
2.7160764689733826e-06
5.275265285838926e-10
0.00016926939397800104
0.0008266200928721934
0.0
