0.0
3.9005895809008025e-08
2.038999863009496e-09
3.21381470516687e-09
3.2926353986201446e-09
2.904767287713083e-09
2.805173911439521e-09
2.721942473479435e-09
2.9209782059188928e-09
1.5457635958753248e-09
18.804527315644744
3.5465101623570006e-09
2.9578703278194087e-09
1.6598767865678455e-09
5.952874919836572
0.0
3.5909356223228204
10.075948149132854
3.830867859612478
3.6724048829163958
5.28748044832435
24.927870415556637
3.9285819831222906
6.331301644408318e-09
167.92691537428001
0.6815010128613773
149.87656811165886
12.648246184222332
2.2617447927175494e-09
3.6178314909762697
0.0
2.851831860940276
0.0327163683427177
7.9713341772421025
6.139803522135884
12.557969200906873
4.452164669359021
51.75083086463036
11.45950013321183
34.836798101944225
212.1270053024213
3.958003345321691
2.821990252570756e-09
0.7901406382694471
2.0612754717563675e-09
0.0
5.207637885436995
1.2059867692738712e-07
0.8090564687512324
6.493025809129182
0.8086439266069088
7.678523177364583e-10
73.96774070010655
0.2526939008130648
7.664483021451824
8.09917048457169e-09
8.257920641091022e-09
0.00045678043503131745
4.050760259180358e-09
0.6266598363232919
0.0
0.00014453528600245932
1.0266310803746153e-07
0.054821457678593866
1.51072981605079e-07
0.20673213410034577
0.05646116997602629
5.7915310719614534e-08
0.04139321978739652
1.354598518127842e-08
7.661399055031274e-09
2.993350262608304
3.8820801481959054e-08
0.0979892824496181
0.000284899503452355
0.0
1.0096524414904516e-07
0.04422819995859978
2.2172104168993763e-07
6.337874209807805e-10
9.792097150786095
1.5200941166961907e-07
0.03740347556004464
1.8667930735287943e-08
5.795496375175902e-09
0.06123352781581891
4.2599244353160813e-08
1.2094867462594948e-08
1.2821339162354784e-08
1.0771094711967867e-05
0.0
6.020419266953553e-06
2.657596314286539e-09
7.280832354222565e-10
1.5376321614103623
2.68207707765969e-09
34.055905053492815
2.3218743662210343e-08
5.775857760697871e-09
0.0018155322550053113
5.5836912136149876e-08
1.337778967550571e-07
2.219214914177346e-08
9.898884741943054e-06
8.383020048999035e-05
0.0
0.009141369017310575
9.268777713086435e-10
1.1347437926461317
3.251523575422685e-09
1.615669895502176
3.008339637957017e-08
1.044306919565282e-08
0.026317084129789513
1.6450352165682058
0.008155082079047634
0.006738260008158699
0.0002607604027094084
0.00673809059859069
4.41610799807874e-09
0.0
6.977533027941119e-10
20.17992500929383
1.842334385641772e-05
7.927457505104062e-09
2.72536052341967e-08
0.06420400200717494
0.6106972158141486
5.807551966284047e-09
8.077131842288969e-08
0.21350741645701637
1.641050405876737e-07
6.864880755383001e-08
0.07634611022044716
1.5047866255914527e-07
0.0
5.109541835029967
5.7147038314473946e-08
0.0521299347359076
1.3338234948154568e-08
0.001311689470723349
1.1715008468614894e-08
0.021997940640658464
0.0004629105154820792
1.0902666340465214e-08
3.2145956266922926e-08
1.1707530179078088e-08
1.5130613413084509e-06
0.000357756889524695
1.0733467234041101e-09
0.0
0.0005777059637383736
0.1602150062225599
1.749670165911963e-08
2.6207001760104213e-09
5.8870405497021474e-08
0.23465460829221335
1.8479864577834654e-07
5.433891403337615e-08
2.594523461607842e-07
0.09628317644522354
0.010918094185327125
0.000162718706453103
6.153638648235387e-10
73.59273068919643
0.0
1.2592094571271846
2.7057971808815976e-08
0.17639219204861048
0.3070423034460627
0.006310656886165174
0.00031809542564950773
0.115048794425208
0.6050105293186986
3.474903779129999
0.0001609131707991204
0.9720376756319871
1.1948793269037989e-09
0.00039365629059390705
0.0001615803431637759
0.0
0.00014518237755725423
0.052248123345725817
0.05406463339138157
0.008422324821745548
0.0004334684078629123
0.04731604043752511
0.060516446759389476
0.17491696178749608
1.2011020075965992e-06
0.060341768242388114
1.4595614205158962e-09
2.664556046577026
2.0864160225382436e-06
0.00011441733329543014
0.0
