0.0
11.466518164308678
11.466518164308681
11.46654891799399
11.466548917993983
23.99977395812537
0.0
46.2509361697261
46.250936169726174
45.82704793449906
45.91559454752689
63.634476672618746
0.0
99.99999999999973
99.99999999999987
100.00000000000007
99.97187945751234
100.00000000000001
0.0
76.75283710201892
76.1617773823107
85.11026822417817
100.00000000000003
99.99999999999997
0.0
59.9610825004778
59.97330973755485
60.353611203233406
70.00681929105048
99.99999999999999
0.0
3.4679624498732147
3.4679624498732147
3.4679624498732147
3.4679624498732147
30.448545996567834
0.0
0.0
0.0
0.0
0.0
0.0
0.0
0.0
0.0
0.0
0.0
0.0
0.0
0.0
0.0
0.8004356362631199
0.0
0.0
0.912460781899417
0.0
0.0
0.0
0.0
0.0
0.9124607822356037
0.6706184312154578
0.0
0.581572545895434
8.099679767974271
2.5950430273047105
0.8650143377787923
0.0
0.09737193502605307
0.09737193502605307
0.09737193502605307
0.09737193502605307
0.09737193502605307
0.0
0.0
0.0
0.0
0.0
0.0
0.0
0.0
0.0
0.0
0.0
0.0
0.0
0.26665952981635926
12.799838439419789
12.799838439419796
12.79987944433354
12.799879444333534
0.26665440420214204
0.0
24.061464910392893
41.973410705409876
41.97341070540994
41.58474948965781
41.68594561883248
23.96706349374057
0.10119612917462079
44.634852427369616
65.21352131071326
65.21352131071332
68.88364320285132
77.62618642197286
33.69512542726399
0.27949549429295034
58.02025989326634
87.3594031562689
87.03800209239103
71.46314724752922
71.95942745067174
40.7618071062036
0.0
52.33913171974655
65.11192544930057
65.1258994345312
70.6424936595661
58.20009331196636
59.66509512119551
1.5460081368888017
0.0
3.4679624498732147
3.4679624498732147
3.902227071482887
3.902227071482887
0.0
0.0
0.0
0.0
0.0
0.0
0.0
0.0
0.0
0.0
0.0
0.0
0.0
0.0
0.0
0.0
0.0
0.0
0.0
0.9147835843007085
0.0
0.0
0.912460784469023
0.0
0.0
0.0
0.0
0.0
0.0
1.0607192834323473
0.0
1.4575042275298324
14.396483280302274
0.6646543381662101
1.2462268840616442
1.2462268840616442
1.2462268840616442
0.0
0.0
0.0
0.0
0.0
0.0
0.0
0.0
0.40609166685084847
4.4770333119348535
4.07094164508402
0.8806916818048532
0.3218933009922741
0.08498831901874747
0.8051844295238105
1.5097208053571423
1.5097208053571423
0.0
0.0
0.0
0.0
3.73323341742903
3.73323341742903
3.73323341742903
3.733161658829989
3.7331616588299874
3.7331616588299874
0.0
36.092197365589314
36.09219736558936
36.09219736558936
35.66598112730725
35.66598112730724
35.66598112730724
0.08854661302779317
53.392589819347684
62.239224232413925
52.43547301520142
43.2185754082905
39.05802384975441
49.78791895025168
0.24455855750633154
61.423279717718955
77.25028887787406
66.59937382936407
63.51642883093155
60.189544657148495
61.142710607129835
0.0
58.358855383840236
58.10476158796818
62.640304525248645
60.15393416910915
57.36474190974599
52.20695823104607
1.3527571197777013
0.2585557700277587
0.11029726894680025
0.4342646216096722
0.0
0.0
0.0
0.0
0.0
0.0
0.0
0.0
0.0
0.0
0.0
0.0
0.0
0.0
0.0
0.0
0.0
0.0
0.0
0.0
0.0
0.0
4.306170629438793
4.306170629438796
0.7111388411427553
0.0
0.0
0.0
0.0
2.5829081634262616
2.582908163426259
0.0
0.0
0.0
0.0
0.0
4.554289325653924
2.0756190151334186
0.0
0.0
0.0
0.0
0.0
2.683373985708513
0.46192378007099244
0.0
0.0
3.641794399655023
3.641794399655028
0.0
0.8753799392077062
0.3165815586393411
0.07436477914140403
0.7045363758333342
0.0
0.0
0.0
0.0
0.0
0.0
