0.0
1.168012079411147e-07
1.7312808798141573e-08
3.425866779008353e-08
2.0854200188688686e-08
1.6198258612922166e-08
1.538212282680223e-08
1.538514512156766e-08
1.6349241196604166e-08
6.8940955532701835e-09
3.1572780386276182
1.876712667216957e-08
1.6343191842708653e-08
1.2734424647554785e-08
14.157644648738614
0.0
4.636308494847409
10.850829359583535
4.701608445875767
7.731020640506885e-07
12.058085652640154
19.060436610020254
0.8453769655127159
0.7459203766163005
169.712143344825
0.25795326461656715
160.4159451539088
4.41076501141305
1.8192030407138395e-08
3.07390154793355
0.0
2.1178112023566382
0.033000096328560276
17.38993952487273
5.619012904987703
16.04716084036301
9.216580320998112
47.55834560393465
11.410938642379556
28.758209965384665
209.88437678287093
8.860574134952373
9.715810211595065e-09
0.9631098011108306
8.832180173626094e-09
0.0
5.081824648669378
2.31563089634925e-07
0.8117428687952428
6.482550562227926
0.8116460357102795
3.767818834018427e-09
61.22662327765149
0.25477001594390447
7.611112368762362
3.3863551993440406e-08
0.00018539372460349762
0.0006825960670587133
9.696238002969e-07
0.2698913958431941
0.0
0.0002151521203871663
5.603557187398207e-07
0.05497520937648272
7.104375718311556e-07
6.19896728132215e-08
0.05697143932243694
2.848925126974597e-07
0.04195668224398355
6.220713644863775e-08
0.00012525946273320618
8.10574831517102
4.3993964497605193e-08
0.09939010352697518
0.0008836121119897154
0.0
4.246395114922378e-07
0.04481006302200978
1.042266202663494e-06
3.0561008200085106e-09
7.3445578472299315
7.299061508373245e-07
0.03817134356279653
8.413596429399907e-08
2.1352530746510053e-08
0.5717322920877861
0.002071797128976237
5.605115903552333e-08
0.00019198813974665514
0.0002942644598577931
0.0
2.0057636707539912e-08
1.3048916764298582e-08
3.543868529561515e-09
1.3578359898691907
1.3572669481042105e-08
34.221053173012066
1.090271576501635e-07
2.4398732183478063e-08
1.0367451061335437e-06
1.9295973631307523e-08
0.0020321177649427853
0.00015696095952983345
0.00021761068818715066
0.0004380218114898845
0.0
8.139435033100363e-08
4.449208174577652e-09
1.0118059500641317
1.6655402716557377e-08
1.6062716939778745
1.3855919965125102e-07
1.2400633705793603e-08
8.020682587959384e-06
2.0367606854492326
0.008302705554512131
0.006996012809555616
0.000547330247291807
0.006940724003988067
1.6073836948550564e-08
0.0
3.6605532503533835e-09
2.4210434549784934e-06
0.00012152999786440959
1.2969543927792013
0.36179586452427764
0.07285495680434824
0.3618248783032294
3.5259823374112634e-08
0.0005346785727751455
0.18920420333323243
9.539203470766017e-07
2.903939429662823e-07
0.0763042529550544
7.074482770453336e-07
0.0
37.79183241902311
2.8434772079225037e-07
0.05326447065429796
6.008669938637889e-08
0.001977733934571793
9.256516653691502e-07
0.02950711873825808
0.0004671384234665535
4.5010339917492076e-08
1.3133826331268672e-07
4.1866822410642284e-08
9.321677747610176e-06
0.000561598720379013
4.433202347471001e-09
0.0
0.0008919992899880261
0.15273793848206618
7.447539839523067e-08
1.1356936171472931e-08
7.106514169522431e-07
0.31477193899949996
7.811758412438124e-07
2.2696989544811936e-07
1.078793919879857e-06
0.09296041558951842
0.011103065607254799
0.0001740573744688295
2.5812394408943837e-09
61.23642281904204
0.0
1.198996423510187
1.22533465599249e-07
0.21886730952865008
0.34402827514025963
0.11682077753753041
0.006762015069747845
6.786675175589472e-08
6.197294984514525e-05
3.3052855503657277
0.00023821730837857592
2.5759034784158317
0.1638183722698031
9.460006741695988e-09
0.00024067773781321494
0.0
0.00021474898889600996
0.05781092770518402
0.05944327868583564
0.04848158648876984
0.009350454253444001
2.7151595748046444e-07
4.597370124108913e-06
0.17285728077708162
6.200913976133191e-06
0.06824582989172748
0.0553516631160217
2.3782165607943533
1.3358233797780958e-05
0.00031811960325685577
0.0
