0.0
0.0003219597051770031
0.0012846821691605268
8.284124184464052e-08
6.11226328262205e-09
9.384792125354891e-06
5.015119683403552e-06
6.06841458336877e-06
5.32358609414445e-06
0.35019798310948747
2.1834517970719304e-08
4.5394015649765064e-06
1.0790515701613412e-09
2.8826985216702995e-06
1.3053659005471743
0.0
0.9595454295479224
1.5579258962653002
0.6527898177018872
0.07333332862404565
0.3596788763881865
1.8009955299595577
0.35966009510358293
3.132289112837312
280.80219764055124
9.67761675088072
102.0628659027034
1.0009156984397778
0.00012035300088271987
1.2067615052156277
0.0
1.2067613199839735
1.9499880169366475e-05
8.643553083295277
8.30750833895074
2.682770739508705
4.9726461513650655
23.964149417480616
107.1368686701568
11.113878015363047
211.3936149021716
1.521271036203393
0.8730201186551172
1.8789984938584552
0.0001671785686160867
0.0
5.560831945890828
4.884100009710481e-05
2.7812285270195914e-05
1.4149053951788688
3.33491284066492
0.00011479172286180938
19.284329496280847
1.49279789398826e-09
1.6637863601395996e-09
2.765993168862437e-09
0.00013803579397787374
0.0019108195611054752
0.00016579160761487545
1.9381101905695197
0.0
0.00023326916985354874
5.352921601615934e-05
3.1760039388540175e-10
5.669826550638728e-05
4.5943712289868706e-05
0.29829999027044307
2.990526678593148e-10
2.30632598909203e-09
1.6544819102175968e-09
6.888542258541481e-05
0.00023882493735955502
0.04469115297109026
3.6022553541129305
0.0005506051200439584
0.0
0.00039612403560774866
0.00032346196692200214
0.0003646714068558434
0.00015478035355417517
1.429907512914205
0.00012963874820218197
9.488886810238595e-10
6.406850369819463e-05
9.012977549419274e-09
0.00431503345605507
1.271310977388551e-08
0.12793723354741138
8.528024755662017e-05
0.000671663854658388
0.0
0.00047859670101486234
8.194708002904526e-05
6.376879737224672e-05
1.7812363370924353e-09
6.776353468882118e-05
8.921505374035173e-10
7.575737374029427e-05
1.322461503464799e-08
0.002311624162002067
8.375163650261067e-09
0.0007617141228479676
4.8238306317714095e-05
0.00036428805875532
0.0006631076862085325
0.0
0.09632311058444787
3.774997757119048e-05
9.964568273830407e-10
0.00010459019310976372
6.9318694080029
8.958236703803695e-05
0.0007942109924765752
0.00042850056094246837
0.6910116257643886
1.7023931795153102
8.43877147330923e-05
0.0002570077496640704
5.378401958389703e-05
1.3630049538789504e-09
0.0
6.39966869031703e-05
4.166671940022643e-08
0.00016675173100631503
26.86091897476579
0.4617455813192399
0.0015912220110104272
3.87609708214565e-05
0.00016668071146725563
0.00032720373592969926
5.708340335201614e-05
0.0002339229263191008
5.33994251108832e-05
0.0007189021163452206
5.657667481490761e-05
0.0
3.4453779078995175e-09
2.5482359082717977e-08
2.5169465061421984e-09
1.9233023105316657e-09
0.00218663541533818
3.2155155263452876e-06
0.0011828869981230466
5.568414908412742e-05
4.5453294377385436e-06
8.473681613126154e-05
4.286636498599194e-06
4.7905839803524325e-05
0.000487847036577076
3.469634608092387e-06
0.0
0.0007240072268335301
0.418735728161719
4.597155671769673e-05
0.07825969216430274
0.0007901223323883237
0.0008732072671148386
0.0004635094339655169
5.032320264788737e-05
0.0002808659135990393
2.6104136494766105e-05
7.864176945609648e-05
0.00043205361424247655
3.8641443335266594e-05
4.866238801771822e-09
0.0
6.909480586244889
8.994026168897939e-05
0.0023657923515979615
0.0012046295923834453
3.974632065516369e-09
4.412872091032008e-10
2.256327901623471e-05
3.4930989442387464e-05
7.474994215773212e-05
0.00042094864654010545
2.5854440345473355
1.8218821531918703e-05
1.302096570753634e-09
0.0004074300835185952
0.0
0.0002158335782757936
0.002412716147905586
0.002343285561979675
6.621605905642667e-10
5.171353135608378e-10
4.017442790718155e-06
6.462039128316464e-06
1.580964374142719e-05
0.0003529908294101891
1.894447534609262e-05
3.2023926283437353e-06
1.479843713387769e-09
0.00019960697403500008
0.0009747018549986846
0.0
