0.0
0.0004596873041206656
0.001832850029119269
0.0019505877813313682
2.239944649103334e-08
1.3394944515180158e-05
7.156710856771573e-06
8.660071451356554e-06
7.596648813923746e-06
6.116061807512833e-06
4.2784675950034855e-09
6.483354534484666e-06
1.0529888727074277e-09
4.115601159032532e-06
1.8214065661792675
0.0
1.8213765782209201
3.4717457026447107
0.910856175843294
0.6652622106213125
1.0693921160327398
1.882850317112029
1.069458700829862
2.487635899583049
333.0845840015428
4.138346129203038e-05
47.12944318897123
1.0875573353874297
0.0001718882856466898
0.6881288004830397
0.0
0.6881285222428489
0.44304474182363257
8.803260267977965
9.273076235022563
3.7606073142340906
5.933813586302396
20.474703342519206
54.51458856916713
19.75738672104591
263.9341211488861
1.8177600326861878
0.8674572780693306
1.731468328709124
0.00032702312721499685
0.0
5.5106289125973476
6.974973746548129e-05
3.9696434099761475e-05
0.03132360661284055
4.327923959188451
0.00016385872873740797
10.788042724403144
2.1907361886396833e-09
2.689135671327893
2.8593262632410175e-09
0.00019674921020167412
0.0031942712029495715
0.00022491978784128995
0.19244259027298366
0.0
0.0003322843474977071
7.638878611019898e-05
8.638416241019938e-10
8.091361834550298e-05
6.55645707390283e-05
6.318003467777564e-09
7.170189080100574e-10
4.771396057466238e-08
1.4420990142849133e-08
9.821159487982009e-05
0.00034064347840028777
0.002090044637771703
3.9268571310292746
0.0008068374341618863
0.0
0.0005650286852697692
0.0004615361102727063
0.0005203346585620984
0.00022085121918713867
5.317409271605845
0.00018494682832786535
2.9230403041169048e-09
9.151704332794198e-05
1.6160526167475585e-08
0.006766487766805042
2.6882012182538177e-08
1.5951339421625227e-09
0.00012143959317850449
0.0010253992482452665
0.0
0.000736965094607141
0.00011669684810459456
9.096364298825187e-05
1.8521090514631603e-09
9.677282660890046e-05
2.5495812755492717e-09
0.00010815778289613998
2.7571237386137544e-08
0.003305111395519474
2.0396546040679252e-08
0.0010869353109798944
6.870186513979062e-05
0.0005089911046109417
0.0009463232106783106
0.0
0.10680137015139236
5.3838141227686686e-05
1.447283106642845e-09
0.0001493708366268473
11.062799412752394
0.00012796465963486853
0.0011333998340509479
0.0006114552511238871
1.256263146681563
1.705193886233651
0.00012032502891543095
0.00036649532359569114
7.675539687448566e-05
2.9298013873431605e-09
0.0
9.128689691392369e-05
9.876861156866324e-08
0.00023803763285415441
19.02494159303952
0.707239169300425
0.0017176488011640119
5.53075443334003e-05
0.00022687318564675117
0.000466819256362811
8.146252767089447e-05
0.0003331716280967499
0.002163371539221746
0.0010282590122692782
8.07413009610859e-05
0.0
1.3117596372184066
3.82767610327453e-08
7.411795797998213e-10
1.4548243636828993e-08
0.0031207528256310168
4.589262093196769e-06
0.0016880624255933582
7.945557275335546e-05
6.486516390507709e-06
0.00012095098055097151
6.121183504699022e-06
6.724766462272575e-05
0.000695378708466368
4.946660954622381e-06
0.0
0.0010330893076090349
0.6737112415153643
6.568980553744124e-05
0.10355178771868465
0.001131523986948082
0.0012455225505593707
0.000661370016251097
7.172736551785269e-05
0.0003938556292225751
3.724440346445274e-05
0.00010991392650837174
0.0006169110457639908
5.509955964927465e-05
6.913056320095788e-09
0.0
11.022286379319787
0.0001284800840497275
0.003382582797198415
0.0017189364651617619
9.827226017230961e-09
8.246371150650442e-10
3.213801595684938e-05
4.983095333433042e-05
0.00010665736162219544
0.0005906239520962068
1.4426584676402372
2.5980774381672757e-05
1.2837735521299848e-09
0.0005807921049229727
0.0
0.0003078473675950342
0.0034452655640829287
0.00334404032500713
1.6370510766889417e-09
8.36753939325384e-10
5.7220285841188675e-06
9.218237210153843e-06
2.256072435346923e-05
0.0004981747253329344
2.703167287282146e-05
4.566170830572507e-06
1.4510086089245843e-09
0.00028535344147789153
0.0013908286498811185
0.0
