1.071248884539157
12.187952651507564
12.270306300888462
12.131967329175167
12.131967329175179
0.44667245631833885
0.0
25.896275693795975
44.05153885855181
44.0243341403676
46.08475751370349
44.84369905957999
26.551917100742035
0.0
41.30268152515666
90.1985605851033
89.2549073361777
99.99999999999999
99.99999999999994
48.13142161978346
1.102356793300489
50.50706250198078
100.00000000000003
100.00000000000001
100.00000000000001
97.63872389051015
63.7501134176561
2.876353559569439
54.74794788470976
91.0238323987349
91.28049084890735
100.00000000000003
100.00000000000003
73.3072280282435
3.969945803515539
0.0
1.8719613422346684
1.8719613422346686
1.514798146519803
3.6180803255265115
4.626295572882815
0.7710491812276069
0.0
0.0
0.0
0.0
0.0
0.0
0.0
0.0
12.187952651507565
12.270306300888462
12.131967329175172
12.131967329175195
23.99022203154491
0.0
44.05153885855182
44.02433414036761
46.08475751370348
44.84369905957998
63.90203749953395
0.0
53.43872996217427
52.49507671324868
73.21980040842844
77.60133209822824
94.90714402760152
0.0
67.12648479488564
64.44766784417413
61.6844289231812
100.0
95.05996400608282
0.0
36.31453231517451
36.57119076534697
10.755378256491358
37.976456513058686
70.14706130777492
0.21361388616119364
1.8719613422346684
1.8719613422346688
1.514798146519803
3.6180803255265115
80.26444069252368
0.0
0.0
0.0
0.0
0.0
0.0
0.0
0.0004473572823142487
0.00022367864115712435
0.0007287868092061066
0.009711046759772267
0.0
0.0
1.8148864856007103
0.003925999965728941
0.0
0.246565375890208
1.7174558634391428
10.31737163471567
10.317371634715673
3.487063741760804
0.053756230702526886
0.0
0.0
0.0
0.0
0.0
4.629238163099654
0.12002150042024812
4.238816706844097
4.72787203798804
0.4890553311439454
0.20463498810692513
0.12485084174799274
0.041616442533557285
0.24112677550100006
5.053056664407489
4.719870916724561
1.1518114576908112
0.7397398069872326
0.7397398069872327
0.13551758895098592
0.16353676604659717
0.0
4.075898432334124
4.0758984323341245
0.9392483018929535
0.34154440694801147
0.08538597223087795
0.12887846352718413
3.8268765172109602
3.8268765172109607
0.5549898172453079
0.22199592118335426
0.0
0.0
2.5039170944027918
5.295428529654503
3.42613549461967
1.8667482563472346
5.292640868821496
3.6408523958760064
0.0
19.46387106948528
50.25578692123122
31.76782990726502
21.72317525793675
51.27982709343428
33.508203494963695
0.0
50.772406517147395
71.9935812778125
85.01424038639074
51.376700242002975
46.72202146960673
46.72202146960673
1.1023567933004887
61.79263846292288
87.59878670426193
76.3132091813974
72.65279702067997
69.03142731872741
64.06769264118775
3.0218179132066285
57.60209471926145
60.42561738961835
59.6206425988308
89.7468290489725
88.03881711209135
72.98964880471185
3.82448144987835
1.9504212088202635
0.0
0.19543225008100848
0.633344746338937
0.21361388616119348
0.0
0.7710491812276068
0.0
0.0
0.0
0.0
0.0
0.0
0.0
0.0005051081680489823
0.011031370923400183
0.025913449643755256
0.00892781798935699
0.0029723136258213547
1.0396092397632082
0.04226659980067984
0.24656537589020802
1.704826274231625
3.723167631947226
1.241050788526654
1.8873064257682222
0.09183950535522105
0.0
0.0
0.0
0.0
2.6788169580542722
0.0
16.738100996808694
0.0
0.0
0.0
0.05412241774741134
0.0
0.0
0.0
4.911342515270272
1.1967011111487644
0.39889947639686374
0.0
0.4725851945638126
0.6028734842910671
0.6589062874911855
0.3331857476829225
0.6663714953658451
0.0
0.0
0.0
0.0
0.0
0.0
0.0
0.0
0.00022367864115712435
0.00022367864115712435
0.00022367864115712435
2.10963915936529
2.109639159365292
0.0
0.003925999965728941
0.14610348226076872
0.14610348226076877
0.0
3.905466544940916
3.905466544940916
1.704826274231625
0.053756230702526886
1.9232756766172219
1.923275676617222
0.0
0.0
0.0
0.0
0.12002150042024812
0.0
0.0
0.0
3.923006440546393
1.9504212088202633
0.0
0.24112677550100006
3.1452567214917613
3.1452567214917595
1.4849972053737335
1.529485478330016
0.7238983823731859
0.0
0.16353676604659717
5.560253193626703
5.560253193626705
0.0
0.9392481287687036
0.34154447800624066
0.08538597223087795
0.12887846352718413
0.5549898172453078
0.5549898172453079
0.5549898172453079
0.22199575363269208
0.0
0.0
