1.0712479425283967
12.187948758452597
12.27028131081457
12.131178583870105
12.131178583870105
0.45075600639735536
0.0
25.898665622665636
44.063843996759296
44.14570772688617
46.08960621590885
44.84520227944409
26.477405066786282
0.0
41.98729162806397
97.47839538584407
96.11234317357145
100.00000000000006
99.99999999999994
44.26989100135248
0.3373861311055898
46.80028221483533
99.99999999999996
100.00000000000003
99.99999999999997
98.30636071482432
57.61059125097581
1.4376244929333428
42.749572621242194
83.86114784356191
83.66716386647494
100.00000000000001
93.59576646696455
59.652510503279835
2.6417275525036765
11.398867623593443
0.6009308436092538
0.6009308436092535
0.2201836255916677
2.313147840032585
4.626295680065169
0.7710492073122701
0.0
0.0
0.0
0.0
0.0
0.0
0.0
0.0
12.187948758452597
12.270281310814571
12.131178583870108
12.131178583870097
23.991866283171067
0.0
44.06384399675932
44.14570772688618
46.08960621590886
44.84520227944409
63.90639668947057
0.0
56.391561851573904
54.738742928009266
81.10886511111838
78.59020675778775
98.98534607685859
9.293235264756467
66.27018070741143
73.0312545508402
66.96133015294859
94.76859351853416
100.0
13.676011957160807
38.783977052726534
38.58999307563954
13.947889221934016
16.057514247088154
100.0
0.16611305151071884
14.848490791842272
14.848490791842275
14.46774357382469
16.560707788265606
39.86807330443659
0.0
0.0
0.0
0.0
0.0
0.0
0.0
0.00039163043785684476
0.00019581521892842238
0.0006519288215766228
0.008874322593226047
0.0
0.0
5.433967956096587
0.0030015055157526062
0.006003011031505213
0.15338681613652097
1.8958130440418774
4.832015229019014
4.832015229019014
2.5646565308343363
0.053858066587103834
0.0
0.0
0.0
0.0
0.00021506591888814265
2.052221950757557
0.0468381426825269
1.5988156488125176
6.595572966226021
0.277486670810042
2.00294752752462
2.00294752752462
1.150875345968546
0.08802564368715692
0.0
0.16932958809510623
0.33865917619021246
0.5253795174921199
0.5253795174921199
0.33865917619021246
0.5665542670590518
8.895730951584392
12.329155861710651
3.9999791771853097
1.129005957172977
0.5665542670590519
0.5665542670590519
0.12887847749480824
3.8268765059169643
3.8268765059169643
0.5549897906070062
0.22199589672566916
0.0
0.0
2.503917236856475
5.295423361285817
3.42608641671983
1.8683283160172466
5.286731768950215
3.6368547586311455
0.0
19.4637575497465
50.3003428751862
32.13752967149108
21.73321155638918
51.275671230192
33.43531318464461
0.0
52.807337180382184
69.08166249625617
70.73210450716164
47.66038498079463
41.55700004190587
40.68516440889157
0.33738613110558974
60.60768948863815
91.23286944903987
80.23945657707921
81.99120399082285
72.6083750005459
58.784948181425975
1.4376244929333428
52.50991914578941
62.64032058013596
54.326052428169575
68.49684875270135
62.60103496946408
59.65251050327984
2.641727552503677
0.15518716315002937
0.0
0.17121156678360913
0.6064799649650707
0.16611305151071876
0.0
0.7710492073122701
0.7473720041886354
0.0
0.0
0.0
0.0
0.0
0.0
0.0004561136026482004
0.010930712168812761
0.024990225390114976
0.007030632386479625
0.0
3.0188712322533724
0.026288393096762206
0.15338681613652097
1.0605708046506879
3.7332113615085114
1.244403684814284
3.018871068392071
0.08775252063666567
0.0
0.0
0.0
0.0
2.1297296422333574
0.0
4.784046363677817
0.0
2.526417738438424
0.8325184283348321
0.3881830098024561
0.0
0.16932958809510623
0.771241936832896
2.2173202794017888
0.8314948942221217
0.2771648204206665
0.0
0.2559834277260571
0.4478820200976262
0.363110159155178
0.08917168789508859
0.08917168789508859
0.0
0.0
0.0
0.0
0.0
0.0
0.0
0.0
0.00019581521892842238
0.00019581521892842238
0.00019581521892842238
2.0884174505864608
2.0884174505864603
0.0
0.0030015055157526062
0.14898379292621555
0.14898379292621558
0.08258640060902421
3.843880580198743
3.843880580198743
1.0605708046506879
0.053858066587103834
1.9269176329614837
1.9269176329614832
0.0
0.0
0.0
11.398867623593443
0.0468381426825269
0.0
0.05202802776007376
0.8844880342252381
0.40350334177991065
0.40350334177991065
0.40350334177991065
0.08802564368715692
2.9928728605694492
2.9928728605694506
0.0
16.202764753592533
0.7473720041886354
0.0
0.5665542670590518
0.5665542670590518
0.5665542670590518
0.5665542670590518
1.1290059239228527
0.5665542670590518
0.5665542670590518
0.12887847749480827
0.5549897906070062
0.5549897906070062
0.5549897906070062
0.22199568694702648
0.0
0.0
