0.0
11.466498458522027
11.466498458522022
11.466532863845156
11.466532863845154
23.99974313221503
0.0
46.21804722409654
46.218047224096594
45.912704021934076
45.9855995281553
63.736699300896824
8.811159612576114
99.56847505638896
100.00000000000007
100.00000000000001
100.00000000000001
100.00000000000001
0.0
99.99999999999963
100.00000000000006
100.00000000000001
100.00000000000001
100.00000000000001
7.751346042320704
64.32522060922274
69.97068459910464
65.45980843198096
89.33820051367891
99.99999999999993
0.09971540980492985
2.167994467079939
3.1287228154302826
2.645100496768739
2.1813401676625976
29.447508777996582
0.0
0.0
0.0
0.0
0.0
0.0
0.0
0.0
0.0
0.0
0.0
0.0
0.0
0.0
0.0
0.576584998770914
0.0
2.5462039253011564
0.8356513648751684
0.0
0.0
0.0
1.3498415100359065
0.0
2.0415701213750683
0.3732250963945786
0.0
0.0
3.566460020282164
1.1003089177630454
2.470747435864538
0.0
0.08538661031880052
0.08538661031880052
0.08538661031880052
0.08538661031880052
0.08538661031880052
0.0
0.0
0.14848284590063685
0.5939313098381489
0.0
0.0
0.0
0.0
0.0
0.0
0.0
0.0
0.0
0.2666584696986616
12.799817130083847
12.79981713008384
12.799863003848019
12.799863003848015
0.26665273547814017
0.0
24.044275558422747
41.94355854348573
41.943558543485935
41.66359073520763
41.727374303151194
23.976274530409775
0.07289550622124254
41.59221345373423
58.785379598380786
61.122996514396156
57.61360358335472
72.419741840647
38.73834766134962
0.48109796104999836
53.96426896055048
70.5916841151977
74.03947656154494
69.32589475956364
64.57107259411775
48.64128811922059
0.7495917111579109
42.5780892291666
67.46660297060379
67.12202167169217
67.63842116261824
50.03139155438465
54.23938759649383
0.5107028668244787
0.0
2.5919863966491774
3.5984721325342384
3.457426101538779
3.341486019262244
0.08056180532029182
0.05318155189596257
0.0
0.0
0.0
0.0
0.0
0.0
0.0
0.0
0.0
0.0
0.0
0.0
0.0
0.4136046467731605
0.0
0.0
0.0
0.658954284309616
0.8507610478551735
3.0099650207955992
2.313435029733217
0.0
0.0
0.0
0.0
0.0
0.0
2.285196725530704
0.0
3.0862582314060534
4.24587712002078
1.1596188886147416
2.794044662521258
2.8111043612768984
1.6856048705494697
0.0
3.173265140697796
0.0
0.0
0.613712586812534
0.6137125868125335
0.0
0.0
1.099540996914971
4.064793976610525
4.064793976610527
0.9136342925003815
0.33393384198281023
0.08816733892311357
2.034381885358352
3.8144660350469097
3.8144660350469097
0.0
0.0
0.0
0.0
3.7332185757812644
3.7332185757812644
3.7332185757812644
3.733138296693962
3.7331382966939635
3.7331382966939635
0.0
36.066413337634174
36.06641333763416
36.06641333763416
35.75939318436741
35.759393184367404
35.759393184367404
0.06378356794358722
47.886199103890554
58.323576063134276
46.95157696138601
47.25290082169871
41.907782518972
47.8793842238095
0.42096071591874856
66.17018458878539
71.61071576842282
65.64644682500979
60.78211538963908
58.63485808761069
56.6895845617385
0.655892747263172
58.683004234527274
62.04526344104625
59.4245562028113
63.5082922960798
61.24997272572548
51.80907361502936
0.44686500847141897
0.24362660674951067
0.0
0.4454484639375132
1.1278652744840856
1.127865274484085
1.127865274484085
0.04653385790896725
0.051179096642947716
0.0
0.0
0.0
0.0
0.0
0.0
0.0
0.0
0.0
0.0
0.0
0.0
0.0
0.0
0.0
0.0
0.0
3.101902532184615
3.1019025321846154
0.0
0.0
0.0
0.0
0.0
3.009577789233027
3.009577789233026
0.0
0.0
0.0
0.0
0.0
3.5275171926293285
3.527517192629329
0.11674469813618014
0.0
0.0
0.0
0.0
5.249113250103529
0.7165073530012681
0.0
0.0
3.834319216620514
3.834319216620508
0.0
0.9081238655851854
0.32842341422432797
0.07714642155772437
1.7800841496885578
0.0
0.0
0.0
0.0
0.0
0.0
