1.0709058460640277
12.185859482040838
12.238074796199111
12.120053236801773
12.120053236801756
0.47672495981712515
0.0
25.899247647242657
44.069032361292514
44.29295924204998
45.58778615200843
44.64502612737693
26.373375644142122
0.0
44.745739046241404
79.35713270138386
79.22974401211117
100.00000000000001
100.0
49.80846002411522
0.0
51.46275732735085
80.56891392147989
81.78697353952573
99.99999999999999
99.98659101364356
50.901061593798644
0.5830496191077095
55.62350773917363
63.66330006233482
65.430560090176
67.88297938619974
65.76832109525137
65.0126397655222
0.0
0.0
2.1055869857423875
2.21025014743859
2.155821460813626
3.7405061750293553
3.2782268074029624
0.5463711327697357
0.0
0.0
0.0
0.0
0.0
0.0
0.0
0.0
12.185859482040838
12.238074796199115
12.120053236801779
12.120053236801768
23.990864757596107
0.0
44.06903236129248
44.292959242049974
45.58778615200842
44.64502612737692
63.90088316625402
0.0
79.35713270138386
79.22974401211115
68.20683534413116
68.46882603056109
100.0
0.0
80.5689139214799
81.7869735395257
60.24560077990689
61.048219824152234
100.00000000000007
0.0
63.66330006233487
65.430560090176
67.88297938619974
65.76832109525137
99.99999999999982
0.24540729190326455
2.105586985742387
2.2102501474385896
2.155821460813627
3.740506175029356
20.472096886120966
0.0
0.0
0.0
0.0
0.0
0.0
0.0
0.0
0.0
0.23181675885803846
1.0431754547715484
0.0
0.0
0.2547773576198884
0.008408837534539585
0.07624674131270336
0.07624674131270336
0.5738805324163575
1.4743252712805381
1.474325271280538
0.49144170671744924
0.05372919803496034
0.0
0.0
0.23578600707765315
0.0
0.0
0.5321760007452788
0.0
0.03121165838369303
0.5940437706249466
0.5628321122412537
0.0360421656803735
0.036042165680373495
0.012013978834211285
0.0885026845719719
0.8224397961452279
0.0
0.026326720115610904
0.3331595772437934
0.33315957724379336
0.11925409995075598
0.08651374213355922
0.0
4.186055057259715
4.186055057259716
0.9702920485183759
0.40382289433699436
0.22191293424828312
0.09132417994611314
2.71175219032862
2.7117521903286192
0.3932698816860143
0.15730795460296734
0.0
0.0
2.504123046910758
5.290847703825139
3.3618248305483927
1.8635244775757007
5.23566957976833
3.6096583531867283
0.0
19.463704756549053
49.39655205502215
32.45203843081949
21.02911093306385
50.98351523842418
33.52750752750892
0.0
33.75038735557883
82.54705046179905
50.496921343505136
47.94429308720767
48.892725167195145
51.01692866279455
0.0
38.95793114790786
100.00000000000004
65.64691738766967
55.356813632482066
58.558079364211885
54.689499505010765
0.5830496191077096
32.43213365207746
84.47256008460741
53.75073775614062
36.21064153132406
83.64881788585822
56.44453574706427
0.0
0.025512593159461066
0.0
0.08784439634807961
0.15551347484186018
0.04665610159192025
0.0
0.5463711327697357
0.0
0.0
0.0
0.0
0.0
0.0
0.0
0.0019178634250903873
0.0045073136037497704
0.15463742508318673
0.0
0.0
0.2547773546238425
0.008670715668533521
0.23181675885803846
1.0431754547715484
2.982149789918245
1.0966297460196668
0.4811508084189534
0.09292196255663164
0.0
0.0
0.0
0.0
0.48115081806559357
0.13947332147001246
0.0
1.433644289955475
3.128039843006056
1.1730148243316938
0.39100474334543467
0.0
0.0
0.0
6.766906514994865
2.537589933833277
0.8458633062756546
0.29856514272871554
0.06104586969494764
0.1608948146387572
0.20208310939491658
0.08495724619913492
0.0
0.0
0.0
0.0
0.0
0.0
0.0
0.0
0.0
0.0
0.0
0.0
3.0641202839735504
2.0209448292020014
0.0
0.008408837534539585
0.2097450056919769
0.2097450056919768
0.07624674131270336
6.894299342692273
6.894299342692273
0.0
0.05372919803496034
1.9223112334458017
1.9223112334458023
0.29470193166859515
3.5973063915274737
3.5973063915274737
0.0
0.0
0.0
0.0
0.0
14.414593826157779
14.414593826157766
0.0
0.08850268457197188
2.2266855606471427
2.2316217723729928
0.004936211725850377
5.6367639241270115
1.8789213056088203
0.0
0.08651374213355922
2.9414673492708214
2.9414673492708223
0.0
0.9405073233753019
0.373611873842848
0.09982119485838786
0.09132417994611314
0.3932698816860143
0.39326988168601423
0.3932698816860143
0.15730793932013964
0.0
0.0
