0.0
2.38428921079541e-07
3.903479335724813e-08
1.6707070179542218
7.027286923556718e-08
6.169508690673734e-08
6.212126565932387e-08
6.142607168690526e-08
6.121724246354586e-08
0.7913759211820113
5.092219845664421e-08
7.273555612717313e-08
6.434488705048279e-08
5.991785794349231e-08
10.235910255354215
0.0
5.470029425504191
13.698971182288926
6.799070349550339
1.7987401611301578e-06
7.094236856998656
22.760488077643707
0.8438445315367452
4.277798546469486e-08
208.4535466067008
1.3475388910296004
125.24422505078016
6.304602419214503
5.6412397090497384e-08
2.9270806222350796
0.0
1.9444226963643825
0.03271774671414036
16.043081407445865
10.104745527262338
9.056847738120341
13.791131393995464
47.18432062445078
11.525922160855544
25.775862420273796
218.77214079490778
5.317443100971007
4.919727760126876e-08
0.7723271464349317
3.342634328976078e-08
0.0
5.561534473749482
7.135268324504855e-07
0.8092883750213671
6.527006558739096
0.8113060958318933
1.385294727203253e-08
57.44754028911497
0.26210604170198487
7.516940528078387
4.82770704907676e-07
6.76266188695675e-08
0.0011176124785835467
4.6950422867001473e-08
0.35720015063705873
0.0
0.0002660457404703504
1.8121881534354212e-06
0.05479129901900588
2.2541559440180014e-06
1.3954763704079857e-08
0.05615892329841565
1.125571070532719e-06
0.04224725889412973
5.873420185810521e-07
5.878717119282594e-08
4.032223779994325
1.6539137309143526
0.18063717249090136
0.0005704811206788565
0.0
1.7173557734660498e-06
0.04318700310694471
3.304860653625193e-06
1.0792362372619125e-08
6.144963059639516
2.9841177791204385e-06
0.036774626173945224
3.357235390466522e-07
4.933592658154889e-08
0.6539840761107601
8.226137720003731e-07
2.543720246892945e-07
1.719503960857579e-07
2.2145910987348994e-06
0.0
8.375938807979033e-08
5.344870645737775e-08
1.1062023737613904e-08
5.526544115299013e-08
5.7997592135939414e-08
35.461589359659555
7.448681957635231e-07
6.366040970432798e-08
4.81381140346801e-06
3.260295471461108e-08
3.084718511383759e-06
3.564563030782051e-07
0.00013814793465483967
4.367826406206228e-06
0.0
0.005499647705993342
1.2631324106443679e-08
6.881898513376111e-08
6.842220942736946e-08
6.5312576300143
8.880376245406911e-07
4.610146344519416e-08
0.20743534006360298
1.6456687205962983
0.007988014660745236
0.00722287658259234
0.0006028357720252221
0.007220901724240878
7.290106828105672e-08
0.0
1.1362497596993141e-08
11.411824285843931
0.00019575273343936547
1.9423184237962418e-07
4.0718766773637745e-07
0.001834895499625206
0.4511470618605328
3.9704808144801965e-08
0.0004463688285916565
2.1356568647782064e-06
2.288983300294465e-06
1.1708882162565901e-06
0.07598715436374201
2.2498044251841868e-06
0.0
43.15098172082157
1.1245478543455273e-06
0.05405747966710253
5.30311411739979e-07
0.005022519943457392
1.5313143189350934e-06
5.416892102365762e-08
0.00044529434118723937
1.8315455936819277e-07
1.8432549837085198e-06
1.560299121209228e-07
2.400526928149361e-05
0.0011103913400951574
1.2443306006247493e-08
0.0
0.001605632054660086
0.09037493095328411
1.4273137484727298e-05
7.374744633291614e-08
0.0077285920400064516
6.40402995249457e-08
2.471596547515458e-06
0.0077618084466926675
4.6082724120703815e-06
0.10492197866865913
0.012100801601570052
0.0002240196237938805
9.372276879282744e-09
51.067138921597625
0.0
2.057465813430396
8.217563566769091e-07
0.07041009276380789
0.10395891183083261
1.0720448650446424e-07
2.8847016014050922e-08
2.6002180271005347e-07
9.726619034920324e-05
4.43176190678659
0.0002937639318465264
0.30208056681459194
1.1704877322791817e-08
3.9527261782424207e-08
0.0002995433863473537
0.0
0.0009826718933192559
0.05019742111792021
0.059248633096125755
1.2456130430563354e-07
0.00038088346089650325
1.327120386777306e-06
2.296721343098395e-05
0.20882384789777084
1.2338097898029745e-05
0.08495241140978009
1.3322188291295258e-08
0.005489187544549924
2.9660491872918193e-05
0.0012677218613074053
0.0
