0.0
0.0003199603350175461
0.001276328850954412
0.0013575847524297385
1.1039698064235476e-08
9.318196922925543e-06
4.977702412022579e-06
6.023117024165476e-06
5.283724715914852e-06
4.2543719295858135e-06
2.2976695241650036e-09
4.505297693233103e-06
5.108529874662309e-10
2.8628506276115284e-06
1.8241092116183726
0.0
1.8240881573682437
3.458437561556659
0.9121610097781252
0.6529855587663704
1.048510626026275
1.870071065741406
1.0485485728400699
2.4726934924296415
333.61247003448784
2.877812231644872e-05
46.94137267017998
1.0849692482213307
0.00011959770546732109
0.6894022452561703
0.0
0.6894020982362298
0.4366751542641579
8.798709206276548
9.24164805598706
3.734632954932986
5.913819764520679
20.440567866172458
54.28807472785853
19.878757955062042
264.1415651499071
1.8133701409238214
0.8664749715560001
1.7305499611886426
0.00022769577231718068
0.0
5.5072787574814495
4.852303720865208e-05
2.761507530002352e-05
0.029841190085081643
4.325855217898308
0.00011404340473423712
10.640280391868966
1.0725484160559854e-09
2.6989571031093305
1.4104645644199674e-09
0.0001369327162011137
0.002224051036191599
0.0001565278434664189
0.18791687617767902
0.0
0.00023126207672335866
5.3137084818433706e-05
4.1774773072390996e-10
5.6290054312819634e-05
4.5611035638336e-05
3.1275327350049616e-09
3.4631692962026513e-10
2.4593990233893992e-08
7.261348675442031e-09
6.834869774968217e-05
0.00023707306715085006
0.0014555142421383413
3.93668601362688
0.0005614495467586118
0.0
0.00039322839447179434
0.0003215297064263255
0.000361879416116766
0.00015370808197455574
5.107370924931823
0.00012866733622348802
1.4253244854015302e-09
6.366082744705878e-05
7.835705290945168e-09
0.004712135503358684
1.2935268800686604e-08
7.770297750097504e-10
8.448707478591735e-05
0.0007135166122152045
0.0
0.0005130393677019924
8.119720004080334e-05
6.328372577117665e-05
9.162630784606847e-10
6.7322130629778e-05
1.2278093051611987e-09
7.524089792755404e-05
1.3491061692832465e-08
0.0023018065089247274
9.824270298709649e-09
0.0007570430554235029
4.779148252700571e-05
0.0003541267401702551
0.0006587263168514336
0.0
0.10788210194724107
3.7454779188889935e-05
7.154800251179408e-10
0.00010392243890183186
10.82382905971428
8.902182677028776e-05
0.000789277449376653
0.0004257913247841833
1.246893036722383
1.7145283194078145
8.370701865634167e-05
0.000255008517620313
5.339042641400057e-05
1.4356661595192804e-09
0.0
6.350856424666014e-05
4.756262028207741e-08
0.00016559701155196855
19.032726514710497
0.6679421278347006
0.0011961501311254738
3.847620744471522e-05
0.0001579150221947936
0.00032490214610765664
5.667001640955904e-05
0.00023187726058129454
0.0015063160619410664
0.0007162063469649037
5.616799757211078e-05
0.0
1.2961452500500288
2.0148714370596547e-08
3.579926325629076e-10
7.335638888382011e-09
0.002173395117234225
3.191802038032539e-06
0.001175543973887872
5.533148525450112e-05
4.5121242098219095e-06
8.414956993327437e-05
4.257200295053915e-06
4.6773407755298995e-05
0.0004840299042787531
3.4407631000281974e-06
0.0
0.0007190973645014845
0.6595464464528753
4.5691091922406055e-05
0.10199566108560049
0.0007879642682229572
0.0008674054125251745
0.00046062327802960895
4.99020525916973e-05
0.00027415548210829815
2.5911502732827915e-05
7.646143829072114e-05
0.00042942674202758993
3.83335568488118e-05
4.289547894681414e-09
0.0
10.78681317396424
8.938175614110496e-05
0.002355626780088019
0.001197086545801428
4.720616717698312e-09
4.0071768624382044e-10
2.2352600767677612e-05
3.4661225319006365e-05
7.42247799814551e-05
0.0004110666090376807
1.3305162149208982
1.8072836323973354e-05
6.324623834959318e-10
0.00040424889827043764
0.0
0.00021425396378470176
0.002399273918889706
0.0023288692954360124
7.867264663576781e-10
4.061639330199269e-10
3.97944589410034e-06
6.414433434272645e-06
1.571106503362095e-05
0.0003466130289481687
1.882702556501928e-05
3.17631685493186e-06
7.147763149942057e-10
0.00019854387871096228
0.0009681443853840857
0.0
