0.0
11.466500728230818
11.466500728230814
11.466535095051313
11.466535095051317
23.999747421777318
0.0
46.26789280775865
46.26789280775863
45.782885999814944
45.89867315228433
63.58177348326948
0.0
99.99999999999979
100.00000000000017
99.99999999999994
99.78935833572201
99.99999999999999
0.0
77.18516167424828
76.61823248410559
86.02584201567605
100.00000000000004
100.00000000000001
0.0
63.69062447422224
63.86104246865141
67.76918492795558
66.14765383825701
99.99999999999999
0.0
4.593827552650854
4.593827552650875
4.503570664529157
4.50357066452916
28.911784933923183
0.0
0.0
0.0
0.0
0.0
0.0
0.0
0.0
0.0
0.0
0.0
0.0
0.0
0.0
0.0
0.9158469018716837
0.0
0.0
0.862041612283217
0.0
0.0
0.0
0.0
0.0
0.8620416168545834
0.6554768813677798
0.0
0.2521796356445103
8.206323483837902
2.613808236074867
0.8712694078048362
0.0
0.04583476231747635
0.04583476231747635
0.04583476231747635
0.04583476231747635
0.04583476231747635
0.0
0.0
0.0
0.0
0.0
0.0
0.0
0.0
0.0
0.0
0.0
0.0
0.0
0.2666586926919809
12.799819469187238
12.79981946918724
12.79986529161457
12.799865291614575
0.2666529648885641
0.0
24.07032726505691
41.98880166085472
41.988801660854854
41.54410110093031
41.64541485934103
23.962314528356075
0.11578715246951458
46.25541326866837
63.18168712080307
68.01833896831998
68.26317348695783
77.3833049004845
33.64370047190962
0.00819428118856738
57.82480175221836
86.01503039956805
85.75798159061775
70.326363453074
71.9261521895001
40.62593124276063
0.1128125262386238
52.498344112516286
59.166337794878004
59.35351715414393
56.30750756653703
57.05221508810783
59.05037206168049
1.341100436585799
0.0
4.552757937108637
4.552757937108655
4.2652706283131145
4.2652706283131145
0.23830003621604612
0.3285569243377594
0.0
0.0
0.0
0.0
0.0
0.0
0.0
0.0
0.0
0.0
0.0
0.0
0.0
0.0
0.0
0.0
0.0
1.0466821735676384
0.13327342503028428
0.13327342503028422
0.8620416147136843
0.0
0.0
0.0
0.0
0.0
0.0
1.0055959369599363
0.0
1.2711834376966702
14.038936205054338
0.2882052978794404
0.5403849335239511
0.5403849335239511
0.5403849335239511
0.0
0.0
0.0
0.0
0.0
0.0
0.0
0.0
0.2744091403375186
4.345350783126902
4.070941642789389
0.8806916800751174
0.32189329493672986
0.08498831593701892
1.1793963808049734
2.2113682140093203
2.2113682140093203
0.0
0.0
0.0
0.0
3.7332216976877315
3.7332216976877315
3.7332216976877315
3.7331415084398984
3.7331415084398984
3.7331415084398984
0.0
36.105490897585334
36.10549089758539
36.10549089758539
35.6178204262136
35.6178204262136
35.6178204262136
0.10131375841082527
51.4847450498799
62.74863251303023
50.99873200210953
42.6634321140985
38.920766346094574
49.4083966668793
0.007169996039996457
61.35635239896566
76.66318893494241
65.91036185379065
63.66461916014904
60.10008464576967
60.93889683287252
0.09871096045879582
59.03126886964567
58.93837533765244
58.93837533765244
57.01643977042168
56.13961620930043
51.66907555397043
1.173462882012574
0.14355432375750246
0.0
0.07808040256580313
1.5489502354043
1.5489502354042994
1.5489502354042994
0.28748730879553946
0.0
0.0
0.0
0.0
0.0
0.0
0.0
0.0
0.0
0.0
0.0
0.0
0.0
0.0
0.0
0.0
0.0
0.0
4.927058301337703
4.927058301337702
0.8343721605171073
0.0
0.0
0.0
0.0
2.9230263059579737
2.92302630595797
0.0
0.0
0.0
0.0
0.0
4.479407092110732
2.0097605326050347
0.0
0.0
0.0
0.0
0.0
1.13788309809898
0.37702991884351367
0.0
0.0
3.9020601982784737
3.902060198278465
0.0
0.8753799361533546
0.3165815539235258
0.07436477644489155
1.031971833204351
0.0
0.0
0.0
0.0
0.0
0.0
