1.0712421189364616
12.187912319187916
12.26970374863941
12.131185276375158
12.131185276375145
0.47514185905609974
0.0
25.89950655468985
44.07135249114556
44.23817630507904
46.31287246542126
44.93439543918219
26.545697570712665
0.0
42.42587740520349
98.92639857186552
100.0
100.0
99.19339528643061
48.10953203421267
0.0
50.2022826773161
96.98151272077494
100.00000000000001
99.99999999999999
97.10670445310643
68.86430279441585
2.61429143709035
50.071250459654856
86.81926136455819
86.5037189726373
100.0
100.0
61.621372648041046
3.0440458826452006
0.0
0.7947352321185251
0.7947352321185255
0.3422528282063107
2.4241392980514034
4.626295685457331
0.7710492097493544
0.0
0.0
0.0
0.0
0.0
0.0
0.0
0.0
12.187912319187916
12.26970374863941
12.13118527637516
12.131185276375138
23.99295574969547
0.0
44.07135249114562
44.23817630507904
46.31287246542126
44.93439543918219
63.90753294023858
0.0
63.30602577239225
60.41262432505031
96.39550180634919
99.99999999999999
98.69638901446257
0.0
63.56281295127386
59.281598536050396
60.22954910219194
96.96055843174254
97.02473326428216
5.108543157608488
34.136580649954304
33.82103825803343
24.81152629275787
26.673470047836087
100.0
0.18143127804403922
3.204013337873512
3.2040133378735156
2.751530933961301
4.833417403806396
58.817826730502006
0.0
0.0
0.0
0.0
0.0
0.0
0.0
0.0003783987802660821
0.00018919939013304106
0.0006239082200146728
0.008393069700027756
0.0
0.0
3.2756399777315903
0.00273346832094076
0.005466936641881519
0.0
0.34964770117190047
2.1712574768311628
2.1712574768311628
1.9966172376945694
0.05388455721799293
0.0
0.001089580622452591
0.3751704312374907
2.718629248863974
2.718629248863974
3.7651173332845023
0.06888220602675423
0.0
20.500725042662463
0.3572441903687474
2.9658719472906037
2.965871947290603
1.297215805291538
0.17610039010400685
1.855194994987229
1.5731372423712022
0.5087966867138185
0.5087966867138184
0.5087966867138184
0.1695986980246439
0.6046417189962089
9.216356736513283
12.59079710356032
3.979082086043232
1.1929952590327155
0.6046417189962087
0.6046417189962087
0.1288784588151373
3.8268765324751763
3.8268765324751746
0.5549898389021728
0.22199592291011783
0.0
0.0
2.5039209360618004
5.295342690153615
3.4249346799799385
1.8690390375724548
5.2920692762664405
3.613606561797675
0.0
19.463681184873497
50.32962367362778
32.4203029366508
22.13543038381019
51.40778941347031
33.41631611677467
0.0
52.98551270640226
71.3771446170669
88.59019173185473
52.845616984513285
52.20363609419516
49.75870166292501
0.0
61.82906065269419
87.27012183925099
100.0
91.63380094249227
85.21704195226039
69.23496477951119
2.61429143709035
55.407381173850005
59.463129289967526
75.10838866746582
77.2168152018824
66.95609110045524
61.621372648041046
3.0440458826452006
2.502390246512862
0.0
0.1522719492591151
0.6439540103055124
0.18143127804403927
0.0
0.7710492097493544
0.7040414359886051
0.0
0.0
0.0
0.0
0.0
0.0
0.00043470882988163163
0.011924121489411084
0.026820924052375645
0.0074489525322199625
0.0
1.819800009335821
0.0
0.03152749835810105
0.3078159718969907
3.997285479563912
1.2403320867755219
1.819799975803694
0.0866875835627981
0.0
0.0
0.0
0.0
1.262727115287461
0.0
0.0
0.0
0.0
0.0
0.6310846662711295
0.0
0.0
0.0
4.5608374365117035
0.8423182012619126
0.0
0.0
0.48210563112064725
0.5836204662507979
0.5358445370052929
0.28205775261602717
0.28205775261602717
0.0
0.0
0.0
0.0
0.0
0.0
0.0
0.0
0.00018919939013304106
0.00018919939013304106
0.00018919939013304106
2.0740575468727536
2.074057546872756
0.0
0.00273346832094076
0.14654241934761347
0.14654241934761347
0.0
2.4460107244892564
2.4460107244892564
0.2762884735388897
0.05388455721799293
1.9278668936980554
1.927866893698054
0.0
0.0
0.0
0.0
0.06888220602675423
0.1922450704663371
0.2592285540954597
0.781471864976413
4.448420343381529
4.448420343381527
0.5931743693029327
0.1761003901040068
4.727951976528883
4.727951976528884
0.0
8.106606973639199
0.7040414359886051
0.0
0.6046417189962089
0.6046417189962089
0.6046417189962089
0.6046417189962089
1.0671646339556706
0.6046417189962089
0.6046417189962089
0.12887845881513726
0.5549898389021729
0.5549898389021728
0.5549898389021728
0.22199579282228188
0.0
0.0
