0.0
5.862490219792993e-09
1.9127287212315895
0.7146742371104684
4.297922159451942e-09
6.329368501727112e-09
3.699954852502699e-09
3.3974423508319817e-09
6.375409025319607e-09
0.9981488623942386
4.182375068163535e-08
6.909488492715207e-09
1.0016762046497185e-08
0.36182597060269217
3.135756442238389
0.0
2.402057960681255
6.791529362046943
2.528591905589974
2.102368989449484
27.736396882378408
9.301642353276051
3.4499310579826075
1.992891399367292e-09
136.18003499130015
8.27288640149234
173.6712930388558
10.171705582718735
3.359860453227022
3.6840459575396203
0.0
3.1932146208665566
3.391945189772813
19.320198515231624
13.27396825497781
11.894056162133062
11.793905939664196
54.41013152957691
11.006910993381549
34.7717343936941
174.40815454945616
6.529265354253205
1.948316882253221e-09
0.9501044022590294
1.762790087997294e-09
0.0
5.2552906889149185
2.596224296118666e-08
0.9998442172935756
6.463451960118894
1.0370345616698313
4.918776800950526e-10
84.90132523246007
0.3390351822067863
7.377054000757871
8.06904258739223e-09
4.105968143966718e-09
0.0006321052652927003
4.346021174012503e-09
0.05605609912852495
0.0
0.00021660266830169224
0.0006565097775613239
0.054872568158919624
8.881348966908076e-08
3.9705160443514287e-10
0.05621710766199819
4.2736294508210975e-08
0.041957531074939644
1.3118447069336486e-08
3.2078404927437137e-09
8.088384147755809
0.30542236293225045
0.9439645057606638
0.00023170314073816682
0.0
6.660701618672737e-08
0.04281468991378878
1.303676783899144e-07
3.7235584203673655e-10
15.325425730706904
1.1499005427229916e-07
0.03559153792807945
1.4996492464783626e-08
1.3538169351703643e-09
0.8863654108123636
4.102267808683496e-08
9.061798629495011e-09
6.4307451575476745e-09
6.575176430474304e-08
0.0
2.3675935837037052e-09
0.04479092265485592
3.9305750776789516e-10
0.04191809852471291
1.56111971275943e-09
35.38022689123512
2.1353838944391823e-08
1.5825293713984512e-09
1.8186355357608147e-07
0.2374782616093876
1.1735743027281869e-07
1.3190166264007012e-08
3.825250111442415e-07
2.3799795561232288e-07
0.0
0.12143566675026257
4.297789245100382e-10
0.11422393623757277
1.8948990204588664e-09
1.3874965063898088
2.5810168657156895e-08
2.35320924955885e-09
0.9895755910658732
1.4066859813846703e-08
0.007851595757598898
0.1288825623458654
8.95901472633342e-06
0.11603292834834648
1.1137327129509459e-08
0.0
4.020741095427552e-10
2.976978814158552e-07
1.0344570697372207e-05
3.750483338027832
1.2249284090899204
3.3838945947074727e-08
0.512048171217034
4.021368743733972e-09
0.0006039005481785718
4.6068067620895894e-08
8.31329616230786e-08
4.5526283120414516e-08
0.07617888500460626
8.864555222860371e-08
0.0
45.10871391824553
4.268001459147482e-08
0.05350867446550883
1.2628738789899406e-08
0.0020441078162288665
9.849252094067104e-08
1.6237246767532574e-09
0.0004479112819557634
6.4040710309474755e-09
6.504627918490067e-08
6.269431064358012e-09
2.92410253393728e-07
0.00044828538028858305
3.9893111799766324e-10
0.0
0.0006514687773868935
0.09117793111915985
1.8993161331990195e-08
1.6996538152191534e-09
0.12522684667554135
2.228661946654838e-09
1.2923596796612577e-07
0.009067741621122017
1.4378774535693107e-07
0.086205308860787
0.012019629663085854
8.781806378768465e-05
2.9880406990981754e-10
109.23225257589189
0.0
0.7554282227321045
2.4522405372969924e-08
0.3331510752083535
0.5208332583224237
0.23502953103066396
1.3746494442505085e-09
9.514582902602185e-09
1.5055122054482033e-05
2.4339934721584395
0.00012354341976059333
9.780354741880004
4.974942533960334e-10
1.6512159708399474e-09
0.00012374546886286198
0.0
0.00011738229780549006
0.09703094437171204
0.10126755425461886
0.08991340925362928
0.00042668919116373714
3.07015894487316e-08
4.5362262148763336e-07
0.20901818396959432
5.448147323823916e-07
0.3237088048374885
5.836189423720224e-10
0.18534952061870263
1.1787074748867665e-06
0.00010850189467871677
0.0
