1.0712373977417033
12.187882251397653
12.269216647649957
12.125154883866715
12.125154883866724
0.48598323786084685
0.0
25.89908119788946
44.06755052721667
44.191349049565154
46.504998794185845
45.01087037166482
26.557771025433592
0.0
41.29349945307241
99.25632827556964
99.99999999999991
99.71402561045711
100.0
50.98098188732794
1.4496738697355604
53.465678941651056
99.91616812532024
100.00000000000001
100.0
98.64642625586602
57.68682924459781
2.7618586421447575
50.81659025653666
98.69072912970177
100.00000000000001
99.89807404187037
100.00000000000001
60.2894089550286
2.90051004865246
0.0
0.5040345385102903
0.5837442732937357
0.25201727940913615
2.3131479946335465
4.626295989267092
0.7710492945977265
0.0
0.0
0.0
0.0
0.0
0.0
0.0
0.0
12.187882251397653
12.269216647649957
12.12515488386671
12.125154883866731
23.992093708695243
0.0
44.067550527216675
44.19134904956515
46.504998794185845
45.010870371664815
63.911288698577735
4.463393371210517
66.59301356902462
71.13975523122112
83.74758149346962
83.79911877296124
97.62014612039276
0.0
66.89039171986416
69.76842165378066
50.13430590151604
68.80289479184862
100.0
4.520252094883039
25.558569113906024
23.733569431603886
15.884386489233199
42.00809270929187
100.0
0.05929653700686042
3.4455418681151344
3.525251602898576
3.1935246090139797
5.25465532423839
40.0913187465388
0.0
0.0
0.0
0.0
0.0
0.0
0.0
0.0
0.0
0.0
0.007395303970010036
0.0
0.0
3.272179000459879
0.03680471411338087
0.036804714113380876
0.036804714113380876
0.26829877947288044
0.3051034935862613
0.3051034935862613
4.742057919060969
0.05397220846910195
0.0
0.0
0.00020279307707190124
0.0
0.00040523463644059345
1.9870896874081725
0.007862384619383505
0.0
8.184504644048616
0.11310038230215252
1.5811163224596192
1.581116322459619
1.1314057349177118
0.1363035241568682
2.554066353265709
2.324293652911603
0.6825875476887752
0.5688301300356654
0.4765784655803766
0.18901992799213307
0.2008386661477692
4.097771755174645
4.097771755174644
2.730740993742648
1.285054450941423
0.5354391047762705
0.2141755709082181
0.1288784459230772
3.8268765149213086
3.8268765149213095
0.5549898917418473
0.2219959556850244
0.0
0.0
2.503924056031055
5.295273830748204
3.423961300359505
1.8687469767179556
5.259932679384452
3.602060846973154
0.0
19.463719838548947
50.31447057414887
32.27677647105005
22.482385257209117
51.516978112753016
33.35351772949272
0.0
52.52548415354096
74.6063216120059
64.87589891181022
62.584931708495915
57.49928577431203
50.98098188732794
1.4496738697355604
63.45999038290997
76.97294017697304
67.4523475691716
78.78284484822515
71.11028968138322
57.68682924459781
2.761858642144757
57.4623824098625
64.27547550899808
63.0495622910517
80.6516248169648
61.826238425390486
60.289408955028605
2.9005100486524604
0.5203536556036257
0.0
0.0
0.6847098211904848
0.18067530298817625
0.0
0.7710492945977265
0.7060348002653692
0.0
0.0
0.0
0.0
0.0
0.0
0.002624101707076041
0.010985165584817361
0.028784370724221926
0.01067978405980911
0.00355943516002672
1.2773256368051398
0.002624101707076041
0.02211140902029501
0.3222534463144472
4.482385256300572
1.4941283979543627
2.554637267822398
0.08316617844942821
0.0
0.0
1.5017648172491305
0.5005203456605976
2.313597700709402
0.0
0.0
0.0
5.403435960262139
1.2012978495376825
0.5695552019211311
0.0
0.4628904020705616
1.3141019629319235
10.226008919611797
0.7567015968652955
0.2522337599485698
0.005812493813177256
0.29776601472283154
0.31902184814411816
0.5275387150769362
0.45954540070820954
0.45954540070820954
0.0
0.0
0.0
0.0
0.0
0.0
0.0
0.0
0.0
0.0
0.0
2.0804801966145967
2.080480196614598
0.0
0.03680471411338087
0.18110598159853714
0.1811059815985372
0.03680471411338087
1.0069599146134467
1.0069599146134467
0.0
0.05397220846910195
1.9310047042074583
1.931004704207459
0.0
3.1808880287360766
3.1808880287360766
0.0
0.007862384619383505
0.2674785188002362
0.29398675695396526
0.4506346776622529
0.9457245902559682
0.9457245902559681
0.4253709346523425
0.1363035241568682
2.0802522582663627
2.0802522582663645
0.8178502840468134
7.328924887738412
0.7060348002653691
0.0
0.20083866614776924
2.7307409937426463
2.730740993742648
2.7307409937426477
1.070878807086829
0.32126356890439123
0.0
0.1288784459230772
0.5549898917418473
0.5549898917418472
0.5549898917418472
0.22199584671758532
0.0
0.0
