1.0709064641309596
12.185863121826728
12.238128649364667
12.117043020074334
12.117043020074332
0.47552280274038283
0.0
25.89922501831816
44.06883092060196
44.289345941421885
45.59709813157225
44.64874032546477
26.37524760041766
0.0
44.75607967479045
79.46116714889857
79.33957556224698
99.99999999999997
100.0
49.86576953137554
0.0
51.215655456988216
77.97050866119079
77.59140651464415
99.33003823691325
99.74210032549423
43.796018866155194
0.0
55.582757654632765
63.62855399048559
65.03807706044718
67.3310986293938
65.18495004005925
66.99797187541438
0.0
0.0
2.1020991602995425
2.1626076979094435
2.055498966023932
3.7197911544822144
3.4713965864684826
0.5785660917004622
0.0
0.0
0.0
0.0
0.0
0.0
0.0
0.0
12.185863121826728
12.238128649364667
12.117043020074336
12.117043020074346
23.99028571983298
0.0
44.06883092060189
44.28934594142188
45.59709813157225
44.64874032546478
63.900988750430905
0.0
79.4611671488986
79.33957556224696
68.10552473621152
68.48083893693905
100.0
0.0
77.9705086611908
77.59140651464416
55.61313714111467
56.02519922969564
99.99999999999991
0.0
63.62855399048559
65.0380770604472
67.3310986293938
65.18495004005925
100.00000000000013
0.24730545120189
2.102099160299542
2.1626076979094435
2.0554989660239307
3.7197911544822135
14.293245434150684
0.0
0.0
0.0
0.0
0.0
0.0
0.0
0.0
0.0
0.23267220414639256
1.0470250495158584
0.0
0.0
0.2431830989397049
0.00943445056296567
0.0953856127748499
0.0953856127748499
0.6213697414769949
1.1893679550055014
1.1893679550055012
0.7582041034884066
0.053731666984039216
0.0
0.0
0.4287206593660612
2.425123663611114
2.4251236636111138
0.8962060063194646
0.004194625756581855
0.02756343889929716
0.6857026305298809
0.6623338173871655
0.0
0.0
0.0
0.025753906572967222
0.03712625882539069
0.0
0.031185744060895693
0.3400755039224056
0.3400755039224056
0.12177363878954092
0.09322737734797967
0.0
4.122660828832647
4.122660828832648
1.005156775760569
0.4540169969144181
0.2853944251436112
0.09598799762032645
2.873639929159084
2.8736399291590815
0.41701022271797217
0.16680408750920211
0.0
0.0
2.5041227071060774
5.29085636244705
3.3619343974696303
1.8636492565841603
5.221371761969298
3.6102857958629113
0.0
19.463706807225563
49.3921359203223
32.4446729181723
21.042407901416595
50.98893126189229
33.52574116787973
0.0
33.74944728610147
82.49587567048783
50.44605990923333
47.95999367142269
48.985309859882555
51.12252788105392
0.0
38.980394943855885
100.00000000000006
83.02121262599265
86.07753950986692
100.00000000000001
58.90524710576493
0.0
32.43607720726127
84.54569795477897
53.82256110566308
36.305112413141835
85.95296113442843
56.605885748612515
0.0
0.04391587732572565
0.0
0.10768725632082754
0.21421746377101653
0.0714052704196331
0.0
0.5785660917004624
0.0
0.0
0.0
0.0
0.0
0.0
0.0
0.0020389522247107657
0.003938717008914142
0.15416892699746013
0.0
0.0
0.24318309039959707
0.009223435999821443
0.23267220414639256
1.0470250495158584
2.9084578682466806
1.0117422738246384
0.7582042602166055
0.09282260515435169
0.0
0.0
0.0
0.0
0.7582042856171238
0.14002064710433793
0.0
0.0
0.0
0.0
0.10978969446920059
0.07911777035658342
0.0
0.0
6.867675451980877
2.5753782760837565
0.8584594138573031
0.261478817496585
0.1307394087482925
0.21386076027516776
0.23543609302039512
0.09185309464070114
0.0
0.0
0.0
0.0
0.0
0.0
0.0
0.0
0.0
0.0
0.0
0.0
3.068378224166833
2.0213531746509754
0.0
0.009434450562965671
0.22543319715600832
0.22543319715600846
0.0953856127748499
6.925327817724242
6.925327817724242
0.0
0.053731666984039216
1.9223994517520142
1.9223994517520135
0.2608461881700036
4.0427072676099645
4.042707267609965
0.0
0.004194625756581855
0.004194625756581855
0.004194625756581855
0.004194625756581855
2.85404979102594
2.8540497910259406
0.0
0.025753906572967226
0.8385072811251272
0.8385072811251268
0.0
5.501855352762812
1.8339517757511452
0.0
0.09322737734797967
3.169731276781891
3.1697312767818895
0.0
0.9828430333064173
0.43170327390145513
0.1961394547982266
0.09598799762032643
0.4170102227179722
0.41701022271797206
0.4170102227179721
0.16680406033922662
0.0
0.0
