0.0
0.00041775376392643067
0.001666435512670357
6.471353485629501e-09
2.3761997675177813e-09
1.2093677210068204e-05
6.451395291946114e-06
7.634600102162654e-06
6.843222765348857e-06
5.652705289005304e-06
15.030346240896815
5.836613531892213e-06
1.4225108202027527e-09
3.955490641748179e-06
3.275335324297466
0.0
2.0990087199050156
6.859824451955008
7.15278726391229
6.640297076211586
1.4287669579154534
0.8229618464767351
1.4288836470695876
3.601674111441268e-05
292.1710594906071
3.729856058429222e-05
69.56054977787623
2.624193027291687
0.00015374118140887272
1.877330493989353
0.0
1.8773300510076887
2.527613176064908e-05
8.555240633545383
9.036743240884968
3.7738306427232984
9.036629678212282
24.308276820405382
52.2626632058727
13.241060750881054
249.2834700625257
4.082380382596231e-06
0.20926545688072246
1.5914648826540378
0.00021639112300344567
0.0
3.391623151675986
6.325100180167751e-05
3.587266708582577e-05
0.0005654848385443459
3.789791571458495e-05
0.00015550774745663664
24.061071185637005
1.5933723318045097
1.7573090317628141e-09
4.752332780595589e-09
0.0001789181735881149
0.0009671466026705065
0.00021452215255754218
0.002384078061035617
0.0
0.0003026500481612301
0.0016552210170121039
7.645948011383456e-10
7.319905151048071e-05
0.0005675291847871707
21.178962462850855
2.036015105379563e-09
2.184386404274405e-09
1.5100645898010869e-09
8.928798461408918e-05
0.19154212529843506
0.0011416400656446748
3.097330095199058
0.00023375406300924425
0.0
0.00020348209899494565
5.2262705096567836e-08
0.00022937532821038962
0.00015902340837510324
15.820954637532719
0.18541943527789084
1.7179172908858558e-09
0.2037029992424529
1.7511299900531723e-08
0.0058256561877860925
3.220530643236558e-08
0.28387963323118903
0.00011529857968240709
0.0005933171525807191
0.0
0.0006181441918302719
0.00012596026313348591
8.261137405521315e-05
4.275674919890084e-09
2.134929766462771e-08
1.7784317109237076e-09
0.00011019939460502633
6.115989814420432e-08
0.003516785201272406
2.0140287412438476e-08
0.0010136943298899163
6.431356545250583e-05
0.000516681151846792
0.0008620766806498143
0.0
6.901921240202465e-05
4.865234209114149e-05
1.5039363612932326e-09
3.437628114132866e-08
8.089027891341516
0.000125383069347157
0.001083225809915309
0.0011364607336438516
1.839074988316533
1.1471160870604586
0.00011051160684537591
0.00032781816570732743
6.947679601621685e-05
2.266930494731113e-09
0.0
8.280478386401926e-05
0.0006328995344716544
0.00021618299206882768
24.542405402754405
0.7403668659335699
0.0020641136790562303
5.0095235805684536e-05
0.00021593495277768562
0.00042437283531221475
7.36805310502465e-05
0.0003035064224136076
6.897078114073685e-05
0.0009332653380044796
7.304690577277198e-05
0.0
2.544748298841137e-09
2.2502611239217605e-09
2.1752059590853187e-09
1.7271995919517643e-09
0.002857277866313764
4.157115332050429e-06
0.001534403143346383
7.21570410871949e-05
5.8730088124640975e-06
0.00010938767653702072
5.5404695663121245e-06
6.668109314851225e-05
0.0005933203209836646
4.484134765736973e-06
0.0
0.0009394867377139913
0.5055642275892459
6.320694866826392e-05
0.0019889641621279415
0.07755629155900588
0.0011327701428588324
0.000600204070326019
6.607636540919572e-05
0.12857673595340585
3.373612874644945e-05
0.00011184663625560797
0.0006344527272956374
4.9951555526396656e-05
5.430471087226523e-10
0.0
7.8841004463537825
0.00012571001310866423
0.002066986968502287
0.0015661683200942987
9.421783243029016e-09
2.737330255423156e-09
3.005119885195959e-05
4.521596037230475e-05
0.41369402149294077
0.0005409124406273594
2.5232670967373503
2.355875189641791e-05
8.700422928332341e-10
0.0003346063917403693
0.0
0.00026971284059862334
0.003205667340322754
0.0030398589773781024
1.5645231720417797e-09
1.0570792223433269e-09
5.36132659189147e-06
8.361489477501964e-06
2.047147251221379e-05
0.00047757487510184193
2.4525826494908848e-05
4.140226942838434e-06
1.0069750444814722e-09
0.00011990871410413888
0.0012659220374024393
0.0
