0.0
1.1261169830127497e-07
7.049269767887246e-09
9.969592612788556e-09
1.491459373647247e-08
9.739151497914233e-09
9.549579062265138e-09
9.697839351358865e-09
9.782261252457827e-09
3.436833049074132e-09
1.1680760032828115e-08
1.0733965010172976e-08
1.305200168472286e-08
1.232476769042451e-08
3.56073657142522
0.0
2.1003779020127533
8.343871098324529
2.486533075286753
4.988076579192189e-07
7.276536670151462
24.68803922844581
0.8482875032271109
2.5560416401065664
160.0512088294493
1.0626612274323997
170.58546933509015
7.423393839816266
1.3986863620223443e-07
2.6420841263065222
0.0
2.050427394175126
0.03316386027237521
11.465211711614126
9.525811103901383
13.302488141539012
8.759650466806264
44.632857024668326
11.513087301125575
51.22246943109191
204.31510996700564
6.931202504262077
4.983650425565422e-08
1.0646289686764185
8.032773296154886e-09
0.0
4.720743408577506
4.945587699940088e-07
0.814588755398566
6.469343770932632
0.8144944782027379
2.10463004263426e-09
61.86637016572753
0.2624256034510627
7.490577492597731
3.0435621002881524e-08
1.756271272969799e-08
0.00013643560421010194
1.813737500819363e-08
0.16938052931482808
0.0
0.00012305107549370455
4.0982720230239656e-07
0.05507769914004274
2.743076077372823e-07
6.8740327213008865e-09
0.05692460902301863
1.5940819937948378e-07
0.5213937542620133
1.5489682313653481
1.0756938809669757e-08
6.268970411558812
2.355245469701308e-08
0.10161097591893826
0.00025379828333036976
0.0
2.3928340365955863e-07
0.04579609630096893
3.9165890397613696e-07
1.7438278644099424e-09
6.606796190989232
3.8915397925447643e-07
0.03869481604551245
4.532030130521081e-08
1.7606506626243147e-08
4.8868339345297954e-08
2.626178384909333e-08
3.2239618355168565e-08
3.1343686498841835e-08
0.0005026063552278677
0.0
0.0003194933135294035
0.05140728229443173
1.901317183934133e-09
6.967342842722782e-09
6.979251705681149e-09
35.4211617000759
6.934358328424074e-08
2.2425876946724283e-08
0.0007125045155021335
8.472244053445189e-08
3.838020568888192e-07
7.526730977445196e-08
0.0001527206191736506
0.00034791425955067615
0.0
0.13644321085654498
2.2988964239129296e-08
8.451057773420011e-09
8.461834772517811e-09
1.5548544637848003
8.255406948374276e-08
0.18685658037946512
2.8891162058906304e-06
2.359119117026011
0.36544506461288667
0.0067804439615502185
0.0003042491060316524
0.006780162122536168
0.38205680040792206
0.0
1.888158483221123e-09
9.214711475829977e-07
2.488461189529574e-05
4.391337928276782
0.931327120053278
6.181462887027282e-08
2.3721246150867294
1.9431790089226202e-05
1.4454564751674924e-08
4.7252767702331155
5.70054370795319e-07
1.658282337399466e-07
0.07663348764332795
2.7197060895100794e-07
0.0
15.590362831069003
1.5939970816190602e-07
0.05301288108319381
4.802632041020642e-08
0.0011437944291409203
1.2753950913727046e-07
0.034190130352095546
0.00048138441792375383
2.4100265982076577e-08
4.6912152642474324e-08
2.3736937183773237e-08
1.0432375686789347e-06
0.0003220232428843414
8.295997673201919e-08
0.0
0.0004954663128452994
0.09394467090892022
4.782227943792745e-08
1.627799846646926e-08
2.0449214957411683e-07
0.3646949761592381
3.9338139694942025e-07
1.2722121681345525e-07
3.1520758799566845e-07
0.09552574762464291
0.011123769567548746
9.923038299800366e-05
2.2717669557431207e-08
74.09159297672423
0.0
0.7595299842366943
7.53058982748763e-08
1.4847489882374941e-08
0.0002835733553679681
6.8130067558275495e-09
3.776440081035122e-09
3.191143068554126e-08
1.958012358027415e-05
4.605729025735871
0.00014117494539475433
4.301892155276939
2.528550498638466e-09
4.990744616894787e-09
0.0001417327506053697
0.0
0.00012294179407407098
1.3822107623990988e-08
2.420853222757086e-05
4.166770112226646e-09
0.0004565923740195211
1.086454276931381e-08
9.624140840773925e-07
0.37389888716300373
8.751470971146667e-07
0.26886439971484233
3.0888486358345416e-09
0.006074507243372107
2.0678301711762394e-06
0.00012983603736736396
0.0
