1.0712407858351556
12.187903330607103
12.269548794697432
12.132424992966634
12.132424992966632
0.44698036128071617
0.0
25.89916738610633
44.06832031739118
44.20082934854751
46.05434940967707
44.83142873556051
26.52096746261927
0.0
42.18673606453937
96.23985493377107
98.82075258429155
100.0
100.0
50.81645126115775
1.2403217133553743
48.31186929462422
99.89541466234036
99.89541466234034
100.0
98.82197726909871
70.27177402069444
3.1218856627425584
55.50273101419308
91.48972185600539
91.99844535489696
100.00000000000004
100.0
75.08975869772087
4.228716718207513
0.0
1.8451540302873235
1.8451540302873228
1.3995484892934318
3.467907961143857
4.62335323936251
0.7705588135499379
0.0
0.0
0.0
0.0
0.0
0.0
0.0
0.0
12.187903330607101
12.269548794697435
12.132424992966635
12.132424992966644
23.990905638139942
0.0
44.06832031739126
44.20082934854751
46.054349409677066
44.8314287355605
63.90310875875767
0.0
61.47475175582636
57.22901000181618
70.76731242574478
78.39015692405157
96.00356840964552
2.489596372052843
61.09145005692179
62.63373436711199
53.18407606679693
99.99999999999999
96.75621872877142
0.0
35.691992225086885
36.20071572397837
7.733413503801476
47.35439407261869
89.04232538495995
0.23382545896854812
2.1760081202967303
2.1760081202967303
1.7304025793028397
3.7987620511532647
70.77951925452123
0.0
0.0
0.0
0.0
0.0
0.0
0.0
0.0003925592582402786
0.0001962796291201393
0.0006497463219740045
0.008753928648708541
0.0
0.0
2.949238362618967
0.004074068698172098
0.0
0.1177963455485915
1.0357559628539064
2.6423551538051564
2.642355153805156
2.161777609343323
0.053781177778593266
0.0
0.0
0.0
0.0
0.0002203085204197718
1.764372588315537
0.09611350344168654
3.3760163045636173
3.772055120357729
0.7805819920949516
0.4348955758553039
0.4348955758553039
0.4348955758553039
0.15344229054654043
0.0
0.0022858003189962397
0.013369415942916222
0.41313836622183636
0.4131383662218364
0.06966297811337598
0.17303862146649027
0.0
4.090039697094951
4.09003969709495
0.9982387539780024
0.37413664625926624
0.24834369423501965
0.12618566864166902
3.8320750363909832
3.8320750363909837
0.5566997273101797
0.22267988788971793
0.0
0.0
2.5039219294325132
5.29532070587037
3.424624218803973
1.8681708119561
5.293169916943018
3.640596602819448
0.0
19.463712012765033
50.317973506152875
32.306268582514
21.668761853111615
51.25984604147961
33.490292251791395
0.0
52.88836153166948
68.20957307022432
61.18619858974539
55.549399162184166
50.81645126115775
50.81645126115775
1.2403217133553741
60.916834301589205
95.08816275913057
88.10535390946914
86.56833163722933
81.43706196839906
70.86740847313456
3.5421777609601235
56.42389207755434
59.358059705536725
58.726561851888285
87.38682612859205
86.59716767124026
74.59258712536919
3.808424619989949
1.1794596598910154
0.00486206406803748
0.19439161580786624
0.7204596213691059
0.23382545896854828
0.0
0.770558813549938
0.0
0.0
0.0
0.0
0.0
0.0
0.0
0.0004534666928538652
0.010911486109746911
0.027905884785127597
0.010197148036204537
0.0033983879543983534
1.6648440894244878
0.0201860832094377
0.11779634554859152
0.8144837219278238
4.483245398140927
2.0374041924708877
1.6648440042528643
0.09083515797327524
0.0
0.0
0.0
0.0
7.00257322121232
0.0
14.231132303188499
0.6849334402086228
5.922546317727994
2.0254947847616416
0.30039026390778284
0.0
0.037613721591738765
0.3686225780326974
3.259686310979238
1.2057814082377998
0.40312609247325226
0.05581548776210052
0.3255946198442763
0.4393124615489406
0.43228130463004066
0.12903391118554727
0.0
0.0
0.0
0.0
0.0
0.0
0.0
0.0
0.0
0.0001962796291201393
0.0001962796291201393
0.0001962796291201393
2.0796693314471906
2.0796693314471932
0.0
0.004074068698172098
0.14614885937256702
0.146148859372567
0.0
3.2617049309301205
3.2617049309301205
0.0
0.053781177778593266
1.9241706541651658
1.9241706541651658
0.0
0.0
0.0
0.0
0.09611350344168654
0.0
0.0
0.0
5.374056689269727
1.513650436637391
0.0
0.15344229054654043
5.217039008150867
5.217039008150866
0.04156363827174448
1.249640475780424
1.0360962904480173
0.0
0.17303862146649027
5.883313441526733
5.8833134415267345
0.0
0.936152655870788
0.31205071427655895
0.0
0.126185668641669
0.5566997273101798
0.5566997273101797
0.5566997273101797
0.22267977484079632
0.0
0.0
