0.0
11.466222535896943
11.466222535896943
11.4663295401125
11.4663295401125
23.99936106294261
0.0
46.14047215395489
46.14047215395487
46.073853027056245
46.13300266412118
63.99451599096924
2.4413179170740804
96.65602059842756
99.32901500539752
99.45828445980462
100.00000000000007
100.00000000000001
0.0
88.50007208655124
99.9999999999999
99.99999999999999
100.00000000000007
100.00000000000003
1.8749873446582004
60.82310385984862
63.470771980911536
58.19919578670514
69.11821388761184
99.99999999999993
0.1137753273488418
1.805238197273686
2.072950743782775
1.8014990351338551
2.7541518782718653
31.421281067069234
0.0
0.0
0.0
0.0
0.0
0.0
0.0
0.0
0.0
0.0
0.0
0.0
0.0
0.0
0.0
0.09072441639795441
0.0
0.0
0.15022325150936947
0.0
0.0
0.0
1.73537589070486
0.0
2.3934661188538837
0.5562008599342328
0.0
1.098204676412039
6.132204914973407
2.351266225646246
1.3317320191320012
0.0
0.0
0.0
0.0
0.0
0.0
0.04378197192437438
0.06708742297546642
0.17381674234676514
0.41878625392445706
0.20126226892639928
0.20126226892639928
0.0
0.0
0.0
0.0
0.0
0.0
0.0
0.26664554477520946
12.799516561281981
12.79951656128198
12.79965923356939
12.79965923356939
0.2666277107392833
0.0
24.003732320713464
41.873146404755154
41.87314640475509
41.809616815471166
41.86137274790298
23.999859421054378
0.0
46.643275742052026
66.91993205032804
55.35618990386227
58.62016077628835
85.15573109323275
37.0299782600884
0.0
54.54033800769736
67.77810686494303
75.54336113881564
69.07311900945355
65.61649546596145
48.317163521320715
0.6287606859184733
50.026168070305395
68.65862497194736
68.94428304211291
74.3054649383199
62.3880533858928
63.238247608962325
0.0
0.0
2.239058547542303
2.2581808722929497
2.238791464532315
2.79865093159072
1.7993471814561404
0.31988392640240715
0.0
0.0
0.0
0.0
0.0
0.0
0.0
0.0
0.0
0.0
0.0
0.0
0.0
0.0
0.0
0.0
0.0
0.10368504731194784
0.0
0.0
0.6725402740116714
0.0
0.0
0.0
0.0
0.0
0.0
3.583021469550797
0.0
1.8047254518203326
1.943728510608227
1.0999321506484274
4.91103136546007
4.911031365460065
2.0177532280811636
0.10733987676074637
1.2901127481997912
1.2230253252243215
0.0
0.4105888595650155
0.34350143658954857
0.0
0.0
0.0
4.070941599202038
4.070941599202038
0.8753798972906882
0.3165814569072381
0.0743647464331541
0.04072319321377113
1.2980531188600233
1.2980531188600264
0.0
0.0
0.0
0.0
3.7330376268529326
3.7330376268529326
3.7330376268529326
3.732787950349966
3.7327879503499655
3.7327879503499655
0.0
36.00559848107028
36.005598481070216
36.005598481070216
35.87989000312693
35.988104331476336
36.09426402393069
0.0
55.19913748055398
62.81171966140714
55.432952468182854
38.37236496837361
36.41821751219253
45.31743162264464
0.0
65.45966201446716
73.7307540065622
67.1904160299998
61.947882457759576
58.16694373793904
55.219615452937944
0.5501656001786641
59.4803776219506
63.16467401767374
60.332256632490555
59.693466454762486
62.167127535758105
59.64972484740151
0.0
1.1895553538355501
0.0
0.32018767118956937
0.1423055825873425
0.1423055825873424
0.0
0.27989843560210625
0.09589504436009685
0.0
0.0
0.0
0.0
0.0
0.0
0.0
0.0
0.0
0.0
0.0
0.0
0.0
0.0
0.0
0.0
0.0
2.747181956896173
2.8647124815661025
0.7680858405300216
0.0
0.0
0.0
0.1557723612676758
2.3214949366472464
2.3214949366472544
0.0
0.0
0.0
0.0
0.0
5.4914267200408124
4.895496999893705
0.13727558455150474
0.09392239216565303
1.0330887761708665
1.033088776170865
0.13417484595093285
1.779092300298104
0.6233177883406296
0.0
0.0
0.37941431848187407
0.37941431848187523
0.0
0.8806916417673927
0.32189325200661884
0.0849882816378904
0.03563279406204971
0.0
0.0
0.0
0.0
0.0
0.0
