0.0
11.46639857282726
11.46639857282725
11.466446331101857
11.46644633110186
23.999572318513174
0.0
46.17237645261914
46.1723764526191
46.077840497830586
46.07784049783057
63.867391971918664
0.0
89.30671219912107
99.99999999999947
99.88730129648047
99.84005542218046
100.00000000000004
0.37954446274528925
88.03332742128103
100.00000000000001
99.99999999999996
99.99999999999999
99.99999999999999
6.190319805235435
58.88708766202357
67.51778047345998
65.01576402849423
84.7086672080116
99.99999999999999
0.0
0.0
0.0
0.0
1.2240080595178937
24.724004777879294
0.0
0.0
0.0
0.0
0.0
0.0
0.0
0.0
0.0
0.0
0.0
0.0
0.0
0.0
0.0
0.2657464019546357
0.0
0.0
3.6330290285388216
0.0
0.0
0.0
0.7852396891431924
0.0
3.8581712060966877
0.3350844607098056
0.0
0.5653488780522653
5.422801029552343
1.82809702573243
2.0298264841260565
0.0
0.10782140013671734
0.10782140013671734
0.10782140013671734
0.10782140013671734
0.10782140013671734
0.0
0.0
0.0
0.0
0.0
0.0
0.0
0.0
0.0
0.0
0.0
0.0
0.0
0.26665387550814224
12.799708225507565
12.799708225507553
12.799771903207024
12.799771903207029
0.2666459157957084
0.0
24.02040672835433
41.90210481656382
41.90210481656384
41.81342438974678
41.813424389746764
23.925023266320206
0.0
39.32723751410079
90.77340056295778
49.807536845535495
64.49726425233553
83.38904258983867
41.23164742959237
0.0
59.347426147073776
67.10468494385658
69.5066189167842
64.18005097093179
58.17022887329305
49.175242088307385
0.8280026231313695
44.961025080934
56.61268554885173
64.10640432274383
74.34934973393169
63.27074413493679
59.22505408180524
1.1389536991887599
0.13381154154772973
2.125109554048166
2.125109554048166
2.125109554048166
2.313418486281687
1.4123169917514156
0.2510785611562573
0.0
0.0
0.0
0.0
0.0
0.0
0.0
0.0
0.0
0.0
0.0
0.0
0.0
0.0
0.0
0.0
0.0
0.30371017366244085
5.08814520020142
5.088145200201427
3.3786423686046967
0.0
0.0
0.0
0.0
0.38864127593676123
0.0
4.024618170497318
0.0
4.609092127863215
3.2673714988497027
0.6303045335970826
1.5398653362945458
1.5398653362945478
0.9874672577519034
0.0
1.538874729682891
1.5388747296829006
0.0
0.0
0.0
0.0
0.0
0.0
4.070941619675297
4.0709416196753025
0.8806916292781909
0.32189320957350864
0.08498827447556156
0.0319637544507461
1.0188486455633994
1.0188486455633987
0.0
0.0
0.0
0.0
3.7331542571139913
3.7331542571139913
3.7331542571139913
3.733042821139918
3.7330428211399163
3.7330428211399163
0.0
36.03061009253154
36.03061009253151
36.03061009253151
35.88753489948033
35.88753489948032
37.59414576649568
0.0
58.877344731311126
74.63433658878138
65.30559041655852
43.14539847038485
37.34657181571591
42.707923718185825
0.0
65.93035195848329
74.53259570273148
68.21000823156848
62.04242415598326
58.38623011611647
56.20027667235131
0.7245022952399485
58.069086306351416
58.94558927119491
58.94558927119491
59.42634563195746
58.72164014900246
53.549695384418364
0.996584486790165
0.16644696167724982
0.0
0.0
0.0
0.0
0.0
0.21969374101172515
0.04521912766479448
0.0
0.0
0.0
0.0
0.0
0.0
0.0
0.0
0.0
0.0
0.0
0.0
8.370627509918885
0.0
0.0
0.0
0.0
1.6925747602005516
1.6925747602005494
1.295878925631177
0.0
0.0
0.0
0.1438900986755356
1.8086617404518393
1.8086617404518426
0.0
0.0
0.0
0.0
0.0
5.924961405442386
2.330257463481498
0.0
0.0
0.2966715750240032
0.2966715750240037
0.0
3.065546311312209
0.6330677873071228
0.0
0.0
2.992082870753376
2.9920828707533755
0.0
0.8753799395528528
0.3165815202543308
0.07436474016611637
0.027968285144402825
0.0
0.0
0.0
0.0
0.0
0.0
