0.0
11.46654210274657
11.466542102746576
11.466567583873704
11.466567583873704
23.99980978633353
0.0
42.06957929245699
46.259374117672415
45.80507217516674
45.91352906169597
63.608250633028305
2.0097447104551844
93.46862633734025
99.99999999999989
99.99999999999996
99.97312289245652
99.99999999999994
0.0
95.24772543746147
99.99999999999993
100.00000000000007
99.99999999999999
100.00000000000009
1.2894681523410751
63.154132082967955
68.51411950386982
63.702762825066436
74.64676001014733
100.00000000000001
0.0
0.1100394097343569
0.11003940973435683
0.015082922956641846
0.015082922956641846
25.33818909446667
0.0
0.0
0.0
0.0
0.0
0.0
0.0
0.0
0.0
0.0
0.0
0.0
0.0
0.0
0.0
0.8578663109985981
0.0
0.0
1.1877416424260678
0.0
0.0
0.0
5.776294245160027
0.0
5.025039784542008
0.13065671394404546
0.0
0.0
7.188135497598593
1.965501656368879
1.6085878623401
0.0
0.37640871632683376
0.37640871632683376
0.37640871632683376
0.37640871632683376
0.37640871632683376
0.0
0.0
0.0
0.0
0.0
0.0
0.0
0.0
0.0
0.0
0.0
0.0
0.0
0.26666059710591783
12.799864577875038
12.799864577875038
12.799898552711209
12.79989855271121
0.2666563502513957
0.0
24.065874977022112
46.17086436424284
41.981069539027246
41.56452213296486
41.65942190867793
23.964700337345594
0.10845688652921674
40.342817991680015
80.6455076856703
56.003520396203115
46.72762567683949
70.40554905724716
44.9934673384846
0.29994539823746935
57.89430253388165
68.2415577228566
76.14735309359558
64.68186274263307
62.992106644684476
49.52860879557901
1.399560432298933
59.06425843500334
62.50650412563769
64.70392147751507
67.90830082206412
62.399463712079736
54.862872624400794
0.6064499806511989
0.0
0.09628448351756232
0.09628448351756222
2.4907889760826247
2.4907889760826247
0.015082922956641846
0.0
0.0
0.0
0.0
0.0
0.0
0.0
0.0
0.0
0.0
0.0
0.0
0.0
0.0
0.12927201226756538
0.0
0.0
0.0
0.980418641141255
1.7161087288471595
1.7161087288471581
4.978896237522808
0.0
0.0
0.0
0.0
0.0
0.0
2.502654055616014
0.0
4.432201721351044
4.432201721351049
0.0
0.0
0.0
1.2894681523410705
0.0
11.1735835844986
0.07005860059609252
0.07005860059609252
0.18339903204995034
0.18339903204995056
0.0
0.0
2.170979279350331
4.070941650535906
4.070941650535897
0.8806916933150359
0.32189332100928647
0.08498832877594652
0.8981283197700741
1.6839905995688915
1.6839905995688915
0.0
0.0
0.0
0.0
3.7332483594828507
3.7332483594828507
3.7332483594828507
3.733188903519539
3.73318890351954
3.73318890351954
0.0
36.098812465533165
36.09881246553316
36.09881246553316
35.64201551265501
35.64201551265499
35.64201551265499
0.09489977571306463
52.13926980999958
71.71858134002798
57.935550136368285
53.96961846432093
48.711668022240595
50.76062384800722
0.2624522234577857
61.370151822287966
77.34276253397255
66.62394247973106
67.99103663358311
64.89500087654028
59.147924316237784
1.2246153782615665
52.07399074445469
56.917240648544016
57.12868995287851
58.50693753843573
59.134247363337394
51.72416610598601
0.5306437330697988
2.923836092239866
2.4907889760826247
2.4907889760826247
0.013197557587061618
0.013197557587061615
0.013197557587061615
0.0
0.0
0.0
0.0
0.0
0.0
0.0
0.0
0.0
0.0
0.0
0.0
0.0
0.0
0.0
0.0
0.0
0.0
0.0
4.775942698604074
4.775942698604074
0.16080736584844837
0.0
0.0
0.0
0.0
2.560027242890304
2.560027242890297
0.0
0.0
0.0
0.0
0.0
5.657429046340422
2.7313282641772876
0.0
0.0
1.3483222002820692
1.3483222002820698
0.06130127552158096
1.257939031633112
0.0
0.0
0.0
3.8754034940548796
3.8754034940548827
0.0
0.8753799390848449
0.31658156701844414
0.0743647876789532
0.7858622797988153
0.0
0.0
0.0
0.0
0.0
0.0
