0.0
0.0003743352382454047
0.001493488440812534
0.0015881173608472301
1.5088369606023977e-08
1.089896180138326e-05
5.819423047348552e-06
7.043075705953021e-06
6.177073777438583e-06
4.973381027337174e-06
3.1337242292302557e-09
5.267641704943363e-06
6.975472098598412e-10
3.3472764045280125e-06
1.8262770129620258
0.0
1.826252454165227
3.4598494093552974
0.9132630347737778
0.6525117521887117
1.0441630521716763
1.8577361117576936
1.0438675912071498
2.4726580989804297
333.5782888001609
3.3635562236716696e-05
47.002105419192695
1.0838596193838885
0.00013987799716746934
0.6893370132954657
0.0
0.6893368211283105
0.43538292231150466
8.794115230795818
9.221215473889153
3.7253794953302615
5.908017496145185
20.458376113672006
54.37320726965007
19.828113058202753
264.1292363376547
1.816080309355758
0.8655577835149723
1.728306585066774
0.00026617085348242686
0.0
5.500307279755237
5.6739519082187634e-05
3.228124429591965e-05
0.028582007118836322
4.320159332320381
0.0001333561416864833
10.681527994511914
1.4658659252149422e-09
2.7066057375234087
1.904357697412643e-09
0.00016006573127169823
0.002600381679432038
0.00018295841931882504
0.1884482480556184
0.0
0.00027036654245328327
6.21177864710168e-05
5.694833367079736e-10
6.580001945375531e-05
5.331636293457653e-05
4.281396342073011e-09
4.732832622531478e-10
3.364894585815022e-08
9.977534284748377e-09
7.988768517220088e-05
0.0002770947648173518
0.0017030717401205475
3.9366561451467468
0.0006549642909380103
0.0
0.0004595855188371575
0.0003765331068183559
0.00042234094182719674
0.00017973631912002045
5.165758399011358
0.00015039965585631924
1.958286997659476e-09
7.441577225180556e-05
1.0750071964846945e-08
0.005514217566716781
1.7668796260384643e-08
1.0627110053405215e-09
9.877547871701351e-05
0.0008342253923079182
0.0
0.0005998084296980844
9.485982394330682e-05
7.397543673064264e-05
1.254375386865955e-09
7.869386257949238e-05
1.6854509506064606e-09
8.795641295397563e-05
1.7908785427393687e-08
0.002693917150166301
1.3414330760032131e-08
0.0008860943913174961
5.5873458666839005e-05
0.0004138956940243278
0.0007704739507441954
0.0
0.10795490888659862
4.3783171474227494e-05
9.889749790320062e-10
0.00012147849058653468
11.053532096272388
0.00010406510533595831
0.0009235946669180696
0.0004982891139630739
1.2454208509577436
1.7165349957389018
9.785116828860891e-05
0.0002981041753303368
6.241349949547715e-05
2.0091048856757497e-09
0.0
7.423809201778e-05
6.497695480731572e-08
0.00019364834836658603
18.925361750894353
0.715721882162801
0.0013999174700954397
4.497492990940272e-05
0.00018457838897908822
0.00037992279637339625
6.624246844033922e-05
0.00027108009794476703
0.0017608163328623585
0.0008383679673814229
6.565703017327363e-05
0.0
1.2961999649282367
2.2086022364920177e-08
4.892689669771469e-10
1.0082444674583547e-08
0.0025437123347668436
3.731486115382542e-06
0.0013757886423651198
6.475404738242194e-05
5.274968477093711e-06
9.836849527793701e-05
4.977403411498832e-06
5.4678107009721756e-05
0.0005656925425615918
4.0225030236037055e-06
0.0
0.0008410943268061172
0.6725902193671911
5.3413819917075266e-05
0.09850862143169146
0.000922323827154908
0.0010149942404160343
0.0005391215361961041
5.8337573510158344e-05
0.00032021699999934127
3.0290626346371185e-05
8.938310755168165e-05
0.000502356563799538
4.481043855618856e-05
5.250532609951951e-09
0.0
11.019398797850188
0.00010448627626852084
0.0027567611207009856
0.0014009740940517143
6.450019350360992e-09
5.474888418965421e-10
2.6130422119698776e-05
4.050616109657198e-05
8.678916865160856e-05
0.00048070059045603907
1.4792291277154284
2.1125257494630437e-05
8.839384685492662e-10
0.0004727361233459971
0.0
0.00025052541260807865
0.0028078547604025545
0.002725853498058061
1.0748343055073046e-09
5.557672234527085e-10
4.652809170465575e-06
7.499096738296497e-06
1.8386348369593206e-05
0.00040452846361636933
2.2033685473754416e-05
3.713184343821592e-06
9.993336036040805e-10
0.00023208044777919143
0.0011323813563296951
0.0
