1.0712389008225127
12.187892305327784
12.269386813044859
12.132461757690963
12.13246175769097
0.4479053305848626
0.0
25.89952885400521
44.0715538121035
44.24065963661398
46.12370130426559
44.859109067589614
26.53813068672602
0.0
42.56621419385095
96.387315554873
98.89847360558105
100.0
99.9177895341523
48.623581821414234
0.8851264668506611
48.432317318874375
99.99999999999994
100.0
100.00000000000001
98.24469865997669
68.1044948134835
3.3560532908449803
55.602487087467026
92.7617578345326
93.07527551635654
83.50378790849545
100.0
59.73552047096141
3.223817853690113
0.0
0.6964687968716763
0.6964687968716765
0.24675989825524258
2.313147799652788
4.626295599305575
0.7710491838583757
0.0
0.0
0.0
0.0
0.0
0.0
0.0
0.0
12.187892305327786
12.269386813044859
12.13246175769096
12.132461757690972
23.990891340779584
0.0
44.07155381210346
44.24065963661398
46.12370130426557
44.85910906758961
63.903711793558045
0.0
61.00980836997039
56.89167680967654
68.49445862995866
77.75901228051751
99.01764442480055
1.9092568683524644
62.169480141141854
61.62769939806902
51.11117996818151
100.0
99.90955435722024
0.0
34.448227598830044
34.761745280654175
21.242832496477554
56.60624365739954
69.06481527399781
0.18714220682249394
3.447989041070176
3.4479890410701737
2.9982801424537397
5.0646680438512846
93.34660287950109
0.0
0.0
0.0
0.0
0.0
0.0
0.0
0.0004511072123345736
0.0002255536061672868
0.0002255536061672868
0.008423860886792476
0.0
0.0
2.8399465950571523
0.004058543322705764
0.0
0.0755107598261001
0.5223868924109113
2.9319418008498443
2.931941800849845
1.80003892914401
0.053795327116769494
0.0
0.0
0.0
0.0
0.0
1.883323644395316
0.09886636029909947
3.4760882540888147
3.8798410698654484
0.752647945004625
0.46973390536518206
0.4695090955555173
0.45253924203567486
0.13017302470523073
0.0
0.0
0.10015670935974805
0.45277590978618915
0.452775909786189
0.20031341871949612
0.02059404507538995
0.0
4.088706725712449
4.08870672571245
0.9886258804555998
0.3693365766421919
0.23877032745655982
0.1288784714262606
3.8268765278954953
3.826876527895494
0.554989798686583
0.22199591233420285
0.0
0.0
2.503922961385965
5.295296849444375
3.424300740702943
1.8684617927863787
5.293232287741091
3.6397249569157255
0.0
19.463679146887632
50.330593468447894
32.42808116347768
21.793776067507864
51.30047976414358
33.48020750503062
0.0
53.042524548794745
68.71724619014265
62.37824524222442
49.07953576227349
47.504850460453255
47.504850460453255
0.8851264668506611
60.96415940022635
94.683134382678
87.92760748904233
87.17902821484967
77.9415110493602
68.3305801166255
3.422343914151866
56.494355447170136
59.465056907873276
59.32858203264296
99.46903335967768
61.1828956305226
59.50943516781942
3.1575272303832267
1.1756739003119387
0.03350387933263441
0.19836124681838171
0.6806618041475545
0.187142206822494
0.0
0.7710491838583758
0.0
0.0
0.0
0.0
0.0
0.0
0.0
0.0005797461266318604
0.010915158132323239
0.028334043224036726
0.010451857313469313
0.00348331726013803
1.6069734854270792
0.013015242706862173
0.0755107598261001
0.5223868924109113
4.054968914444109
1.5257850343380874
1.6069734415338417
0.09026964351533245
0.0
0.0
0.0
0.0
1.0779321417520704
0.0
16.93322441581872
0.5963847758263572
6.023804661810642
2.04553155392294
0.2474896465983683
0.0
0.0
0.10015670935974805
3.7665720411390757
1.4124510284848562
0.4708096356858792
0.051810076810429304
0.3022358253008722
0.4011505688552147
0.41666115410100396
0.15288904306091433
0.0
0.0
0.0
0.0
0.0
0.0
0.0
0.0
0.0
0.0002255536061672868
0.0002255536061672868
0.0002255536061672868
2.073441947494351
2.07344194749435
0.0
0.004058543322705764
0.1461706482395005
0.1461706482395005
0.0
3.352599603344015
3.3525996033440153
0.016959864710563287
0.053795327116769494
1.9246744911821425
1.9246744911821414
0.0
0.0
0.0
0.0
0.09886636029909947
0.0
0.0
0.0
5.260994012199505
1.4209249167322417
0.0
0.13017302470523073
4.425882322193451
4.429059708811159
0.0031773866177155757
1.0214948826717571
0.6933181762684849
0.0
0.02059404507538995
0.7002397311502603
0.7002397311502597
0.0
0.9289330797415914
0.3096440334484323
0.0
0.1288784714262606
0.554989798686583
0.5549897986865829
0.554989798686583
0.2219957069050546
0.0
0.0
