0.0
11.466465468006676
11.46646546800667
11.466507133465836
11.466507133465834
23.999693744858504
0.0
46.25108154634655
46.2510815463466
45.82666920344984
45.92799045386435
63.63402469360044
0.0
99.9999999999998
99.99999999999979
100.00000000000001
99.84905435437595
100.0
0.0
76.74781977683135
76.15597940059997
85.6316749377921
100.00000000000003
99.99999999999999
0.0
59.96013518297989
59.971984431862495
60.35781213760798
70.00286376762483
100.00000000000003
0.0
3.465466755660889
3.465466755660889
3.465466755660889
3.465466755660889
30.441767373912544
0.0
0.0
0.0
0.0
0.0
0.0
0.0
0.0
0.0
0.0
0.0
0.0
0.0
0.0
0.0
0.8014254177616186
0.0
0.0
0.9131458838303244
0.0
0.0
0.0
0.0
0.0
0.9131458844465129
0.6723754720604218
0.0
0.5820037886403147
8.100187372887573
2.59520565369683
0.8650685426768624
0.0
0.09735568584593943
0.09735568584593943
0.09735568584593943
0.09735568584593943
0.09735568584593943
0.0
0.0
0.0
0.0
0.0
0.0
0.0
0.0
0.0
0.0
0.0
0.0
0.0
0.26665699677505805
12.799781109978992
12.799781109978985
12.799836663924538
12.799836663924536
0.2666500525318645
0.0
24.06154090799944
41.97354265980323
41.97354265980323
41.58440089054315
41.67305698465585
23.967022744919714
0.1013212504144805
44.63088904899147
65.22894191096137
65.22894191096138
68.89121863605095
77.56287982257976
33.53714835266727
0.28071063636651056
58.022870074727784
87.35738079162299
87.03607528096389
70.92606721544432
71.95826648292193
40.757171056368755
0.0
52.33830701485045
65.11062917899797
65.12417117772124
70.64205878831032
58.203395269798605
59.66749322562312
1.546807504071756
0.0
3.465466755660889
3.465466755660889
3.90028163228956
3.90028163228956
0.0
0.0
0.0
0.0
0.0
0.0
0.0
0.0
0.0
0.0
0.0
0.0
0.0
0.0
0.0
0.0
0.0
0.0
0.0
0.9159147631561353
0.0
0.0
0.9131458885414092
0.0
0.0
0.0
0.0
0.0
0.0
1.0617689772462393
0.0
1.4803100432310499
14.425680785811382
0.6651471870175025
1.2471509756578167
1.2471509756578167
1.2471509756578167
0.0
0.0
0.0
0.0
0.0
0.0
0.0
0.0
0.40712519978550826
4.478066833226062
4.070941633440547
0.8806916577188253
0.3218932589253908
0.08498829850513547
0.805956799229697
1.5111689985556833
1.5111689985556833
0.0
0.0
0.0
0.0
3.733197954850815
3.733197954850815
3.733197954850815
3.7331007354461025
3.733100735446103
3.733100735446103
0.0
36.09231136199909
36.09231136199906
36.09231136199906
35.66556810058883
35.66556810058883
35.66556810058883
0.08865609411267043
53.38812146731264
62.232495454903216
52.42315165261745
43.21599417945586
39.058051512829465
49.81605943357606
0.24562180682069673
61.42417353184413
77.25122092413297
66.60166684874591
63.51615892309545
60.18805193175522
61.13575648854082
0.0
58.355968213235336
58.10146399334435
62.64254548989449
60.16161278057256
57.36800089284669
52.209056572420224
1.3534565660627864
0.25907500518676596
0.11045191258935813
0.43481487662867074
0.0
0.0
0.0
0.0
0.0
0.0
0.0
0.0
0.0
0.0
0.0
0.0
0.0
0.0
0.0
0.0
0.0
0.0
0.0
0.0
0.0
0.0
4.311495296760305
4.311495296760304
0.7110082022168528
0.0
0.0
0.0
0.0
2.581811497806239
2.581811497806232
0.0
0.0
0.0
0.0
0.0
4.566307731601832
2.0807232963637103
0.0
0.0
0.0
0.0
0.0
2.687101159101233
0.46275937574238807
0.0
0.0
3.640779069330574
3.640779069330553
0.0
0.8753799392025469
0.3165815408587864
0.07436476119199352
0.7052121993259849
0.0
0.0
0.0
0.0
0.0
0.0
