0.0
0.00019246186433335229
0.0006777876739608273
0.40521210448347966
1.4494810906198723e-09
4.301625751742504e-05
5.616143535285114e-05
4.3503186158206126e-05
4.5108699733044194e-05
0.6673136306389827
9.642388996928432
4.5644882187120676e-05
8.588858491855173e-10
2.0408224398791886e-06
3.6666683232123294
0.0
4.9221886263895716
3.876427298092586
3.6169399327335796
0.7695504179618805
1.0118025739629541
1.7896067392743296
1.0118480427735446
3.7621857603764175
320.8735419495488
0.9834607756795136
51.74938421321804
3.5149060196486777
0.0008764765224142523
1.7297413542243234
0.0
1.3340266801380278
1.1515669875259123e-05
11.925405438830351
10.25404755438841
3.9813964690229904
10.253948532821695
19.47108095669965
36.00407722598416
17.122672530075743
262.4279350231847
2.129536455325894e-06
0.3510593159481221
1.3453815381631742
8.044052562543406e-05
0.0
3.17622710572086
8.61907241117154e-05
2.385725096902225e-05
0.00025979541730319135
9.037241369775205e-05
7.161005265984509e-05
28.769776790938458
2.199800539468189e-09
3.5948663876529685e-10
1.5992630392153797e-09
7.592201782155814e-05
0.0006723361309482123
7.12049792358463e-05
0.0012229485723838456
0.0
0.00011876652057382518
4.140166460047447e-05
6.38806135279468e-10
0.00012357782077774383
3.688571404876299e-05
9.833164409273673
5.813027961295536e-10
9.922995938276172e-10
5.034775350052932e-10
3.7528469219964936e-05
1.6013621123619157
0.0005988440076188527
3.6526054389115563
0.000241389999611385
0.0
0.00015617005552757588
0.00041701631960814147
0.00014174196240565007
9.098592223445175e-05
10.278927327073896
0.00011802163816521439
0.0006649575124214181
7.132931062892163e-05
5.9321294296356915e-09
0.26559219480432705
2.334187045605908e-05
0.19127901612854792
4.0357605408532246e-05
0.00010939495371519867
0.0
0.0001377523834229448
3.088790109132386e-05
3.496326510059434e-05
8.191720359627748e-10
3.199753437304735e-05
1.6920387805053183e-07
3.564600903060304e-05
8.003354643503866e-09
0.0014301360291840042
1.4508302032619574e-05
0.0004726722902551806
2.3456425410822197e-05
0.00025935446170052145
0.0004156337848482101
0.0
0.03089854599459641
2.074165736300208e-05
1.9250288300813175e-09
5.48505048615897e-05
9.08826629197836
0.00010478234780140373
0.00044435319497222134
0.022546654231349047
2.3363272537109532e-05
0.0007082240173605374
5.996727080637938e-05
0.0001321202562592219
5.378269994232755e-05
7.636209400566118e-10
0.0
3.501352337417996e-05
0.00021095706264915237
0.00014381232416516398
22.203723479258144
3.788229884735291e-05
0.0007467547625332171
0.059617628845549775
8.742937795846556e-05
0.00038827380028698687
0.11915865224343547
0.00011876500816575614
4.128370661677752e-05
0.0004510558980527457
0.0001237887787453945
0.0
9.778506115700876e-10
6.142145074674599e-10
5.954548568952375e-10
5.295050019285255e-10
0.0013791991020663135
2.329755323530552e-06
0.0007073537955623449
3.440700581235663e-05
3.5143283531520032e-06
4.5856163847912766e-05
3.1535638569673624e-06
6.783199233770808e-05
0.0002907867503712531
1.8661502626600024e-06
0.0
0.0004543046967783919
0.5506156727298913
6.71823159397605e-05
0.0007499737808058012
0.15831114243628522
0.060613597783810355
0.0002826138890577849
3.231330569950021e-05
0.03319852964565248
1.9335506411525477e-05
9.507385478892239e-05
0.0002737696158615431
2.0797875890801455e-05
2.632875333849934e-10
0.0
8.868202121757003
0.00010498512401466004
0.001500574747450269
0.0007632034243913007
7.19423542585314e-06
8.917852257022286e-10
1.1022065692536403e-05
2.0318183038426712e-05
4.689973422045055e-05
0.0002478486650937058
1.531005392771859
9.899991533202857e-06
3.533462033877772e-10
0.00022103380771494686
0.0
0.00016990690446519994
0.000794834498678967
0.002214314244909907
1.237435709619631e-06
6.389409433569877e-10
1.939630108419013e-06
3.7128379271350402e-06
9.804802173983783e-06
0.00021289616462416853
1.1163978337802306e-05
1.7244714204164694e-06
4.0215927367719025e-10
0.00010763085964692967
0.0006131258810521364
0.0
