0.0
0.0
0.0
0.0
0.0
11.384620900116008
0.0
0.0
0.0
0.0
0.0
38.74887848493802
0.0
0.0
0.0
0.0
0.0
18.3804908978199
0.0
0.0
0.0
0.0
0.0
8.549623105580643
0.0
0.0
0.0
0.0
0.0
0.0
0.0
0.0
0.0
0.0
0.0
0.0
0.0
0.0
0.0
0.0
0.0
0.0
0.0
0.0
0.0
0.0
0.0
0.0
0.0
0.0
0.0
0.0
0.0
0.0
0.0
0.0
0.0
0.0
0.0
0.0
0.0
0.0
0.0
0.0
0.0
0.0
0.0
0.0
0.0
0.0
0.0
0.0
0.0
0.0
0.0
0.0
0.0
0.0
0.0
0.0
0.0
0.0
0.0
0.0
0.0
0.0
0.0
0.0
0.0
0.0
0.0
0.0
0.0
0.0
0.0
0.0
0.0
0.0
0.7105548371299615
0.0
0.0
0.0
0.0
0.0
0.0
0.0
0.0
0.0
0.0
0.0
0.0
0.0
0.0
0.0
0.0
0.1386436459515323
0.0
0.0
0.0
0.0
0.0
0.023099017145734937
9.94981179001113
0.0
2.9659601917111615
0.0
0.0
0.0
2.3675420610311386
0.0424396901209998
0.0
0.0
0.0
0.0
0.0
0.06904660899685586
0.0
0.0
0.0
0.0
0.0
0.0
26.33302906471699
26.333029064716992
8.410256820818164
16.198451136322273
24.000000000000004
0.0
52.115960582346126
44.83568472294813
65.66114715279575
47.58219148251541
63.999999999999986
11.384620900116005
85.6487573558253
100.00000000000001
100.00000000000001
100.00000000000003
100.00000000000001
38.74887848493799
79.48545854212588
79.98672513836057
99.99999999999997
100.00000000000003
100.00000000000001
18.380490897819897
57.39663594537977
71.47115296940682
55.19995834263509
50.83956526517551
100.00000000000004
8.549623105580643
3.4146530890600344
6.783459064187819
1.3174711440439513
10.198112153247854
11.999999999999927
0.0
0.0
0.0
0.0
0.0
0.0
0.0
1.666970935283004
1.6669709352830038
1.666970935283004
1.4003042686163374
1.4003042686163376
1.4003042686163376
0.0
23.201838952060175
23.201838952060204
23.201838952060207
13.802736584343027
13.802736584343029
13.80273658434303
0.0
58.98760131373048
58.98760131373042
58.98760131373043
66.2893426678176
66.28934266781759
66.2893426678176
0.0
75.35909185144608
75.35909185144605
75.35909185144602
66.40148362490335
66.40148362490336
66.40148362490336
0.0
61.36928352759385
61.36928352759385
61.36928352759385
67.83629637223984
67.83629637223984
67.83629637223984
0.0
0.0
0.0
0.0
0.0
0.0
0.0
0.0
0.0
0.0
0.0
0.0
0.0
0.0
0.0
2.3330290647169956
0.0
0.0
18.189438910565496
10.401244595061387
2.5996957313836617
0.0
36.79816104793976
48.68220046559365
55.96247632499164
44.53611626286121
62.61507193314154
46.19726341565696
0.0
45.012398686269535
77.23754134170962
62.88629869753489
55.58455734344774
55.53054580910458
37.73375634932812
0.0
45.35146298568393
81.70835702220774
78.78028299892802
67.72461636383125
67.52982616690745
55.96605843612775
0.0
50.63071647240616
62.257649994400666
50.609940397418676
57.448161987833245
72.14581223252245
44.232750236757006
0.0
0.0
5.134970016520608
4.732124233103986
10.198112153247854
1.359910834164951
0.0
0.0
0.0
0.0
0.0
0.0
0.0
0.0
0.0
