0.0
8.245426596303946e-10
7.195167440027129e-10
8.872703337154327e-10
8.233891798195072e-10
7.931925649656124e-10
7.227317935038353e-10
8.220062223430675e-10
7.772662153590613e-10
2.445336134511967e-10
9.295806564577463e-10
8.245366226475859e-10
7.750359967562574e-10
6.767456593118414e-10
0.6059416432549851
0.0
0.823458052315694
14.764644879130067
0.42642459725223764
0.9821999622131421
1.8175660328001981
20.47594954859095
2.4636957691996133
1.33282664384173e-10
230.0293451568556
0.8717877699618379
114.35888656863605
9.216449669546394e-09
0.28660123541815663
6.782096425883763
0.0
6.782096426288835
0.3916443606297347
0.9586520391762013
2.311987226056857
18.09413557826956
2.937508656539287
120.32438154607412
83.04332880736567
1.0498626438136691
62.965820030783185
8.256914880868504e-09
0.4663068404153231
1.4285305815265295
4.278164233986383e-10
0.0
6.817103467580012
0.1655715959948029
1.7441752615947141
13.805424395689762
2.3744782071743438
7.317022316072626e-11
55.18354454593441
0.7544298990007705
94.76416954949535
1.513445146053653
2.4900443649544423e-09
6.014342194662174e-08
2.7522695408491353e-09
0.8121008084187018
0.0
2.436295490380431e-08
0.21908770362718835
0.3742934822936169
0.30319292642018186
0.7291885852116637
0.8415016327660508
0.20177358191423198
0.4277297263097127
6.4200478503613606e-09
1.709126367211664e-09
0.4598353246696214
1.8607644118371964e-08
3.1099102197606916
3.5449774094634757e-07
0.0
5.710503089545674e-07
0.023465546239907438
3.5046794691829484e-07
4.1140846050356956e-11
7.872368821973527
0.006110771605816266
3.8316530281082457
6.2549636508410016e-09
3.3551918782277047e-10
1.993266984614424e-09
1.8059097285926294e-09
0.27009215198560554
1.2908072158961506e-09
6.504704773339965e-09
0.0
5.215844523734011e-09
2.4530882793211974e-09
3.7590228530619896e-11
0.5609170537530899
1.8751521757323464e-09
35.98953598218595
1.327716411517146e-08
9.03985764029105e-10
0.002631824929027398
8.612830708136443e-09
7.023764474090802e-09
3.393207365256597e-09
3.8588633187991314e-08
9.857334874497334e-08
0.0
6.717944568281319e-09
5.3005919075263286e-11
3.245483695933475e-09
1.7814346939128895e-09
2.666798400061885
1.1162405566996395e-08
0.16247209939847346
0.43309790986580576
0.37557664862167606
0.28416877554963316
0.23539700551786272
2.405298584113221e-08
1.7785681117944543
0.26139241223932586
0.0
3.809365459363172e-11
1.0258326888150828e-08
8.532058510164207e-09
0.8534862832887151
8.902076950644324e-09
0.23637483367812673
0.27430905254808435
4.544861900631016e-09
3.512044324864417e-10
0.2896620681064439
2.528008417579395e-08
0.176216439098617
0.3130332670987407
0.2412604328188804
0.0
0.34962187828649766
0.17348446933279343
0.3375014287618778
6.476497966197951e-09
0.00655047215991188
0.006566176516505626
0.014207761114251212
6.7967952856902515e-09
0.006576172318630134
7.281732585097551e-09
0.006527839036221189
4.658817978977446e-09
0.00021167163294444048
9.132336127624609e-11
0.0
0.0007407462318117956
0.11885084971568267
9.986601765107127e-09
0.006846315023697643
0.09086715080838323
0.0444301445298787
6.88438392885494e-09
0.07644148518747038
0.281812549737501
0.6064397202743459
0.004178611611079105
0.00012133156073889585
5.2740008309803666e-11
0.8444947759268707
0.0
1.3407440836407507
1.0278926334826968e-08
2.5675523918082656e-09
0.15962344397595224
7.253169358242066e-09
6.892387680985753e-10
6.701835187112607e-09
9.379544741994051e-09
3.077130214385588
0.0001878639982223005
0.08620425813887557
7.077180248831237e-11
2.8520418489719736e-08
0.00018771848125333104
0.0
0.0001920222361581323
3.2784692982951406e-09
0.009005385810111302
7.85160704998369e-09
6.389419226712013e-10
7.231345746798845e-09
9.652831956647267e-09
0.23616383151090475
2.8027766960723976e-05
0.005389911295591677
8.915144156737186e-11
2.0817998948712702e-08
2.7845856753560863e-05
0.0003057476496707486
0.0
