0.0
1.828406544775031e-08
3.5413669856054e-09
7.099666004914544e-09
6.832644118385616e-09
6.317075626248857e-09
5.936817098448015e-09
6.018693022796248e-09
6.601198797956898e-09
3.0454448365382794
6.4405110065606594
7.483322301767233e-09
6.917090706802852e-09
3.719201604688103e-09
5.477048659169646
0.0
4.41607485411514
12.037358362841108
4.488362950371856
0.7067664980792184
4.616483114533915
15.255792835396413
4.509385714803788
3.3556430256590834e-09
184.82250951346887
14.479857814517787
143.0493934840324
10.312811792423577
5.273020823452303e-09
3.131803992265005
0.0
2.023568207646969
0.03219602929888938
9.186011834158956
13.239231510320177
12.817963311789
3.837357042220349
48.46285190088757
11.638513002686224
36.93719781562435
213.36243896964396
4.665192404447373
6.6390733229719605e-09
0.41950905545420913
4.388010882297001e-09
0.0
2.2525731090449503
1.544173419417702e-07
0.7467429826251163
6.553043980010234
0.7465990293128455
1.5353454612541147e-09
67.93248734578275
0.235737926711858
7.738246473716481
1.6681296729164776e-08
1.0449483116041917e-08
0.0006424425169884077
6.655283869177884e-09
0.5270533596578637
0.0
0.00012138604004182927
1.868814342795095e-07
0.0545537714918938
3.6942334047876576e-07
1.053346802426973
0.05624697191891474
1.2996525356580462e-07
0.04124050989266442
2.9118275908817206e-08
6.710780771709374e-09
4.022560047915058e-05
0.8508791729669123
0.0886475498265135
0.00011507197682203835
0.0
2.0473687245452106e-07
0.03995328823729924
5.435447286408553e-07
1.2223762751716562e-09
16.964316256459487
3.62271207668905e-07
0.03423265223094124
3.701304695847572e-08
5.105681140533556e-09
0.2853004496284697
5.427256222128953e-09
2.3977596625364896e-08
2.168252834566052e-08
0.0003050953267581196
0.0
2.3564696340718767e-08
0.4456474918105209
1.2590135897032957e-09
6.278780161220187e-09
6.2743317564648445e-09
35.05382884816392
4.814844014199502e-08
5.578472122566909e-09
4.2398626540114223e-07
5.228151755792117e-09
2.752358984544826e-07
3.992212444930835e-08
4.806117722691513e-07
3.684417295840644e-07
0.0
0.6655797921914735
1.4373436949970068e-09
5.231028013074077
7.599057459353532e-09
1.4685314099452786
5.871182154086585e-08
0.17192238352617467
0.30145418871571117
0.9903157276696339
0.007694021453352987
0.007478080171491606
1.1487816825250718e-05
0.007477830616478106
1.093714981429
0.0
1.2783073399515014e-09
8.609878065964343
2.7323481135531676e-06
1.9292280060278177e-06
4.235060730607931e-08
2.4787654937959048e-08
1.7456336884297863
7.114452878797619e-09
2.013205300586868e-08
2.422660163669172
2.2367442329219502e-07
1.4031458080825423e-07
0.07592700362788873
3.679722984508008e-07
0.0
0.07950115309217698
1.3001489239068137e-07
0.052156070278190456
2.8022921920226623e-08
0.012099157707726398
1.630793689370826e-07
0.0012942043689213234
3.780287431935593e-08
3.514771155591077e-08
6.178027309432911e-08
1.5184406507569534e-08
3.8340704568734605e-08
0.0001337656666862887
1.208138242890274e-09
0.0
0.0005475768863333962
0.12499638582410695
4.0433437186330995e-08
0.011706498284860306
1.580305801709594e-07
0.14416197223347227
4.84842670114654e-07
1.5231121578430045e-07
3.597803730613294e-07
0.09435625411639839
0.010122875025412127
9.906046467190381e-05
9.499237135247323e-10
73.76811979504956
0.0
0.9636398522865158
5.647212088894045e-08
1.2396665010680659
0.0894932407818658
1.0301505880016397e-08
0.00027499456669300896
8.690920595054187e-07
0.3957543482029404
3.200708480506453
0.00013881320354189962
1.8928834417433835
1.451941686555262e-09
3.413621463339791e-07
0.00013921599982021798
0.0
0.00012340570340189051
0.09403065315267718
0.10748765008270171
1.3282505191894542e-08
0.00047328202629968774
1.322760385021053e-06
0.08359282256350395
0.19851490662020563
6.961607088171906e-07
1.2544165282438673
1.7347291818495315e-09
6.40877989383685e-08
7.570602943897085e-07
3.1730237764219035e-06
0.0
