0.0
0.000254716308794464
0.001016428625704973
3.6394976445410934e-08
1.2637092397005632e-08
7.42295083573397e-06
3.966674305474839e-06
4.800043675179572e-06
4.2106669019500155e-06
0.500776123043932
2.3567853097678327e-08
3.5898715546219615e-06
8.361348783007226e-10
2.280152680582316e-06
1.625951920540266
0.0
1.3430055032085786
1.1002293381210242
0.8130604508889643
0.010793363701114125
0.357347586531843
1.7419796873369675
0.3573414674536769
2.309755408157709
276.1408820945057
8.62086549768829
100.80565876405494
1.0827146931710936
9.52000757644323e-05
0.5654505040336414
0.0
0.5654503930247377
0.04190454758311701
8.792271431077554
9.23756875372273
2.5978442618064133
9.23757685231911
17.562117749600617
115.81005827831126
10.38622617770768
215.2864665801289
1.642680346639775
0.8212337556879326
2.3767345212884403
0.00013238881345546918
0.0
4.288005846013222
3.8631114302824973e-05
2.1998551530131917e-05
0.6444071688903336
2.3245608568535062e-05
9.080194863198476e-05
13.604346885192715
1.3698646711896414e-09
1.5530600375302407e-09
1.5303344362475758e-09
0.00010926526129014171
0.0014345315726286268
0.000131349454367338
1.7595336149749006
0.0
0.00018465975047455096
4.234615691017917e-05
2.5923369672450455e-10
4.484587093149351e-05
3.633905994404284e-05
0.26133357377519706
2.1711056766265536e-10
9.47619325851344e-10
7.57597555382087e-10
5.451072102548436e-05
0.00018897289192604082
0.0011583645496314042
3.060210102537956
0.0004362272698667791
0.0
0.0003133712046244247
0.00025589984613915584
0.00028840538436219457
0.00012243222343283415
4.551320017365945
0.0001025413136757077
6.26730435082913e-10
5.067554556214154e-05
6.280584700774661e-09
0.0034137347017721194
8.315457157020462e-09
0.10324027865430202
6.752653347358618e-05
0.0005312593408415139
0.0
0.0003788801374689783
6.486563668775236e-05
5.044414102244056e-05
1.1557082584146726e-09
5.359980612635775e-05
7.052009126579591e-10
5.991812296844711e-05
9.358106437152423e-09
0.0018288983424653007
5.762074179822826e-09
0.0006026360370302978
3.819163235135652e-05
0.00028816555740211465
0.0005245583990575698
0.0
0.18088748212893377
2.986479578488519e-05
4.541045279324114e-10
8.273065769059875e-05
11.46743715073254
7.085557503113273e-05
0.0006283167245920272
0.00033900517065539116
0.5114748242935147
1.524026769323564
6.677152930823083e-05
0.00020334177828553438
4.2539943080552135e-05
1.0331817520540051e-09
0.0
5.0624716739163905e-05
2.7693493879548137e-08
0.00013189375404199787
17.777940719465725
0.8111836217379547
0.0012587821800109677
3.065714541394631e-05
0.00013187226100165535
0.00025885727091078055
4.515061703271101e-05
0.00018519062144714898
4.2235894330348443e-05
0.0005687906033308811
4.47487740730352e-05
0.0
3.5343354533625304e-09
0.5700650486199638
9.041723746739487e-10
8.090015181403358e-10
0.0017298553947107677
2.542705394186462e-06
0.0009357981185071342
4.4054415661792944e-05
3.5950996877634134e-06
6.704195078420278e-05
3.3899092658044843e-06
3.788963283543108e-05
0.00038633295194769523
2.7444458869497282e-06
0.0
0.0005726920468870069
0.713694354677945
3.6358467423483626e-05
0.03384612432777829
0.0006250260411155872
0.0006909094469405646
0.00036672204399842013
3.982300656594415e-05
0.00022236926899271833
2.0649465104881456e-05
6.220150420313128e-05
0.0003417543243691324
3.057086327260346e-05
6.924981069439504e-10
0.0
11.555190744179333
7.113882160508287e-05
0.0018716703236369946
0.0009530798597001163
2.7703379328993055e-09
3.190718510759341e-10
1.785811332428739e-05
2.7628809458265492e-05
5.9129000411256196e-05
0.0003330110920527565
1.557527354828696
1.4412838904083523e-05
4.5220485981485194e-10
0.00032238279607878066
0.0
0.0001707305268559963
0.001908862939852571
0.0018539258668452986
4.6156813763511015e-10
3.7952528745940433e-10
3.1803888803523077e-06
5.1117001633422305e-06
1.2507531419173068e-05
0.00027923743188388987
1.4988291613473026e-05
2.5335582939665467e-06
5.019785636503648e-10
0.00015790033517047687
0.0007710520229695068
0.0
