0.0
11.466425979453648
11.46642597945364
11.466475874424786
11.466475874424784
23.999633738556657
0.0
46.21365334370463
46.2136533437047
45.924147022285084
45.99326172861266
63.75035548342851
0.0
93.82531767029351
100.00000000000001
100.00000000000004
99.90561891430444
100.00000000000001
0.0
86.7042923432316
86.13351510641672
83.1658959752657
100.00000000000003
99.99999999999999
0.0
62.369999264301185
63.076968070997
60.68365990484424
70.37434132910859
99.99999999999997
0.0
0.4295330693016317
0.4848029728690357
0.39766070173499285
3.2597875379476076
22.91424756727688
0.0
0.0
0.0
0.0
0.0
0.0
0.0
0.0
0.0
0.0
0.0
0.0
0.0
0.0
0.0
0.5466803591009869
0.0
0.0
0.635960239785497
0.0
0.0
0.0
0.0
0.0
0.6359602455606556
0.4744127710083562
0.0
0.1579404965979616
6.1897439971217825
2.2451464285257607
0.74838213415444
0.0
0.092257403124563
0.092257403124563
0.092257403124563
0.092257403124563
0.092257403124563
0.0
0.0
0.02871177372632077
0.05921738093919757
0.0
0.0
0.0
0.0
0.0
0.0
0.0
0.0
0.0
0.2666551122602005
12.799738133935373
12.79973813393536
12.799804660563554
12.79980466056355
0.26664679643167677
0.0
24.041979213229737
41.93957037656836
41.93957037656846
41.67412332338985
41.734598691426484
23.97750493661016
0.06911470632732558
45.12993390773252
67.76349905064717
61.58881672094084
67.32655764742339
75.60515403586068
37.83610448063056
0.5847331341145977
54.06619585285771
76.18671865232378
77.14921720189223
69.88793899521006
75.96385420683505
40.169314588667255
0.0
53.731891651992925
61.0129185527818
61.70881933047847
67.05611314625276
56.352732307047866
59.44416096869923
1.4723634172602642
4.110774883482156
4.252461675455109
4.368473098522847
4.362248650584696
4.566686281742742
3.1257822211928965
0.5556946103318888
0.0
0.0
0.0
0.0
0.0
0.0
0.0
0.0
0.0
0.0
0.0
0.0
0.0
0.0
0.0
0.0
0.0
0.6247775532582708
0.0
0.0
5.413326071409444
0.0
0.0
0.0
0.0
0.0
0.0
1.2841303984204537
0.0
2.566248254783848
15.053255361922709
0.1805034246833847
0.3384439212813465
0.3384439212813465
0.3384439212813465
0.0
0.7294134270777849
0.0
0.0
0.10496327840091663
0.1049632784009165
0.0
0.0
0.5145689510686547
4.585510578617765
4.0709416275491055
0.8806916532658544
0.32189324309994655
0.08498829036162643
0.07074338152969044
2.2549462423833915
2.254946242383389
0.0
0.0
0.0
0.0
3.733171571642806
3.733171571642806
3.733171571642806
3.733055150043475
3.7330551500434748
3.7330551500434748
0.0
36.06296881984452
36.06296881984462
36.06296881984462
35.77187229336963
35.77187229336963
35.77187229336963
0.06047536803640988
48.46233260066521
72.13093009797035
56.904904620927866
44.53506025080763
40.92659471399013
48.517199365706986
0.511641492350273
65.93885366117703
72.00387594710934
65.6932862232042
65.17567786646322
60.464581564105096
60.25397179493997
0.0
62.05643477406129
61.80398200946635
61.67412942872696
57.56737562693442
56.43811659404437
52.01364084761183
1.288317990102731
0.6481701869458323
0.0
0.05921738093919731
0.02871177372632082
0.02871177372632082
0.0
0.4862327840404027
0.0
0.0
0.0
0.0
0.0
0.0
0.0
0.0
0.0
0.0
0.0
0.0
0.0
1.1308268158898303
0.0
0.0
0.0
0.0
2.9410215085781863
2.9410215085781894
0.0
0.0
0.0
0.0
0.1421111998311179
1.84744604496837
1.8474460449683696
0.0
0.0
0.0
0.0
0.0
4.736171379521356
2.324021936788151
0.0
0.0
0.0
0.0
0.00954078026146462
0.8612186072989163
0.351118911866121
0.0
0.0
3.7353350676821817
3.7353350676821613
0.0
0.8753799312651452
0.3165815285193203
0.07436475406642314
0.06190045883847914
0.0
0.0
0.0
0.0
0.0
0.0
