0.0
11.466455036782511
11.466455036782497
11.466498905383355
11.466498905383354
23.999677949215524
0.0
46.288558615598866
46.28855861559873
45.72906384272507
45.86263373634188
63.5175417110229
0.0
96.2829998909215
100.00000000000013
100.00000000000001
99.8346782570389
100.00000000000003
0.0
83.78641764034496
84.776652751338
85.52670109188486
100.0
100.0
0.0
67.45052792804157
67.59589495974721
59.51181850584423
68.58593027511012
99.99999999999996
0.0
0.596295103210207
0.6210541403538151
0.7675573919893418
0.7427983548457363
24.224809507957282
0.0
0.0
0.0
0.0
0.0
0.0
0.0
0.0
0.0
0.0
0.0
0.0
0.0
0.0
0.0
1.056503861256372
0.0
0.0
0.8616130877506502
0.0
0.0
0.0
1.620062731805029
0.0
0.8616131085227526
0.4309020263549663
0.0
0.3660765878865824
8.228089116349633
2.6361838842971563
0.8787279553991871
0.0
0.1118985447626064
0.1118985447626064
0.1118985447626064
0.1118985447626064
0.1118985447626064
0.0
0.0
0.0
0.0
0.0
0.0
0.0
0.0
0.0
0.0
0.0
0.0
0.0
0.2666565071829196
12.799769748113818
12.799769748113803
12.799828239581615
12.799828239581611
0.2666491957494438
0.0
24.081128215637285
42.007559302126545
42.00755930212622
41.49456106199021
41.61143471890492
23.95652674422389
0.1335698936168252
40.52477302827487
63.122861705982984
64.83422331796633
67.87639598830543
74.97872547974157
35.8409240499283
0.0
57.730014782847896
79.07324591582989
79.22920055817792
70.29443103305194
78.13393996974739
40.171561767080064
0.0
52.986033590832136
59.25235879900543
59.37955495174787
67.67125639019878
57.98258650159013
59.46506969462398
1.4793329695926118
0.0
4.121927973828362
4.1236964764814825
4.088382867337902
4.086614364684787
0.640893779645633
0.28250887314862944
0.0
0.0
0.0
0.0
0.0
0.0
0.0
0.0
0.0
0.0
0.0
0.0
0.0
0.0
0.0
0.0
0.0
1.207432984292997
0.0
0.0
0.8616130886939584
0.0
0.0
0.0
0.0
0.0
0.0
1.4936945245551005
0.0
2.1418720336945585
14.98692764014744
0.41837324329895126
0.7844498311855342
0.7844498311855342
0.7844498311855342
0.0
0.0
0.0
0.0
0.020444054834149256
0.020444054834149256
0.0
0.0
0.6129506787642517
4.683892311721766
4.070941632957514
0.8806916627557393
0.3218932616462728
0.08498829949451675
1.275043837569905
2.390707195443569
2.390707195443569
0.0
0.0
0.0
0.0
3.7331911005608736
3.7331911005608736
3.7331911005608736
3.7330887404922115
3.7330887404922133
3.7330887404922133
0.0
36.1216923234558
36.12169232345589
36.12169232345589
35.55912479053853
35.55912479053852
35.55912479053852
0.11687365691472204
51.470996999215636
71.51048237264673
54.1143129343149
45.54864778914014
40.94468536418974
47.46354873233638
0.0
61.32389617844138
76.34127302786067
65.5390239556657
62.91918578694089
59.22681060206565
60.25734261870277
0.0
58.86852047409061
58.753722281522094
58.753722281522094
57.341977427302325
56.36908223414289
52.03193598279598
1.2944163483935354
0.6320814199801721
0.0
0.0
0.7324500338807238
0.7324500338807237
0.7324500338807237
0.24719526400505076
0.0
0.0
0.0
0.0
0.0
0.0
0.0
0.0
0.0
0.0
0.0
0.0
0.0
0.0
0.0
0.0
0.0
0.0
5.68376229513344
5.683762295133438
1.4617284283788277
0.0
0.0
0.0
0.0
3.101268491017235
3.1012684910172243
0.0
0.0
0.0
0.0
0.0
4.292733405949143
1.7382239049454729
0.0
0.0
0.0
0.0
0.020444054834149256
1.1074213575379643
0.41723645747178606
0.0
0.0
3.72648256559721
3.7264825655971974
0.0
0.8753799330284655
0.3165815376426588
0.07436476205770215
1.1156633578736666
0.0
0.0
0.0
0.0
0.0
0.0
