0.0
11.475375481698217
11.47537548169823
11.457424829052123
11.457424829052107
23.986623905787354
0.0
44.6303714376664
44.84136801255859
46.05478683303856
46.13284564208031
63.992681402977006
0.0
92.26897780750845
99.9397710564162
99.93977105641626
100.0
100.00000000000006
0.0
83.78741419147684
99.99999999999996
99.99999999999991
100.00000000000009
99.99999999999996
1.8706749851653415
58.357202766908415
70.55039369544373
74.44940763968178
98.63586423904741
99.99999999999994
0.0
0.5915442249433317
0.591544224943334
0.0
1.8472920928732033
33.77717049875124
0.0
0.0
0.0
0.0
0.0
0.0
0.0
0.0012385534573327768
0.00017693620819039666
0.00017693620819039666
0.0
0.0
0.30602195545490624
0.0014154896655231733
0.0
0.13546020777864076
0.0
0.0
0.40646105252319115
0.0
0.0
0.0
10.90442186206074
0.0
1.590318903243568
0.7690675242187507
0.0
0.7253203802729753
5.85105387098138
2.0859765289059746
0.913796240443227
0.0
0.0
0.0
0.0
0.0
0.0
0.0
0.0
0.0
0.0
0.0
0.0
0.0
0.0
0.0
0.0
0.0
0.0
0.0
0.2671483692139923
12.809402414267682
12.809402414267705
12.7928660830866
12.792866083086592
0.2661441132660045
0.0
29.986054358126488
44.028440524252055
44.21306252728267
41.7915346404492
41.859836098360724
24.000000337463703
0.0
45.387941209297345
75.51606489174532
49.35583388697465
53.99081414143554
62.89903819663828
31.229300649508
0.0
52.85261311263254
73.15124457530771
70.40270474816292
64.90654529157058
55.42668690893724
48.186519922454266
0.0
50.76185648595837
64.0070966502845
76.89009022015463
65.28753748006602
56.31091059765712
57.699180007523395
0.5951929882254223
0.0
2.7876578542869623
2.7876578542869606
2.7454046953624367
3.0296034788813886
2.1314908763921525
0.37893169117321196
0.0
0.0
0.0
0.0
0.0
0.0
0.0
0.0
0.0
0.0
0.0
0.0
0.0
0.30602187617598103
0.0
0.0
0.0
0.1548116660327324
0.0
0.12502451774043064
0.4064610775403514
0.0
0.0
0.0
0.0
1.0491839120714979
1.0491839120714996
2.0691115741631947
0.0
3.0976919352476657
0.8638339235027074
0.6601293065491093
3.6319682574769634
3.6319682574769563
1.4088798131215745
0.0
0.46093524964674554
4.732746683381907
0.10994547427073996
0.7447471393932513
0.7447471393932514
0.1813716788066272
0.0
0.03794701858657388
3.9044280077978346
3.9044280077978333
0.9595990321188659
0.35073382706323486
0.09260294245253126
0.048240217991444595
2.577597001617217
1.5376623029592231
0.0
0.0
0.0
0.0
3.7400771689958936
3.7400771689958936
3.7400771689958936
3.6915150251269337
3.73096225737467
3.7309622573746375
0.0
28.14102241314557
42.33868108919136
34.93162280408057
35.84630787697098
35.99268009876478
38.413392940430384
0.0
48.31525268014704
69.75960706280706
65.74300923261593
42.08455132418652
39.046729613866226
51.35181069254787
0.0
66.25663521155516
72.048305475304
66.18617364922257
62.91473336656286
58.68827953218302
55.070308482804876
0.0
56.63027442806672
56.18822862349696
56.51897684887695
58.62320016359811
58.43702687453752
52.64270405816364
0.5207938646972445
0.46607520120054646
0.0
0.0
0.0
0.0
0.0
0.33156522977656044
0.04890410010974639
0.0
0.0
0.0
0.0
0.0
0.0
0.0
0.0
0.0
0.0410647885247214
0.8619542133747273
0.8619542133747276
0.0
0.0
0.0
0.0
0.0
3.9498808306419164
3.949880830641915
1.5807720092929782
0.0
0.0
0.0
0.27600659398323435
2.7597094592779348
2.7597094592779365
0.0
0.0
0.0
0.0
0.0
7.533094801820666
4.0324144497222205
0.0
0.0
1.4562040096271707
1.4562040096271633
0.07142620453588724
2.0644250913050044
0.6846574015364496
0.0
0.0
3.6867859966142085
3.686785996614233
0.5312582602120344
0.9538114506460091
0.3449462683014964
0.08102757464596486
0.04221019074251399
0.0
0.0
0.0
0.0
0.0
0.0
