0.0
11.466465481691936
11.466465481691944
11.466507144961376
11.466507144961374
23.999693767248754
0.0
46.251082364176256
46.25108236417632
45.82666707353029
45.927989027669994
63.634022151737724
0.0
100.00000000000001
99.99999999999991
100.00000000000007
99.84906383109269
100.00000000000003
0.0
76.74781242013202
76.15597326634607
85.63165693070417
100.0
99.99999999999999
0.0
59.960146011145866
59.97199627803079
60.35770982640744
70.00279066907446
99.99999999999997
0.0
3.4654966470193402
3.4654966470193402
3.4654966470193407
3.4654966470193407
30.441458916327964
0.0
0.0
0.0
0.0
0.0
0.0
0.0
0.0
0.0
0.0
0.0
0.0
0.0
0.0
0.0
0.8014309840119738
0.0
0.0
0.9131474073144766
0.0
0.0
0.0
0.0
0.0
0.9131474079306644
0.6723714475144689
0.0
0.5819964419451323
8.100172270961417
2.595200815216936
0.8650669298514397
0.0
0.09734963931866035
0.09734963931866035
0.09734963931866035
0.09734963931866035
0.09734963931866035
0.0
0.0
0.0
0.0
0.0
0.0
0.0
0.0
0.0
0.0
0.0
0.0
0.0
0.2666569974568609
12.799781124840083
12.799781124840095
12.799836675866006
12.799836675866002
0.2666500535786226
0.0
24.061541335429894
41.97354340211866
41.97354340211866
41.584398930081065
41.67305563995334
23.967022515885432
0.10132195413964597
44.630763277782904
65.22905354161976
65.22905354161975
68.89105621192164
77.56300580039131
33.53725787652123
0.28071388726594576
58.02287717770922
87.35737153538292
87.03606327879451
70.92608513990585
71.95811120613571
40.75724921854968
0.0
52.33830954695616
65.11063951410682
65.12418267626212
70.64201052503549
58.20338975267975
59.66749405069406
1.5468077790958252
0.0
3.4654966470193407
3.4654966470193407
3.9003027189914805
3.9003027189914805
0.0
0.0
0.0
0.0
0.0
0.0
0.0
0.0
0.0
0.0
0.0
0.0
0.0
0.0
0.0
0.0
0.0
0.0
0.0
0.915921124585113
0.0
0.0
0.9131474120249425
0.0
0.0
0.0
0.0
0.0
0.0
1.0617682185357187
0.0
1.480327186614042
14.425639473832266
0.6651387907944367
1.2471352327395693
1.2471352327395693
1.2471352327395693
0.0
0.0
0.0
0.0
0.0
0.0
0.0
0.0
0.4071436765334999
4.47808530997742
4.0709416334439394
0.8806916577258138
0.3218932589376169
0.08498829851109854
0.8059479334805126
1.5111523752759646
1.5111523752759646
0.0
0.0
0.0
0.0
3.7331979643960533
3.7331979643960533
3.7331979643960533
3.7331007501007165
3.7331007501007174
3.7331007501007174
0.0
36.09231200314484
36.09231200314484
36.09231200314484
35.665565777810414
35.6655657778104
35.6655657778104
0.08865670987219022
53.388141027581206
62.23242076240197
52.42308235892636
43.21596473232628
39.058042993826746
49.81598652179263
0.24562465135770256
61.42417596397997
77.2512105734894
66.60166020159522
63.516149088245584
60.18806983983389
61.13587373182867
0.0
58.35599797781202
58.101499328575564
62.642496546639215
60.16150520333176
57.36796527441238
52.2090572943573
1.3534568067088468
0.2590699382274767
0.11044912782471861
0.4348060719721405
0.0
0.0
0.0
0.0
0.0
0.0
0.0
0.0
0.0
0.0
0.0
0.0
0.0
0.0
0.0
0.0
0.0
0.0
0.0
0.0
0.0
0.0
4.311525242034382
4.311525242034384
0.7110014966751705
0.0
0.0
0.0
0.0
2.5818146768791497
2.581814676879155
0.0
0.0
0.0
0.0
0.0
4.5662467798087985
2.0806913456386136
0.0
0.0
0.0
0.0
0.0
2.6870403811239756
0.46274788380367743
0.0
0.0
3.6407787200079427
3.640778720007927
0.0
0.87537993920257
0.31658154086396856
0.07436476119721122
0.705204441795449
0.0
0.0
0.0
0.0
0.0
0.0
