0.0
3.1642589386108137e-07
3.0492211783891515e-08
5.80089204775171e-08
5.609411456905592e-08
4.841395533475864e-08
4.550119365331777e-08
4.133369648874242e-08
4.698792415453354e-08
1.8961163670682232e-08
2.0329462919987735
5.458134383879778e-08
4.863226671729853e-08
3.842936649169725e-08
3.6960266332953036
0.0
3.378041843459874
8.621031998575727
4.539381825833511
0.006936367392279195
8.607557756969655
21.46140117011581
0.9147246639286889
1.4615642324015337
121.4833193186743
0.28678399819100925
202.67445340904283
17.70879984843416
0.026199352066399423
2.8139757747150838
0.0
2.081015030876941
0.03262637666251195
10.328916324761412
7.3436224483286665
23.331437966950567
7.63677843118195
45.51038295190524
11.271148408403226
39.62549314222473
209.7172165815748
4.15404299072496
1.5179005950354583e-07
1.3280637965484243
2.796528063424656e-08
0.0
5.372289720760376
0.00693473014052208
0.8734435849617141
6.424848954604938
0.8731094948058966
1.0381039493318968e-08
65.86829218019993
0.2826254457807474
7.380823880270191
1.309699751585873e-07
5.063060023765663e-07
0.0005620433407648008
4.299744919473027e-08
0.45450954514353115
0.0
1.8747525681657234e-06
0.0019125462561717856
0.05531795635951033
1.2096159712453988e-06
6.95452813081427e-08
2.515322432804037
7.661231146674206e-07
1.357772753179995
0.043717738715209356
3.3946609102711973e-07
5.188677992703102
4.223375240211492e-08
0.113252006671684
0.0009217560996581545
0.0
1.15561798958413e-06
0.05118575322178871
1.7141842549911013e-06
8.749997687994334e-09
8.698009091765625
1.700273938825574e-06
0.04227928888432947
2.2131499267023755e-07
2.941073103277757e-08
1.4346672553273465e-07
3.06312481710293e-08
1.4942545345338056e-07
1.216422387949474e-07
0.000490808725844022
0.0
2.0001621684623698e-08
0.06251949613022448
8.732603318540744e-09
3.448669177817111e-08
3.3100039999016374e-08
35.41126230304725
3.2177703880679016e-07
4.6274346559134686e-08
0.0007063258994552974
3.520644569684231e-08
1.789969886171516e-06
3.28872788698804e-07
9.970353570079476e-05
2.325095096606395e-06
0.0
0.16520355850161242
2.1709894303396157e-08
4.1528817257682575e-08
3.9298096627774184e-08
1.540711557036126
3.822406937653406e-07
0.1704634611760625
0.002764665517518655
2.9659527043435467
0.009431031511263994
0.005540556207428024
0.0007724411057978056
0.0055392355202855265
6.265611854167187e-08
0.0
8.378478678680084e-09
20.128000924002084
0.0001453887105074506
5.2440631122517014e-08
2.615125761453326e-07
3.220642493715645e-07
1.9992051870889354
5.3610181248881504e-08
5.606697130285733e-08
4.052775933556996
1.8570912122838906e-06
8.013358564879865e-07
0.07690924444491028
1.1937437958137992e-06
0.0
41.92334983210058
7.7811551891162e-07
0.05286917626895249
2.1000187832974295e-07
0.0022078061300255343
1.0262611329969542e-07
0.04003921543765557
0.0005316620017153587
1.1746211056251332e-07
2.3754984739812243e-07
1.2599370999064e-07
6.688806369634018e-06
0.0006252378458420794
5.605680288437803e-08
0.0
0.000974929381686586
0.0958451400753285
2.0667559933955192e-07
1.4311347300616e-07
5.984996295050018e-07
0.42710460964800634
1.9914289934903674e-06
5.818279388538264e-07
1.8920676467952504e-06
0.14833556786078347
0.01109026387295411
0.0001921003710931015
2.0399592556767825e-08
76.73111020256113
0.0
0.7409715270486299
3.4369725104326694e-07
0.34160247502131436
0.31302066570361003
2.438459239532871e-07
0.0005213961183302832
0.2663498880732743
1.2464147782046144
6.801584016903423
0.0002666074017927113
1.1284430072928142
1.530489131692178e-08
0.0011496947321259676
0.000271286050524
0.0
0.00023707975965881866
0.05454341505844005
0.05610376058374582
2.387919316082861e-07
0.0004743729698041793
0.05432492424371009
0.06369153715432524
0.42662370403236183
5.701426789967569e-06
0.06298832700212682
1.7623937475321554e-08
0.0009376717849232255
1.0677843404709722e-05
0.00031147754561537883
0.0
