0.0
0.00023556609557160352
0.0009400782169476235
3.2654501022165985e-08
1.04761523423801e-08
6.865656378992084e-06
3.6687785895544357e-06
4.439489266627144e-06
3.894446069783011e-06
0.4767204872794752
1.2999580728324432e-08
3.3196938751724687e-06
6.167412358995067e-10
2.1086861819015658e-06
1.6795299877772347
0.0
1.1919265732809916
1.259090682257068
0.8398431880618509
0.07709204236683959
0.36587627967718384
1.8002109974283826
0.3659134716846503
2.6710024023706525
274.12226860607916
8.59005979784129
101.9004784297276
1.0209586270266064
8.804924577854768e-05
0.7869467115694387
0.0
0.786946591495817
0.04380089516154366
8.573474829496167
8.884686050024976
3.3924479768886333
8.884650668319157
21.223729509284418
109.57611932475218
11.303334297885483
213.38967828763552
1.545541807549347
0.9248049965002209
1.9884983662428561
0.0001223503355941701
0.0
5.125869231575406
3.573027654998912e-05
2.0346305733044944e-05
0.5870307894207533
2.15024148213772e-05
8.397948962177877e-05
21.826275988049645
9.338991019195286e-10
5.509149593088746e-10
9.241679553001938e-10
0.00010100485992657705
0.001398370698175637
0.00012148086096446351
1.8221838254881342
0.0
0.00017082763465902168
3.9156725270652206e-05
2.2125558311756404e-10
4.1478462487921276e-05
3.3609774003696133e-05
0.26983976457907694
1.2979886138223721e-08
9.451764614616602e-10
7.192985416596584e-10
5.039854388491229e-05
0.00017482922156762443
0.21749029432272635
3.112285928794093
0.00040424331049343455
0.0
0.00028989897345780484
0.00023669455345854475
0.00026690889041725745
0.0001132338272821169
2.860304505654955
9.48415488581445e-05
5.634396697248326e-10
4.68698165454131e-05
4.918339867084616e-09
0.003157152837226971
8.699629364874271e-09
0.12272724033373093
6.243635968791714e-05
0.0004913081615090511
0.0
0.0003506384762577953
6.0033768165067463e-05
4.6660398209859676e-05
9.790775276477176e-10
4.9575411352637193e-05
6.341666331655772e-10
5.541985502421173e-05
8.423563907815033e-09
0.0016914417339216558
5.553020326563962e-09
0.0005573274576404458
3.5319820002723063e-05
0.0002665616596195635
0.000485146498110166
0.0
0.11527191806379039
2.7625617990729893e-05
4.441501776789063e-10
7.651873470712278e-05
8.88680652311572
6.553511779439411e-05
0.0005810855720811639
0.0003135335342453135
0.6311938161094083
1.3319989984026765
6.175116925160543e-05
0.0001880948066422353
3.934583249149276e-05
7.335125564950303e-10
0.0
4.682761458893777e-05
2.720270944428793e-08
0.00012198942420277858
24.055435976175826
0.9763411172169165
0.0011642426212069884
2.8355343631575447e-05
0.00012194075062573576
0.00023942214827603702
4.17599492248509e-05
0.00017131450880650658
3.906439853021834e-05
0.0005260374722116433
4.138870247083381e-05
0.0
1.6515905603423577e-09
0.5720357686918665
9.582145932176727e-10
7.809272289311983e-10
0.0015997540448403403
2.351814180023736e-06
0.0008654493815003113
4.0743529452159956e-05
3.32496917368708e-06
6.199166403796964e-05
3.1354093495147936e-06
3.504436112646567e-05
0.00035754811536007074
2.5386241963434187e-06
0.0
0.0005296674861701386
0.5492062728584366
3.362920270270895e-05
0.04141670896545436
0.0005779065708741721
0.0006390196134261805
0.0003391556319938575
3.6830463898012396e-05
0.00020591580909472948
1.9097010204452995e-05
5.7530641042694194e-05
0.0003160563538724193
2.8279510867825746e-05
5.930251696470997e-10
0.0
8.907334201586169
6.57969839753947e-05
0.001730987141369318
0.0008814475942463022
2.7085745271060416e-09
2.588061617464299e-10
1.6516236678602812e-05
2.5555816139598898e-05
5.46883814152373e-05
0.0003080148162640571
2.348914807920581
1.3332350371480954e-05
5.113916129709367e-10
0.00029818580295612647
0.0
0.00015790620823752263
0.0017653939959118717
0.0017144927884588821
4.513186252786511e-10
3.021680731303981e-10
2.941479351888962e-06
4.728100140029662e-06
1.156757026799454e-05
0.00025842710216965835
1.3862461964471055e-05
2.3435632918760453e-06
5.6913685861063e-10
0.00014605173439728774
0.0007131203630731404
0.0
