0.0
11.466362924875435
11.466362924875437
11.466425897393249
11.466425897393247
23.999537797117544
0.0
46.2324393116257
46.23243931162562
45.87522055009263
45.96050048726571
63.691966254344734
0.0
100.00000000000026
100.00000000000001
99.99999999999993
99.99999999999999
100.00000000000001
0.0
81.27663702767151
80.43391121221832
85.70435637993414
100.00000000000001
100.0
1.111612144093247
66.99394722999484
66.11159757702036
60.279934282549874
69.25019128220958
99.99999999999999
0.0
0.44188958322235483
0.5104597695315674
0.444003754517539
3.328188768568801
28.19214314761891
0.0
0.0
0.0
0.0
0.0
0.0
0.0
0.0
0.0
0.0
0.0
0.0
0.0
0.0
0.0
0.6745431409354239
0.0
0.0
0.49282095145450355
0.0
0.0
0.0
0.0
0.0
0.4928209546978336
0.6635896526864757
0.0
0.26501256516607163
4.7930099144826706
1.7868021478591587
0.5956006976982104
0.0
0.11750548395569414
0.11750548395569414
0.11750548395569414
0.11750548395569414
0.11750548395569414
0.0
0.0
0.035621237971558875
0.07346806876263562
0.0
0.0
0.0
0.0
0.0
0.0
0.0
0.0
0.0
0.2666520874913617
12.79966952843894
12.799669528438944
12.799753491796027
12.799753491796023
0.2666415920717271
0.0
24.05179775611467
41.956621757429666
41.956621757429595
41.62908946646965
41.7037094114961
23.97224364441705
0.08527993717305227
43.93451821791955
63.286674373593954
63.65541693472481
66.71864343959736
75.7505676482711
34.52053138009476
0.39371502931516605
46.21246671625444
78.26317163981818
78.68513304074159
70.61949152142239
72.03980754641547
40.206639057604306
0.004883710144653774
53.74343724136665
62.60429757147026
61.28077309200984
69.13349153942191
58.99444349536914
58.563883985894904
1.1789377566352548
4.12858028914405
4.168388160623163
4.173286031073823
4.168539172858537
4.3745523881479125
3.1636662861005167
0.5624295569728156
0.0
0.0
0.0
0.0
0.0
0.0
0.0
0.0
0.0
0.0
0.0
0.0
0.0
0.0
0.0
0.0
0.0
0.7709064467833416
0.4407991015538168
0.0
5.012342927307676
0.0
0.0
0.0
0.0
0.48638815847370553
0.48638815847370515
0.9315675008901995
0.0
1.8270781801335652
13.666935241988112
0.30287150304693905
0.5678840682130104
0.5678840682130104
0.5678840682130104
0.0
0.0
0.0
0.0
0.08695544928868054
0.08695544928868071
0.0
0.0
0.0
4.070941630605009
4.070941630605011
0.8806916486194529
0.3218932340174002
0.08498829699178788
0.07160078863917281
2.2822758838316672
2.282275883831662
0.0
0.0
0.0
0.0
3.733129224879064
3.733129224879064
3.733129224879064
3.73298228900418
3.7329822890041795
3.7329822890041795
0.0
36.07769663417191
36.077696634172014
36.077696634172014
35.71851564332634
35.71851564332634
35.71851564332634
0.07461994502642073
50.5946415113634
65.96793889441777
53.21022151003767
42.63582630056599
38.97580872159231
49.593243507948436
0.3445006506507703
69.71696787716994
73.7436343167526
70.57417644233888
64.61112416097792
60.56185199983022
59.99526274751358
0.004273246376572052
59.82000568062087
61.008716443295924
61.00871644329591
57.24155239354171
56.07276142659378
51.24339848765804
1.0315705370558477
0.9126646013152371
0.0
0.07346806876263574
0.035621237971558896
0.035621237971558896
0.0
0.4921258623512137
0.0
0.0
0.0
0.0
0.0
0.0
0.0
0.0
0.0
0.0
0.0
0.0
0.0
0.7924738419521867
0.0
0.0
0.0
0.0
3.628895423459906
3.6288954234599062
0.0
0.0
0.0
0.0
0.11858321579291985
0.7493155932516046
0.7493155932516041
0.2646405940494781
0.0
0.0
0.0
0.0
5.491747082421137
1.8253292026304744
0.0
0.0
0.0
0.0
0.007900473683761615
1.725125955251442
0.5556971100861625
0.0
0.0
4.114800610910664
4.114800610910673
0.0
0.8753799416971463
0.31658153236946807
0.07436475986781439
0.06265069005927613
0.0
0.0
0.0
0.0
0.0
0.0
