0.0
11.466427068784563
11.466427068784556
11.466476742833892
11.466476742833894
23.999635397666204
0.0
41.91175861966406
46.161341877564695
46.06038337836816
46.08448572001913
63.912940996674
0.0
98.52871127056406
100.00000000000003
99.99999999999997
99.98795168004034
100.00000000000004
3.5574882471692755
86.6875168545242
100.00000000000003
100.0
100.0
99.99999999999997
1.3746984022646669
66.01353388855503
67.03515117241326
68.03426090651116
75.96951006676889
99.99999999999999
0.0
0.040242774419931474
0.07388602077532488
0.033643246355393897
2.832577429802296
40.83582043499526
0.0
0.0
0.0
0.0
0.0
0.0
0.0
0.0
0.0
0.0
0.0
0.0
0.0
0.0
0.0
0.19064565926862906
0.0
0.0
1.981240085178637
0.0
0.0
0.0
2.6688166395061548
0.03162576226541753
0.6270664886095312
0.6646177192704714
0.0
0.41482819401730425
3.1198228445850487
1.715741895373165
0.888917558608509
0.0
0.0
0.0
0.0
0.0
0.0
0.0
0.0
0.0174781352785605
0.036046866170654224
0.0
0.0
0.0
0.0
0.0
0.0
0.0
0.0
0.0
0.26665516959788776
12.799739313356202
12.799739313356195
12.79980554542197
12.799805545421975
0.2666468905896653
0.0
24.014639878216794
46.141672393158046
41.89208913525764
41.79952064525656
41.82061019420116
23.992154917546394
0.024102341651033206
46.811638524164756
70.80180518606294
49.74321842073425
60.12774919015597
69.73402001170558
33.432956180477255
0.13431799806199174
45.748770661128646
68.30617082691079
74.04027426827902
70.723279301198
70.60309117210457
46.95523687954272
0.0
58.54402270758231
68.23635028164414
69.76877620743117
63.386807688156665
54.9696648486253
50.79889466704048
1.0096029690204418
4.448948751595926
4.674848446859472
4.677251535884855
4.674377051997718
4.874300922243922
3.0349043890738807
0.5395385500114201
0.0
0.0
0.0
0.0
0.0
0.0
0.0
0.0
0.0
0.0
0.0
0.0
0.0
0.0
0.0
0.0
0.0
0.2178807534498618
0.0
0.0
7.743320364574094
0.0
0.0
0.0
0.4740893645912048
3.117855284241728
2.7622882607983272
0.5222967658425558
0.0
1.6146365301142658
1.6146365301142669
0.2209466534464281
0.22094665344642783
0.22094665344642783
0.22094665344642783
0.0
0.0
0.0
0.0
0.03891492788567557
0.038914927885675556
0.0
0.0
3.179031980521011
4.070941622179228
4.070941622179228
0.8806916428234238
0.32189322398411724
0.08498828146439232
0.06868660559267566
2.1893867775797218
2.1893867775797267
0.0
0.0
0.0
0.0
3.733172374370429
3.733172374370429
3.733172374370429
3.733056468255315
3.733056468255314
3.733056468255314
0.0
36.02195981732521
36.02195981732514
36.02195981732514
35.92044454042609
35.92044454042608
35.92044454042608
0.021089548944654056
46.93299033571287
65.43362753861419
56.59382838381126
43.47752788754412
38.706847270297935
49.34073111285759
0.11752824830424277
69.86183493788947
72.09194639580487
69.241059657608
61.081407826214395
56.43753294945892
57.11741156364488
0.0
53.898075139892406
55.168940471100605
56.19616334162648
60.99768764018895
60.028705360282444
58.055879619474844
0.8834025978928864
0.4590452413117208
0.0
0.03604686617065429
0.017478135278560483
0.017478135278560483
0.0
0.47209623125999267
0.0
0.0
0.0
0.0
0.0
0.0
0.0
0.0
0.0
0.0
0.0
0.0
0.0
0.9560182495590984
0.0
0.0
0.0
0.0
1.025627574201875
1.0256275742018746
0.0
0.0
0.0
0.0
0.0
1.4405480666471961
1.4405480666471966
0.41113490945042785
0.0
0.0
0.0
0.0
7.506588454143784
2.983794068526185
0.0
0.0
0.0
0.0
0.0035239662313189114
1.1249867950144552
0.32629677859365575
0.0
0.0
1.4403238076668012
1.4403238076668012
0.0
0.8753799308026273
0.3165815201414744
0.07436474628134329
0.06010077989359122
0.0
0.0
0.0
0.0
0.0
0.0
