1.0712415217221158
12.187909809493462
12.26968572506293
12.13120246875744
12.13120246875745
0.4634749323665953
0.0
25.899565779304353
44.071883229852425
44.244715478407464
46.18440983261794
44.88434324841368
26.729137374021768
0.0
42.04170085886555
99.62882642088611
97.78597688601175
100.0
100.0
38.53511987326608
0.0
50.40286413069081
99.99999999999997
100.0
100.0
99.99999999999999
67.4641488752105
2.9732900619209897
52.627862442689946
90.00483939069146
91.12989051092293
99.4395854370461
99.99999999999999
76.73479927799245
4.836471475166879
0.0
1.986810915138041
1.986810915138041
1.5316868602475104
3.623709768905031
4.626295355343686
0.771049120402854
0.0
0.0
0.0
0.0
0.0
0.0
0.0
0.0
12.187909809493464
12.269685725062924
12.131202468757436
12.131202468757452
23.992933757365815
0.0
44.071883229852375
44.24471547840747
46.18440983261794
44.88434324841368
63.89420515076909
0.0
58.27549734643116
56.352866552980586
75.38689844661697
72.41557966392547
98.44398875443221
0.6455905476655964
60.68867894809314
59.01741191656119
57.66987783131201
85.97282036598386
99.99999999999996
0.0
37.833893245598496
38.95894436582996
26.101787130682553
22.609109751268186
100.0
0.2256877610143992
1.9868109151380409
1.9868109151380413
1.5316868602475107
3.6237097689050315
24.87373850850901
0.0
0.0
0.0
0.0
0.0
0.0
0.0
0.00036836246669954393
0.00018418123334977196
0.0006153371188058772
0.00835910249064716
0.0
0.0
6.777864572862621
0.0027311925708809162
0.0054623851417618325
0.06599579849878238
0.5467322086074959
4.449559522571866
4.449559522571866
2.319853182409565
0.05386445058793054
0.0
0.0
0.19723971666892534
1.441995579730988
1.441995579730988
3.1025828713876087
0.27208165537366974
1.0188091293824035
14.11662658750161
0.0034268825335235105
0.14408410560462423
0.14408410560462423
0.14408410560462423
0.14099442261730147
0.3435585893309644
0.28570524068483016
0.10865564835226024
0.48059077474537715
0.48059077474537726
0.17059513030445508
0.9889743873663946
10.446525661902681
13.463561274201135
4.006009999664848
1.2352232412449853
0.9889743873663948
0.9889743873663948
0.1288784749475298
3.8268765511168663
3.8268765511168663
0.5549897745365193
0.22199588480086774
0.0
0.0
2.503921040705799
5.295339035879664
3.4248991731399427
1.8690848745399855
5.292127755385694
3.61421600673577
0.0
19.463675798338468
50.331696090604005
32.4403025233363
21.9001997310916
51.352860669615524
33.63971373004629
0.0
52.829440992122485
68.71768451520595
65.56556661571045
41.855234301781465
38.97752135550206
44.45671834960271
0.0
62.707623935125426
87.28496830994078
97.11381718307291
93.18807456166627
84.24195150114551
68.15207537238138
2.9732900619209897
56.738577468577894
61.465453144279834
62.451992934534466
85.61110346464369
82.67884066058119
76.73479927799247
4.836471475166879
1.677542561811185
0.0
0.2051087584856365
0.6679372016071943
0.22568776101439936
0.0
0.7710491204028542
0.0
0.0
0.0
0.0
0.0
0.0
0.0
0.0004311558854561052
0.011897728986838517
0.026847295728001788
0.0074755638490625765
0.0
3.765480324602288
0.0
0.03270032998693105
0.4303662751198837
3.9001997848114955
1.3000665883849567
3.7654803036806475
0.09918239263364295
0.0
0.0
0.0
0.0
1.6712670213527507
0.0
0.0
0.0
0.0
0.0
0.11052714357157355
0.0
0.022416437283708283
0.24435109790732715
6.0075677898121596
0.32553966042094296
0.1085130585808898
0.008877595091125014
0.2169008764487649
0.3798179556441567
0.43475678141828705
0.10658272976364286
0.09770513467251785
0.0
0.0
0.0
0.0
0.0
0.0
0.0
0.0
0.00018418123334977196
0.00018418123334977196
0.00018418123334977196
2.0730398029548858
2.0730398029548853
0.0
0.0027311925708809162
0.14652353068509646
0.1465235306850965
0.0
3.8793078010902056
3.8793078010902056
0.6884272269579931
0.05386445058793054
1.9161475217022548
1.9161475217022557
0.010219266387308941
0.0
0.0
0.0
0.27208165537366974
0.0
0.0
0.00685374806789511
1.7969482823726382
1.7969482823726384
0.0
0.1409944226173015
4.450268011377406
4.450268011377407
0.0
2.787019959973476
2.0122570251047693
0.0
0.9889743873663946
4.561008561645005
4.561008561645002
0.9889743873663946
1.431223895076916
0.9889743873663946
0.9889743873663946
0.12887847494752977
0.5549897745365191
0.5549897745365192
0.5549897745365192
0.22199571691321596
0.0
0.0
