0.0
0.000312434734675407
0.0012462662384069738
0.0013265525193682187
1.0523765643485937e-08
9.100434297435177e-06
4.862382313614663e-06
5.8836745683944964e-06
5.1613395921945724e-06
4.155938824180513e-06
2.181548451508719e-09
4.401112698170443e-06
4.865794515627224e-10
2.79654744449038e-06
1.8287014124589338
0.0
1.828680829268263
3.4614741290254267
0.914454588021151
0.6510064588647734
1.0498364751916822
1.8721607014773087
1.049860365697789
2.472644732598411
333.48538513044394
2.8115377259613368e-05
46.9446904643332
1.0866781313111495
0.00011681131118497586
0.6897682614732734
0.0
0.6897681215989641
0.43683362541947546
8.822552982930997
9.221795300642915
3.731077546953775
5.906777993916044
20.456308059265922
54.329582509906814
19.83030580270549
264.1334087431315
1.8133198723169617
0.8638004027790691
1.7252576297225861
0.00022242497968889323
0.0
5.49041594549054
4.7391875060518526e-05
2.697532299391777e-05
0.029766978108026587
4.312636484952547
0.00011137870474909955
10.660786847116114
1.0257087320575966e-09
2.6933127066475064
1.3355562711736477e-09
0.0001337631767290906
0.002171754171929218
0.00015293285413838057
0.18936150311388328
0.0
0.00022591189926598533
5.190484518536154e-05
3.976154427544264e-10
5.498520506516119e-05
4.455472610610672e-05
2.969927760633427e-09
3.3025461254243715e-10
1.9111762251904392e-08
6.473663153581399e-09
6.676756560338929e-05
0.00023164381016060296
0.0014206843078142138
3.95762701648486
0.0005500249965814525
0.0
0.00038415003222285404
0.0003137987977734186
0.0003538472760286184
0.0001501170594630234
5.1525959851359975
0.00012568881076672228
1.3628171849925252e-09
6.218988369176821e-05
7.561348809677056e-09
0.004600656563962446
1.2323325574003456e-08
7.48872446516123e-10
8.2542447907022e-05
0.000696838990027811
0.0
0.000501244678697436
7.935301590914841e-05
6.181722835872266e-05
8.764401941966733e-10
6.57668206436462e-05
1.1747260879189756e-09
7.349844976146897e-05
1.288097469699338e-08
0.00224729773712794
9.261896982913387e-09
0.0007390773525186127
4.669156039190697e-05
0.0003460128014631179
0.0006432833941738896
0.0
0.10840831192305839
3.65875984163076e-05
6.805471915564072e-10
0.00010151616605229245
10.989005140971141
8.695751284192325e-05
0.0007705903340999767
0.0004157251662203548
1.3549468055939142
1.7173720368498582
8.177268511971151e-05
0.00024910146613961454
5.2152526093008944e-05
1.3705806411578527e-09
0.0
6.203698937455711e-05
4.52750604352097e-08
0.00016173108704693653
19.177053780667297
0.7034040042728815
0.001167808847645386
3.758601846662674e-05
0.00015425628703030726
0.00031731881890717257
5.5357414851519645e-05
0.00022651493641419438
0.001471670200314717
0.0006991957687673443
5.486638763179945e-05
0.0
1.317743789412826
1.657245883869332e-08
3.414192268136617e-10
6.5108311756167855e-09
0.002121794535856445
3.1178600762312597e-06
0.0011477136119495811
5.402268899817368e-05
4.407387800636934e-06
8.220045597893125e-05
4.158185416735206e-06
4.568970972041907e-05
0.0004730641995121664
3.360976114915341e-06
0.0
0.0007022365586665785
0.6698974659433932
4.4632835641137466e-05
0.10110817100622799
0.0007691635872436834
0.0008469617622697695
0.0004497067586141892
4.874809575759611e-05
0.0002680776446250077
2.5310306225141314e-05
7.468735949158243e-05
0.0004193243310899661
3.744516387887818e-05
3.780615940037393e-09
0.0
10.952735636222586
8.730837243265947e-05
0.0022998878530758582
0.0011687686822760568
4.495163735221484e-09
3.8384801209186915e-10
2.1838466949972995e-05
3.386076547234741e-05
7.2494052287334e-05
0.00040148631218625867
1.444271132440511
1.7654897958726518e-05
6.076981857626639e-10
0.00039487606630067676
0.0
0.00020924727255643586
0.002342556475650053
0.0022736612196176714
7.491645658517064e-10
3.895422260058583e-10
3.887796929054111e-06
6.265021727458299e-06
1.5339472726737394e-05
0.00033867244498926206
1.838091861275937e-05
3.1027701176464366e-06
6.868241816362378e-10
0.00019395641163386795
0.000945453712889492
0.0
