1.0712373839937976
12.187882294244568
12.269219125613644
12.124942935169965
12.124942935169976
0.4882862758804278
0.0
25.898992597849436
44.06676034770001
44.181618913220774
46.56360422368099
45.034245949172366
26.569553064595397
0.0
42.410180786702085
98.48162738608136
100.0
99.99999999999997
98.60747035476959
44.97604905947066
0.0
50.82833569618495
99.37573281273029
100.00000000000001
99.99999999999997
100.00000000000001
57.307291156399586
2.1339950390054536
54.04626026340077
91.31006806694455
91.41445415415124
98.18400679736713
100.00000000000001
79.68000022827302
4.971562845482422
0.056988094829321996
1.9743220813031097
2.037354983445066
1.6034974288614459
3.647646482249284
4.626295092347748
0.7710490455064725
0.0
0.0
0.0
0.0
0.0
0.0
0.0
0.0
12.187882294244574
12.269219125613645
12.124942935169967
12.124942935169974
23.992196802728888
0.0
44.066760347700054
44.18161891322077
46.56360422368098
45.03424594917236
63.91195352687986
3.2768941488218526
66.07450444137689
68.71473284281502
89.86636352661132
95.61361078976296
97.32386074365279
0.0
64.41031148073492
61.936788045483205
69.22018597662897
100.0
99.26891326364466
0.0
37.33980351543336
37.44418960264006
19.83784987209698
20.89514107319417
100.0
0.20377855504736261
1.97432208130311
2.037354983445066
1.603497428861446
3.647646482249284
49.616880876368995
0.0
0.0
0.0
0.0
0.0
0.0
0.0
0.0
0.0
0.0
0.007451123235029433
0.0
0.0
3.3602063978578576
0.03788265812173733
0.03788265812173733
0.03788265812173733
0.2826031150212936
0.32048577314303084
0.3204857731430309
3.3441183333452695
0.05398776778813393
0.0
0.0
0.0
2.7605347481695746
2.760534748169574
2.985844791041238
0.0
0.0
4.357260865835929
0.0
0.0
0.0
0.0
0.06431915296872483
0.0
0.040667736758915406
0.1313244416470965
0.45842728376653585
0.4584272837665357
0.1313244416470965
0.5738173333341011
11.609599362845271
11.609599362845248
4.294205589480034
1.8524023615423006
0.6736006899114897
0.1684001289425448
0.12887846022767244
3.8268765876119324
3.826876587611931
0.5549897790570057
0.22199589895522248
0.0
0.0
2.503924040860282
5.2952738679661415
3.423965944495987
1.868695854121478
5.258739632959923
3.599888279964129
0.0
19.46372788245409
50.311374464752056
32.24700710140442
22.588074808176387
51.551063850824676
33.342400544452296
0.0
52.97913590831536
74.80829580753134
68.13838696575527
58.26668754553509
46.79974406247526
46.3037733383683
0.0
62.16088039163402
82.69771897591018
85.82315612067968
76.67261366070711
67.18896141776523
57.68170111450623
2.16305443427167
58.36713412849959
61.304224017769265
58.38469180945152
93.38813864749058
92.0399503894154
79.53983750934083
4.942503450216206
1.7689481951812267
0.10841894531804645
0.25159103893377693
0.7294546952492806
0.19145780862337983
0.0
0.7710490455064725
0.0
0.0
0.0
0.0
0.0
0.0
0.0
0.0016385499047108464
0.011089121479262772
0.028817152498634032
0.010637554788056837
0.003546106326714035
1.8667813439546106
0.007397531316121258
0.020438967705884253
0.30280088279392314
4.588074724317451
1.5293581555601765
1.8667808082856356
0.08254297449646993
0.0
0.0
3.899046257919056
1.2996819343862853
1.5443567318101366
0.1004934795861454
19.36276955759395
0.0
0.0
0.0
0.0
0.03473723372659909
0.04066773675891541
0.1313244416470965
3.125030403281448
2.490274925115485
0.830089273002101
0.0
0.1347198868840593
0.22902266764702514
0.472209797070658
0.22907096486855225
0.07635650177149395
0.0
0.0
0.0
0.0
0.0
0.0
0.0
0.0
0.0
0.0
0.0
2.0820287512301308
2.0820287512301325
0.0
0.03788265812173733
0.1822287571038811
0.1822287571038812
0.03788265812173733
0.6096878307840706
0.6096878307840706
0.0
0.05398776778813393
1.9315601540357727
1.9315601540357732
0.6549201788462766
1.8047974580938115
1.8047974580938115
0.3274600894231383
0.0
0.0
0.0
0.0
1.7689481951812267
1.7689481951812267
0.0
0.06431915296872483
2.186858662418362
2.186858662418362
0.0
0.34009661606049707
0.2114062746710732
0.1313244416470965
0.5738173333341011
8.13443601368025
8.134436013680263
4.294205589480034
1.8524023346107021
0.6736007385990219
0.16840012894254477
0.12887846022767246
0.5549897790570059
0.5549897790570059
0.5549897790570059
0.2219957648096524
0.0
0.0
