0.0
0.00046863858227467364
0.0018676976638964389
5.157156803833097e-07
4.119630495254485e-08
1.3661364693055645e-05
7.300393153893999e-06
8.834412552389847e-06
7.748601227623013e-06
1.239689522797679
4.518839965265784e-08
6.617738868852862e-06
6.923093553659985e-09
4.199932008821558e-06
0.014693439340824562
0.0
0.00022616804829521798
3.201014573699182
0.056970354722737315
0.059083464386454745
0.4529870496768688
16.834815660820368
1.2399078684640088
3.268066878087933
269.6637030349807
9.530229060748216
102.64709183620309
0.8231251433820453
0.04244899832388412
0.6476513474481995
0.0
0.6476468574100969
0.0567951091505376
8.722669503691177
8.493006525216275
6.0649024301278756
7.794884499903606
14.24137575766595
119.28703597092475
7.900422669413613
214.09551044083418
2.4322140581423266
0.2121653939255806
0.6401146175936847
0.00024231775230708222
0.0
2.3397654681728444
7.104714899728029e-05
4.0425220913846115e-05
0.0006331966788279853
4.271902579234217e-05
0.0001685164535046266
17.61793512741386
8.29175602048761e-09
7.637891396092108e-09
7.745442660252957e-09
0.0003623452024275291
0.0028568513101771926
0.0004190735097003661
0.1351619973577905
0.0
0.0003383481977320235
7.780336148911229e-05
8.619889704393022e-10
8.2401876390472e-05
6.71286842028023e-05
3.933042374975176e-09
7.73796736736591e-10
3.1625660335228663e-09
3.124287991722782e-09
0.00021331720254160177
1.254890675587957
0.002116978223920417
1.1523596665534417
0.0007996310178225195
0.0
0.0005746473169220385
0.0004495715187389242
0.0005330673220205216
0.0002268344523804682
1.9057696180353023
0.0001887080105739713
2.582284845443212e-09
9.32363842711047e-05
7.287854618042835e-05
0.006860225757017857
5.0209387047480026e-08
1.0194213427604301e-08
0.0001175917435172126
0.0010451068751276766
0.0
0.000752208440427859
0.00011292696733734603
8.896011504337165e-05
5.1537920965733564e-09
9.848357837518589e-05
3.477585766316154e-09
0.00011010668518495515
6.190167700571565e-05
0.003805894854076273
2.409395544859114e-08
0.0010910139678872036
9.777006428525963e-05
0.0005568436207338563
0.001059026640714449
0.0
6.370927680714132e-05
5.2183151819138294e-05
1.6183236377261487e-09
0.00015212556647155477
10.055271839055006
0.0001303183776854492
0.014788559780922765
0.0006248494927515466
0.8298620167639146
1.3378281289943361
0.0001207959945913054
0.00037395010647993144
7.81869825054227e-05
2.673464894899454e-09
0.0
8.937384605850627e-05
1.1640861066981548e-07
0.00024260536111571276
21.542444920329054
0.9458129495973561
0.3838102692784666
0.5580236963981076
0.0005620869242660367
0.000475567605810162
0.6504080377222377
0.00033976839940326865
7.760401157861694e-05
0.0010453905027119354
8.222418417304592e-05
0.0
5.3619939187849764e-09
4.953895768381867e-09
3.3464357444204295e-09
3.168026302688438e-09
0.003207266235418199
4.680359800794321e-06
0.0017199086336579308
8.099893547596878e-05
6.6151474234619194e-06
0.00012324888807204197
6.231202051534046e-06
6.850282840386161e-05
0.0006656012549563336
4.885899370095325e-06
0.0
0.0010531214915049858
0.6284544482725867
6.690670553074999e-05
0.09248383960383412
0.0011531758094155448
0.0012692668991782243
0.0006745277203873324
7.183313980056372e-05
0.0004013041078772332
3.794791701754759e-05
0.00011197360110708023
0.0007112674000980939
5.434709978881676e-05
5.574200626538606e-09
0.0
9.907748271394198
0.00013088835094546026
0.0034459114128428782
0.0017514182575844035
1.1932931168019176e-08
1.508282143414748e-09
3.212478330315356e-05
5.114450624166679e-05
0.00010873768301624675
0.0006018603400588101
2.178458884670328
2.5752398565041322e-05
1.6242189177591356e-09
0.000591843985545053
0.0
0.0003136400930509336
0.0035105751140233916
0.0034069667028872237
1.981211995874335e-09
1.7421598051396785e-09
5.638880856821247e-06
9.473525477708092e-06
2.302377019485645e-05
0.0005081307148472695
2.764285725659744e-05
4.52313495228063e-06
1.79924075445916e-09
0.00029071885937977256
0.001416940058490538
0.0
