1.070905862194359
12.185859585858955
12.238076506928532
12.119991418928455
12.119991418928466
0.4767021602391255
0.0
25.899234850676883
44.068918044920444
44.29090806458657
45.59299745825559
44.64710473589063
26.374423310881575
0.0
44.746877200671435
79.36858359037566
79.24183297948227
100.00000000000006
100.0
49.45594093318969
0.0
51.37049291577145
79.47236765199102
79.18006823549094
99.99999999999999
99.99734886503347
53.352138208046064
0.5659405951870637
55.61035673559951
63.57116804843298
65.34248592962714
67.63994572424397
65.19444416090796
68.59225617900036
0.0
0.4420117677800266
2.1055967008919305
2.1921742105204287
2.13136009881292
3.7347378385996066
3.3239959809802127
0.5539993279857166
0.0
0.0
0.0
0.0
0.0
0.0
0.0
0.0
12.185859585858953
12.238076506928532
12.119991418928452
12.11999141892847
23.990853069475857
0.0
44.06891804492045
44.290908064586574
45.592997458255596
44.64710473589063
63.900942280818036
0.0
79.36858359037566
79.24183297948225
68.02406709278176
68.02406709278176
100.0
0.0
79.47236765199101
79.18006823549094
54.94062855530254
56.483528668140565
100.0
0.0
63.571168048432995
65.34248592962713
67.63941463651432
65.19444416090796
100.00000000000011
0.24358755378323918
2.1055967008919305
2.192174210520429
2.1313600988129195
3.734737838599606
13.441614793761548
0.0
0.0
0.0
0.0
0.0
0.0
0.0
0.0
0.0
0.23229566518276817
1.0453305417455363
0.0
0.0
0.25350119591427067
0.008429557947286802
0.07663147541990452
0.07663147541990453
0.5819090323786171
1.4212056762292864
1.4212056762292864
0.58459875754561
0.05373057843624096
0.0
0.0
0.433403810048378
0.47381873488494686
0.47381873488494686
0.647502346709528
0.0
0.9034749124181138
0.5142335124371779
0.5142335124371779
0.2743013348912229
0.2743013348912229
0.11397282131108977
0.0802446165331232
0.0
0.0
0.02656182048954291
0.33613537601275967
0.3361353760127596
0.12031927722435598
0.09416953657886296
0.0
4.21298367233995
4.212983672339954
0.9636639415268234
0.3696395207618096
0.21011499629598235
0.09113668514619684
2.7538881269091275
2.7538881269091284
0.3999161180516851
0.15996644782883468
0.0
0.0
2.5041230360499016
5.290848242232837
3.3618290824895443
1.8635250236412366
5.235380243273398
3.6096719174098557
0.0
19.463705919301937
49.3941958767062
32.44797758121897
21.03655380449159
50.98654622425775
33.526518976562244
0.0
33.75028388353813
82.55294786828203
50.50285324072178
47.852104649207064
48.98017530986077
51.05565734704336
0.0
38.96631882463379
99.47758172958667
76.18090158382485
64.62167550154949
72.97422815222431
63.187252070976356
0.5659405951870639
32.43340633350517
83.50450822455296
52.782261668829705
34.290264732253604
83.18115464194632
55.21792789054575
0.0
0.03145177694234468
0.0
0.0919886739928107
0.17527794156254542
0.05803744746142997
0.0
0.5539993279857166
0.0
0.0
0.0
0.0
0.0
0.0
0.0
0.0019204918100144965
0.004496413254872712
0.1546300966188733
0.0
0.0
0.2535011927898185
0.008681705192728872
0.23229566518276817
1.0453305417455363
2.958109441500491
1.0663240033320234
0.5845988192547058
0.09286650438696892
0.0
0.0
0.0
0.0
0.5845988295785742
0.14180389129825072
0.0
0.0
3.1679515102178364
0.014288607635724988
0.007238665734180224
0.0
0.0
0.0
7.944644876477746
2.68744851449775
1.1368774311949574
0.21011499629598235
0.10505749814799117
0.19926637934402816
0.23321760587540885
0.11056603873340995
0.0
0.0
0.0
0.0
0.0
0.0
0.0
0.0
0.0
0.0
0.0
0.0
3.0663766523878633
2.0210461106423283
0.0
0.008429557947286802
0.2100603585129147
0.21006035851291466
0.07663147541990452
6.894466089634467
6.894466089634467
0.0
0.05373057843624096
1.92236062260602
1.9223606226060204
0.1721408455309597
4.031503478839139
4.031503478839138
0.7306113176615494
0.0
0.0
0.0
0.0
10.138176335472455
10.138176335472455
0.0
0.0802446165331232
2.7482481201082636
2.7532284862021816
0.004980366093916879
5.634972944274491
1.87832431179101
0.0
0.09416953657886296
3.2017643892069514
3.201764389206952
0.0
0.921854631274875
0.3179260495550242
0.0
0.09113668514619684
0.3999161180516852
0.39991611805168503
0.39991611805168503
0.15996643412051054
0.0
0.0
