1.0709065523030892
12.185863501161966
12.23813173819145
12.11692684402289
12.116926844022903
0.4754748279498776
0.0
25.899212107970328
44.06871474221621
44.287259997301206
45.60241780898856
44.650872534385684
26.376271957596305
0.0
44.75364677570549
79.43668965199733
79.31373410774594
99.99999999999997
100.0
49.33148857645356
0.0
51.184058590503994
77.62124576514351
77.22443012923996
99.99999999999999
100.0
50.09313440741531
0.874557364020325
55.65869419982772
63.64789857221453
65.74732522947716
67.2563460318432
65.16877763147642
68.43410741675845
0.0
0.3919450011688718
2.1281408528964603
2.3811795360302686
2.483562508629592
3.890575164235219
1.8530686839677604
0.308844777724514
0.0
0.0
0.0
0.0
0.0
0.0
0.0
0.0
12.185863501161972
12.23813173819145
12.116926844022888
12.116926844022908
23.99026378244225
0.0
44.068714742216244
44.28725999730121
45.602417808988584
44.650872534385705
63.90094569409589
0.0
79.43668965199737
79.31373410774594
68.05423746628047
68.05423746628044
100.0
0.0
77.62124576514348
77.22443012923998
58.91016675291036
56.66947426191662
100.00000000000004
0.0
63.64789857221453
65.74732522947716
67.2563460318432
65.16877763147642
99.99999999999997
0.25036931787311234
2.1281408528964603
2.3811795360302686
2.4835625086295927
3.8905751642352193
12.054395432412884
0.0
0.0
0.0
0.0
0.0
0.0
0.0
0.0
0.0
0.23315950510801842
1.0492178208345129
0.0
0.0
0.24591106170827443
0.009473947594807826
0.09611688066637131
0.09611688066637131
0.6211106337998902
1.2115713847275809
1.2115713847275806
0.7936312043864758
0.053730658094138045
0.0
0.0
0.5037297972598703
2.8624377229047795
2.8624377229047795
0.9534222744080634
0.0
0.7913881891858977
0.49371544341393736
0.4937154434139371
0.2338643005002916
0.17335300949490226
0.08080068179757362
0.07043337935557499
0.0
0.0
0.024527746249059085
0.31039540358499684
0.31039540358499673
0.11110567408726206
0.08669828094441129
0.0
4.109491223846546
4.109491223846548
0.9278735617121765
0.3838663510792105
0.15072043078039
0.08793828479302876
2.795868791218584
1.4294120127801113
0.19403285279343818
0.0776131437962485
0.0
0.0
2.5041226899117768
5.290857620019905
3.3619419788478058
1.8636521841333062
5.220823648195374
3.610310090071924
0.0
19.463707986771503
49.3897346789524
32.44053893312687
21.04998091492775
50.992192900528515
33.52467374374366
0.0
33.74966846729103
82.54860719489166
50.49871770607828
47.76292263425506
49.10548259454198
51.12436152100475
0.0
38.98326740080846
99.99999999999999
81.55170688713665
63.063744544755735
75.10246640732083
64.37254876084666
0.8745573640203248
32.42872851100412
82.75503640803365
52.03434912507509
36.12937181612815
85.60712865714615
60.31531678268
0.0
0.0
0.0
0.012427331506682097
0.00543526894988807
0.00543526894988807
0.0
0.308844777724514
0.0
0.0
0.0
0.0
0.0
0.0
0.0
0.002043969080295315
0.003918749887777438
0.1541552794205477
0.0
0.0
0.2459110584336408
0.009246062796928991
0.23315950510801842
1.0492178208345129
2.907273805890897
1.0041832631343448
0.7936312601243487
0.09200560489567498
0.0
0.0
0.0
0.0
0.7936312692697686
0.14272972886301197
0.0
0.0
5.3807057978416974
5.139029081830985
4.161727153971496
0.0
0.0
0.0
7.072163769205691
2.897026994938179
1.6189173149797207
0.41640142442451
0.0
0.011951345865181127
0.018943408421975148
0.0065160769152930505
0.0021618058901331848
0.0
0.0
0.0
0.0
0.0
0.0
0.0
0.0
0.0
0.0
0.0
3.070678395722038
2.0214605748875245
0.0
0.009473947594807826
0.22603264323651817
0.22603264323651814
0.09611688066637131
6.902186409767758
6.902186409767758
0.0
0.053730658094138045
1.9223634746458629
1.9223634746458629
0.1686295277756041
3.747871068685419
3.747871068685419
0.3919450011688718
0.0
0.0
0.0
0.0
5.165810833013023
5.165810833013023
0.0
0.07043337935557499
2.394734955008767
2.399333983601949
0.004599028593179147
5.758676055272177
1.9195586822637845
0.0
0.08669828094441129
2.947741686431127
2.947741686431126
0.0
0.9278735597590481
0.3838663604601833
0.15072043078039
0.08793828479302875
0.19403285279343824
0.1940328527934382
0.19403285279343818
0.07761311202043134
0.0
0.0
