0.0
0.0004919773618235323
0.0019618660318791517
0.6330677957437393
5.3954398715763215e-09
0.49003405448334525
0.6598118696009349
1.063936906395751
0.6605068567444685
2.2703197938088455
3.882050173044865e-08
6.882815651819057e-06
2.686380964793e-09
4.657510593200376e-06
7.1117642676984145
0.0
6.968594604354127
3.1402938882454006
3.85839178435089
0.4351315278597878
0.6719099449190453
1.560515312796528
0.6715803751042755
3.5947453657711748
306.38623385847694
0.07610710069787674
74.43284987460301
2.9213484088235256e-05
2.030007568658405
1.430035315002661
0.0
1.2261489582212257
2.0298562246261262
10.157931864748528
10.508712900060887
4.658024598418388
10.32452885536248
18.497065171759772
51.95554074317648
21.019258671838138
242.12803320105718
3.5526319956372645
0.0020060760120014683
1.828128061816691
0.00025127227365880187
0.0
3.5960920818533912
7.459087687453489e-05
4.226041049463462e-05
0.0006665963157721953
0.18381783183610279
0.00017571585644857887
26.905588427093107
2.986723431011031
9.517145982614101e-10
0.1354159003457366
0.0002087397114544447
0.0023746743663834134
0.0002493955890939466
0.002812525416007982
0.0
0.0003553133764714083
0.0018154671827738662
1.7109827960440655e-09
8.626233336358078e-05
0.0006665814357788679
4.934558965117536
4.523587134445913e-09
5.12089263673884e-09
3.959020191677924e-09
0.0001042358951904301
5.038425479338098
0.7491848950898296
1.6662061070549643
0.00037935859634454926
0.0
0.00043407325190051335
0.00044546191001777985
0.00039480305484984276
0.0002360464689459394
11.175112227075898
0.09904772886827415
2.0933247010450954e-09
0.00010659978610689377
1.0232438707813701e-08
0.006830856192091211
8.890585068078551e-08
0.14389009980170836
0.00012875238820132763
0.0007598118702524866
0.0
0.0007285574539666179
0.00013745877231411503
9.688099360005874e-05
5.475387494301174e-09
5.821570880298524e-08
1.6181172272082016e-09
0.00012960186638460362
1.8847417137715382e-05
0.0023035311375656804
6.41173748567498e-08
0.001197535029521086
9.943612245865726e-05
0.00037388330023339553
0.0006368181281351912
0.0
7.675302336166781e-05
5.7261282311005e-05
1.7066108679785565
9.363566585159267e-08
5.3613519028574155
0.0001475674437585088
0.0012756047294636517
0.0013400371449219005
0.9422482174599138
0.5706697273340705
0.0001279484498715975
0.00038558431098920684
8.192202201803722e-05
2.9607896635797463e-09
0.0
9.707800301449062e-05
0.0007457012160134748
0.00025455692241100366
33.225022240568954
3.306675083048877e-05
0.002432139785995586
5.890747937222012e-05
0.0002519603888813544
0.0004993606712172786
8.681596955134625e-05
0.000356229514844809
8.12579466427936e-05
0.001099760141515613
8.607618920673204e-05
0.0
2.8457315168799715
4.767988412433517e-09
4.57786779466426e-09
4.502248485007225e-09
0.003365003572312538
4.891627883822887e-06
0.001807114508936241
8.498346071702665e-05
6.921476351835933e-06
0.00012875610225122523
6.528567863021253e-06
7.846196536093544e-05
0.0006984497581615204
5.267204826926961e-06
0.0
0.0011062509482725287
0.3350844607098051
7.439708448483944e-05
0.11016469290498344
0.111255713196283
0.0013340372009671073
0.000706949918408233
7.629065348814095e-05
0.14378877064986395
3.9743124286511627e-05
0.00013153103060754208
0.0007461178931385284
5.865038597066629e-05
2.0532192428008083e-09
0.0
5.003928495220514
0.0001479512786736283
0.00229456094868123
0.001844392074362896
3.518428768512399e-08
8.620689551061396e-09
3.413062120232198e-05
5.333692378877114e-05
0.17811106271956456
0.000635370595249931
3.8259434089605975
2.768391920722445e-05
2.326818281830521e-08
0.00039403933680358936
0.0
0.0005290722173725898
0.003775513635509796
0.0035807900869449364
5.728714687227615e-09
6.2498424085980254e-09
6.08455142675433e-06
9.868413680286242e-06
2.4122254489507176e-05
0.0005592755260541312
2.89605360637754e-05
4.8702769918823956e-06
1.3403680715232176e-07
0.00014114877502786332
0.0014905218063681722
0.0
