1.071246160786401
12.187935022832397
12.27001811913298
12.130894338788377
12.130894338788385
0.48608999371943523
0.0
25.898478933526302
44.06216080723694
44.1249545009593
46.25878534299584
44.91286891696702
26.47205945274094
0.0
41.541667940891756
98.5380743443806
96.30938861587302
100.0
100.00000000000001
50.823915583338746
0.0
47.94197134151719
97.95590320315512
99.99999999999999
100.0
100.0
66.86896951839917
4.759101039303182
50.806181805652564
87.85959909589516
88.65535389300523
100.00000000000001
99.64537114682813
66.47771587612772
3.7084437656013165
0.0
1.8268420521297568
1.8268420521297566
1.4949882093248914
3.6114775352308772
4.626296280383577
0.7710493763849555
0.0
0.0
0.0
0.0
0.0
0.0
0.0
0.0
12.187935022832395
12.270018119132978
12.130894338788382
12.1308943387884
23.993338484866207
0.0
44.06216080723694
44.124954500959305
46.25878534299584
44.91286891696702
63.906451998922336
0.0
54.704614791661264
55.42318930418731
86.79307010390121
96.42997368560683
95.94356499998163
1.4924998988862888
57.27006195064562
53.931761358122145
64.0847989537366
98.06599820712627
96.84196261585254
2.362941433445027
37.3822636123287
38.17801840943883
21.774900012495134
22.396373853804736
100.0
0.20326483091845068
1.826842052129757
1.8268420521297568
1.4949882093248916
3.6114775352308777
72.25057664974173
0.0
0.0
0.0
0.0
0.0
0.0
0.0
0.0004507602149169992
0.0002253801074584996
0.0006971715281356736
0.008957948904117425
0.0
0.0
2.6250809471232
0.0027899036786520636
0.005579807357304128
0.0
0.9551244257306685
5.378413899435544
5.378413899435543
1.9184363200140677
0.05385924064699536
0.0
0.07205256330464532
0.7344548119309905
5.72610611099485
5.72610611099485
2.70579619997325
0.2953182729005945
0.0
23.788222209477627
0.135883539719284
1.3333224389400304
1.3333224389400302
0.5795824107222134
0.12898251194635735
2.1995017002144275
1.831294756585989
0.6906551626582172
0.9020460750123704
0.9020460750123703
0.4227818247083063
0.6643734844616853
8.910819716620871
12.233456268251436
3.987010036092249
1.1920732842400998
0.6643734844616855
0.6643734844616855
0.12887842806354777
3.8268765124526474
3.826876512452646
0.5549899717285596
0.2219959880086249
0.0
0.0
2.503918946017093
5.295389644008116
3.4255618103351666
1.8681746910636527
5.291048542001613
3.602998154486185
0.0
19.463774636804906
50.2937466380355
32.074033634640884
22.037749273522973
51.37708908857838
33.43439255127221
0.0
52.626302600010824
71.73715784103045
94.66495056082242
58.95268196579987
58.68054832839931
54.100856647444374
0.0
60.761268664452864
86.67316548470505
100.0
79.5665272931013
74.04280347259237
66.86896951839915
4.759101039303181
55.7514135148144
62.333088519033645
58.3902600962324
79.04409734402972
71.39221238507929
66.4777158761277
3.7084437656013156
1.9029666989611749
0.0
0.18818792154108177
0.5965824579360286
0.20326483091845055
0.0
0.7710493763849555
0.09430086449795648
0.0
0.0
0.0
0.0
0.0
0.0
0.000471791420677174
0.012361697623436767
0.026214228628976346
0.006926297186231626
0.0
1.0206463925129092
0.0
0.011219204564775959
0.9663436302954445
4.037749265000655
1.3459164155334475
1.5101112044603704
0.08770123120931837
0.0
0.0
0.0
0.0
1.294203795854403
0.0
0.0
0.0
0.05601714503739237
0.05601714503739237
0.25940065049375205
0.0
0.0
0.21139091235415317
7.6824104244606986
2.798323874174623
0.6190794730997494
0.0
0.5736020288914628
0.6990606410124973
0.6818534772905545
0.3682069436284379
0.3682069436284379
0.0
0.0
0.0
0.0
0.0
0.0
0.0
0.0
0.0002253801074584996
0.0002253801074584996
0.0002253801074584996
2.091670780513472
2.0916707805134713
0.0
0.0027899036786520636
0.14687090098722044
0.14687090098722044
0.0
2.697217042339606
2.697217042339606
0.9551244257306684
0.05385924064699536
1.9269638068899286
1.9269638068899284
0.0
0.4913742941438757
0.49137429414387573
0.49137429414387573
0.2953182729005945
0.590636545801189
0.590636545801189
0.27176707962067675
1.9029666989611749
1.9029666989611749
0.0
0.1289825119463574
3.4324132729931804
3.4324132729931804
0.0
7.3037449406982375
1.9452111139089512
0.0
0.6643734844616853
0.9985584766360466
0.9985584766360469
0.6643734844616854
1.0751636549877355
0.6643734844616854
0.6643734844616854
0.12887842806354777
0.5549899717285598
0.5549899717285597
0.5549899717285597
0.2219959806357998
0.0
0.0
