0.0
2.7262482636266425e-07
5.507666898459422e-09
8.73090690755551e-09
9.1821019750443e-09
8.525755411824588e-09
7.869162750785984e-09
8.357556867597501e-09
8.48176997860178e-09
3.039863732254134e-09
0.5593091837952258
9.81328198387414e-09
1.0631165485039635e-08
8.066692332313438e-09
6.1931498711613235
0.0
3.6484840936734364
10.471402605531779
3.7136302864765627
7.753553551755827
22.40330804975139
28.326611590464022
0.8481167308095493
2.72999864993096
168.631316943108
0.2664618282809829
138.0539678178216
5.797136586326946
6.296909850299334e-09
2.5823383203463828
0.0
1.965533898467565
0.03295293213924488
10.932673225930886
1.7645523239420746
10.39529933668912
6.632953219475649
44.07638111569646
11.458631824781518
32.56566604158105
234.96822874138422
9.866466681702981
5.318808917165564e-09
0.9109695950992014
6.025370732487201e-09
0.0
4.8080380067984
4.9895405532608e-07
0.8155981436826614
6.517046848099508
0.8149704293281606
2.146922440283247e-09
58.94409767593878
0.26314161735164454
7.50696153000717
6.300311190248314e-08
1.8904959777499828e-07
0.0006044452606816541
1.3414172918412987e-08
0.642937845540802
0.0
0.00016099160552715842
3.2920016785184683e-07
0.05511374950523136
7.081796625334538e-07
1.5235763674027717e-08
0.05667869691699046
1.6006880048463312e-07
0.041708842090996616
8.649297749353978e-08
3.498007149455492e-07
5.653287936855506
3.619357165565483e-08
0.0995964064046989
0.0006865154360196239
0.0
3.011211681110891e-07
0.0445171862927015
1.0363042777556638e-06
1.7607904627240138e-09
7.35130782385625
4.2982175954660777e-07
0.037598049651387605
4.750694708902129e-08
1.4895849611889067e-08
0.26293766505570415
2.073105914060872e-08
3.362055760212963e-08
3.846245796676092e-08
1.6354668823664566e-07
0.0
2.546618526828176e-08
6.547001597384529e-08
1.9525297211451105e-09
7.3697259742965845e-09
7.695488180778682e-09
35.46337926520077
1.039400276641234e-07
1.798407848714203e-08
0.0005767164077850402
0.0020150314859213947
3.811991525599984e-07
6.365459406762828e-08
5.316146379763639e-05
0.0003928970007821406
0.0
1.8111549763200685e-07
3.9875939110377e-09
8.96961839099761e-09
9.161393363428652e-09
1.6111504447390423
1.1811403430239872e-07
8.73583975219555e-09
6.424920468706233e-06
1.8496559441246223
0.008971452119644393
0.007038854880476816
0.0003773218008052781
0.007038474454751455
1.220133805761759e-08
0.0
1.9383795289013506e-09
1.8352794306185002e-06
7.32880243485608e-05
5.250942598777974
5.8094797709961394e-08
1.9200475845908145e-07
0.3240916716101532
2.067404239235988e-08
0.0004997843143447348
2.0183942839113547e-07
6.471732215117203e-07
2.0431615901687603e-07
0.07660980140600362
7.071770377680414e-07
0.0
37.809519236493784
1.6090754258800207e-07
0.05307094201237651
8.113398132063481e-08
0.0017518491670611475
8.432996959544406e-07
0.026804505227547615
0.00046239665265523596
3.727944188775088e-08
1.1438276042071301e-07
3.51549530411435e-08
7.825604276802233e-06
0.000497513000939359
5.909969596902263e-09
0.0
0.0007904605674950009
0.08957214641001295
8.403335306447597e-08
7.513055063324306e-09
6.289928589014336e-07
0.3512336481747069
7.998099680759657e-07
0.026230580951605395
0.2691198742700224
0.09574732228396929
0.01109228385358259
0.00015398103438203826
2.6043586593422613e-09
91.72612351547255
0.0
0.7214209098416936
1.1121516245934516e-07
0.3244319901862484
0.14484690184621915
0.03600194851464167
1.2464936923033998e-08
4.449380929866892e-08
4.781430089219404e-05
4.781681276780681
0.00021327181095028464
1.1808818748591245
1.9662874860900923e-08
5.419725173847676e-09
0.00021542798971742024
0.0
0.00016680005088879517
0.11993971215610846
0.07085802010334484
0.03601090111898458
0.0004182718467023288
1.603352345879057e-07
2.7088111158915848e-06
0.20602381764630753
4.32995236713183e-06
0.087821359285033
2.9597730009881948e-08
0.005955255820350572
9.9060443265993e-06
0.0002657728524217584
0.0
