0.0
2.643544533170719e-08
9.1768408809691e-09
2.3745540888999405e-08
9.084741908772694e-09
3.757186401132844e-09
3.495043887607333e-09
3.925695789891096e-09
3.811368011866119e-09
1.3064795883706899e-08
2.8832954267311856e-09
3.86223728869233e-09
3.965593916224984e-09
3.601369637046932e-09
1.9758642848078425
0.0
1.7535429152842417
11.584007479085873
1.2311980618368898
1.097633085072557
7.569337277920811
30.12541845261483
4.637610374842288
1.9198045096311523e-09
214.96416546029855
14.503653237171745
94.56148579367161
4.302083410649493
1.5243334059861992e-08
3.4997393862264814
0.0
3.1963250501877796
0.16090744677580995
5.198729112351179
2.510031684290139
16.025890825896933
3.0027815580247124
65.45612491505668
40.880076303254455
10.52164306927931
198.63623980174626
4.584647231086377
0.07815998642589472
2.443102725126611
3.3756834272789772e-09
0.0
12.444066419077036
9.88603222823768e-08
5.875311938859749e-07
6.420594409982085
0.5940197612621105
7.312944052561719e-10
16.602163682628717
7.078693907120968
58.35069938936172
2.9470637408713206e-08
1.2114563892922753e-08
1.9958452572236446e-07
1.5936279279410746e-08
2.467411411744922
0.0
1.3519428878783125e-07
0.32882263890540975
0.12228312122420747
0.07526239092557363
0.0026264436931192456
3.432764852441312
0.06183711414001109
0.1168418448311512
0.11680413097869995
9.020872916987775e-09
0.7237856335845501
5.610544289168339e-08
1.0334895040380694
9.315298761977333e-07
0.0
1.6588595791159113e-06
0.023635681235909756
8.555624547404734e-07
5.8046235946889e-10
0.023749600007525733
0.05247772208756075
10.16616366971779
2.546308628807428e-08
2.805973362389762e-09
1.4053264929357378e-08
1.254466222781255e-08
9.04073578437567e-09
9.16718930370023e-09
2.5441406477710746e-08
0.0
2.2882598174103987e-09
2.6338675944304153e-09
6.46228236855283e-10
4.288240622230475e-09
4.66446856172108e-09
38.54938961688127
4.3024157465380285e-08
3.808692552115051e-09
4.110361129429523e-08
3.132371956004994e-08
1.9442925663267677e-08
9.006187130840933e-09
8.688760638712938e-05
1.9528731374916535e-07
0.0
3.556471431451207e-09
1.3184341081567693e-09
5.230486665966457e-09
5.329692799147486e-09
5.455707819726211
4.780120179517891e-08
5.205425168033003e-07
0.22521816143353807
0.3356359168835717
0.1631412933414723
6.153693972143056e-07
1.4848603095533866e-07
5.750821888113168
0.15018469008956234
0.0
6.431887239937153e-10
4.47883977700861e-08
4.535833946871902e-08
4.503133016985985e-08
1.553716411731647e-08
1.6600882576997582
0.38171747078083185
1.5565863795602994e-08
2.799954453891563e-09
0.31460444963567025
1.3516216266760403e-07
1.0932155441109283e-06
0.1177382756325479
0.06063341618263937
0.0
0.11994865593077834
0.05334475579636809
0.10766334005923739
5.66543772522323
1.1259706197263444e-08
2.055284829053972e-06
0.041978870164313946
7.903832398294231e-09
6.170814331151543e-07
1.919472032065495e-08
0.08673851170472242
2.7772556204960444e-08
2.4477344544329897e-07
2.7625750429141656e-09
0.0
0.00023666464398395084
0.24986244431912538
3.806497681405775e-08
1.0215660282163926e-08
0.10536474156525659
0.01935511727676475
1.1883330756728861e-08
0.04968349200060884
0.2240845597317382
0.6995934847829224
0.004241237930939796
2.443586207799096e-07
7.184815043791383e-10
41.92307511722814
0.0
3.73655646196479
4.47700876764055e-08
3.17790683302705e-09
0.16131375903804945
1.7573224772660596e-08
9.673708294594189e-09
4.190112093781034e-09
1.6024637684652423e-08
3.02943780105352
0.00022721222094817742
0.0001799804744476683
6.015826194718887e-10
3.5006835659227096
0.00022725024335756492
0.0
0.000200947260126179
2.9978675860280192e-09
0.009083481632562711
1.7755549959337928e-08
3.4058177601368476e-09
4.307044353135437e-09
1.5049920822059114e-08
0.23154369036179362
3.2059865672474966e-05
2.625896568067584e-05
6.312989947265809e-10
4.2758292057992275e-08
3.209796552897704e-05
0.0007461217975661292
0.0
