0.0
5.6948613563778607e-08
3.848895518433511e-08
0.602152533889442
3.507258171098782e-08
2.294656176062649e-08
1.9909491716397995e-08
1.056663329287355e-07
2.2273914219569393e-08
0.6108211651426266
5.446641959751814e-08
2.0898519386098743e-08
2.1292670341466584e-08
2.995326237543296e-08
3.936007072723032
0.0
4.40478726080538
9.273459719221972
2.0433440418809496
0.724369446959112
11.714460328067627
22.075179356277236
3.204296253604648
5.083957939686026
137.06464425951964
18.91275695193708
152.51336414497146
10.326832337142994
2.9175974254955324
3.303082302126234
0.0
2.2811880989165023
2.9172459252262213
17.337013396343828
9.437587341817576
7.537204242317587
12.499081441248098
49.252918334981544
11.136835324915017
28.506266576156648
203.08363623310032
6.432109577021463
1.0661054474962814e-08
1.118377508538794
1.1087062522959866e-08
0.0
5.906751217968032
2.586595141232293e-07
1.0032076827562975
6.422810194743873
1.0024948038521524
3.724670336500008e-09
75.6425975885546
0.3269047742611577
7.274318991347819
4.943042949319176e-08
2.1079317707054732e-08
0.00095248958103622
2.332623201559442e-08
0.19464565182854737
0.0
0.0002151064789993376
7.475579052971074e-07
0.05500125645094772
1.0173369998469517e-06
7.898412774411682e-09
0.05666738937082526
3.269220197043297e-07
0.04168628528547228
8.05881405492346e-08
1.6653817118992587e-08
7.862640325814194
0.052867882670058076
0.0967181688819134
0.0004899110399449375
0.0
4.975976114056221e-07
0.04357260709499834
1.5038764824926343e-06
2.8477551241652575e-09
9.598217892138775
8.631729567545438e-07
0.0369525615647258
9.394231368695079e-08
1.0227983839107043e-08
0.890504923535681
6.402205252513898e-07
6.408454409349299e-08
5.0118736298761354e-08
8.882281895399524e-07
0.0
1.8099159270442267e-08
2.7264549852405318e-08
3.06079557294785e-09
0.1366370998911943
1.2447640310528852e-08
35.33893485902088
1.3223138654745922e-07
1.190222185446981e-08
0.00566227133966212
0.005989450970857884
2.870447169858727e-05
9.907423202197637e-08
4.34880351901543e-06
0.00023055924450336666
0.0
6.967603930773044e-08
3.4162401566509997e-09
0.3104162146015882
1.52676477216727e-08
1.4069972917794702
1.594471998237474e-07
2.101295215488406e-08
0.3199928175164619
0.787306071803566
0.00806600777382592
0.007182065138250418
0.00010672598066667312
0.007181473444397323
3.9214476357632275e-08
0.0
3.129807850643767e-09
2.9547187637616976e-06
0.00013724771949680047
4.5555990523419805
1.077031860040973
0.06820375856148296
0.4926518711877741
2.4255428139903398e-08
0.0005723311294873206
0.0515764975922456
8.139278519557304e-07
3.4106258195727514e-07
0.07658199246999668
1.0124896244893143e-06
0.0
44.452646117035016
3.2676240281095604e-07
0.05273738802080015
7.797021260085368e-08
0.0020827055725918093
1.5987094640911425e-06
0.011399493775450726
0.00045158046312783907
5.1012570113156895e-08
2.263917470759953e-07
4.9735589332921424e-08
1.3654801791779217e-05
0.0006902819787415722
3.2365882089235745e-09
0.0
0.0011396471532394534
0.09659456424085147
1.021054362737118e-07
0.0061770233159335365
0.006190382208293959
0.1217169718241079
8.611908046977709e-07
0.005882360984420541
1.3999892498427525e-06
0.09545281903543235
0.0110742395703236
4.059912675439418e-06
2.468335465868711e-09
73.7436116062101
0.0
0.7727940049065425
1.5410487731823742e-07
0.5606554796606574
0.7099311618943284
0.05580463455612697
8.254416046517381e-09
7.431676120896247e-08
7.071053315953175e-05
4.52604508387261
0.00025451853558404783
8.192582320936317
4.349865011057793e-09
1.2852201421125663e-08
0.00025779679836671895
0.0
0.00021335265635411465
0.12781361856705667
0.1354876699938571
0.0537467156339465
0.0003953850059925561
1.9954137245685177e-07
5.822810538631539e-06
0.250751473009819
7.944220291899301e-06
0.14234365454972858
5.146130230817488e-09
0.5194004622275477
1.632181782825476e-05
0.0003528682613065876
0.0
