0.0
0.00029944970582297247
0.001194479649147305
0.0012713506076008072
9.664836356399833e-09
8.721941821442838e-06
4.660162784968834e-06
5.63894733960126e-06
4.946693283442948e-06
3.983124945042875e-06
2.0145906967502075e-09
4.217880813607681e-06
4.4708040042385427e-10
2.6802672116408073e-06
1.8261220518872254
0.0
1.8261023085579007
3.468451557950387
0.9131605843041122
0.6532459082217513
1.0494114153985914
1.8712555442987386
1.049445596839131
2.483929655942409
333.5889116772369
2.6945853309634947e-05
46.953692165223174
1.0861843462063145
0.00011195365153786364
0.6901129575307797
0.0
0.6901128312482038
0.4376095321033268
8.800151369935348
9.233426032304004
3.7332554032546144
5.905117884025222
20.455053802011314
54.32021105289498
19.841820935558538
264.13581587887205
1.813887598446952
0.8663301834884098
1.7304145257457506
0.0002131907221507952
0.0
5.506784577672143
4.542085925026585e-05
2.585378919545985e-05
0.029843623505090868
4.325549795405781
0.0001067499117274333
10.65769639713082
9.389641003831365e-10
2.6980182812368603
1.2236671727319809e-09
0.00012820858000711855
0.0020815908924971503
0.00014659496715743695
0.18791355745011235
0.0
0.000216525241903617
4.974657205282177e-05
3.652354988102858e-10
5.2699244511162265e-05
4.270231455553563e-05
2.742667684853558e-09
3.0341664797138627e-10
2.1880086860239272e-08
6.349122880511371e-09
6.399395616115077e-05
0.0002219962841528586
0.0013618268749997708
3.936943833951704
0.0005268457057646441
0.0
0.0003681496530830597
0.000300791224653753
0.00033904478350869633
0.0001438787087522457
5.132880166372166
0.00012046348250516385
1.2499245968417578e-09
5.960436302627391e-05
6.8803103316819115e-09
0.004409593790692224
1.131756817089895e-08
6.786033479601047e-10
7.911535919863665e-05
0.0006678923339176518
0.0
0.00048040291386479455
7.604586570582686e-05
5.924792227686482e-05
8.012082322252154e-10
6.303231444239847e-05
1.0796543343643134e-09
7.044294644963263e-05
1.1813975296305116e-08
0.0021539594766204
8.59078359690337e-09
0.0007083849603751276
4.4752290236911755e-05
0.0003316134529234002
0.0006165548724062749
0.0
0.10846308564419584
3.506690875938688e-05
6.269166632418889e-10
9.729584324938363e-05
10.985318945232173
8.334231524081279e-05
0.0007385945154051308
0.00039845644128306895
1.2473015693468081
1.7176970445419473
7.837457643764704e-05
0.00023874392344194842
4.9984081609957264e-05
1.259143135986825e-09
0.0
5.9458587489710694e-05
4.159463993022741e-08
0.00015500563709253205
19.183500142424705
0.7037558728759155
0.001119308072142281
3.602355612873275e-05
0.00014784778003606774
0.0003041332801262144
5.305597008795041e-05
0.00021710403417110946
0.001410102488692067
0.0006701591027182668
5.2585321580688875e-05
0.0
1.297505332311253
1.7978271410491186e-08
3.13667920496693e-10
6.413252751403145e-09
0.0020337046855893096
2.9881905732965924e-06
0.0011000470963358944
5.177878009737187e-05
4.2241154078692595e-06
7.878239872811404e-05
3.98529422999108e-06
4.378985188329513e-05
0.0004533343980182353
3.2212609467177706e-06
0.0
0.0006730570687447823
0.6696879506657194
4.277679005464963e-05
0.09929330326461813
0.0007372463274021734
0.0008117637291620307
0.000431030025639485
4.672308096855212e-05
0.00025687502211487796
2.4258113649755867e-05
7.158212744665286e-05
0.000401907830492152
3.588932730348928e-05
3.4770605300377576e-09
0.0
10.950878039680154
8.367866346672388e-05
0.0022043585877596
0.0011202244792833274
4.129218018242848e-09
3.504007231705093e-10
2.093146616979248e-05
3.245320127934157e-05
6.948117554870352e-05
0.0003847930893890875
1.4451484808794426
1.6921218806948603e-05
5.600588731838456e-10
0.0003784569232045611
0.0
0.00020055133104434416
0.0022452563815190964
0.002179234193539797
6.881880351872645e-10
3.5556772764975433e-10
3.7263190605412887e-06
6.004679938026557e-06
1.4702276146767666e-05
0.00032461106767817734
1.761754561342919e-05
2.973825373965063e-06
6.329926326722144e-10
0.00018589172147157344
0.0009061689344019646
0.0
