0.0
11.466515427687021
11.466515427687021
11.466546362854633
11.466546362854633
23.99976904705518
0.0
46.261885502136984
46.261885502137
45.79853150619234
45.909149416593685
63.600444948869786
8.789740238447774
98.02588755248185
100.00000000000007
100.00000000000001
100.00000000000001
100.00000000000001
0.0
99.9645910437824
99.99999999999997
99.99999999999999
99.99999999999999
99.99999999999994
0.0
63.96022767320531
61.67898311163324
71.53608184694671
72.68520447935299
99.99999999999999
0.07779631152948441
2.1663774784391454
2.3218194760640887
1.6096653399350105
1.4542233423100872
25.179650742510283
0.0
0.0
0.0
0.0
0.0
0.0
0.0
0.0
0.0
0.0
0.0
0.0
0.0
0.0
0.0
0.8749594689524374
0.0
0.0
1.0659425100786124
0.0
0.0
0.0
1.3515824069127815
0.0
1.5718322130745666
0.3421614091276978
0.0
0.0
7.2798691135533655
2.2811459236444174
1.0418566656325698
0.0
0.060648093149082045
0.060648093149082045
0.060648093149082045
0.060648093149082045
0.060648093149082045
0.0
0.0
0.04229726398477364
0.16918858262189002
0.0
0.0
0.0
0.0
0.0
0.0
0.0
0.0
0.0
0.26665929675682065
12.799835578205943
12.799835578205943
12.799876825096092
12.799876825096092
0.26665414089555184
0.0
24.067187544545963
41.983349035903984
41.983349035904
41.55850184293435
41.655292514535525
23.963996982259264
0.11061791040126587
38.09528791837449
67.82828509253619
53.665931894288946
53.18254782759848
86.02502100776667
45.17981046690364
0.0
57.415137702913015
72.48497736686645
82.64469105584064
70.41478695538714
66.47213974813296
47.05466541512075
0.09073030902749747
48.59480081023154
56.78210987529759
68.77282178451775
61.086454489275965
57.833165170578
55.63939825935692
0.7212911378253981
3.12471945367353
3.27946070213347
3.6291699568860327
3.5444320324848624
3.5333290326545104
0.47417680548730606
0.041491366149058455
0.0
0.0
0.0
0.0
0.0
0.0
0.0
0.0
0.0
0.0
0.0
0.0
0.0
1.1556008696191766
0.0
0.0
0.0
0.9999536788027855
0.0
0.0
1.0659425123344286
0.0
0.0
0.0
0.2622310355919294
1.0629585434234337
1.062958543423434
2.4407239727674144
0.0
4.099734981626029
4.472139920212924
0.3724049385869198
0.555358759322955
0.5553587593229533
0.24878294126871692
0.0
4.3588567449321935
0.0
0.0
1.1190228244582505
1.1190228244582499
0.0
0.0
0.21133249839488183
4.0709416460131775
4.070941646013172
0.8806916877179815
0.3218933075935829
0.08498832210933857
1.3789876778881462
2.5856018960402767
2.5856018960402767
0.0
0.0
0.0
0.0
3.7332301545954887
3.7332301545954887
3.7332301545954887
3.7331579725377244
3.733157972537727
3.733157972537727
0.0
36.10078131681898
36.100781316819024
36.100781316819024
35.63488260038534
35.63488260038535
35.63488260038535
0.09679067160110763
49.059865124333136
68.43969600078432
52.853581530714166
42.02922378675686
37.2262895834008
41.85067430718309
0.0
62.96038702208439
74.01729887692818
63.136421626849945
60.74206454649168
57.08924818551059
54.15821230224515
0.07938902039906029
57.70202744470609
61.39786992074607
56.07825347603983
57.56571903734166
58.21004284639804
51.59362197607263
0.631129745597223
0.8540076356161973
0.0
0.1268913186371169
1.3039862150900892
1.3039862150900916
1.3039862150900916
0.03630494538042615
0.0
0.0
0.0
0.0
0.0
0.0
0.0
0.0
0.0
0.0
0.0
0.0
0.0
0.0
0.0
0.0
0.0
0.0
4.707092810619136
4.707092810619137
0.0
0.0
0.0
0.0
0.0
4.226745373330722
4.226745373330724
0.0
0.0
0.0
0.0
0.0
4.196594239533758
4.196594239533758
0.0
0.0
0.0
0.0
0.0
1.0191400086079534
0.0
0.0
0.0
3.899452525795831
3.8994525257958195
0.0
0.8753799352797407
0.3165815586384007
0.07436478184567125
1.206614218152129
0.0
0.0
0.0
0.0
0.0
0.0
