0.0
11.466465180706955
11.466465180706962
11.466506905561582
11.466506905561582
23.99969330728002
0.0
41.97352695562473
46.25106424461299
45.82671426335616
45.92802062598702
63.634078468445594
0.0
100.00000000000027
100.00000000000038
100.00000000000006
99.84885728557592
100.0
0.0
76.74753268889079
76.15557201147934
84.80635052469279
100.00000000000001
99.99999999999997
0.0
59.95961384799208
59.971384269521494
60.36151569728105
70.00313227950652
100.00000000000003
0.0
3.4639841472386292
3.4639841472386292
3.4639841472386292
3.4639841472386292
30.447515171018896
0.0
0.0
0.0
0.0
0.0
0.0
0.0
0.0
0.0
0.0
0.0
0.0
0.0
0.0
0.0
0.8013076598997034
0.0
0.0
0.913139896437325
0.0
0.0
0.0
0.0
0.0
0.9131398970520157
0.6724934487625907
0.0
0.5823226663785
8.101175300915925
2.5955221742976637
0.8651740495156774
0.0
0.09764373705183796
0.09764373705183796
0.09764373705183796
0.09764373705183796
0.09764373705183796
0.0
0.0
0.0
0.0
0.0
0.0
0.0
0.0
0.0
0.0
0.0
0.0
0.0
0.26665698297334045
12.799780797409841
12.79978079740985
12.799836430549346
12.799836430549346
0.2666500288309038
0.0
24.0615318654128
46.251064244613325
41.97352695562466
41.584442365459786
41.67308543276179
23.967027590303008
0.10130636263073674
44.634632529464525
65.22607903266181
65.22607903266184
68.89737049295508
77.55974120963127
33.53414808990159
0.2806093767090947
58.022472713257145
87.35739713238493
87.03621791029137
71.74843445760924
71.96116527780421
40.752155612230474
0.0
52.338100690097065
65.10998804622632
65.12343995654575
70.64309099009857
58.20479377235311
59.66835813730291
1.547095807960437
0.0
3.4639841472386292
3.4639841472386292
3.8991584178725236
3.8991584178725236
0.0
0.0
0.0
0.0
0.0
0.0
0.0
0.0
0.0
0.0
0.0
0.0
0.0
0.0
0.0
0.0
0.0
0.0
0.0
0.915780182742518
0.0
0.0
0.913139901161482
0.0
0.0
0.0
0.0
0.0
0.0
1.0618867045103686
0.0
1.4797760573312777
14.42749083635772
0.6655116187182856
1.2478342850967858
1.2478342850967858
1.2478342850967858
0.0
0.0
0.0
0.0
0.0
0.0
0.0
0.0
0.40717047363968284
4.478112107007595
4.0709416333679185
0.8806916575695632
0.3218932586636449
0.0849882983774399
0.8064099857952418
1.5120187233660778
1.5120187233660778
0.0
0.0
0.0
0.0
3.7331977616267653
3.7331977616267653
3.7331977616267653
3.733100403632654
3.7331004036326525
3.7331004036326525
0.0
36.09229779811917
36.09229779811918
36.09229779811918
35.66561724055556
35.66561724055558
35.66561724055558
0.08864306730189463
53.387309207580394
62.23438284089018
52.42461760828405
43.216962457920076
39.05830588226986
49.81820143108631
0.24553320462045786
61.42403747054327
77.25181678907585
66.60205552920506
63.516593041734836
60.18680689458575
61.12823332186978
0.0
58.354574589820665
58.09982831109142
62.644345089243565
60.166594299959634
57.36991366521027
52.20981337014005
1.3537088319653827
0.2593127365928614
0.1105659293373585
0.43517427063389436
0.0
0.0
0.0
0.0
0.0
0.0
0.0
0.0
0.0
0.0
0.0
0.0
0.0
0.0
0.0
0.0
0.0
0.0
0.0
0.0
0.0
0.0
4.3108617839076855
4.3108617839076855
0.7112008353732715
0.0
0.0
0.0
0.0
2.581625607126606
2.5816256071266004
0.0
0.0
0.0
0.0
0.0
4.5698861662145
2.082455301577041
0.0
0.0
0.0
0.0
0.0
2.689678995792687
0.46328090112515397
0.0
0.0
3.6404128768652044
3.6404128768652084
0.0
0.8753799392014563
0.3165815407474045
0.07436476108025991
0.705608737570837
0.0
0.0
0.0
0.0
0.0
0.0
