0.0
2.3110937906818732e-07
8.350247105412174e-08
0.6151901471503045
9.251268502311745e-08
7.518608155767053e-08
7.121496934850236e-08
7.221855584662578e-08
7.589767395054597e-08
1.39080458394453
5.5653855149835364e-08
7.218605172901214e-08
7.818750839256236e-08
7.399420250831933e-08
8.24113997290719
0.0
4.211517023244044
11.08428607223749
5.13075206810978
3.0369004720210984e-06
10.996729582984482
19.481800468879783
0.849949846985927
1.411676250881115e-07
159.37265016276308
0.2667053653341744
165.40361377552748
3.221207616047784
9.623085850232378e-08
3.053849164644885
0.0
2.130475072610819
0.03298953599658558
17.35485400138245
7.134317054285582
11.650532102889986
11.917559535009616
48.0089211811694
11.685633640270215
43.075308036043
194.98343447661858
9.53964256843144
3.8321761764670683e-08
0.9998894979301349
4.260213174280178e-08
0.0
7.672733358206089
7.488189067399579e-07
0.8173223025977581
6.4949019515106
0.8171555971540232
1.462753795769139e-08
59.24757565764409
0.2636143982828436
7.519428002437606
4.6147539205975313e-07
8.145219768182037e-08
0.0008991194084553777
6.664206684670203e-08
1.1638218667045095
0.0
0.00027868104258136695
2.6084064091740536e-06
0.05491821718186875
2.2768508704119105e-06
1.813157301097778e-08
0.057280695426393455
1.209215571135168e-06
0.04170766639290353
5.94901232291284e-07
6.730574511631096e-08
6.829152296338254
0.12432860165300297
0.09999829306106478
0.0006065589662221104
0.0
1.855807062503687e-06
0.04488433581760358
3.3280956708146476e-06
1.15053549682453e-08
10.285146324890452
3.0630173665991935e-06
0.03809780902729559
3.4891201706151124e-07
4.838622350858457e-08
0.7063967600154969
1.0274973442929076e-06
2.3900321601646196e-07
1.9035758227327748e-07
2.0430047989363708e-06
0.0
6.672796091830059e-08
2.5643839338899614e-06
1.182405441019096e-08
5.7360782168447374e-08
5.8914953711948884e-08
35.463428333149935
7.654033391412601e-07
5.751302481921027e-08
0.011268430529951181
0.011552561784087931
2.896147848152794e-06
3.700312114315174e-07
9.189543950903928e-06
8.948109932035713e-06
0.0
0.07408666996925511
1.3992181612517273e-08
1.0611603789239082e-07
7.0475585563638e-08
1.6116147779063994
8.87468133783266e-07
4.899949025929061e-08
0.15259304383545697
2.1502254806649956
0.008376286975677888
0.006869202271992331
0.00019876669137061174
0.006866990107004074
6.49705930485018e-08
0.0
1.2167258948569335e-08
7.615321413578013e-06
0.00022462542560489074
3.4912008731223887
0.37385303928919417
0.3523986727964732
0.8335642571770927
5.8727797108973475e-08
0.0007069274726330167
1.3166898161619094e-06
3.5782993959551954e-06
1.270845941932492e-06
0.07681339756810812
2.2718281870040834e-06
0.0
45.040206008410436
1.2166121200874818e-06
0.050523455232339864
5.666385043270802e-07
0.002600882518553806
2.5375589990297547e-06
0.031157002627735374
0.00046487560371993815
1.9049098430126196e-07
4.0499620132882457e-07
1.8784560191009459e-07
2.7491811997268833e-05
0.000792894081012376
1.481776165016742e-08
0.0
0.0012190174382359779
0.09049752338296471
6.263853369082749e-07
0.000817955884430617
2.2641909410808378e-06
0.3324056631002005
2.687104224472011e-06
9.715991395537875e-07
3.1048869841914984e-06
0.12158451047936177
0.011106505553038016
0.00013787822728934595
1.0104293208639968e-08
115.79840689282929
0.0
0.7215474130050139
8.181186867118901e-07
0.33274928250239716
0.5210373816059363
0.23552210783411168
4.34620682728745e-08
2.585384889164438e-07
9.675134152116365e-05
4.9107420490775615
0.00031190805221806083
2.2365429551131406
3.016998775142356e-08
6.30323204861817e-08
0.0003183106627287147
0.0
0.0002724079065551822
0.0919538249724709
0.09800288887502773
0.08705314173883634
0.00039691559331655785
8.880701327125294e-07
9.068324489512163e-06
0.21765976897698164
1.3536988182158872e-05
0.10754577784449053
4.1544139748656376e-08
0.0060115839960944596
3.0844122793029195e-05
0.001054111486870766
0.0
