1.071298869060353
12.188257668607019
12.275004263501271
12.128730722516487
12.128730722516478
0.44556031300887144
0.0
25.886980335883532
43.95937148321899
43.926315130044806
46.003361697698345
44.811195537786546
26.52896096958642
0.0
41.8368300538263
90.59835700854813
90.0169028002752
99.99999999999999
99.82123323715969
47.705399292634795
1.566523167111425
48.22926915674975
96.09239887846392
99.99999999999996
100.0
98.20661561976111
68.66933082525445
3.322905335215928
53.413374751683534
90.520602307095
91.50818829859304
99.99999999999999
100.00000000000001
75.44197333996584
5.231234687267487
0.0
1.973954945513886
1.9739549455138852
1.5519042047737592
3.630449139229421
4.626295723182454
0.7710492207614731
0.0
0.0
0.0
0.0
0.0
0.0
0.0
0.0
12.18825766860702
12.275004263501271
12.128730722516487
12.12873072251649
23.991933207964536
0.0
43.959371483218945
43.926315130044806
46.003361697698345
44.81119553778655
63.90149001531812
0.0
51.7677077242255
51.1862535159526
73.31562769714995
77.1835157142045
99.57372678395784
2.5784804647217254
67.52095848556003
64.14578758340163
53.961981891968094
100.00000000000001
97.44637630672246
0.0
37.25103257163477
38.23861856313285
11.982100690311837
42.15465614437156
66.80576928387563
0.23374398535655422
1.973954945513886
1.973954945513885
1.551904204773759
3.6304491392294205
79.32492514849878
0.0
0.0
0.0
0.0
0.0
0.0
0.0
0.0005953154130382943
0.00029765770651914717
0.0006129581606998285
0.014813876077803175
0.06359531689727389
0.06359531689727389
1.8260096365690774
0.003779974162776658
0.007559948325553316
0.36786654239512057
2.543535340884862
11.513120734220912
11.513120734220909
3.2234459914770497
0.05374340194023805
0.0
0.0
0.0
0.0
0.0
2.029265398761282
0.1140655141429821
4.023058193855228
4.427866853554452
0.7517400417465006
0.1981468205936951
0.17885468309694258
0.17885468309694258
0.13686607350457997
0.0
0.10299049813675497
0.10299049813675497
0.5299496107879876
0.5299496107879876
0.20598099627350994
0.36388710105091526
1.1306700085734667
4.587916963150513
3.8211340556279616
1.0422389881140928
0.4687085249211831
0.3638871010509154
0.12887845331753403
3.8268765366735313
3.8268765366735327
0.5549898544716687
0.22199593585939092
0.0
0.0
2.5038870735732823
5.296096439939207
3.435509348012956
1.8572125550668543
5.289417403448418
3.641915363957331
0.0
19.464819975167863
50.006277750945095
31.51800443274511
21.576498433945723
51.231876954200764
33.517358603054134
0.0
51.66512876848761
72.81512151484313
87.51670236366277
74.78949651516542
42.162199761946056
42.162199761946056
1.5665231671114253
60.86580350413286
94.31511727934786
87.62638214206527
90.27330433465578
81.46002584490455
69.69131378809195
3.444708381370156
56.913309261890724
61.39992249792143
58.39276476340662
86.28493043710557
83.12776754227049
74.41999037712834
5.109431641113262
1.1863245073730302
0.07151827973761589
0.2683505226505968
0.7029496532426615
0.23374398535655416
0.0
0.7710492207614731
0.0
0.0
0.0
0.0
0.0
0.0
0.0
0.0006306009083613626
0.012109669517830862
0.012109669517830862
0.0
0.0
1.1007970356005572
0.06306227068802489
0.3678665423951206
2.543535340884862
3.5862509568586414
1.2019186535782256
1.1629083366905215
0.09235278043332229
0.0
0.0
0.0
0.0
0.8498882156652067
0.0
16.45528227454697
0.544905858255056
6.145773653806417
2.0732002817082713
0.19797447620777692
0.0
0.10299049813675497
0.10299049813675497
5.123195027946344
1.4297892371608114
0.5443116253419481
0.0
0.2787324354210247
0.39683189767691884
0.38644998490649124
0.0715182797376159
0.023836155227390434
0.0
0.0
0.0
0.0
0.0
0.0
0.0
0.0
0.00029765770651914717
0.00029765770651914717
0.00029765770651914717
2.231541127220126
2.231541127220126
0.0
0.003779974162776658
0.14423524299989227
0.1442352429998923
0.0
4.595445660122504
4.595445660122504
2.5435353408848616
0.05374340194023805
1.9228182606668918
1.922818260666891
0.0
0.0
0.0
0.0
0.1140655141429821
0.0
0.0
0.0
1.7013325883706456
1.7013325883706456
0.0
0.13686607350457997
4.653447270029978
4.653447270029977
0.0
1.2478072198514765
0.34841730980041935
0.0
0.36388710105091526
5.00680416869974
5.0068041686997375
0.36388710105091526
1.0422387029435312
0.46870845544909046
0.36388710105091526
0.128878453317534
0.5549898544716685
0.5549898544716687
0.5549898544716687
0.2219958145224522
0.0
0.0
