0.0
1.3060693418593174e-06
2.6978689757163396e-08
3.7152047249336303e-08
5.4650057471121e-07
9.20184405488573e-08
5.1583852462620854e-08
3.305381453709552e-07
5.171852294601916e-08
6.759733426894868e-09
2.6320942001078762e-08
1.8733413285629777e-07
0.8109078643114682
3.619954078419698e-08
1.1810673954858737
0.0
1.0819434457945996
7.2323768761541345
1.419703054436344
0.23500406125819512
2.729922265439547
15.60808125916312
2.7608447016327298
8.306366177219842e-09
248.9462686205282
2.3925121837907164
93.55729176034217
0.5106830469059195
0.29003607166845724
4.243319232996
0.0
4.2433193312402295
0.24165206408306295
4.771676221991518
5.47114044900728
18.42307822757044
5.199817059417156
94.31666600434157
85.7031229962604
10.324038181962194
103.57159034593651
0.5034609699556385
0.850027090786386
1.9907771996365928
5.3479325577579405e-08
0.0
4.9489671426021555
0.23474967457605606
2.7009977888074017
15.99670181319423
2.731852285544193
1.3554193600791417e-05
62.66743793822832
1.3208379274511772
46.03622068321512
0.5047451442006329
1.8455292489719293e-07
0.0002531631128103648
1.7188465091973297e-07
5.910438628183878
0.0
0.00016326170318487984
0.08681492395562143
0.13194561279735298
0.09067900518737543
0.8753750888793048
0.13565306003855454
0.006800125592095966
0.13568508980180272
1.2654329104964867e-07
1.1133358216748361e-07
0.6872218874887728
0.22150842591134765
4.5019704479264355
5.329871601846733e-07
0.0
4.6150387403682377e-07
4.5658008896252825e-07
4.6440773446717673e-07
5.074201030431982e-09
0.3697350198893268
2.6128043957380767e-06
3.5391318738449407
1.599704122720461e-07
5.661271316183337e-08
0.09747988955551325
0.07543643378312725
0.28660410920881246
1.692494006031046e-07
0.00016565869834790273
0.0
8.360232635010738e-05
1.7585580328707897
4.799521992578221e-09
1.544593416546022e-07
1.5336598483202013e-07
13.059621977058203
1.1916268966000314
3.3151758767755926e-07
0.0006785245549857841
5.080656517440845e-07
0.02243161335334699
3.959408253667406e-07
0.00040763116236856704
0.000442750171025982
0.0
5.362294217480885e-08
6.134026850889363e-09
1.9077447934402452e-07
1.897889484926999e-07
8.606023236463699
2.3926372183651347e-07
4.4682038122332143e-07
0.2117700243704338
0.07548642923982402
0.11399588445209372
0.17963107623282412
0.00018034049559256387
0.10072164895937483
0.08549523778422607
0.0
4.818421098858923e-09
0.03540054908115107
3.102311493840278e-06
14.161057157430442
0.3829820182919586
6.705445476866812e-07
0.0861240746992662
7.261615625417175e-05
3.982986927061434e-08
0.10390771477939159
0.0001668490888670215
0.08048754985678001
0.11900934542608371
0.0837889984538177
0.0
0.12069225604478565
0.006759797267256393
0.12071517765561647
1.3329415329585985e-07
0.0014006330879557049
8.122302573110418e-08
0.016730234639470872
0.011107570686460781
7.884646977846086e-08
1.7609599423949272e-05
7.550944324200651e-08
1.4740543880983327e-08
0.0002072153353875384
9.2148770462806e-09
0.0
0.0004511809946422266
0.5376513303308659
1.5081717119474535e-07
0.000244374964648736
6.958350558546094e-07
7.695648162699868e-07
9.782742837630965e-05
3.5799748931838846e-07
0.0002637131955997138
0.20949187279111797
1.267377882432916e-08
0.0004833638405355051
5.822681274255707e-09
13.159035747078251
0.0
8.60740808627283
2.3100489059836366e-07
0.0003265611743465249
1.212523268686398e-05
3.300719775549469e-08
4.4904072353655075e-08
8.270870065923367e-08
6.770002864979367e-05
6.7642427473160005
0.0005466025059019089
0.00015269544091444441
5.09380473363905e-09
0.03358378283375242
0.00015960882499115693
0.0
0.00016896824186310837
6.391329887641027e-05
0.002544499757919311
1.841909549924545e-08
4.58281981790655e-08
5.155340303359595e-08
1.3253853503402353e-05
0.5267075910323478
0.00026126464734505255
0.0007938379295824822
5.421261085456343e-09
9.886173263031667e-08
2.9831886163384673e-05
0.0006028487515099908
0.0
