0.0
11.466359052146858
11.46635905214686
11.466422826811918
11.466422826811915
23.999531902215423
0.0
46.23610920620763
46.23610920620767
45.865662562970584
45.95410039459179
63.680559693253365
0.0
99.99999999999969
99.99999999999994
99.99999999999999
99.99999999999997
99.99999999999999
0.0
81.6350681947803
79.63130346996994
84.09878572440626
100.0
100.00000000000003
0.6624075502348165
61.32611648194937
61.378718661587456
61.02258382641921
78.94257545688117
100.00000000000001
0.0
0.25773496946330415
0.29811412682999383
0.2588704559454312
3.067746931098359
29.29653338366678
0.0
0.0
0.0
0.0
0.0
0.0
0.0
0.0
0.0
0.0
0.0
0.0
0.0
0.0
0.0
0.6995216734089774
0.0
0.0
0.48572775296341525
0.0
0.0
0.0
0.21426836485430006
0.21426836485430006
0.4857277527977437
0.6962521450970395
0.0
0.25785530529949924
4.838093535616141
1.8496242125896587
0.6165413540584062
0.0
0.029252528232590006
0.31518754257275666
0.029252528232590006
0.029252528232590006
0.029252528232590006
0.0
0.0
0.020977298098070155
0.043263163672853044
0.0
0.0
0.0
0.0
0.0
0.0
0.0
0.0
0.0
0.26665190155555996
12.799665314961489
12.799665314961487
12.799750347848228
12.799750347848224
0.26664127244471814
0.0
24.053715804601527
41.959952793219315
41.95995279321931
41.62029191675369
41.69767501942225
23.971215720760718
0.0884378316212332
47.74953862627988
65.20655627194279
65.72405326464565
68.50294227256921
74.5998607206994
33.87040381887514
0.3695941330768355
51.46001958395764
78.28154480503645
79.79958177487025
71.82759388380308
66.74206851906158
40.762013120471245
0.0
51.71666845819099
65.73768077929708
65.93187052655823
67.33404083674515
55.37903283599617
58.804633404924175
1.2591875593598445
4.404488122335127
4.430654558339796
4.43353878386599
4.430735664517095
4.631369698456589
3.052773891985292
0.5427153462368909
0.0
0.0
0.0
0.0
0.0
0.0
0.0
0.0
0.0
0.0
0.0
0.0
0.0
5.595275062001751
0.0
0.0
0.0
0.7994533410388313
0.5174969927031123
0.0
4.804385245543539
0.0
0.0
0.0
0.0
0.6020308527575352
0.6020308527575351
0.4557395234274554
0.0
1.6548103233293177
13.813734857259323
0.2946917774851419
0.5525470827846414
0.5802884752505634
0.580288475250564
0.0
0.21059960596911836
0.0
0.0
0.05115322709258966
0.051153227092589564
0.0
0.0
0.14107441471405316
4.212016016705259
4.070941601991209
0.8806916049947608
0.321893152643883
0.08498824739333075
0.06909101316022809
2.20227789388057
2.202277893880571
0.0
0.0
0.0
0.0
3.73312662177784
3.73312662177784
3.73312662177784
3.732977814226055
3.732977814226055
3.732977814226055
0.0
36.080573706902335
36.080573706902285
36.080573706902285
35.708092179706355
35.70809217970637
35.70809217970637
0.07738310266857903
49.716424935110034
64.19775662030109
52.26263266206181
42.81398585454969
39.26336754449015
50.40340269369314
0.32339486644223103
69.30537813695808
74.31999177944947
71.24043782391968
65.11142515515161
60.84935306972069
60.99355663683873
0.0
58.84184095635441
58.73489466478986
58.73489466478986
56.79223724646165
55.989667709854984
51.45405422930864
1.101789114439864
0.3829898642254943
0.0
0.04326316367285296
0.020977298098070137
0.020977298098070137
0.0
0.4748759279572795
0.02774139246592269
0.0
0.0
0.0
0.0
0.0
0.0
0.0
0.0
0.0
0.0
0.0
0.0
0.0
0.0
0.0
0.0
0.0
3.7632743852877186
3.7632743852877164
0.14158756762331037
0.0
0.0
0.0
0.11803075724671519
0.6242908705803876
0.6242908705803873
0.14549931840392227
0.0
0.0
0.0
0.0
6.331904668027848
2.4894341174657124
0.0
0.0
0.0
0.0
0.004636512601371257
1.18255695765007
0.38837949452291753
0.0
0.0
4.009317045007097
4.009317045007093
0.0
0.8753799266042323
0.31658148704489353
0.0743647164691644
0.06045463651519964
0.0
0.0
0.0
0.0
0.0
0.0
