0.0
11.46642181465515
11.466421814655153
11.466465566187527
11.46646556618752
23.999609664913514
0.0
46.15082336113552
46.150823361135565
46.10615000822029
41.84382791158861
63.93483144947491
0.0
93.39635288114839
99.99999999999982
99.99847249058668
100.00000000000004
99.99999999999994
0.0
90.4211334498946
100.0
99.99999999999993
99.99999999999996
100.0
1.2750520470216424
61.27071656073926
61.89817983680517
72.13589069443134
75.1972685832396
100.0
0.0
0.449941203525163
0.5536111755010885
0.45446718539592523
3.4319405124533073
35.73076674311631
0.0
0.0
0.0
0.0
0.0
0.0
0.0
0.0
0.0
0.0
0.0
0.0
0.0
0.0
0.0
0.11906851280808259
0.0
0.0
0.18863402845279983
0.0
0.0
0.0
1.9392381997632162
0.0
1.5738066064166831
0.7659332702376813
0.0
0.0
4.833040201240643
1.7530422822004845
0.5843474169443558
0.0
0.19122654152949656
0.19122654152949656
0.19122654152949656
0.19122654152949656
0.19122654152949656
0.0
0.0
0.05385444203866009
0.11107471694328748
0.0
0.0
0.0
0.0
0.0
0.0
0.0
0.0
0.0
0.2666550144832763
12.799733485910716
12.799733485910716
12.799791821287213
12.799791821287208
0.26664772256121483
0.0
24.009144177345945
41.8825419520777
41.88254195207772
41.846591946568886
46.10891404320055
23.976449980610187
0.024259881037178938
48.81782768531754
73.94757647897421
51.83750579890088
58.773210168622384
67.17878040448728
31.83815299094367
0.0
52.860812998987306
68.47773491063764
77.83826037282957
66.41384581461026
68.33409261254585
49.15051921175195
0.6644306386018007
52.87557631301803
70.55479187310067
73.38738025750868
67.00892763416445
62.63203105446934
59.72393576157712
1.5656216821991364
0.0
4.06179974345498
4.069204741453259
4.062123027874318
4.274799694092704
3.301224963249969
0.5868844312848496
0.0
0.0
0.0
0.0
0.0
0.0
0.0
0.0
0.0
0.0
0.0
0.0
0.0
0.0
0.0
0.0
0.0
0.13607830035209445
0.0
0.0
0.23133327022232422
0.0
0.0
0.0
0.0
1.7950134182960529
1.7950134182960522
1.9472187369105933
0.0
0.8378429740995843
0.9192666952783303
0.08142372117874665
0.1290500441442827
0.1290500441442827
0.1466989092682372
0.0
0.0
0.0
0.0
0.14989453053879448
0.14989453053879456
0.03459081119083138
0.0
0.0
4.070941628007507
4.070941628007512
0.8806916551608803
0.3218932455173248
0.08498829156221183
0.07471404589244947
2.381511025933244
2.3815110259332406
0.0
0.0
0.0
0.0
3.7331702027658658
3.7331702027658658
3.7331702027658658
3.7330681158570083
3.7330681158570065
3.7330681158570065
0.0
36.013716266018974
36.01371626601892
36.01371626601892
35.96467497091524
35.96467497091525
35.96467497091525
0.02122739590753157
47.73165686467231
69.65501505729634
57.18367426151322
41.71129597443583
38.46339858397807
50.718331161215445
0.0
66.26056955576583
71.03503519474062
65.17845570203554
62.06545543702252
58.40167760331818
56.172021956287935
0.5813768087765756
58.576684199889975
58.420325315403566
58.460412968881265
58.7665075209776
56.91942819543802
52.25844379137997
1.3699189719242444
0.3734122008479603
0.0
0.11107471694328776
0.05385444203866017
0.05385444203866017
0.0
0.5135238773742434
0.09907258630270112
0.0
0.0
0.0
0.0
0.0
0.0
0.0
0.0
0.0
0.0
0.0
0.0
0.0
0.0
0.0
0.0
0.0
0.6729006957887191
0.672900695788719
1.6014328022156907
0.0
0.0
0.0
0.37171174364970827
3.200595003798233
3.200595003798232
0.0
0.0
0.0
0.0
0.04762632296553626
6.278315065521105
2.4271793055117423
0.0
0.0
0.3793219605306282
0.3793219605306285
0.03459081119083138
2.3212011210976895
0.7333226236667294
0.0
0.0
3.616882024565867
3.616882024565873
0.0
0.8753799304042202
0.316581528941728
0.07436475511693535
0.06537479015589336
0.0
0.0
0.0
0.0
0.0
0.0
