1.0712369482158468
12.187879449274712
12.26917262740969
12.127029525796488
12.127029525796477
0.4472627813911275
0.0
25.899739505513665
44.07343174947032
44.26378197075752
46.16514373934311
44.88620313843631
28.399105328782735
0.0
42.798948264608896
99.84679431363168
99.67364977581269
100.0
100.0
43.64952557717133
0.08039803321926511
50.82719145757426
97.21806104375118
100.0
100.00000000000003
98.22796134660443
74.66820612240568
3.6629639554897437
50.752384046227704
90.90684531915366
91.69968144104429
100.0
100.00000000000001
62.52354542828609
3.7772953632013633
0.0
0.3018375220566395
0.4187145528501585
0.17306492911069601
2.3131480735231706
4.626296147046341
0.7710493384061391
0.0
0.0
0.0
0.0
0.0
0.0
0.0
0.0
12.18787944927471
12.269172627409688
12.12702952579649
12.127029525796488
23.99128565159832
0.0
44.07343174947033
44.26378197075751
46.1651437393431
44.88620313843631
63.798543166358485
0.0
59.43629845669101
57.412300102300335
76.05461386993747
77.03577662482337
98.74787482929459
0.0
67.2710927285757
64.57664924780481
53.36802811177803
100.00000000000003
100.0
3.5442010141946625
31.70656902371766
32.49940514560831
25.539181915041482
43.90810510534897
100.00000000000001
0.03550629015574546
3.8151366631346297
3.932013693928155
3.6863640701886875
5.826447214601161
63.12670320941435
0.0
0.0
0.0
0.0
0.0
0.0
0.0
0.00043009072600011907
0.00021504536300005953
0.00021504536300005953
0.00800323751004425
0.0
0.0
3.9548571849638856
0.026950886737734943
0.02695088673773494
0.07057457246045004
0.5759363102411528
4.237954145701795
4.237954145701795
2.013667050452036
0.05133940864949714
0.0
0.0
0.0
0.0
0.0
2.081617908600409
1.8940907513223766
7.653440821478197
3.8397149900620753
0.9139643974647087
2.144282577252379
2.144282577252379
2.5094225899744615
0.1871650285862205
1.29915025763546
1.3958715430874555
0.773015130727085
1.5646087368399173
1.5646087368399177
1.5460302614541708
0.1553445439328824
2.3393133424769657
2.3393133424769657
2.305710453289434
0.9946200153711839
0.36167970621444956
0.0904197474454068
0.12887844238256788
3.8268765071917077
3.826876507191706
0.554989918732844
0.22199596849878586
0.0
0.0
2.5039243376921996
5.295267800091537
3.4238737615626524
1.8691771181859944
5.270538120820186
3.635293153187118
0.0
19.463660028867643
50.33755164083387
32.4984257800373
21.836820403693594
51.495797314059125
35.23870805113554
0.0
53.13707274586036
68.43448722879121
64.17209612118421
46.570639573258006
43.59274170245535
43.76309040228329
0.08039803321926511
62.2924528864942
91.25328529536742
87.25495475174273
90.41900899677464
86.26417454648899
77.51587259208199
3.703940874048292
55.66810426933059
62.718379443843475
58.83404525487813
73.76122845429263
64.90168056396021
59.67587895860975
3.736318444642815
1.2686840690852665
0.1039063361470648
0.23376512192238685
0.5191945233115526
0.17306473590416488
0.0
0.7710493384061391
1.7721005070973326
0.0
0.0
0.0
0.0
0.0
0.0
0.0018242244112766344
0.01016748282663978
0.028676123748313048
0.011105297478641816
0.003701222918705023
2.1971428849671786
0.008298907360977294
0.0436236857227151
0.3728740352975423
4.467774702367681
1.9098948779410208
2.1971428710330474
0.18886568228002712
0.0
0.0
0.0
0.0
3.736905172336714
0.0
24.354562728427155
1.5829791867796412
7.130240379149709
2.380241471780674
0.8129338075573385
0.0
0.5846100361951074
0.9462776672562531
8.680169336779086
3.2550634749803846
1.0850211404557584
0.0
0.2283616719564499
0.3686207594608835
0.5744906055506428
0.2283616719564499
0.2283616719564499
0.0
0.0
0.0
0.0
0.0
0.0
0.0
0.0
0.00021504536300005953
0.00021504536300005953
0.00021504536300005953
2.070272932421253
2.0702729324212505
0.0
0.026950886737734943
0.17095918692584416
0.17095918692584405
0.026950886737734936
3.2084998313905597
3.2084998313905597
0.0
0.05133940864949714
1.8368095777508007
1.8368095777508013
0.0
0.0
0.0
0.0
1.8940907513223766
0.0
0.0
0.20541487724679508
2.118440653628233
2.118440653628233
0.737322082877129
0.1871650285862205
5.291593284933693
5.291593284933693
0.0
10.862687759337426
4.1707066146109755
0.0
0.1553445439328824
2.942394937232541
2.9423949372325393
2.305710453289434
0.9946199703762941
0.36167976148805414
0.09041974744540678
0.12887844238256788
0.5549899187328439
0.5549899187328439
0.5549899187328439
0.22199587794675457
0.0
0.0
