0.0
0.0003814907583299839
0.0015217447405949708
1.8150664722105785e-08
5.858171288571046e-09
1.1064049108775309e-05
5.9233929028824844e-06
7.162981084755374e-06
6.285997455502416e-06
5.063543857733846e-06
1.55357831910375
5.639132914555987e-06
2.1974159575772036
0.218314061056502
3.648430675273378
0.0
4.45617741033
5.710776050853808
5.32887910593396
1.8587575365835907
2.472050834826884
4.232745122991265
2.4722293994648785
4.536631132374277
273.8089359198082
1.4850641747360718
95.28609118885802
0.29382018421908507
0.3161819522542516
1.3387389450984482
0.0
0.8096490926714587
0.9679289892787325
10.336339719004773
9.75770050431639
7.237460705994041
9.897743136196867
24.38940886703854
87.99756115245353
19.39148156555426
207.1372611501896
0.9840509786122044
0.6535230572978072
1.6197982469460581
1.0638970104317202e-08
0.0
4.088792643605041
5.8214985652725856e-05
0.14046690435650624
0.8407172281095598
3.4928639724553294e-05
0.00013660399667973235
24.6786771195131
1.25496826138149e-09
0.14432096998478997
5.285538974734798e-09
0.0001640654982497674
0.0023089211500385933
1.0932483700190353e-08
0.003637376810909771
0.0
0.00027772090342830105
0.0005262928498004954
4.2510103839842866e-10
6.731072473720394e-05
5.45085824244792e-05
12.531674858249312
4.251010284554666e-10
2.1602778902863768e-09
2.5979298528606523e-09
8.16013205044458e-05
0.00028290641658075365
0.0017342564282910432
3.5122864162920138
0.0005231864466869577
0.0
0.0004692601120368394
0.0003833253093879229
0.0004319893452588089
0.0001831991917757452
11.304920979185948
0.00015350131775529149
1.2883478706511167e-09
7.595041972824568e-05
7.99239210006143e-09
0.005766001812785141
4.079234228374272e-09
5.677927276066263e-10
0.00010106738828230907
0.0008532369287261052
0.0
0.00039149170289475
9.721723909435922e-05
7.553220283866525e-05
1.3156076033675158e-09
8.03343993385051e-05
1.3564521618717905e-09
8.97752699944792e-05
7.62661211342487e-09
0.0031494311211795684
5.169318251462582e-09
0.0009021064047225831
5.7168609997763895e-05
0.0004224580502029202
0.0008644633238783255
0.0
5.534996137431527e-05
4.4721426153720094e-05
2.088200083368823e-08
0.0001240213959923738
5.560957641407077
0.00010622381023458022
0.0009408516328975126
0.0005074749611834889
6.856229937299583e-09
2.1433053197171246
9.987623430461095e-05
0.0003040175718714316
6.361480989441049e-05
1.7055450697655362e-09
0.0
7.580401587763683e-05
1.8387919912268813
0.00019752389820179464
31.97728581069023
1.0969567657712676
0.0019591093496181453
4.596956155134857e-05
1.2546571317114235e-08
0.00038940669099665087
6.778960618795305e-05
0.0002784797041055737
6.3398014503864e-05
0.0008970708337571002
6.717309877173897e-05
0.0
4.942646901344658e-07
2.5946303350491582e-09
2.522547381127175e-09
2.968880285002581e-09
0.0026127720736072915
3.8043863117786557e-06
0.0014010456804064814
6.596123402521045e-05
5.3792554273071525e-06
0.00010034090867878608
5.072062603136951e-06
5.5802191176331824e-05
0.0005433869139897898
4.1096130333069535e-06
0.0
0.0008581402179653827
0.3475598340954781
5.451922934933175e-05
0.0018252079035136857
0.9776575849999143
0.001034470384125271
0.0005491074094845553
5.9597543181739305e-05
0.0003280463868372478
3.088506678152814e-05
9.12202258677076e-05
0.0005792837439636392
4.5783330372329894e-05
1.898802827019409
0.0
4.819496636778235
0.00010665136625762586
0.0017667606062962572
0.0014268851047924773
1.182638847856081e-09
0.1878608668099463
2.6741736991513377e-05
4.138249737518518e-05
8.854150239031206e-05
0.0004903054057759019
3.6153635859543103
2.158611970859925e-05
4.285066325499394e-09
0.00048247761380041786
0.0
0.00025555589683020475
0.0028599680101070667
0.0028897160084252285
1.9711254205905324e-10
4.246820736545307e-10
4.761728202234356e-06
7.65635607822783e-06
1.8725898997844417e-05
0.00024205152627641957
2.2439449238171145e-05
3.7938338449824896e-06
6.356049485230357e-09
0.00023697596596544687
0.0011569635442559012
0.0
