0.0
11.466500036343842
11.466500036343845
11.4665345453749
11.466534545374895
23.999746366440803
0.0
46.251051835593294
46.25105183559332
45.82674666129444
45.92804232727059
63.63411713134105
0.0
100.0
100.00000000000004
99.9999999999999
99.77375902855698
99.99999999999994
0.0
76.74821790936693
76.15648472990983
85.63133080956895
100.00000000000004
100.00000000000003
0.0
59.95958787098719
59.97136372447755
60.360076009088914
70.00430164709971
99.99999999999994
0.0
3.464597982641997
3.464597982641997
3.464597982641997
3.464597982641997
30.4221262408483
0.0
0.0
0.0
0.0
0.0
0.0
0.0
0.0
0.0
0.0
0.0
0.0
0.0
0.0
0.0
0.8012229787254148
0.0
0.0
0.9130423029035873
0.0
0.0
0.0
0.0
0.0
0.9130423033214492
0.6701628596771868
0.0
0.5821802971035335
8.100758541577434
2.5953886524697545
0.8651295449636704
0.0
0.09816128088147412
0.09816128088147412
0.09816128088147412
0.09816128088147412
0.09816128088147412
0.0
0.0
0.0
0.0
0.0
0.0
0.0
0.0
0.0
0.0
0.0
0.0
0.0
0.2666586592076912
12.799818716727025
12.799818716727032
12.799864728768439
12.799864728768435
0.2666529077025163
0.0
24.061525367501865
41.973515691613116
41.97351569161301
41.584472185871704
41.673105893600834
23.96703108953058
0.10129566597623639
44.630013123490485
65.22394016629502
65.22394016629497
68.88588351499362
77.86114006821643
33.72260460171734
0.27485677641850176
58.02189357165652
87.35682997332799
87.03552084776175
70.92389462456195
71.94425148084365
40.7547419642807
0.0
52.33807644166871
65.10917172017255
65.12262983844754
70.64256129439116
58.202670888585786
59.66745268835425
1.54679399231382
0.0
3.464597982641997
3.464597982641997
3.8996011030532656
3.8996011030532656
0.0
0.0
0.0
0.0
0.0
0.0
0.0
0.0
0.0
0.0
0.0
0.0
0.0
0.0
0.0
0.0
0.0
0.0
0.0
0.9156834042576169
0.0
0.0
0.9130423061332325
0.0
0.0
0.0
0.0
0.0
0.0
1.061653769623949
0.0
1.4494400544149377
14.39021127047032
0.6653489109754668
1.247529208079
1.247529208079
1.247529208079
0.0
0.0
0.0
0.0
0.0
0.0
0.0
0.0
0.40658141616426313
4.47752305765774
4.070941641493485
0.8806916743781998
0.3218932880201153
0.08498831269318735
0.8062262440106331
1.5116742075199332
1.5116742075199332
0.0
0.0
0.0
0.0
3.7332212289076794
3.7332212289076794
3.7332212289076794
3.7331407078352274
3.7331407078352288
3.7331407078352288
0.0
36.0922880512527
36.09228805125279
36.09228805125279
35.66565257373772
35.66565257373772
35.66565257373772
0.08863370772920685
53.39148096813077
62.23132473061487
52.42567157412755
43.217033258142436
39.057040707140835
49.77964671494707
0.24049967936618905
61.423839126749535
77.25110580301353
66.60104256265413
63.51602930665996
60.18728702990822
61.13211288063959
0.0
58.355511764271114
58.10090092321812
62.64345115193966
60.16467436605669
57.3690095987883
52.20902110230997
1.3534447432745926
0.25914671308492687
0.1105352469311729
0.4350031204112687
0.0
0.0
0.0
0.0
0.0
0.0
0.0
0.0
0.0
0.0
0.0
0.0
0.0
0.0
0.0
0.0
0.0
0.0
0.0
0.0
0.0
0.0
4.31040631948518
4.310406319485181
0.7106469868616896
0.0
0.0
0.0
0.0
2.5821100727365223
2.5821100727365276
0.0
0.0
0.0
0.0
0.0
4.565262082846176
2.0805605261525564
0.0
0.0
0.0
0.0
0.0
2.6887022358896546
0.4630459042933605
0.0
0.0
3.6407962349551948
3.6407962349551943
0.0
0.8753799392051812
0.31658155315559716
0.07436477360653893
0.7054479635093035
0.0
0.0
0.0
0.0
0.0
0.0
