0.0
0.0002687689306957889
0.0010723685778995407
0.0011409607640570623
7.798238265129779e-09
7.826033766851097e-06
4.180469033269561e-06
5.059189251271175e-06
4.4374716446434235e-06
3.5731286358913674e-06
1.6071070133490555e-09
3.7826130185209147e-06
3.605045888897835e-10
2.4046746796030013e-06
1.824975573988987
0.0
1.8249578276023402
3.462643256875895
0.912577149631897
0.6518571473529375
1.043877249410215
1.8601947763828037
1.0436120791445147
2.4786930914711176
333.60423166114157
2.4168000826902846e-05
46.97783294728846
1.0842543256145936
0.00010046401648590336
0.6893618305476052
0.0
0.6893617289657464
0.43573882161846966
8.796637510891564
9.232781972822634
3.739342800462006
5.906165029493579
20.454666268651824
54.35729675156193
19.83246020062002
264.11892216246895
1.814528404848145
0.8661147962022953
1.7302130072537527
0.00019129652365921997
0.0
5.506048907407193
4.0750158963190214e-05
2.3192588442318443e-05
0.02959474654248879
4.325096230823215
9.578712063389253e-05
10.667082618944546
7.573616464807778e-10
2.6989866933082647
9.853192084310647e-10
0.00011502950459074207
0.0018677796117190586
0.0001315542619680114
0.18725476819628573
0.0
0.00019425978476009123
4.4624885715106576e-05
2.9438047662152693e-10
4.727414377416134e-05
3.8306170520259577e-05
2.216039664120151e-09
2.445698785443046e-10
1.7533601466606547e-08
5.132476873683157e-09
5.741089195918872e-05
0.00019913535398893663
0.0012223535788591423
3.9361368662754384
0.0004716153789191044
0.0
0.0003302958947359549
0.0002701594977380486
0.00030395579891654995
0.00012910229026020118
5.1374619383027404
0.00010806100900902002
1.0079993919763808e-09
5.3468916512296093e-05
5.552850693444045e-09
0.003959002371719101
9.129382880852264e-09
5.478708837035083e-10
7.098499906003309e-05
0.0005992861109335823
0.0
0.00043101121968224334
6.820022547262265e-05
5.315113080675087e-05
6.474179129974552e-10
5.6543842751915397e-05
8.699345902789543e-10
6.319401453315252e-05
9.50369414056993e-09
0.0019339879627616435
6.928972114287527e-09
0.0006360957423438495
4.015143464512451e-05
0.0002974483654091408
0.000553344928650653
0.0
0.10832994176758175
3.145891024765833e-05
5.073699291924341e-10
8.7282052117458e-05
11.001294327417604
7.476431194764746e-05
0.0006631025147016058
0.00035774353332336756
1.246226894136642
1.715881837330273
7.031001581521984e-05
0.00021417717614886136
4.4837593767154955e-05
1.007495280299562e-09
0.0
5.334016852844462e-05
3.357887531479796e-08
0.00013907206556816468
19.123024839697027
0.7138134077653966
0.0010050053007424147
3.2315163218130456e-05
0.00013264106065169668
0.0002729096862005866
4.759335955158042e-05
0.00019477780384736073
0.0012650444243995232
0.0006018045688372408
4.717134889778417e-05
0.0
1.2958694125049854
1.4122956134931742e-08
2.528305371353119e-10
5.184706313221594e-09
0.0018261332119818654
2.680513150970701e-06
0.0009877094654059705
4.648915648098372e-05
3.7892972408962134e-06
7.067315230578069e-05
3.574919197773733e-06
3.9281230896583055e-05
0.00040651431675337355
2.8898257089596946e-06
0.0
0.0006040508877099219
0.6706184312154608
3.837296274607214e-05
0.09836687191265908
0.0006620785693047688
0.0007287396838777927
0.00038703245715835066
4.191859014882381e-05
0.00023021075690599243
2.17617535128385e-05
6.42140952278677e-05
0.0003607574456056235
3.219791262838352e-05
2.606224799547611e-09
0.0
10.967259615109603
7.506643022547691e-05
0.0019791553784140672
0.0010058126113669857
3.3306627198871526e-09
2.826113431120583e-10
1.8778476076153006e-05
2.910800490545589e-05
6.234314828921336e-05
0.000345289527157082
1.457575977954066
1.5179897928536513e-05
4.540714849495309e-10
0.00033960650086832907
0.0
0.00017994979388618763
0.002015904244805152
0.001956852865319746
5.551168008354134e-10
2.8681876304677586e-10
3.3432619105370917e-06
5.3873268428131455e-06
1.3200189407458351e-05
0.0002908644432404986
1.581847127487528e-05
2.6679523385963834e-06
5.132192841514638e-10
0.00016675644830662408
0.0008132685474421528
0.0
