0.0
0.00029919836870810537
0.001193480505011286
0.0012702823309550804
9.635970919396578e-09
8.714643457291632e-06
4.656232974521582e-06
5.6341880539785085e-06
4.942521344286926e-06
3.979763551297431e-06
2.0010636614320782e-09
4.214319738812844e-06
4.462994587128244e-10
2.678005024867878e-06
1.8260636564456547
0.0
1.8260439293407846
3.4704397033368632
0.9131313029591765
0.6541785576255559
1.0509073746190059
1.871926112151136
1.0509421419240534
2.4861234083506707
333.5461223912885
2.6923090941136433e-05
46.97041778396485
1.0864133000037215
0.00011186055668268068
0.6901781655362393
0.0
0.6901780399708597
0.43848059079133783
8.801711383285348
9.239025929879352
3.737502442743822
5.9087001371628505
20.455820544378728
54.32871632666559
19.83751184380148
264.1138332969498
1.814218656484413
0.8664537061327453
1.7306634474628466
0.0002130114920742728
0.0
5.507575835280672
4.5382678444057675e-05
2.5831955195625938e-05
0.030058331737443506
4.326172508990235
0.00010666013887046925
10.662061467857367
9.365991962047365e-10
2.6966580082017813
1.2208398407889467e-09
0.0001281007216025377
0.002079850251000725
0.0001464727982701179
0.1881837255473326
0.0
0.00021634362919575206
4.9704477291951435e-05
3.647158291392069e-10
5.265466880529195e-05
4.2666190356354975e-05
2.731970209258744e-09
3.0294748173406133e-10
2.1789758099412052e-08
6.317606629887643e-09
6.394003176619863e-05
0.00022180915812991935
0.0013606939073553925
3.9363838808294513
0.0005263950014132816
0.0
0.00036784003102036176
0.0003005408629744242
0.00033875772088076965
0.0001437576977402601
5.147646643567259
0.00012036191094291967
1.2465727913782583e-09
5.955399690337691e-05
6.865361736865071e-09
0.004405907041051445
1.1301591843548422e-08
6.769142859574434e-10
7.90489750556261e-05
0.0006673302500646366
0.0
0.00048000205950563684
7.598196053240934e-05
5.9198005261232955e-05
7.982500495614148e-10
6.297910899868324e-05
1.0777664273198942e-09
7.038349582267395e-05
1.1810972558350095e-08
0.002152159558090217
8.578019047544987e-09
0.0007077933927335058
4.471475937946824e-05
0.0003313335383541684
0.0006160373238716656
0.0
0.10841463419956485
3.5037380443014504e-05
6.240979190018105e-10
9.721379365654637e-05
10.987259809388204
8.32720158738985e-05
0.0007379769947607994
0.0003981232464109359
1.2481959945472128
1.7172728347643602
7.83084441716462e-05
0.0002385431155020449
4.994180132556736e-05
1.2557659488346531e-09
0.0
5.9408497146777844e-05
4.153354110117218e-08
0.00015487513345238132
19.177164260697857
0.7034456184821175
0.001118372070600277
3.599309569627632e-05
0.00014772313868687676
0.0003038778077693382
5.301108386456913e-05
0.0002169219985847543
0.001408902503363015
0.0006696001901490763
5.2540837426648284e-05
0.0
1.2988131406148702
1.8280759644234998e-08
3.1318182788297436e-10
6.3806752188995335e-09
0.0020320068294388265
2.985664035836373e-06
0.0010991275943762076
5.173549918486237e-05
4.220545549134014e-06
7.871592899409872e-05
3.981921068041102e-06
4.375288166046093e-05
0.0004529514235676978
3.2185493666507232e-06
0.0
0.0006724920035599706
0.6698691130781091
4.274068373191554e-05
0.09966174614978966
0.0007366303613642034
0.0008110845836335741
0.0004306701454794309
4.668376039662631e-05
0.0002566580451475235
2.4237618474074175e-05
7.15217413460088e-05
0.0004015706989127281
3.585914231740611e-05
3.4609380982090755e-09
0.0
10.952397204503342
8.360808967644535e-05
0.0022025154665683455
0.0011192883990181583
4.123362220119552e-09
3.4965078197164614e-10
2.0913886484957338e-05
3.242580123028598e-05
6.94227114232132e-05
0.00038446955442317503
1.4444076589249164
1.6906967933083216e-05
5.57316531769329e-10
0.0003781390874158962
0.0
0.0002003827141514231
0.0022433801880395905
0.002177413265206672
6.872122767139621e-10
3.548015396788067e-10
3.723194725543843e-06
5.999630234666308e-06
1.4689979496772698e-05
0.0003243379533574255
1.7602829821239875e-05
2.971322973760565e-06
6.298796399458783e-10
0.00018573502693982743
0.0009054081675361643
0.0
