0.0
11.466493688097305
11.466493688097296
11.466529544270166
11.466529544270164
23.999736767870004
0.0
47.995945095500026
46.23560496551134
45.86697653639445
45.954980311058435
63.682127777280314
0.0
98.49396533898226
99.99999999999997
100.00000000000006
99.95636288336257
100.00000000000003
0.0
86.47139437394628
86.40618440006877
85.516033569528
100.0
100.0
0.7907306486944953
63.530200440853115
63.87302006457805
60.191590735632076
77.57772466042097
99.99999999999997
0.0
0.25552709505101
0.32409185570078447
0.24512766046487208
3.1343259941556982
24.44940249077002
0.0
0.0
0.0
0.0
0.0
0.0
0.0
0.0
0.0
0.0
0.0
0.0
0.0
0.0
0.0
0.6960876347637065
0.0
0.0
0.8207797237412164
0.0
0.0
0.0
0.2680044059735413
0.2680044059735413
0.8207797212582199
0.7267715506815223
0.0
0.30356068302485933
6.629523165721938
2.4173951832064393
0.8057983901139437
0.0
0.09477354845094205
0.09477354845094205
0.09477354845094205
0.09477354845094205
0.09477354845094205
0.0
0.0
0.03561804305576699
0.07346205256770615
0.0
0.0
0.0
0.0
0.0
0.0
0.0
0.0
0.0
0.26665836195964104
12.799811801300185
12.799811801300176
12.799859609530671
12.79985960953067
0.2666523859308296
0.0
24.05345209462957
40.199154970747976
41.959495100736774
41.621501351242415
41.69850465407342
23.971357187851645
0.08800377466406063
46.51104448429844
65.05631133783811
63.73044512106811
66.7675013243764
74.70792720762687
33.44016433938167
0.333627293342642
52.36311809456983
75.20757198821629
76.32073001466541
70.07370137846209
65.3943068620498
40.47762862903504
0.0
51.621253011391865
63.128472395645865
63.448082063680566
66.6865183328782
56.79884914128326
58.117079467511054
1.088165608233724
4.102958204041844
4.355902608291438
4.373072229783454
4.367431930123747
4.5738032396730945
3.1690318867935052
0.5633834430423458
0.0
0.0
0.0
0.0
0.0
0.0
0.0
0.0
0.0
0.0
0.0
0.0
0.0
0.0
0.0
0.0
0.0
0.7955287254442358
0.18016844424789785
0.0
5.010479355673663
0.0
0.0
0.0
0.0
0.0
0.0
0.7158958018638218
0.0
1.554926012639528
17.662140348248244
0.3469264948855535
0.6504871779104132
0.6504871779104132
0.6504871779104132
0.0
0.12855871848690745
0.0
0.0
0.08571375680127702
0.08571375680127702
0.0
0.0
0.0
4.070941642455717
4.0709416424557245
0.8806916807251968
0.3218932947680643
0.08498831571965716
0.07172223221853696
2.286146633703471
2.28614663370348
0.0
0.0
0.0
0.0
3.7332170674349747
3.7332170674349747
3.7332170674349747
3.733133403031614
3.733133403031615
3.733133403031615
0.0
36.08017814194435
36.08017814194438
36.08017814194438
35.7095251655348
35.7095251655348
35.7095251655348
0.07700330283105306
51.23919037974427
65.72860056507585
53.73448892329201
43.719383762456395
40.421007089453504
52.04935204171969
0.2919238816748117
66.02176520636483
74.1150366982922
68.48255714779299
65.53465868432751
60.91497945984418
60.38913215428689
0.0
58.99312732084567
58.887958762787974
58.887958762787974
57.31476622030595
56.294013158459805
51.1796096643007
0.9521449072045084
0.17288452800577828
0.0
0.07346205256770612
0.035618043055766935
0.035618043055766935
0.0
0.49296051266205243
0.0
0.0
0.0
0.0
0.0
0.0
0.0
0.0
0.0
0.0
0.0
0.0
0.0
0.0
0.0
0.0
0.0
0.0
3.7448008618189412
3.7448008618189403
0.0
0.0
0.0
0.0
0.10404454673615778
1.9768467484940033
1.9768467484940049
0.0
0.0
0.0
0.0
0.0
3.8343990135216965
1.6302827444187837
0.0
0.0
0.0
0.0
0.0
1.793660460281747
0.5386068592276124
0.0
0.0
4.145937489997696
4.1459374899977
0.0
0.8753799348592118
0.3165815529175836
0.07436477625470002
0.06275695319121993
0.0
0.0
0.0
0.0
0.0
0.0
