1.0712336832625489
12.187859876098779
12.26887692626974
12.124222040604488
12.12422204060448
0.4747403026508753
0.0
25.89993434865646
44.07517503181966
44.28525623895037
46.111199094712944
44.854120088124596
26.535199709715933
0.0
42.85070925355557
96.83030810103104
100.0
100.0
99.99999999999999
48.70152696570345
0.8986340858643296
53.58028643962143
97.48455670852955
100.0
100.0
98.4443064874492
64.2919386609735
3.7869183244932545
53.81208146773348
97.5971788332777
100.00000000000009
100.00000000000003
99.27280616973982
75.12499074916465
4.181921337278306
0.11842944720015307
1.968744619959849
1.9687446199598482
1.553820348405742
3.6310878464749665
4.62629572608277
0.7710492222196366
0.0
0.0
0.0
0.0
0.0
0.0
0.0
0.0
12.187859876098775
12.268876926269742
12.12422204060449
12.124222040604483
23.991599773707613
0.0
44.075175031819604
44.285256238950375
46.111199094712944
44.8541200881246
63.90359385781747
0.0
62.469766553734644
57.69617776681702
68.26402134613116
76.70445427783704
97.19577357684825
0.0
71.15880193205028
63.027231709071614
51.952256873804004
97.14404445650013
98.91477286332444
0.0
30.78408990790757
29.305361665225817
8.823255049443862
44.42592825776373
64.98863110329157
0.11842805646564546
1.9687446199598493
1.9687446199598482
1.553820348405742
3.631087846474966
78.71727790403729
0.0
0.0
0.0
0.0
0.0
0.0
0.0
0.00040626677526044847
0.00020313338763022423
0.00020313338763022423
0.007718031879813946
0.0
0.0
2.887014357338183
0.044190253206238914
0.04419025320623892
0.05488951921957915
0.6404321274197136
1.881064328808175
1.8810643288081748
4.096731772076598
0.053839714623859794
0.0
0.0
0.0
0.0
0.00022106803866808956
3.881916189194323
0.09856965418896176
3.465247072297622
3.932007606671908
0.46676053437428794
0.15580783017665087
0.18508329353395797
0.18508329353395797
0.13762044606321563
1.6985966579148848
1.4025182897444892
0.5686516897689757
0.49456969834970366
0.49456969834970377
0.1648562839906285
0.1816175728464404
0.893692643661391
3.88460588337719
3.884605883377189
1.0306660817056545
0.3747872911263042
0.09369663682099147
0.12887845321646899
3.826876537224689
3.82687653722469
0.5549898558857169
0.22199594205534318
0.0
0.0
2.5039262217726117
5.295224961411408
3.423283314640433
1.8695970710989236
5.254373228880943
3.610790861481674
0.0
19.463642307706845
50.344161689501256
32.563906667548274
21.77123700645965
51.29325846008433
33.482269745124
0.0
53.158100655300224
68.08028135697788
58.928080131316506
50.60458185020397
47.972592621317744
47.972592621317744
0.8986340858643295
63.431701998673454
80.31815993061
72.0328870715352
77.20082647984852
71.01680824808744
64.2919386609735
3.7869183244932545
57.683108268426295
61.24123411296427
58.179521786836574
85.40232773002417
83.63595271663432
75.12499074916465
4.181921337278306
1.6059140294181384
0.0
0.20222875118074504
0.7086180274251048
0.23685750366579855
0.0
0.7710492222196366
0.18486205296728692
0.0
0.0
0.0
0.0
0.0
0.0
0.002774312446251298
0.01043147467474136
0.02955237137073327
0.011472803679122224
0.0038236956331843225
1.6038968682954986
0.002774312446251298
0.03873964945909164
0.304211093997425
3.771236969947254
1.2570789411706884
1.603896745706888
0.0903803549537146
0.0
0.0
0.0
0.0
2.276002160796149
0.0
17.152882269312936
0.0
2.4898529644261234
0.9128626438416154
0.0700286607998763
0.0
0.0
0.0
4.46852670983656
1.5777585774384704
0.5259191714785834
0.0
0.2960783681703971
0.4308976591065097
0.6331264102872546
0.2960783681703971
0.2960783681703971
0.0
0.0
0.0
0.0
0.0
0.0
0.0
0.0
0.00020313338763022423
0.00020313338763022423
0.00020313338763022423
2.0671390556259697
2.0671390556259697
0.0
0.044190253206238914
0.187763430932051
0.18776343093205083
0.04419025320623892
3.4674737745740734
3.4674737745740734
0.0
0.053839714623859794
1.9244811836789417
1.9244811836789417
0.035760068897016294
0.5471644761145426
0.5471644761145424
0.0
0.09856965418896176
0.0
0.0
0.0
1.6059140294181384
1.6059140294181384
0.0
0.1376204460632157
2.9805039292827864
2.980503929282786
0.0
0.9243139381854897
0.1848620529672869
0.0
0.18161757284644037
5.281302323232769
5.2813023232327705
0.8936926436613915
1.0305028123595423
0.3747056999598286
0.09369663682099144
0.128878453216469
0.5549898558857168
0.5549898558857168
0.5549898558857169
0.2219958105996226
0.0
0.0
