0.0
0.0002042711636506097
8.353854851553479e-09
0.47146059769524395
1.4328931001459982e-08
6.507827151427456e-08
2.300423202077499e-08
5.633833351861768e-06
2.306298521465782e-08
0.6367111959192302
1.595492766972234e-08
4.44364521746153e-08
3.9841424453502004e-09
6.573790260089353e-07
2.502733284803272
0.0
1.6672132325053903
7.308115104432957
2.772256725179793
1.611237131333793
2.047808643808429
2.862195122446386
6.871063677740505
6.137395874436588
311.19354845425573
5.162101475828868
39.39948702656968
1.019730621502507
1.2384480237340858e-08
0.8993023628789812
0.0
0.8993027383165048
1.0836702588952039e-07
9.499037901607235
5.506847517308566
5.532309626509716
1.2357676056845346
25.999288961542252
64.58838635535355
1.1060191640683605
271.5309250598569
2.304708954976281e-07
0.7386223430832803
1.4772448216707095
2.5696470410740326e-08
0.0
3.8931553391473175
3.7986131447220483e-06
9.330234165541014e-08
0.001252369368569412
1.3724739842899077e-07
2.821768314542068e-09
22.797867113215556
3.6811949764103264
7.06914053749559
3.254596155900174e-08
3.868116658007424e-08
0.0016926100020843
4.0408259656191944e-08
0.21695844753769217
0.0
0.00024740895058038845
3.245348084793965e-07
2.8930254561028494e-06
2.379511906060767e-07
5.439451664474145e-09
10.283452322138077
5.08948287073214e-09
0.24168281103173356
1.9759993567914026e-08
2.4416621240009887e-08
0.4991917432898392
1.0400623834324858
2.3817674818487915
1.807609652068446e-07
0.0
1.8267662602901864e-07
3.018577375399132e-06
1.8947703800172313e-07
3.1627944569150477e-09
4.236883448876639
5.982566034110709
1.1713626629915315
6.835092172857582e-06
1.3408173883429624e-08
0.2256117399556794
8.270619324202432e-08
0.2826626937686786
3.3640404241615955e-08
0.0005939609896261417
0.0
0.00043298576779698874
2.2995461564123145e-07
3.2723821527286427e-09
1.2957841797370839e-06
5.956452444916685e-05
0.16850090019624647
0.0001575629682284656
2.8451000091037147e-08
0.002366278816598774
0.013208772685676027
0.0017384356110695933
4.033550114700702e-08
0.0005840847800930567
0.0008916537560241263
0.0
0.3622532256278129
3.944912008410878e-09
5.719450884092608e-09
0.0002507911009505679
11.109600095943843
0.0002201618931252699
1.9713327028861e-07
0.0007464084639710281
0.826353634832249
0.2651743233135815
2.0485614013561418e-07
0.0005195926674715105
2.437715193185521e-07
4.628634100058074e-06
0.0
3.1041392610101257e-09
0.03869758188777107
0.0003500027299396158
17.788660713862
3.6628237746488365e-06
1.9954839203929746e-07
0.03188180317217642
4.0926885539334994e-08
1.695370012482681e-08
0.07771479599881496
0.00025207668617461534
1.9589397684172664e-07
0.0021157918380904
2.3512591660162026e-07
0.0
4.953951960982076
5.309228971471243e-09
0.34900776277349116
2.1830595877361123e-08
0.004823756622588466
1.9643237779059598e-08
2.337507909126356e-08
0.0025338194695166093
1.634551728783921e-08
0.00011643943964188616
1.5453326596293855e-08
8.040197005624634e-05
0.0008140430334634216
6.044624283468784e-09
0.0
0.0015542465013295374
0.6969742707818796
7.597808663566041e-05
0.0024318095568377205
0.0015749157453011325
0.0018707302748110482
0.0011369777278081206
0.009962489859472881
0.0008796844434729206
1.1084686095628328e-07
0.00019299003486978488
0.0009784592125553634
4.043838695677356e-09
1.5204695617924263e-09
0.0
11.10618016944032
0.00022100100869990326
0.002989711257895765
0.0024777779941023495
1.8689182393050126e-08
2.3476429401974135e-09
1.8776205777106468e-08
0.00010113850380393243
0.16346694553052205
0.000991142259872189
0.28030937795484406
4.022624699393153e-09
5.522298949909838
0.0009467410367237394
0.0
0.0008005455948559277
0.00014341424952837308
0.004897215993391929
5.652213074245397e-10
2.793508629779156e-09
9.620424413691828e-09
1.9659305438561263e-05
0.0159012841771573
0.0004821903236896911
4.519955569024779e-05
4.227837155456268e-09
0.36265073974482565
0.0004596380600100002
0.0012398789189293216
0.0
