1.071237966480906
12.18788615194352
12.269283564144104
12.119588380483457
12.119588380483455
0.5027901296815792
0.0
25.899552753754023
44.0717672717439
44.24328825201779
46.194191277563874
44.88689770059007
26.494916813125446
0.0
38.53750702810805
99.63948280387598
99.17862312295873
99.99999999999996
99.99999999999999
42.430604017118206
0.08936436359082646
53.770194333961584
100.00000000000007
100.00000000000001
99.99999999999994
99.99999999999999
54.03062806399795
1.493883516774968
51.74277140500698
89.17610379305046
89.63471339598992
100.0
100.0
70.18430775736539
3.6513278721882982
0.12712887741490164
1.9928119285182262
1.9928119285182258
1.5984151712828507
3.64594940294029
4.626295316433211
0.771049112485108
0.0
0.0
0.0
0.0
0.0
0.0
0.0
0.0
12.187886151943522
12.269283564144102
12.119588380483457
12.119588380483448
23.9895137811888
0.0
44.071767271743866
44.24328825201779
46.194191277563874
44.88689770059006
63.90778363167787
8.034923466565676
60.34438421622855
58.64680768304562
78.15029574193962
80.483697266362
99.99700941930918
0.0
65.05185217379149
64.89757079318392
55.851042203165306
71.467955240881
100.00000000000001
1.1672068517823149
37.75604529767085
38.21465490061022
21.86930014785274
36.749536466241906
100.0
0.0033090748870498073
1.8656830511033247
1.8656830511033244
1.5984151712828512
3.6459494029402904
29.37198717209749
0.0
0.0
0.0
0.0
0.0
0.0
0.0
0.0
0.0
0.0
0.00695041360766193
0.0
0.0
4.575438574895789
0.07426462970448014
0.07426462970448015
0.16378929528459923
1.1538466956989184
2.0906173001331374
2.090617300133138
5.473327216269425
0.05428529092960628
0.0
0.0
0.0
0.0
0.0
3.098431717227029
0.0
0.0017351553260799577
2.9047858566251454
0.26369450851673865
0.5720405714370997
0.5720405714370997
0.5239187063813173
0.058343666736742565
0.19888573562235146
0.19888573562235137
0.343425760620757
0.782694585815742
0.5959416054344955
0.30121280523791627
0.30097679435820385
5.942159584272421
7.065671964719624
3.562587132851908
1.2944760197701193
0.4707181771612296
0.11767937283094589
0.12887846708434478
3.8268765568912153
3.826876556891218
0.5549897875420241
0.22199590613902453
0.0
0.0
2.5039236235986246
5.295282303690672
3.4240941375469163
1.869735073621638
5.157730302497862
3.5683087853199282
0.0
19.463676970044745
50.3305551688353
32.435249101096716
21.9218807126853
51.3369177207576
33.412866928926846
0.0
51.405862171556684
71.6554189081488
58.787063778306646
50.19166897635104
43.57873209328775
43.12487808969397
0.08936436359082646
63.90186105610413
77.26969363591728
68.36857671314607
81.77280611471649
71.89017879442909
54.30265166401962
1.493883516774968
58.66946945746358
62.4393193926496
61.02376727216196
85.71326891016136
79.27860789793336
70.18430775736539
3.6513278721882982
1.422424121098223
0.20516364117624872
0.28988956910256486
0.7854844395837002
0.25425775482980323
0.0
0.771049112485108
0.0
0.0
0.0
0.0
0.0
0.0
0.0
0.003483633021426894
0.008414911585595227
0.02776302113127012
0.011609439976483107
0.003869451671579896
2.187473846180201
0.00679243355898176
0.032330558142461135
0.427388748876645
3.925189516217328
1.3106023392323984
2.541910288338258
0.08645229478806835
0.0
0.0
0.0
0.0
1.80313647827061
0.06468320434907068
7.060854357791267
0.26195935319065866
13.161377842861208
3.6858636118738444
1.519914186672411
0.0
0.0
0.14454002499840574
1.422771883109455
0.533536726992455
0.17784434200462268
0.016204725840422225
0.18921682853055397
0.22875570899724176
0.39151640068490445
0.17192685814223702
0.1242648083930035
0.0
0.0
0.0
0.0
0.0
0.0
0.0
0.0
0.0
0.0
0.0
2.073005833953168
2.073005833953168
0.0
0.07426462970448014
0.2500713409329184
0.2500713409329185
0.9367706044342193
3.1137615699785695
3.1137615699785695
0.0
0.05428529092960628
1.9272835079457882
1.9272835079457886
0.0
2.931417125553541
2.931417125553541
0.0
0.0
0.0017351553260799577
0.0017351553260799577
0.0017351553260799577
3.267229529500834
3.267229529500834
0.0
0.058343666736742565
1.784805448661916
1.7848054486619165
0.0
4.0824677327066325
0.2448239081630549
0.0
0.3009767943582038
4.563072284817956
4.563072284817959
2.4390747524046956
1.294475785103027
0.47071816736715544
0.1176793728309459
0.12887846708434478
0.5549897875420241
0.5549897875420242
0.5549897875420241
0.22199573701841396
0.0
0.0
