1.0709061247979403
12.185861174358353
12.23810072063323
12.118798089746019
12.118798089746006
0.47622082376110103
0.0
25.89921075230088
44.06870275099195
44.28704503020667
45.58887098217902
44.6454588211666
26.373593693903977
0.0
44.75570759437437
79.45742287153872
79.33562264210329
100.00000000000007
99.99999999999999
50.43995416238548
0.0
51.30774874777173
78.84298758307175
78.51551343761521
100.0
100.0
51.70416438456579
0.40670576349321247
55.562678555877355
63.57089644512437
65.13370508114073
67.26476104928442
65.3169729059905
66.92781464283513
0.0
0.05623209683268328
2.046939276978957
2.046939276978956
1.807375915155275
3.6715617074570264
4.0103013619520365
0.6683835570118333
0.0
0.0
0.0
0.0
0.0
0.0
0.0
0.0
12.185861174358354
12.23810072063323
12.118798089746022
12.118798089746008
23.990624676068677
0.0
44.06870275099197
44.28704503020667
45.588870982179
44.64545882116659
63.90089545996444
0.0
79.45742287153872
79.33562264210327
67.94714468999297
68.57512505346773
100.0
0.0
78.84298758307176
78.51551343761523
54.97123984276016
55.9943758495747
100.0
0.0
63.570896445124355
65.13370508114072
67.2647610492844
65.31697290599048
100.00000000000004
0.18789193625571457
2.046939276978957
2.0469392769789554
1.807375915155275
3.6715617074570264
14.980451967378203
0.0
0.0
0.0
0.0
0.0
0.0
0.0
0.0
0.0
0.2318861723474926
1.0434878372575185
0.0
0.0
0.243600424505936
0.008834148234132897
0.08417775022901183
0.08417775022901183
0.6052585290764574
1.2491306649331844
1.2491306649331846
0.6549481374838466
0.05372948574132104
0.0
0.0
0.15888455118340836
1.2722483075711986
1.272248307571199
0.7609158394246753
0.0
0.02989521098694197
0.6024030202095437
0.5725078092226017
0.1961865344925783
0.19618653449257845
0.08952681043421556
0.0539595253360486
0.0
0.0
0.0
0.4020146471124357
0.40201464711243573
0.14481116726397034
0.09644964241944541
0.0
3.9417530104922056
3.9417530104922056
0.9782168323804026
0.357259974461247
0.1999531087903761
0.1068968799710988
3.3314197678886686
3.3314197678886677
0.4849020374690948
0.19396081632056789
0.0
0.0
2.5041228817184114
5.290852166821135
3.3618787432443575
1.8635645250091164
5.229733274905036
3.609922901727634
0.0
19.463708109015393
49.394897684062975
32.43956750527357
21.030387833799168
50.984146216527364
33.52730177463154
0.0
33.74948111910035
82.4445532466502
50.39472620731245
48.25405409872517
48.94253270447841
51.036510134614865
0.0
38.972022834871055
100.00000000000007
79.79545755986261
75.16966519642493
87.2433242037937
63.777823391934405
0.4067057634932126
32.43802035282661
84.08085724556669
53.357072683197224
36.25191560078456
84.90630195051781
53.662276938197984
0.0
0.05298386413450044
0.0
0.16748189360799495
0.4228946268146777
0.14096485285529856
0.0
0.6683835570118332
0.0
0.0
0.0
0.0
0.0
0.0
0.0
0.0019683431454455592
0.004273218391716725
0.15445244318359172
0.0
0.0
0.24360041974092164
0.008900812257436112
0.2318861723474926
1.0669123430879301
2.9263910792505974
1.0395667655360303
0.654948274548585
0.09291034853912694
0.0
0.0
0.0
0.0
0.6549482869807417
0.13087356646411094
0.0
0.0
0.011282026984741624
0.011282026984741624
0.1324596571726122
0.0
0.0
0.0
6.903377031128715
2.5887663774493275
0.8629221200751703
0.5060138215839781
0.2530069107919889
0.3603965975362753
0.37484813474746914
0.15153894046833238
0.0
0.0
0.0
0.0
0.0
0.0
0.0
0.0
0.0
0.0
0.0
0.0
3.0651442557549298
2.0216564184974106
0.0
0.008834148234132899
0.21624597038809965
0.21624597038809965
0.08417775022901183
6.94604903136697
6.94604903136697
0.0
0.05372948574132104
1.92232150570322
1.9223215057032201
0.4953210270591607
4.172107476983412
4.172107476983413
0.0
0.0
0.0
0.0
0.0
6.946392052492912
6.946392052492913
0.0
0.0539595253360486
1.8346242580342815
1.8573181947592416
0.022693936724958872
5.526787785138889
1.8422625912891508
0.0
0.09644964241944541
3.279288520134892
3.279288520134892
0.0
0.8891587261910375
0.2926154434438972
0.0
0.10689687997109878
0.4849020374690947
0.4849020374690949
0.4849020374690949
0.1939608000644678
0.0
0.0
