0.0
2.4929820325676293e-07
1.881111667390969e-08
1.0397848634123463e-07
2.5721038559756642e-08
2.382977591368039e-08
1.8485229388724053e-08
2.266729106280704e-08
2.396688554339739e-08
8.471309775891175e-08
1.8162822539158254e-08
2.4367310178756624e-08
2.5097139805533595e-08
2.30464686011608e-08
2.234413626061777
0.0
2.0839378712746655
12.882816716960862
2.6941220712736706
1.1070610590289733
27.13357217963402
47.551725335555595
1.7917888292859214
7.54319548382338e-09
208.8627058206332
20.32592779502178
59.19189236694604
1.9859266314003978
7.018001026150027e-08
3.354410190150434
0.0
3.160733976832549
0.1564426384426264
6.439549662188582
2.01761009880557e-06
7.958152633338952
6.064171325466539
64.61283639154122
42.14912667544264
14.207779882889879
204.12237654947475
3.5144478563401957
0.000461289825324324
1.0745302155084926
2.0664423854673646e-08
0.0
5.776584489916346
8.362334303346422e-07
1.1368213519951621e-05
6.391530274870927
0.5982406027134942
4.74431911101124e-09
16.795165222308558
7.313692186583659
59.54686325169416
3.769438483744841
0.00020342753435350817
3.567152667037353e-06
8.051676103379927e-08
0.11193910888553057
0.0
1.2245080013183057e-06
2.1319662381329538e-05
0.11156141459569978
0.06722106909576703
1.1202213397374026e-08
1.381489624850352
0.05895149981852725
0.10597979082033503
1.14726415677293
1.3721856857322065e-07
1.2215807524107993
0.6572359616678243
1.9461740145938418
2.3468523269014188e-05
0.0
3.252011210123495e-05
0.13755113180355638
2.3162361490432016e-05
3.754203676941835e-09
0.022698291139809302
0.007647443754049028
11.091200801964801
1.8318827253386456e-07
1.9791320215666187e-08
0.036770557456699784
7.836446881303505e-08
8.539919866183083e-08
2.8134168964783232e-08
1.603491387267885e-05
0.0
1.6503807058393804e-08
1.795772913802888e-08
3.978958116052379e-09
2.8624152902650528e-08
3.501423951589142e-08
38.18850824179954
2.7297442457990575e-07
2.999648586803898e-08
1.2459465495488824e-06
2.0430668633329455e-07
1.158018621974065e-07
3.477386018991196e-08
0.00015123876218785376
1.968594358749902e-06
0.0
2.4480442808662534e-08
4.515353310716965e-09
3.27553901841012e-08
3.912342593508151e-08
5.416155903339814
3.04580301617958e-07
0.00022426904300066363
0.7019992623046705
0.16256327614340843
0.23934554841137393
1.4765261078147735e-05
8.24426873722128e-06
1.6482864302358364
0.1502802716115458
0.0
4.172920688220372e-09
2.4061597590227914e-07
2.485682593364307e-07
2.3942427426717283e-07
9.813408915099007e-08
0.09273093860131673
0.16631914211658835
8.365964761281412e-08
1.795244529638127e-08
0.12358681826544869
1.218925582448468e-06
2.116343234284926e-05
0.11414042381879005
0.05815173460269908
0.0
12.045439191445547
0.053563671999389224
0.10386428792481892
1.8837174154071955e-07
1.9794883587245294e-07
1.4032810997415552e-05
0.0030265567501324775
2.3927088868408e-08
1.1708739846159592e-05
1.4891704922905362e-07
1.256164745717981e-05
9.046538061511192e-08
0.00043524301362182576
5.753213249267212e-09
0.0
0.001167476792581107
0.333784082290265
2.4077922554071154e-07
6.700616017226874e-08
0.6304409072821199
1.5324496062727237e-07
3.367338469969331e-07
1.0139239455447357e-05
7.679437337390368e-06
0.566483353607615
0.0035001796758196498
1.7808528597601066e-06
4.282034459689783e-09
30.295544524447312
0.0
3.589328903711287
2.842154777956962e-07
1.8651510057534415e-08
0.2049305734954895
8.755651112374841e-08
8.587603772370979e-08
2.229017085985064e-08
8.458376528748654e-08
2.967575132392316
0.0003964040565543321
0.000313701684830502
3.758673124581744e-09
2.1124371810738234
0.00039659201416912125
0.0
0.00038330350763955093
1.7367378062018446e-08
0.010423374587562689
8.668872935444405e-08
2.321175179124933e-08
2.110836681176839e-08
8.267194270341168e-08
0.22708813624339386
5.637246665103132e-05
4.615827259106086e-05
3.8608154209352114e-09
2.1271391518345984e-07
5.6561932631025836e-05
0.0014433564076268724
0.0
