1.0709064025847532
12.185862419229034
12.238112187524772
12.118063912738084
12.1180639127381
0.475934574046293
0.0
25.899218256764843
44.0687694119946
44.28824051573996
45.599863347255855
44.64984564621641
26.375758332502503
0.0
44.751675842138724
79.41686027333705
79.29279977725436
100.00000000000003
99.99999999999999
49.24132872558556
0.0
51.24365966726645
78.26912818158732
77.90572527618801
100.0
99.99245901721014
47.15580323869644
0.19541267242482013
55.58407532128976
63.62967290906103
65.04503230008957
67.34962227935976
65.20722712237192
69.89873868301126
0.0
0.007004361898677492
2.128210607456526
2.381763180096892
2.4865579456539217
3.9421194320731994
1.4592486743715438
0.24320811115850183
0.0
0.0
0.0
0.0
0.0
0.0
0.0
0.0
12.185862419229036
12.238112187524775
12.11806391273809
12.118063912738116
23.99048257955377
0.0
44.06876941199462
44.28824051573995
45.59986334725585
44.649845646216406
63.900996868844075
0.0
79.41686027333708
79.29279977725434
68.0899327046099
68.0899327046099
100.0
0.0
78.26912818158733
77.90572527618801
54.78708853187161
56.07548363471439
100.00000000000006
0.0
63.629672909061014
65.04503230008957
67.3573510995986
65.20722712237192
99.99999999999999
0.2503776567958507
2.1282106074565257
2.3817631800968915
2.4865579456539217
3.9421194320731994
12.042621541942358
0.0
0.0
0.0
0.0
0.0
0.0
0.0
0.0
0.0
0.23292609571782164
1.0481674466014366
0.0
0.0
0.24812098338172647
0.009087769055208585
0.08888711441453359
0.08888711441453358
0.6203052906895566
1.2684997584636954
1.268499758463695
0.7268057821447844
0.05373185170701675
0.0
0.0
0.4941939912841815
2.043519940032102
2.0435199400321014
0.8131138098040298
0.0
0.7060942111865254
0.658366155260222
0.658366155260222
0.0
0.0
0.0
0.03945910426577377
0.0
0.0
0.024521611231379952
0.31031605289363506
0.31031605289363506
0.11107734904109076
0.0864044107127126
0.0
4.09443455890158
4.094434558901579
0.9054787589827448
0.33556605491513813
0.07769552719088915
0.09097259300749905
2.948853798536196
1.1170468172475827
0.1442143618383335
0.057685746201864826
0.0
0.0
2.504122818328669
5.290855881719714
3.361904966171511
1.8636049876241445
5.226224374619659
3.6100712876235503
0.0
19.46370743007469
49.39096165664576
32.44256049886604
21.04635259379208
50.990577288753435
33.52523853983227
0.0
33.74984764823336
82.55663935251086
50.50669013652707
47.75885676017422
49.07616365988477
51.17222049492448
0.0
38.97784911993225
99.99227117976119
81.9282193553306
82.52064526893449
96.1944100093021
60.84502562692239
0.1954126724248201
32.43594969932442
84.43744899110453
53.714354646703114
36.29365642035099
85.68237000586315
60.51581651573737
0.0
0.04332082095500332
0.0
0.012042564765272231
0.00526560289007549
0.00526560289007549
0.0
0.24320811115850183
0.0
0.0
0.0
0.0
0.0
0.0
0.0
0.001998406763734426
0.00413697699125126
0.15433811188828
0.0
0.0
0.24812098239272712
0.009042129166736393
0.23292609571782164
1.0481674466014366
2.9244570597563877
1.0244216598216263
0.7268058067708146
0.09260640582820678
0.0
0.0
0.0
0.0
0.7268058098739695
0.14712244537282723
0.0
0.0
1.6596267691211843
0.5532089145123174
0.10830205122475041
0.0
0.0
0.0
6.883055667428666
2.5706393345877814
0.8568797768261839
0.4276445305745113
0.0
0.011582901707811231
0.018359863583007962
0.006317298817735739
0.0021034474324280765
0.0
0.0
0.0
0.0
0.0
0.0
0.0
0.0
0.0
0.0
0.0
3.0694924463448743
2.021324999743439
0.0
0.009087769055208585
0.22010658798331698
0.220106587983317
0.08888711441453358
6.896672628886968
6.896672628886968
0.0
0.05373185170701675
1.9224062273210052
1.9224062273210063
0.16527509995545345
4.092787572630745
4.092787572630744
0.014008723797354985
0.0
0.0
0.0
0.0
3.061518268821834
3.0615182688218354
0.0
0.03945910426577377
1.3416096428545528
1.346207477318107
0.0045978344635561885
5.496808858868737
1.8322696186127103
0.0
0.0864044107127126
2.937750006741648
2.9377500067416484
0.0
0.9077239120113382
0.3358834349648109
0.07769552719088915
0.09097259300749906
0.14421436183833347
0.1442143618383335
0.1442143618383335
0.057685731549995414
0.0
0.0
