0.0
3.461722077336736e-08
9.34977805756872e-09
2.194405591528255e-08
2.0458042331341843e-08
2.0177458952632852e-08
1.9511027003748584e-08
1.9477888412917744e-08
2.0414787897070965e-08
12.752640622736541
6.994034478880513
2.1454546397061646e-08
5.940695978798316
9.346193443944276e-09
7.228613402814885
0.0
4.878991190054466
12.715474797856016
5.309011843760812
7.529145863114315
23.009827851554466
16.00563639008307
8.425314448701293
9.578181907402368e-09
157.98828762221413
13.859919614716736
120.04974426826644
11.479978379809198
1.6993308170450813e-08
4.555673386747314
0.0
2.4151009719812384
0.033200700019576715
10.465859234773028
3.6027474505490327
13.120937819462348
9.27199751848287
56.82408430155998
11.400092949678811
12.920511901987659
210.88721038325136
3.4144034243428125
1.4158513739134252e-08
1.0754970717759882
1.0544273980404597e-08
0.0
2.4474832073800163
3.665338685453746e-06
0.8086668420226297
6.473421360499236
0.8084783820412555
4.196924753698739e-09
83.64798734842262
0.24674598411583515
7.751354774723654
5.128069049536477e-08
3.383818310937259e-08
0.0015851422495422225
1.656789133701891e-08
0.15545318732875538
0.0
0.00022378450680158446
1.2519818976315763e-06
0.05494050634002877
1.3021703522897338e-06
4.627693454723468e-09
7.156156769763537
4.2702454564679064e-07
0.041543034896153797
9.374529849203685e-08
2.2844153249104815e-08
6.6296567369114054
5.769229618713957e-08
0.10375608796083634
0.0003980112589381575
0.0
7.403392178332834e-07
0.046742554723129555
1.915118663695082e-06
3.02354503036497e-09
31.28342746125913
1.0493696694257989e-06
0.039403962141609815
1.286915306326037e-07
1.686545717030359e-08
0.2883199529132316
1.37898490033025e-08
7.700267137176008e-08
6.39294164082831e-08
0.0005946288296200071
0.0
1.278622953015322e-08
1.4624059355246103e-08
3.0003805629478806e-09
2.9152604428518503
2.1038555394975703e-08
32.766210620936306
1.6671718651083219e-07
1.846610895222371e-08
0.019301330661189445
1.3421273909411407e-08
1.01190464530911e-06
1.2610277657645111e-07
8.081926992268033e-06
0.00013376405860343038
0.0
4.501044435828508e-07
3.439663667860675e-09
1.5648829393896149
2.5716120089332153e-08
1.9504573012930457
2.1153150486100475e-07
1.639518869532451e-07
0.085511625905253
3.1912420098431395
0.008983253416783176
0.0062705448020455605
0.0005113909135657635
0.006269625057918778
2.4049566029522454e-08
0.0
3.0893251736020063e-09
4.468233208945009
0.00013136433965526488
0.5686694367125102
1.7118921082364918e-07
0.02747207887228069
1.564230129891313
1.7442784956463705e-08
2.1869229898693148e-08
2.881826689314718
3.99648619927756e-06
5.043369345336812e-07
0.07644286760043173
1.2938218846732548e-06
0.0
19.17191171610844
4.2524703377126914e-07
0.0526772918784875
9.209079989843234e-08
0.0021408679412160663
1.2857057479942232e-07
0.002500318956081212
1.2410427920419422e-07
7.077288479339918e-08
1.1781540211222246e-07
4.990962662702944e-08
1.340595667293675e-07
0.0008107342852941708
3.725898542547798e-09
0.0
0.0015944154949386086
0.21211093174107737
1.4988809625077718e-07
0.03361083873630058
0.0075607597320084974
0.4113987070048507
2.2731274050360494e-06
0.007920673878515541
2.043312352891071e-06
0.09047293738482495
0.011105269715562
7.407879252764348e-05
2.8435746500673554e-09
70.77914258141871
0.0
1.6151557252566402
1.8305768468111234e-07
0.4601958532861452
0.22297313665972399
4.46835997102071e-08
0.0005177229444497753
0.14939056874240275
0.8549968547401299
3.2258152610155104
0.00026648867556032095
2.307086557426967
4.141460198629266e-09
0.0007417211270188955
0.00027128623240373735
0.0
0.0002288106538465794
0.0842149829864612
0.07313860347073847
6.125353883395769e-08
0.0005269765852496903
0.06582124951883919
0.08656969321408332
0.19875074233211715
4.358799227739512e-06
0.08973149915410222
4.9518688922540175e-09
4.407613346336273
9.500483393041135e-06
0.00030003520217557986
0.0
