0.0
11.46651191905479
11.466511919054795
11.466543996760004
11.466543996760006
23.999764512175883
0.0
46.231195091110585
46.23119509111061
45.878461660129396
45.96267077564237
63.69583421002766
0.0
98.47661550651577
100.0
100.00000000000009
99.98311211426622
99.99999999999999
0.0
86.48407382064849
86.43494297691926
85.30155119991377
99.99999999999999
100.0
0.7822416226054802
63.56331872898379
63.888054966561846
60.234648283755035
75.4225585517734
99.99999999999999
0.0
0.2574429430920796
0.3247489331363639
0.24774421310135628
3.133280450216879
24.252905628980546
0.0
0.0
0.0
0.0
0.0
0.0
0.0
0.0
0.0
0.0
0.0
0.0
0.0
0.0
0.0
0.6660728046429647
0.0
0.0
0.8192630730544042
0.0
0.0
0.0
0.34840936242998727
0.11613644940030103
0.8192630708766763
0.7156794098881905
0.0
0.2642076304215142
6.625062204654952
2.41576853534751
0.8052561750186925
0.0
0.08738983743820507
0.08738983743820507
0.08738983743820507
0.08738983743820507
0.08738983743820507
0.0
0.0
0.034964132916983685
0.07211340130349653
0.0
0.0
0.0
0.0
0.0
0.0
0.0
0.0
0.0
0.2666592373621328
12.799831636220175
12.799831636220185
12.799874406493798
12.799874406493801
0.2666538910779304
0.0
24.051147277516396
41.955492409566524
41.95549240956656
41.632072712794226
41.70575568886808
23.97259225448258
0.08420911551286725
46.48206818574473
65.07107501410809
63.547690520623945
66.3649527078858
75.08110227477101
33.777789120114846
0.3501618279719617
52.353241449284205
75.1969036336749
76.30007309969044
70.35840238620584
67.42534313867908
40.46132616114366
0.0
51.62534367240958
63.18019512039972
63.483098004961604
66.74551893909978
56.77563963891303
58.23112546306385
1.1103762811394964
4.116983791618326
4.357584876198054
4.3737569942834025
4.36825665713804
4.574366388360574
3.1637595290997953
0.5624461357100694
0.0
0.0
0.0
0.0
0.0
0.0
0.0
0.0
0.0
0.0
0.0
0.0
0.0
0.0
0.0
0.0
0.0
0.7612260624491023
0.0
0.0
5.022461608569314
0.0
0.0
0.0
0.0
0.0
0.0
0.6151804653939924
0.0
1.6163453206150826
17.529420418645124
0.30195157762458774
0.566159208046102
0.566159208046102
0.566159208046102
0.0
0.08237306205754694
0.0
0.0
0.08407825245138406
0.08407825245138416
0.0
0.0
0.0
4.070941645806354
4.070941645806357
0.8806916867625407
0.3218933061986772
0.08498832134927482
0.0716029099231902
2.2823431403185843
2.2823431403185857
0.0
0.0
0.0
0.0
3.7332293230698594
3.7332293230698594
3.7332293230698594
3.733154475091026
3.7331544750910255
3.7331544750910255
0.0
36.076720916274525
36.076720916274525
36.076720916274525
35.72205024434394
35.72205024434395
35.72205024434395
0.07368297607375884
51.26943614056996
66.07183648079139
54.10813986216284
43.73464794050693
40.57513886764756
52.02600953914313
0.3063915994754665
66.01702618361314
74.12844262677203
68.56494109261895
65.52276521361549
60.897915518568766
60.36509510994648
0.0
58.993033409155586
58.88818793427722
58.88818793427722
57.31015540047025
56.23683842556319
51.19049870191463
0.9715792459970595
0.08132321203440171
0.0
0.07211340130349649
0.03496413291698371
0.03496413291698371
0.0
0.49214036874631073
0.0
0.0
0.0
0.0
0.0
0.0
0.0
0.0
0.0
0.0
0.0
0.0
0.0
0.0
0.0
0.0
0.0
0.0
3.583327599959858
3.5833275999598575
0.0
0.0
0.0
0.0
0.10661031313491462
1.9719482180772183
1.971948218077212
0.0
0.0
0.0
0.0
0.0
3.8262219914172295
1.6295455144262918
0.0
0.0
0.0
0.0
0.0
1.7432536563185064
0.5198959675048658
0.0
0.0
4.140659640697189
4.140659640697176
0.0
0.8753799357509959
0.31658155838195584
0.07436478118061547
0.06265254618279141
0.0
0.0
0.0
0.0
0.0
0.0
