1.0712428708793302
12.187918653692382
12.269832542667048
12.131067201009083
12.13106720100909
0.4795206186872717
0.0
25.899090293496815
44.067639549872126
44.192456402772876
46.06271227907313
44.8344571426915
26.468853481420773
0.0
42.681424340256655
96.21567657368841
100.0
100.00000000000001
98.90260231931937
41.16260051918481
0.0
43.70503732825745
99.97041231454007
99.34429768439526
100.00000000000003
99.99999999999999
62.06362289292211
2.8435920347902988
53.5750319497475
90.7233019709058
91.55472656433626
99.99999999999996
100.0
75.54002770687636
4.409299782015025
0.0
1.8551682396360296
1.8551682396360296
1.479646739093465
3.6063628945803425
4.6262951796177765
0.7710490694988588
0.0
0.0
0.0
0.0
0.0
0.0
0.0
0.0
12.187918653692384
12.26983254266705
12.131067201009087
12.131067201009099
23.99310909440586
0.0
44.06763954987217
44.19245640277287
46.062712279073125
44.83445714269149
63.90627078227774
0.0
67.10959003082127
59.89243091319424
78.51802012592411
85.97784865906536
92.79446936107338
13.529583669101312
56.32729080992924
55.261418209430765
59.502447490671415
78.0881217828661
99.59458843529454
0.0
37.2997104781282
38.131135071558745
15.314741418262834
34.57527491043521
99.99999999999999
0.1979409242569308
1.8551682396360294
1.85516823963603
1.4796467390934651
3.606362894580343
44.70849931296891
0.0
0.0
0.0
0.0
0.0
0.0
0.0
0.00038089991233161214
0.00019044995616580607
0.0006347969587979633
0.008619037301242161
0.0
0.0
6.179104133086886
0.0027437727353442462
0.005487545470688492
0.0
0.8245497982655476
3.2903230763967257
3.2903230763967257
2.2169461001764508
0.05385512514587316
0.0
0.0
0.11881011102516731
2.643523638153478
2.6435236381534786
3.349210671099477
0.0
0.0
11.93576925463011
0.0
0.0
0.0
0.0
0.17887726957593705
2.9691816653769108
2.4387017586724653
0.42970425055404793
0.8624617928581818
0.8624617928581819
0.2259856828313715
0.6350426657698506
4.363354630671294
7.696596134656195
3.968284169754755
1.2221915165911403
0.6350426657698505
0.6350426657698505
0.1288784885690774
3.8268765477398743
3.8268765477398747
0.5549897201778607
0.22199586388393194
0.0
0.0
2.503920096576017
5.295358797791664
3.4251913772967915
1.8686764548123425
5.29165821870924
3.609327678500211
0.0
19.463718960515404
50.315136854942565
32.28048144615233
21.684765219821173
51.25973894198208
33.437417485718726
0.0
53.08932807823061
68.052331599744
62.09721693386168
42.37121958542107
40.17642423555316
43.874584887315535
0.0
59.225652690237524
88.22044800352441
86.33999912734657
73.11322405992591
67.41319716827384
62.063622892922105
2.8435920347902988
56.98068739694408
61.16452841903403
58.50257964237649
88.21124359537393
84.84290917674812
75.54002770687636
4.409299782015025
1.6073383708182987
0.0
0.15217915603423815
0.570803757030424
0.1979409242569308
0.0
0.7710490694988588
0.0
0.0
0.0
0.0
0.0
0.0
0.0
0.0004443470026321573
0.012097420216878658
0.02654711192927684
0.0072258415885232625
0.0
3.4328356790575794
0.0
0.023326240556841536
0.8478760388223894
3.684765112045773
1.2282549611346043
3.4328356468217756
0.08787010725763704
0.0
0.0
0.0
0.0
1.7399114377109428
0.0
0.0
0.0
0.0
0.0
0.0
0.0
0.0
0.0
5.078988149598936
1.8036710113898933
0.21925914679265374
0.0
0.6813344354761683
0.7827873086866313
0.7841119359491489
0.5304799067044472
0.5304799067044472
0.0
0.0
0.0
0.0
0.0
0.0
0.0
0.0
0.00019044995616580607
0.00019044995616580607
0.00019044995616580607
2.0811675049778864
2.0811675049778864
0.0
0.0027437727353442462
0.14667382589526398
0.1466738258952639
0.0
4.0183154005072605
4.0183154005072605
0.8245497982655476
0.05385512514587316
1.926812453518313
1.9268124535183122
0.2970245889363932
0.0
0.0
0.0
0.0
0.0
0.0
0.0
2.9065741852579947
1.6073383708182987
0.0
0.17887726957593705
3.2477131134685644
3.250766405218651
0.4327575423041339
1.6628491868609505
0.431701186924659
0.0
0.6350426657698506
5.03264044217438
5.03264044217438
0.6350426657698506
1.007905655748259
0.6350426657698506
0.6350426657698506
0.1288784885690774
0.5549897201778609
0.5549897201778607
0.5549897201778607
0.22199562052867503
0.0
0.0
