1.0712263362260448
12.18781820066344
12.268300671364667
12.130339713242925
12.134640538030933
0.4799115432142266
0.0
25.9009923231464
44.05943008521973
44.124510988144785
45.84549157172676
44.74867409115192
26.57568507236852
0.0
45.61780037691719
97.70224830107594
99.64193323460488
100.00000000000004
99.46542889813756
58.66140547924505
1.5903373290262297
53.59988072229859
99.99999999999996
99.92464048601668
99.99999999999991
99.445020353828
62.93978171744036
3.41103056267185
50.70572060291729
85.71632918462404
84.87774406514937
100.0
98.47990813187957
60.66443095730442
1.4504726437965403
0.0
0.5446626703945258
0.6066376639531862
0.2723313365508611
2.3018351450442056
4.603670290088411
0.7672783719058263
0.0
0.0
0.0
0.0
0.0
0.0
0.0
0.0
12.18781820066344
12.268300671364667
12.130339713242924
12.13464053803093
23.992909064952023
0.0
44.05943008521972
44.124510988144785
45.84549157172676
44.74867409115192
63.89522515191548
0.0
63.732429714373055
76.44611190675128
69.49436958454275
90.84677846412046
98.83461568930208
0.0
69.52541737804964
72.37705971288882
50.75489496069708
91.1584903021967
94.28470077964111
1.7099804966339354
32.63082034387739
32.63082034387739
31.308112762203248
54.35642589419148
99.26634262250406
0.0640770385573583
3.4598025630042115
3.5217775565628724
3.187471229160548
5.216975037653889
100.0
0.0
0.0
0.0
0.0
0.0
0.0
0.0
0.0
0.0
0.2552580676299446
1.1486614064944614
0.0
0.0
3.0161592396323322
0.0036342076561159363
0.0
0.0
0.0
0.8119617917682235
0.8119617917682234
3.016159229037238
0.05401964256811988
0.0
0.0
0.00703740750583782
0.0
0.6009927892061031
1.3520739091508316
0.03156949600576387
0.27143535237011635
16.22426644845542
0.9447941933877324
4.451403023864753
4.451403023864753
1.8250280045445348
0.13109186570379053
1.3590109961213286
1.35901099612133
1.3590109961213301
0.6196846867164355
0.5000431213011544
0.05660676728344298
0.10956717275487918
0.0
4.085232634659662
4.085232634659664
1.046913483200275
0.41275166217234394
0.2065917387678221
0.10817302137504103
3.8668490096239396
3.86684900962394
0.5681374659514755
0.22725498680181672
0.0
0.0
2.5039298749117185
5.295145943775208
3.422145909639018
1.8701037690040918
5.290838521408412
3.609171135820057
0.0
19.46354612619211
49.27840213840827
32.210061014628415
21.394140290306872
51.11617056561515
33.59097544763945
0.0
54.282231413400865
62.4326008034609
60.31378968234677
63.55688797027456
61.088577281841886
58.661405479245055
1.5903373290262297
63.470197975469404
79.84924833124583
72.7333927336305
90.3270527840279
72.480336290032
62.93978171744036
3.41103056267185
55.05119946909977
64.76268736395951
79.64239451774412
83.45416952096649
75.16334229463988
61.4215349476633
1.45047264379654
0.7678997059945718
0.0
0.04196793491975783
0.6851396424102044
0.1404769747228754
0.0
0.7672783719058263
0.7970432594102357
0.0
0.0
0.0
0.0
0.0
0.0
0.0014610083350925643
0.011783167196740166
0.031012814667532734
0.011537809849573184
0.0038458138528774857
0.05040188848518405
0.006597264003729738
0.2552580676299446
1.3292254163937591
3.290452401259879
1.0968174545697211
1.675644012024625
0.09822637731985664
0.0
0.0
0.5338323514593118
0.17794409750365253
1.6756440228517313
0.0
0.0
0.6759265038462989
5.8746846849505205
1.9412597462229912
0.838585090696718
0.0
0.0
0.0
0.0
0.0
0.0
0.11854596986692162
0.30988222913608016
0.34039853640763384
0.11523023951921732
0.11523023951921732
0.05595725458575652
0.0
0.0
0.0
0.0
0.0
0.0
0.0
0.0
0.0
0.0
0.0
3.174799087311471
2.026137680817009
0.0
0.0036342076561159363
0.14686845845460433
0.14686845845460433
0.27143535237011635
5.412732572291482
5.412732572291482
0.0
0.05401964256811988
1.932702499511012
1.9327024995110123
0.07037404101712852
0.7530023905291998
0.7530023905291996
0.0
0.03156949600576387
1.0733647343901287
1.136380628842662
1.0712697289645499
1.6289775343404027
1.6289775343404025
1.0279847451342994
0.13109186570379056
3.098112635655957
3.098112635655958
0.0
4.395450558555694
0.7970432594102357
0.0
0.10956717275487918
3.725284016795109
3.7252840167951105
0.0
0.9292311401560461
0.29506936248679927
0.0
0.10817302137504103
0.5681374659514753
0.5681374659514756
0.5681374659514755
0.22725496258358213
0.0
0.0
