0.0
0.000294767976441477
0.0011759988374631172
3.30451732258474e-09
3.0497473619972296e-09
8.529088124205586e-06
4.55289333307188e-06
5.387620411892063e-06
4.829409382652576e-06
3.988338765323749e-06
3.5203318870356133e-09
4.119355706279293e-06
9.107146100603223e-10
2.79142336675767e-06
1.8655751169073338
0.0
1.8655584431135344
5.403125351591174
1.7576493533700597
0.050809449306552776
0.3292290417667646
1.346661268277778
0.3290134044081683
3.5205535324454953
333.7842802324204
7.71417140561396
38.31017857865
2.250666380856615
0.00010844663719546555
1.0670199247161674
0.0
1.067019806377832
1.7818636392152112e-05
9.656954314741968
9.43946307453366
4.5195760540373895
9.439680935657286
23.470215511970842
36.693861008689254
10.67728206490876
278.3047056870355
2.8454309862555433e-06
0.6967488351399915
1.3911201928645078
0.00015291934286250334
0.0
3.520555077317164
4.4615694473759694e-05
2.531492718322362e-05
0.0003989658221642151
2.6737924295448913e-05
0.00010974671460508862
30.003595701236666
1.7472495743997816
7.007966893670137e-10
1.9228393472681105e-09
0.00012633669091620278
0.0021074239109914144
0.00015154968904801765
0.09884488939901169
0.0
0.00021367811459091244
4.8770925590659045e-05
4.041992119046199e-09
5.1657825783507963e-05
4.2875934775868926e-05
2.957563930440094
4.668586813217686e-09
4.0732108331085605e-09
1.0965171515432843e-09
6.306478481089602e-05
8.142056709980932e-05
0.000805093315157251
1.6177595306102406
0.0002801157558049057
0.0
0.00014353290856445737
1.2391001288476134e-08
0.00016180914127380617
0.00011220150563716021
6.768329615929636
0.6044537700186684
7.918010596058727e-10
0.2524760906850893
1.3547369654075736e-08
0.0028470084240814564
1.544866444520909e-08
0.10607945519237125
8.122839676302576e-05
0.0006038670802226446
0.0
0.00043551810478679553
8.904059754958375e-05
5.8296209939818106e-05
2.5186812166163613e-09
4.110489378466446e-09
1.3807043354233392e-09
7.778894371399225e-05
1.3875566082538118e-08
0.0021513889472871864
6.299967633639562e-09
0.0007153146925645733
4.530100060083445e-05
0.0003274512621869672
0.0006083546406887032
0.0
0.0266822430951318
3.433081689939473e-05
5.074825124041308e-10
5.584807406746939e-09
7.3623419119739975
8.849298365029311e-05
0.00040680890904766135
0.0007103945189372414
0.46650131621347124
1.0048729781549648
7.794149853627406e-05
0.00028462355768679173
4.902281052173882e-05
1.2445841345972488e-09
0.0
5.8432429385853844e-05
1.0155089626305267
0.00015255154326129113
26.500838776233685
1.9864460613221926e-05
0.0010987978557337158
0.07012794940819259
0.0001525678525951897
0.0002994995943886991
0.1401023506373895
0.00021428806890062946
4.867383813823446e-05
0.0006584591994093945
5.154897483022074e-05
0.0
2.775771978191406e-09
4.479437578672107e-09
1.2794704808379503e-09
1.1687496982651376e-09
0.0019990522187351666
2.934711498519642e-06
0.0010826692004699617
5.091636001766289e-05
4.144084897725152e-06
7.720855295547042e-05
3.909436738045909e-06
4.705994804463581e-05
0.00044549125013038137
3.1660531177197655e-06
0.0
0.0006625676576068786
0.44932546186089506
4.461354181282419e-05
0.001083703935957643
0.0007232549762466816
0.0007994205200931065
0.00042350507362289176
4.660450535928704e-05
0.0002540456755077837
2.3808741093760923e-05
7.895537623076978e-05
0.00039556484787488797
3.5253156563310916e-05
9.175229361641776e-10
0.0
7.3380613236699945
8.872298582069693e-05
0.0022632763354404964
0.0011051167028406452
2.847050395592445e-09
2.798226014253459e-10
2.119149572728219e-05
3.191609880976976e-05
6.836004446784925e-05
0.000381675910832929
2.0623350332244907
1.6626852053610135e-05
5.267258310050552e-10
0.00023611169290682147
0.0
0.00019033047715859882
0.0011578035829853087
0.0032488506656602823
4.744708673899663e-10
4.2666990528583596e-10
3.781063804657125e-06
5.901696297020181e-06
1.4445137754093556e-05
0.0003376939290640477
1.730836654745337e-05
2.921597923636233e-06
5.806264314566505e-10
8.461323190213912e-05
0.000893323317030149
0.0
