0.0
11.466489662827074
11.466489662827067
11.466521265315711
11.466521265315711
23.999717779383705
0.0
41.94777653499638
46.2228439948681
46.00889356596947
46.00889356596938
63.66919803457937
7.16456662093219
99.93776811567486
99.93776811567487
99.93776811567487
100.00000000000009
100.00000000000003
0.0
96.5136951527761
99.99999999999977
99.99999999999991
99.99999999999993
100.0
2.827703929058792
57.85466282731914
74.05796977388464
67.76207536682885
67.53967678139132
100.00000000000001
0.0
1.4329321722928696
1.6512726795967527
1.4392245284551983
2.585282669996739
29.46224760479731
0.0
0.0
0.0
0.0
0.0
0.0
0.0
0.0
0.0
0.0
0.0
0.0
0.0
0.0
0.0
0.6056441782352507
0.0
0.0
0.26892328204854193
0.0
0.0
0.0
2.2263785500679556
0.0
2.1791593226363424
0.4738144024271973
0.0
1.340775858654865
5.640224815675671
2.0594985631518408
0.7304513377170749
0.0
0.0
0.0
0.0
0.0
0.0
0.0
0.0
0.11395887473279358
0.23393618940683325
0.0
0.0
0.0
0.0
0.0
0.0
0.0
0.0
0.0
0.2666582353514224
12.799807345686462
12.799807345686451
12.799849482337978
12.799849482337976
0.2666529682699821
0.0
24.044608631786698
46.2228439948681
41.94777653499625
41.75029534447232
41.750295344472256
23.88021558798451
0.12296927267079619
40.05682142694463
58.58979927410717
54.17677013691698
64.34194106617699
88.82396653735262
37.290663803534045
0.0
52.24561770429486
68.14809614452405
72.25459794346794
64.37161377915501
61.617329156672994
48.50519073732076
0.7003901099694789
51.027338317022306
67.58408153798797
63.59856179759003
62.921247834265316
62.0822037428184
62.93311810245918
0.0
0.0
2.762898706660072
3.3848612138151783
3.369714917305067
3.4515762131294627
1.4618556951915227
0.2598854473700785
0.0
0.0
0.0
0.0
0.0
0.0
0.0
0.0
0.0
0.0
0.0
0.0
0.0
0.0
0.0
0.0
0.0
0.6921647751260008
0.0
0.1085022447500515
0.2689232898569435
0.0
0.0
0.0
0.0
0.29932992610728343
0.2993299261072832
2.517120281305332
0.0
2.0845560890011554
2.9495899071385083
1.3525886758300432
3.0467430030452483
3.046743003045251
1.8941141395105912
0.0
1.6532983553587155
0.0
0.007494102612345561
0.2746223134234892
0.274622313423489
0.0
0.0
0.0
4.070941640816182
4.070941640816181
0.8806916808129954
0.3218932921083292
0.08498831426463849
0.03308502693121415
1.0545859794767471
1.0545859794767458
0.0
0.0
0.0
0.0
3.733215294919915
3.733215294919915
3.733215294919915
3.733141555779748
3.733141555779749
3.733141555779749
0.0
36.066912947680045
36.06691294768003
36.07557865203825
35.8203233819767
35.820323381976756
35.820323381976756
0.10759811358694665
48.76802127168861
67.58937712219819
52.102492262671966
42.66271232747377
39.57009523788491
46.79774736050779
0.0
65.9653860976122
72.18045935471956
65.90731261193365
61.75500789042652
58.174281636941224
55.434503699795165
0.612841346223294
56.94581608411702
58.074829475511365
56.73560286926349
60.74992362829814
60.13322454271184
57.037905330135246
0.0
0.3349818055876285
0.0
0.23393618940683253
0.12145297734513928
0.11342358168905474
0.0
0.2273997664488187
0.06578342316304771
0.0
0.0
0.0
0.0
0.0
0.0
0.0
0.0
0.0
0.0
0.008665704358221145
0.0
0.0
0.0
0.0
0.0
0.0
3.4183720825985446
3.4183720825985437
1.5256179235557983
0.0
0.0
0.0
0.298720848293925
2.8671111689147826
2.867111168914785
0.0
0.0
0.0
0.35337846856034305
0.3533784685603417
6.347330378090263
4.105830735517495
0.0
0.0
0.9187885252299247
0.9187885252299283
0.0
2.761920505895748
0.920967924282668
0.0
0.0
1.5851508558410297
1.5851508558410279
0.0
0.8753799318310549
0.3165815496874735
0.07436477498155868
0.02894939856481239
0.0
0.0
0.0
0.0
0.0
0.0
