0.0
11.466501238934198
11.466501238934198
11.466535499775532
11.466535499775537
23.999748199141102
0.0
46.25102987473063
46.25102987473064
45.826803858548
45.9280806268852
63.63418539094677
0.0
100.00000000000021
100.0000000000001
100.00000000000009
99.77367642723641
100.00000000000001
0.0
76.74815875563519
76.15635893312685
84.80651326625642
100.00000000000003
100.00000000000004
0.0
59.95911010174544
59.97082211251281
60.363295989883945
70.0044517779185
100.00000000000003
0.0
3.4632985623050114
3.4632985623050114
3.4632985623050114
3.4632985623050114
30.423970847609468
0.0
0.0
0.0
0.0
0.0
0.0
0.0
0.0
0.0
0.0
0.0
0.0
0.0
0.0
0.0
0.8010735010188518
0.0
0.0
0.9130026435192181
0.0
0.0
0.0
0.0
0.0
0.913002643928835
0.6698446110352583
0.0
0.5824577390420627
8.101701167170264
2.5956906588186186
0.8652302138284483
0.0
0.09852977610591514
0.09852977610591514
0.09852977610591514
0.09852977610591514
0.09852977610591514
0.0
0.0
0.0
0.0
0.0
0.0
0.0
0.0
0.0
0.0
0.0
0.0
0.0
0.2666587169832428
12.799820025086804
12.799820025086804
12.79986570620858
12.79986570620859
0.26665300684302
0.0
24.061513889367895
41.97349575847469
41.973495758474826
41.58452483248489
41.673142004779926
23.967037240718273
0.10127676833714651
44.633159704047195
65.22058858518042
65.22058858518042
68.89000443444237
77.87087118003005
33.72547039981192
0.2738920194682806
58.02131072501201
87.35684200245433
87.03563917935249
71.74610141782041
71.94456253434686
40.75011223643148
0.0
52.33789812639508
65.10850492354098
65.12189007870397
70.64335668087136
58.20384923234705
59.66822467100178
1.5470513198847142
0.0
3.4632985623050114
3.4632985623050114
3.8986057815266393
3.8986057815266393
0.0
0.0
0.0
0.0
0.0
0.0
0.0
0.0
0.0
0.0
0.0
0.0
0.0
0.0
0.0
0.0
0.0
0.0
0.0
0.9155125725929735
0.0
0.0
0.9130026467026028
0.0
0.0
0.0
0.0
0.0
0.0
1.0617074077827537
0.0
1.4443524686164866
14.38629955358995
0.665665987476643
1.2481237265187064
1.2481237265187064
1.2481237265187064
0.0
0.0
0.0
0.0
0.0
0.0
0.0
0.0
0.4066382593019507
4.477579901046359
4.0709416417444055
0.8806916748978777
0.32189328892710733
0.08498831313542243
0.8066253295767505
1.5124224929564059
1.5124224929564059
0.0
0.0
0.0
0.0
3.733222037765398
3.733222037765398
3.733222037765398
3.733142095802279
3.733142095802279
3.733142095802279
0.0
36.09227083405193
36.0922708340519
36.0922708340519
35.665714950129164
35.66571495012917
35.66571495012917
0.0886171722950032
53.39129764482419
62.2329737765707
52.42753239779057
43.21786582865602
39.05703001070926
49.774544036656934
0.23965551703474552
61.42363955149266
77.25159095428815
66.60122381671206
63.516406266662685
60.18612447106778
61.125168289694216
0.0
58.35436457173533
58.099549692558774
62.64495204623274
60.16904244755989
57.370690787588366
52.20969658712655
1.3536699048991248
0.25934038623706157
0.11063562253063962
0.43530721922162796
0.0
0.0
0.0
0.0
0.0
0.0
0.0
0.0
0.0
0.0
0.0
0.0
0.0
0.0
0.0
0.0
0.0
0.0
0.0
0.0
0.0
0.0
4.309602164691453
4.309602164691453
0.7107727421458313
0.0
0.0
0.0
0.0
2.5820233860993675
2.5820233860993764
0.0
0.0
0.0
0.0
0.0
4.567845510243517
2.081866691889908
0.0
0.0
0.0
0.0
0.0
2.6909422935694227
0.4634954888184397
0.0
0.0
3.6404693875502203
3.6404693875502128
0.0
0.8753799392046316
0.3165815535384928
0.07436477399349463
0.7057971633796565
0.0
0.0
0.0
0.0
0.0
0.0
