0.0
0.0003185994875282501
0.0012708938458337992
0.0013511165097705021
1.0934436287928764e-08
9.27746962672555e-06
4.9554630895403906e-06
5.996186574638011e-06
5.260093052287543e-06
4.235346629741309e-06
2.26855529337219e-09
4.484747477149166e-06
5.062765562746351e-10
2.8501155147770064e-06
1.8240647217373622
0.0
1.8240437467669635
3.4593707164323066
0.9121383094719092
0.6533599309161067
1.049068535377147
1.8702570694204679
1.0491043144833996
2.473829717386472
333.5939038796526
2.8647020903811714e-05
46.94814865917329
1.0850189633533824
0.00011907496042081759
0.6893852978148889
0.0
0.689385152660353
0.43698122796693323
8.799139440332393
9.243506109220418
3.7363810165348825
5.9148744726073925
20.441761320821463
54.295326755098216
19.873490319846848
264.1333088797745
1.8134608989963494
0.8665119625601002
1.730633937012788
0.0002267107157872553
0.0
5.507541617836058
4.831069577847221e-05
2.749214747137514e-05
0.029918232032494062
4.326067561538659
0.00011355012144045404
10.644765936322896
1.062540187437052e-09
2.69837022242671
1.396614353647773e-09
0.00013633728746153097
0.0022141308266186753
0.00015582651147531384
0.1880190890960939
0.0
0.00023020109577865042
5.2900893580534604e-05
4.140365218893031e-10
5.603984494406427e-05
4.540810654800037e-05
3.0970566689031373e-09
3.4326308673066006e-10
2.434983191127401e-08
7.19020671723698e-09
6.80471641792004e-05
0.00023593765924312426
0.0014496060214352533
3.936326367172003
0.0005572847671267158
0.0
0.0003913712867410398
0.00032029433120899734
0.00035980365020913817
0.00015304388831261108
5.116150225752379
0.00012809097505180175
1.4121421614585446e-09
6.337489678264357e-05
7.765971195819789e-09
0.004692309646413385
1.2822001859229756e-08
7.698026808764546e-10
8.412202910835408e-05
0.0007104301924929855
0.0
0.0005106065165796985
8.079248776759755e-05
6.30000160515803e-05
9.073318278997565e-10
6.70202135274924e-05
1.2170982783544045e-09
7.49062050243046e-05
1.3376292361730779e-08
0.0022922086021637984
9.737433773099677e-09
0.0007539156114625686
4.7581892102222624e-05
0.00035246519500361335
0.0006559000743119219
0.0
0.10782549036234608
3.728554268373725e-05
7.084443289891364e-10
0.00010346033331489493
10.835590884190843
8.862694245339042e-05
0.0007859838483310003
0.0004240061245842239
1.2472764041245443
1.7142850207202005
8.33375383985618e-05
0.000253851190034138
5.315291285713116e-05
1.421557396186103e-09
0.0
6.322375134272453e-05
4.714547943806231e-08
0.00016487673928664535
19.05318618356243
0.6703083567494225
0.00119119186045978
3.830429569901552e-05
0.0001572204082139302
0.0003234797284941503
5.641756298817609e-05
0.0002308112814976059
0.0014991948243379995
0.0007132543435502671
5.5918080973634484e-05
0.0
1.296759628360027
2.0086758910735147e-08
3.54836204380617e-10
7.263619388372886e-09
0.0021644508890387893
3.177548501948131e-06
0.0011706581148489084
5.5100385361215504e-05
4.492121924676394e-06
8.377480010143213e-05
4.238324119462414e-06
4.656528830210921e-05
0.0004816170652008468
3.4252498103278063e-06
0.0
0.0007160129441869323
0.6602995888236154
4.5487542215153805e-05
0.10195596588783719
0.0007848277329679903
0.0008636986715307208
0.0004587120716389052
4.9682520485204615e-05
0.00027265271511721676
2.579668472980266e-05
7.612301299231667e-05
0.00042762153266022684
3.816066121945243e-05
4.191519519763162e-09
0.0
10.798487313215412
8.898573612491355e-05
0.0023457695545996537
0.001192075154196789
4.679152330464552e-09
3.970499569350069e-10
2.225362539316054e-05
3.450472188050568e-05
7.390092564701807e-05
0.00040925618317403604
1.337165879274322
1.7990928307140768e-05
6.265538030714917e-10
0.0004024665170634385
0.0
0.00021332522038426365
0.002389226370129907
0.002319305757832228
7.798210207197413e-10
4.0247227012164946e-10
3.961927167004032e-06
6.386106687291129e-06
1.5645388506124058e-05
0.00034482006415056753
1.874852739586198e-05
3.1619339090660735e-06
7.080948428609922e-10
0.00019765258689170717
0.0009639889557121035
0.0
