0.0
11.46650121636763
11.466501216367622
11.466535481993713
11.466535481993718
23.9997481649432
0.0
46.25102934163696
46.25102934163706
45.82680524690638
45.928081556527694
63.634187047825755
0.0
100.00000000000004
99.99999999999996
100.00000000000007
99.77367375497363
100.00000000000004
0.0
76.7481698484661
76.15637160942228
85.63059067990113
100.00000000000001
100.0
0.0
59.959108792514186
59.970821722669086
60.363290682622285
70.0043828145714
100.00000000000006
0.0
3.463290208375838
3.463290208375838
3.463290208375838
3.463290208375838
30.424020513485306
0.0
0.0
0.0
0.0
0.0
0.0
0.0
0.0
0.0
0.0
0.0
0.0
0.0
0.0
0.0
0.801069872736978
0.0
0.0
0.9130003746121188
0.0
0.0
0.0
0.0
0.0
0.9130003750218021
0.6698460939969758
0.0
0.5824583465592953
8.10171208495857
2.595694156749117
0.8652313798037696
0.0
0.09853046574366511
0.09853046574366511
0.09853046574366511
0.09853046574366511
0.09853046574366511
0.0
0.0
0.0
0.0
0.0
0.0
0.0
0.0
0.0
0.0
0.0
0.0
0.0
0.2666587159579084
12.799820000468253
12.799820000468245
12.7998656879697
12.799865687969703
0.26665300502022576
0.0
24.061513610750286
41.97349527460421
41.973495274604325
41.58452611038467
41.67314288130332
23.96703739000538
0.10127630962138201
44.63318983240114
65.2205122420694
65.22051224206942
68.89008329488728
77.87081237319784
33.72542651700955
0.2738909371192761
58.02129370385557
87.35684485544328
87.0356427177836
70.92206049099825
71.94464951715156
40.75008699437031
0.0
52.337898713449604
65.1085014937485
65.12188769964057
70.64333887852712
58.20388733024244
59.66825110519116
1.5470601312804464
0.0
3.463290208375838
3.463290208375838
3.898597600526986
3.898597600526986
0.0
0.0
0.0
0.0
0.0
0.0
0.0
0.0
0.0
0.0
0.0
0.0
0.0
0.0
0.0
0.0
0.0
0.0
0.0
0.9155084259851175
0.0
0.0
0.9130003777963458
0.0
0.0
0.0
0.0
0.0
0.0
1.0617048914439418
0.0
1.44434676092251
14.386311480741341
0.6656666817820517
1.2481250283413474
1.2481250283413474
1.2481250283413474
0.0
0.0
0.0
0.0
0.0
0.0
0.0
0.0
0.40665959289707015
4.477601234636933
4.07094164173986
0.8806916748884606
0.3218932889106535
0.08498831312739881
0.806628205215971
1.5124278847799435
1.5124278847799435
0.0
0.0
0.0
0.0
3.7332220234107187
3.7332220234107187
3.7332220234107187
3.7331420702831597
3.733142070283161
3.733142070283161
0.0
36.09227041612543
36.09227041612543
36.09227041612543
35.665716464197956
35.66571646419795
35.66571646419795
0.08861677091870926
53.391308790059185
62.233002296325765
52.42757756592468
43.217913568398124
39.057045657505874
49.77458341090555
0.2396545699793666
61.423633723253964
77.25159397091481
66.60121795850397
63.51640792671211
60.18611046492946
61.125130426586466
0.0
58.354363778877946
58.099548624308916
62.64495087409116
60.16906564628475
57.37070623046782
52.20971971704226
1.3536776148703906
0.25934031915557876
0.11063580288101182
0.43530739215114767
0.0
0.0
0.0
0.0
0.0
0.0
0.0
0.0
0.0
0.0
0.0
0.0
0.0
0.0
0.0
0.0
0.0
0.0
0.0
0.0
0.0
0.0
4.309582645277029
4.3095826452770325
0.710773866988111
0.0
0.0
0.0
0.0
2.582026187849837
2.5820261878498316
0.0
0.0
0.0
0.0
0.0
4.567834176577117
2.081863227843938
0.0
0.0
0.0
0.0
0.0
2.690948471771049
0.4634974226626679
0.0
0.0
3.6404581956548183
3.6404581956548214
0.0
0.8753799392046272
0.3165815535315353
0.07436477398647397
0.7057996795639746
0.0
0.0
0.0
0.0
0.0
0.0
