0.0
0.0004329248796364815
0.001728067997844942
3.744118987291691e-08
1.246593291493021e-08
1.2616115143516853e-05
6.738608232560666e-06
8.153947977067709e-06
7.153026411594737e-06
0.850887650141515
0.4185740323770526
6.105470755889147e-06
1.8345943907613303e-09
3.873045255167675e-06
1.5578627326763241
0.0
1.2397268102387247
1.108974472615164
0.7790752153903355
0.08175130950737257
0.3404759408307792
1.8314748702839103
0.340316866104798
1.9529100787555547
278.2209297598152
5.831738023362904
102.45291242146634
0.9363276449261826
0.00016173326888755887
0.8569001263383121
0.0
0.8568998624834877
0.3238588315124557
9.172567431527089
8.39953870191541
2.7390270900621707
8.39970271108392
20.659335853706292
111.11402754636104
8.845539231737316
214.71413505006876
1.4181861783095204
0.8444946623047003
1.752099393292394
0.00022435344892603312
0.0
4.567799666525694
6.564345605558615e-05
3.73645682295467e-05
0.0950350376990093
3.9506697770395755e-05
0.00015427007781913847
21.23384305339182
2.3189017437116436e-09
1.3031959682201146e-09
2.69807924043047e-09
0.00018532103347736482
0.0025696705979946187
0.00022235715126402272
1.080497205827523
0.0
0.00031336344922454633
7.198295474875524e-05
5.456957185496678e-10
7.617410669621521e-05
6.172349177183408e-05
2.3646259349135323e-08
3.394719737842661e-09
6.06641837123927e-09
2.4445040512715024e-09
9.249035383506959e-05
0.00032103587229670845
0.001969955255419113
3.273783862245753
0.0007402445494441272
0.0
0.0005323954556325956
0.000435227341372824
0.0004901891509878566
0.0002080032473305141
4.932971031487716
0.00017415580986923057
1.8141738240099166e-09
8.606618444560511e-05
1.8665164330353624e-08
0.005804889084453558
2.4689086867486227e-08
0.14726486155557528
0.00011449248720825814
0.0009024188917753411
0.0
0.000642763409303432
0.00011009585145907533
8.56690004707579e-05
3.2326007705233192e-09
9.103001431806282e-05
1.5722673277871888e-09
0.00010178731019328486
1.4476818853096369e-08
0.0031097587048849037
1.542617302934388e-08
0.001024848516461735
6.476295236991436e-05
0.0004895198129123627
0.0008912719537230716
0.0
0.006117911460360007
5.071326236500292e-05
1.3324162003627e-09
0.0001405090476389196
11.570992221609101
0.00012035511012121474
0.001068337897357529
0.0005764085314067072
0.5778969787151857
1.5660284701628369
0.00011334330886025656
0.0003453557921766732
7.226269993179231e-05
2.054943638084574e-09
0.0
8.59745731788703e-05
7.222801195923202e-08
0.0002241521148976729
18.61118196986613
0.1698891973054784
0.002140668506902362
5.206426482382722e-05
0.000223807956652788
0.00043969083121995714
7.668779980873104e-05
0.00031422651381764633
7.173904001888474e-05
0.0009673381706100021
7.600817882040414e-05
0.0
5.41237266941147e-09
1.951656657597908
5.435233732205037e-09
2.520094325401176e-09
0.002941391924739532
4.319070983944478e-06
0.0015912476421405613
7.490681408171471e-05
6.10715423985973e-06
0.00011384620413810126
5.758944021635986e-06
6.43619286058251e-05
0.0006559461987475288
4.66150146163221e-06
0.0
0.0009731047557634484
0.6727899332616124
6.1768680838013e-05
0.0016019307412018333
0.0010626900641388696
0.001174538699228515
0.0006235807423963908
6.758788401951146e-05
0.0003776639020156646
3.507237776148467e-05
0.00010565835946775341
0.0005807988673050028
5.190836864370782e-05
3.280661980365205e-09
0.0
11.522678281311418
0.00012083714792922828
0.0031822875065081325
0.0016205560682783099
7.436078444537065e-09
1.7843730160560946e-09
3.028981612334072e-05
4.6917060761767754e-05
0.00010045456096854122
0.0005658071906799936
1.5431785607513595
2.4472646817278427e-05
1.0364668794607421e-09
0.0005475352667168896
0.0
0.0002900658845668004
0.0032453301451339303
0.003152350639458708
1.2349846493086855e-09
2.4627572580214424e-09
5.394314408800707e-06
8.68286180476164e-06
2.1263882432596798e-05
0.0004742737787484641
2.548815000617498e-05
4.303437972664602e-06
1.2044789802482582e-09
0.00026817580076681185
0.0013101029094921934
0.0
