0.0
1.14412105580895e-07
2.9433449300946866e-08
4.030383440779571e-08
4.1470588618774054e-08
3.409743230974524e-08
3.268813920858043e-08
3.5409581902604734e-08
3.4939823457228994e-08
4.767973620760971
3.849684835880732e-07
3.8105826875725726e-08
3.720536606892643e-08
3.2574306631839935e-08
5.533411825367607
0.0
3.792677242291596
11.17184375142013
3.7783670448233218
8.894177099315001e-07
17.997536443338657
30.4220761923937
0.953077786460073
3.9194155171278585e-08
178.81363105329717
5.118148717309267
138.24766885744882
2.4045556981667144
3.5044104997552005e-08
3.0548584778039416
0.0
1.9732055755445042
0.032408837919146345
16.130244010482276
3.1821537552622434
7.88389779158048
10.887102951494647
47.93817397074535
11.441489344590027
23.098119402855172
226.0929451608509
8.91211934069334
3.29263318490452e-08
0.6513145375021784
2.8393037614884632e-08
0.0
3.2347398321099696
4.142114517527525e-07
0.9060724936446678
6.51183069096188
0.9092570866789125
8.054089833976337e-09
60.687226257158876
0.2950426438427415
7.484074548178485
3.736848902039788e-07
5.668108115086218e-08
0.0009643352232553293
4.5920096618334886e-08
0.44193000827753826
0.0
0.0002284264055139849
9.938435606269854e-07
0.05459248260653526
1.3101166452981294e-06
8.207039371606789e-09
0.05635319811611453
6.637276604541232e-07
0.04212969746379917
2.588867958348082e-07
4.5380473023640354e-08
4.165297562908056
1.2304595089967944e-07
1.3490715302614158
0.0004914362490329727
0.0
1.02403192902871e-06
0.04176191449873602
1.9168670318966536e-06
6.186166321006305e-09
6.556089373707608
1.8023044834930506e-06
0.0362718373264349
1.941767626366841e-07
3.112065490761829e-08
0.643040742332769
2.151031047211349e-07
1.3401569553549598e-07
1.0247890560590411e-07
4.5928357462108195e-07
0.0
2.174132697538465e-08
0.5957287836701229
6.122005796671543e-09
2.8414129954901498e-08
3.1759550423345105e-08
36.5132317714928
3.958618899251729e-07
4.1693938357970976e-08
0.03344755586819133
0.0335386777335252
5.586470685269293e-06
2.1554229597379336e-07
0.00011279155959335467
2.4476581769545394e-06
0.0
1.0033409882192069e-07
7.819603450059395e-09
3.468476833900572e-08
3.694535155617083e-08
1.570132255788414
4.316525680199027e-07
4.1464450692014785e-08
0.7332480545464231
0.5525770447272005
0.007769188523142165
0.007449748549655407
0.00010929060357083493
0.007448539432163432
1.1083687405794598e-07
0.0
6.3394681725806916e-09
11.550557752512164
0.0001363812213282694
1.5027314810175144e-07
2.484312737105168e-07
4.2500337015648346e-08
0.5785747062336501
3.679424759162926e-08
0.0005751655852930733
1.1557110830923235e-06
1.1968460084556156e-06
6.985037632474323e-07
0.0757175966872031
1.3079911875379802e-06
0.0
73.03868404202446
6.624568844594672e-07
0.0536552672331037
2.4268852131267596e-07
0.004330575838480026
1.008910477981972e-06
4.4258791475901023e-08
0.000434734590441011
1.2220376454526268e-07
7.486677749760001e-07
1.0286632488984591e-07
1.4712465001226622e-05
0.0009570235029771003
8.663490141299174e-09
0.0
0.001382784024788516
0.08889655580451403
3.3889227159773296e-07
3.3559278836041284e-08
0.011538318328673289
3.718303732706844e-08
1.8474212631528865e-06
0.01059503221062091
2.476647036248656e-06
0.16076109646634812
0.011924132421636166
0.0005436409313372397
5.786360941765063e-09
59.64964815480142
0.0
0.700874095923752
4.0766712130856434e-07
0.1315547386038562
0.16318523023743817
0.06980148146165052
2.8175058185550225e-07
1.5685092563757589e-07
7.540654591008756e-05
4.654633888572292
0.0002545120843112816
0.23595719289764877
8.784167168570791e-09
1.9979309642348384e-08
0.0002577983666896801
0.0
0.0008671351204140854
0.058599217876492124
0.06376748911461684
0.04971131925881319
0.00037883105285568456
7.095971362653997e-07
1.216951905107102e-05
0.3318134863496237
8.582913682236578e-06
0.07065299082477139
1.0894051879042783e-08
0.005466958274156823
1.8822654187295006e-05
0.00036826967562961276
0.0
