0.0
1.162978687705313e-06
4.3726914963457994e-08
4.9847554981575496e-08
5.83932697146254e-08
4.895698550946343e-08
4.476102545641487e-08
4.9121023006148616e-08
4.978282074929663e-08
1.738855630895752e-08
1.9092569016097125
5.550720434621426e-08
5.178351521161477e-08
4.645390365687048e-08
4.29187923923541
0.0
2.314623324416246
8.593618283146391
2.878752516703394
0.048952648104759765
48.39217595159812
18.515078059945537
0.9401001902105109
4.428825313950128
171.7134666330814
5.7758225453938135
119.60457419863567
8.008359628280724
5.184285734904921e-08
2.748518754030924
0.0
2.091555967498631
0.03243282682692525
7.705919522199367
2.4002080904523253
7.15561837366512
5.039990202668848
43.84394540188805
11.44292669916371
44.71712261048458
234.27538315802443
3.3067912520456852
4.977299523476676e-08
0.4180179687654338
5.1011418190722134e-08
0.0
4.356469872560533
1.3667756762124668e-06
0.8351412439945185
6.555593039909985
0.8347390987350349
1.229862569465261e-08
66.7285853498652
0.2694313091284025
7.589337603718835
2.8932692453677904e-07
8.834235371637779e-08
0.001168103811301968
8.285674600541555e-08
0.6302032163305422
0.0
0.000270149158593159
1.4056846637223523e-06
0.05463645300071169
2.553699837073989e-06
0.018058537791544246
0.05629381877543264
9.621539227797616e-07
0.5776961231234568
4.1045409144574414e-07
5.7178379210370925e-08
2.3928869670887183
0.033919796438007056
0.0948158411563496
0.0005933600032537456
0.0
1.4400895736790711e-06
0.04276545170739815
3.6651095338211307e-06
1.0230649459608608e-08
6.605495775049081
2.4349443177217694e-06
0.03638529201740945
2.8381024627274465e-07
7.118748444118436e-08
2.3486069822916806e-07
8.36010739245764e-08
1.811925107142897e-07
1.87638627773409e-07
0.0006022001579578785
0.0
0.000756828103409511
0.030105674156619938
1.0952875233553085e-08
4.057697516573048e-08
4.0079584310009756e-08
35.437519465625286
4.376691935376204e-07
9.47667607103646e-08
0.0008506918888876766
6.185337605763764e-07
2.2010139654109036e-06
3.8883327216071315e-07
8.425566778625022e-05
0.0008617967249812555
0.0
0.08452068340856046
5.804727429529583e-08
5.0078816529403284e-08
4.848631880508936e-08
1.5677867436032447
5.151872288572671e-07
0.24748975085946845
0.003483964896075552
1.3462917488156312
0.2534638643894617
0.006969022001593192
0.0006188783505837217
0.006967363520732312
1.4048482835237994e-07
0.0
1.051133502106587e-08
20.477518458002685
0.00018090957215367948
0.80027354715845
0.31845837086867257
0.062271645305331996
2.464880996282132
8.116475803964357e-08
9.596051951796652e-08
4.026838078342454
1.8979879909228555e-06
9.84501255190051e-07
0.07587218022922979
2.522554169990326e-06
0.0
4.216600014459327
9.761152359652766e-07
0.052926577970196925
3.4209859231123755e-07
0.0026293615154397484
1.4541107799783085e-07
0.012435656002751682
3.1351571263775676e-05
1.4173982221671472e-07
6.680434551824277e-07
1.4776802938660392e-07
1.938397990921045e-06
0.0007284731753311108
1.757945551167991e-07
0.0
0.0014221864591452901
0.09410834014074734
3.518101614806236e-07
1.3803263608413836e-07
0.01697090849213391
0.1385861510909469
4.216453333344486e-06
1.1061802387511418e-06
0.38678692440080936
0.0956345766729379
0.010915275132868345
0.0002257468715259253
5.4822364278436786e-08
70.18812194237775
0.0
0.7408685887930101
4.968477967821507e-07
5.961211693903853e-08
2.8905072367873104e-06
1.7285650813881727e-05
0.0005939726436911216
2.6096767946730483e-07
0.0001256895506751383
4.359027516023426
0.00030803054818869094
3.1639240320448385
1.3753435708801578e-08
0.0005875100857932591
0.000315778218263006
0.0
0.0002757382725421387
5.5666834519160355e-08
0.0001833792327823701
3.3036509341326067e-08
0.0004511438311219964
1.2151194359819385e-07
1.132323368471349e-05
0.3587196300535611
9.5921851786964e-06
0.1977459987732556
1.4908479581315625e-08
0.0005176681119308914
1.856880675878184e-05
0.0004003971028966305
0.0
