0.0
7.204308958032634e-08
1.3054603888865427e-08
0.3261664037601375
1.7434907556955077e-08
1.7057761289192453e-08
1.2872264713653391e-08
1.426186718901776e-08
1.7334681762019847e-08
0.362566607034696
1.1147668568984436e-08
1.7282731926729192e-08
1.695210119586561e-08
1.5291680026033464e-08
7.8213701172146655
0.0
3.738393004351219
31.444936407519233
2.6230906654677213
2.2969135578017976
29.901406717660148
39.608202873859334
5.113837615935359
3.940789759466214e-09
207.36842559090553
19.42297408095474
41.492032625166686
1.2087398824338027
4.339381225526364e-08
3.6293046155496826
0.0
3.343676059367678
0.1585523928879558
6.726498520503899
4.122511743925028e-06
6.808768259693142
5.173498788707959
66.27960944353681
51.41880428734375
13.189556400456866
192.87180583834157
2.143548609930694
2.7591867491747016e-08
0.6802275576004958
1.2404143871032923e-08
0.0
5.5107691624313135
4.786617818499131e-07
7.012920403506958e-06
6.480716027096783
0.6062976790995152
2.9597136474157366e-09
34.06402254914877
0.18016432600231616
58.41675440544189
1.0536608886511773e-07
4.439198889886263e-08
0.0007106366333103242
5.0441040022800665e-08
0.4261940989333782
0.0
6.426950276725388e-07
1.3104469047538479e-05
0.10043107740875899
0.05817175422208172
0.7646952099982185
0.1014515487352635
0.05467974017373197
0.09454013672727743
1.1484014506939182e-07
3.6431239027465146e-08
0.7405047712265349
0.5844875660326654
0.6275889224460006
1.4692169500250967e-05
0.0
1.983634988266247e-05
0.022183967718203162
1.4270907095610885e-05
2.2740740208331114e-09
0.022134295106562167
0.008598073304986138
11.24209269989516
8.260313035290956e-08
7.452581435338806e-09
0.7163273618830013
2.6625881946140383e-08
2.5050539047274503e-08
1.3686896129678728e-08
1.1398198751357738e-07
0.0
7.57478258099837e-09
9.899121850732903e-09
2.224141417615611e-09
1.4709221463986878e-08
1.5508561040263882e-08
40.96493983782483
1.7562089926360792e-07
1.0994227543257743e-08
2.812387617794775e-07
3.803168023786768e-08
7.509472891757977e-08
1.9508751561380247e-08
0.00013110071671751318
7.872563851474969e-07
0.0
1.252003511860437e-08
2.465080769280058e-09
1.711086599332247e-08
1.829324594023306e-08
9.30619933791143
1.8520842461664925e-07
4.6942943438179094e-08
1.0998372931632339
0.1249121579846088
0.06266259113316185
9.381664072722824e-06
6.903849922051789e-07
1.6507776989516842
0.1504302230471456
0.0
2.3610276304531015e-09
1.466523953833423e-07
1.4742875186206594e-07
1.4739057137290377e-07
5.867082629343307e-08
8.146728191130198e-08
0.05107747330764319
5.1172022648833885e-08
1.2325208548776751e-08
0.053262193445960004
6.416223738724396e-07
1.301458399042237e-05
0.10480566401269009
0.050351292442173276
0.0
27.68810601238147
0.04978678346592575
0.09426493658263664
1.1557116665620007e-07
1.5926841838857705e-07
0.0026137219555401035
2.182704450009431e-08
1.000341233821106e-08
8.73764485980503e-06
8.076127346925447e-08
9.771450663119388e-06
9.686399432810216e-08
0.0003174966383706438
1.957476265222996e-09
0.0
0.0009519782740792408
0.5766806894339844
1.4623973460628263e-07
2.9025110581542506e-08
1.2122073798020056e-05
2.1693205957351693e-08
4.047964988590358e-08
6.154692419235925e-06
2.5836739724572144e-07
0.5671951773834464
0.0030232190121545475
6.44277163903379e-05
1.7731671318755266e-09
20.488315984486086
0.0
7.841385104617779
1.7336673771048956e-07
6.6828015309446735e-09
0.2380717506511921
1.7747510436641518e-08
2.1243416205872523e-08
1.0639575027730007e-08
5.203109235942648e-08
2.9166246721102
0.00033750078208919903
0.0002663092101915597
1.5129135148127788e-09
10.710310111373476
0.00033761188137385474
0.0
0.0003124471126199327
6.283351439738222e-09
0.011164584834968334
1.674754548637585e-08
1.140190468214961e-08
9.302284874269251e-09
4.370924513019185e-08
0.22360952098144485
4.780733501049556e-05
3.904451079455763e-05
1.5302275442510547e-09
1.2437980648465017e-07
4.791809493049337e-05
0.0011642557201962133
0.0
