0.0
0.00046485955848439683
0.001854634164466617
0.003957317695789575
3.7126992928515455e-08
1.3665180148625738e-05
7.323660624522748e-06
8.844773085246763e-06
7.768944965738021e-06
0.5292083943841979
7.316228254456258e-08
6.618850296955753e-06
2.30889455434815e-09
4.1619903327337815e-06
1.4334228316718889
0.0
1.4333970095839448
2.7013869425887007
0.716865945387513
0.010213846384366853
0.36490022600343086
1.5035720048275105
0.364863148473338
2.4478112522435818
336.93504699567546
7.785376665040324
39.75179792015967
0.871491951941863
0.0001737638966127352
0.5850879483580993
0.0
0.5044528880157781
0.048180778404252625
8.593298422654987
8.486705132428
4.159099190541378
8.486740677921249
17.99409695460653
55.98276693135446
9.723708253923085
275.2890167219515
1.5719506890095492
0.8455239391934642
1.705359193847475
0.00024093067510276456
0.0
4.484083090227011
7.05380268422796e-05
4.015087780865435e-05
0.000628622868056502
4.2430429910032804e-05
0.0001656993331601583
16.61369496785497
4.149781886050978e-09
2.2213115678374523e-09
3.0270140281839343e-09
0.00019906366181197258
0.002617633407276887
0.00023915300027918472
0.9126644360715822
0.0
0.0003370421487046938
7.732248479124186e-05
2.217090937429547e-08
8.187213365152906e-05
0.2719419671566151
2.4819120859472338e-08
4.6658271650521334e-08
2.4957875600181663e-08
2.864659498703514e-09
9.934093407372688e-05
0.0003448463132506855
0.0021145753207819644
2.901586454024491
0.0007964462538010132
0.0
0.0005718498737284786
0.0004671182627407536
0.0005262365497010816
0.00022341515164646104
1.5970421946233464
0.00018714063301148224
2.3410303276229155e-09
9.248161292717649e-05
2.0476083843668163e-08
0.006228544829923797
3.498647174533615e-08
0.10200254668621778
0.00012309650158868663
0.0009694058852071239
0.0
0.0006917684999602372
0.00011842841087232335
9.206799765297378e-05
3.2814925986100227e-09
9.78135090667253e-05
2.9007948774802946e-09
0.00010939481100348689
5.975376577721286e-08
0.0033370430470712684
2.1696324965504824e-08
0.0010995478751632732
6.966574370898536e-05
0.000525905141363212
0.0009572380374978985
0.0
0.03815005569503489
5.450888240091564e-05
1.1853466517560073e-09
0.00015097236146560498
11.261077991460517
0.00012932434396524712
0.0011463953487928608
0.0006186029241188214
0.5424847208567792
1.3506327149232633
0.00012181649815914883
0.0003711814198199646
7.765509548405621e-05
2.9888908609319378e-09
0.0
9.239719147954238e-05
1.0363236835019863e-07
0.00024089465780323909
18.66904557469066
0.8250140913887153
0.002296808041447139
5.594040161510472e-05
0.00024033201350331774
0.00047236404719324667
8.240543544717641e-05
0.00033801789003199523
7.708504734708109e-05
0.0010378673620466403
8.167424402075662e-05
0.0
7.766375750540352e-09
1.0615182126490423
3.5116873852079546e-09
3.0204430049271184e-09
0.0031563982857969477
4.641306559646132e-06
0.0017074495320646295
8.038336691872539e-05
6.562498002979857e-06
0.00012236783984016805
6.1878889897589935e-06
6.916497236807682e-05
0.0007049263316314385
5.011115764296319e-06
0.0
0.0010450865585864564
0.6983593322909675
6.637832734275263e-05
0.05561051877456741
0.001140375677852823
0.0012607347480859854
0.0006691144145405623
7.264421791945075e-05
0.0004059224257520297
3.7692534952208966e-05
0.00011353197384083585
0.000623613024265268
5.5793994194701445e-05
4.057589644968293e-09
0.0
11.186244819090104
0.0001298407757354563
0.003415127389173051
0.0017389988996677906
1.0761379196861202e-08
1.0400508791953604e-09
3.2572739761456274e-05
5.0424795920990706e-05
0.00010790560981910064
0.0006077056878191934
1.5703091003690393
2.6305511781577034e-05
1.0955322452833017e-09
0.0005882082099342364
0.0
0.00031156923342683985
0.0034829229869802643
0.003382567021315134
1.7850923813081687e-09
1.2253049516519085e-09
5.8018548470090324e-06
9.328937927832693e-06
2.2822655350635775e-05
0.0005097012880681136
2.734753652621342e-05
4.624867216794858e-06
1.217596896594029e-09
0.00028813818784343976
0.001407006899212194
0.0
