1.0712427100451576
12.187916311554737
12.269772115156412
12.131122893367138
12.131122893367142
0.4727628218358636
0.0
25.899285292798325
44.06937620008833
44.04321849187257
46.6525946525486
45.07000889219421
26.634374619307074
0.0
39.10626976273858
88.75268304667381
97.40757226734647
100.00000000000003
99.99999999999999
51.03969914066099
0.7515305796315099
51.4732092564403
98.2126852040394
100.00000000000001
100.0
100.0
70.3419792186492
4.718321434328358
51.17836706132797
88.11377781709207
88.71799349468289
99.06384078352359
100.0
62.03485586573145
3.5288202855116975
0.0
0.5356975901805892
0.5356975901805892
0.19071646813734006
2.313147963012671
4.626295926025342
0.7710492741825437
0.0
0.0
0.0
0.0
0.0
0.0
0.0
0.0
12.187916311554739
12.26977211515641
12.131122893367138
12.131122893367142
23.99303788574593
0.0
44.069376200088335
44.04321849187257
46.6525946525486
45.07000889219421
63.910287102078954
1.6549611746747424
71.94207649366736
60.59537225370646
75.54770682664964
73.88917093067913
100.0
0.0
64.45392750568726
61.587066804145266
58.77646560663749
100.00000000000001
100.0
2.48544495318463
33.803491680661764
34.40770735825246
33.01448130423822
39.18494836671747
60.562172324580224
0.14452885013319725
3.4446066001945774
3.4446066001945788
3.09962547815133
5.2220569730266595
100.0
0.0
0.0
0.0
0.0
0.0
0.0
0.0
0.0003837763831805904
0.0001918881915902952
0.0006316442675847221
0.008513902571651877
0.0
0.0
4.84526701778584
0.0027460124443087095
0.005492024888617419
0.03058897604109488
0.30517731385151603
1.8107930589704129
1.8107930589704127
2.4386447326201366
0.054083803796898124
0.0
0.0
0.0
0.921468475102737
0.9214684751027371
2.4539437413365155
0.08639966798379525
3.0321942661918735
6.502930206191287
0.26303659912314603
2.7266867542200726
2.726686754220073
1.548577808458446
0.21137595592355907
2.291248331474866
1.9518521517472915
0.5939027859991846
0.5939027859991846
0.5939027859991846
0.19796734968572316
0.489924051257966
9.408176174278804
12.903738106742283
3.985485983721452
1.2087288958328595
0.5662174604706254
0.489924051257966
0.12887846432015962
3.826876504963388
3.8268765049633897
0.5549898456032959
0.22199592405094856
0.0
0.0
2.503920495355111
5.295351563008359
3.425070099294711
1.8688482865278735
5.291849560867547
3.6113238224261583
0.0
19.46370128557017
50.32191155355775
32.34586729850378
22.747757263112117
51.60741286544978
33.37051824403444
0.0
50.99588458662841
81.28066045091657
68.02349894511151
54.58287138736028
50.65430356161937
48.803257460808254
0.7515305796315099
62.813330615769075
86.2023203678313
100.00000000000001
98.5665101479552
86.98845451564947
70.81496217017703
4.9224770200765
55.84769193835103
63.13419858038716
65.20332651154212
74.03496744091092
65.11005786819885
61.561872914203605
3.324664699763556
1.3743978629112943
0.0
0.12544173669150419
0.5259616253281132
0.1445288501331972
0.0
0.7710492741825438
0.6062801157690973
0.0
0.0
0.0
0.0
0.0
0.0
0.00043975607599442687
0.012016675273585428
0.02667978835677241
0.0073322197420945725
0.0
2.691815015130509
0.0
0.027161794557980175
0.3683995803142217
4.747757294353876
1.5825857501115603
2.6918150056746253
0.08410552375204822
0.0
0.0
0.0
0.0
1.079545867856713
0.0
36.226879238778885
0.0
0.4711488463446744
0.47114884634467447
0.5745940998511754
0.0
0.011441536247783726
0.06180356735633668
7.929009564662492
2.9568686489986535
0.9856228352506373
0.0
0.5571924221026127
0.6408202030460683
0.5484656973625351
0.3393961797275752
0.3393961797275752
0.0
0.0
0.0
0.0
0.0
0.0
0.0
0.0
0.0001918881915902952
0.0001918881915902952
0.0001918881915902952
2.077842734104708
2.077842734104709
0.0
0.0027460124443087095
0.146613020292758
0.14661302029275808
0.0
0.0
0.0
0.0
0.054083803796898124
1.9298970114698166
1.9298970114698166
0.14176419851702535
0.0
0.0
0.0
0.08639966798379525
0.0
0.04931880558831266
0.8384285971973254
1.374397862911294
1.374397862911294
0.0
0.21137595592355904
4.8955323949372245
4.895532394937225
0.0
9.560049231820322
2.389305656461464
0.0
0.489924051257966
0.4899240512579659
0.4899240512579659
0.4899240512579659
0.9255165360080411
0.4899240512579659
0.4899240512579659
0.12887846432015962
0.5549898456032961
0.5549898456032959
0.554989845603296
0.2219957640891735
0.0
0.0
