0.0
11.473519236909635
11.473519236909633
11.420691986052715
11.438491956183592
23.977573257382154
0.0
45.18311163864033
45.449233375628324
43.204055175012684
42.3696671907574
63.35974267715214
0.0
80.71399045256742
96.98847585445452
100.00000000000006
99.98818026361234
100.00000000000003
0.0
84.4971205514454
86.62880426752032
73.19153583113793
97.29814765156787
90.98581479393532
0.0
59.848832885624475
61.65366020340176
71.33807438720218
97.14967797865238
100.00000000000004
0.2447300990025063
2.2535652821571754
2.403180301128439
2.9571217769981155
4.129009063504445
30.267131489272938
0.0
0.0
0.0
0.0
0.0
0.0
0.0
0.0
0.0
0.0
0.0
0.0
0.6780392532979057
0.0
0.0
0.43878444779533543
2.4893941494656295
0.9249166769582636
0.6780393058221655
0.0
0.0
4.462618459749186
0.42895196554250964
0.14298394363469205
0.46188281194810427
0.0
0.0
0.0
7.983155870229451
2.9936833513649375
0.9978943912347854
0.0
3.0745146344145073
0.16743753869352795
6.7307446447511445
2.48480454754952
1.1560446006115417
0.6734139204644368
0.0
0.0
0.0
0.0
0.0
0.0
0.0
0.0
0.0
0.0
0.0
0.0
0.26675016084472936
12.80773608693132
12.807736086931323
12.753908268808946
12.774251091815671
0.43176818018445434
0.0
25.93455454077644
41.14452742003105
41.344053838497004
42.20260388974236
41.47251440351899
29.778222601642494
0.01754928539967543
48.49173226342446
74.51541887387702
57.56289415656803
49.5084613765588
73.45996106322436
37.54193514150171
0.0
51.47994223892646
75.43994304523447
77.30516629679963
77.83086888372098
50.95952802796282
56.11969796833997
1.1655974903668698
54.418627546273036
63.281945265937885
66.66113640670495
63.1908620810211
39.30632603239691
41.43488806188114
0.0
0.0
1.97186962188753
2.102782763487389
2.8639741165222183
4.505015855925127
1.966439338989836
0.35468650976324945
0.0
0.0
0.0
0.0
0.0
0.0
0.0
0.0
0.0
0.0
0.0
0.0
0.0
0.6780392023967674
0.0
0.02585246022788344
0.0
0.11577131863277892
1.9804230894171888
1.980423089417188
1.0328517409036533
0.10244799205358004
0.0
0.0
0.0
0.0
0.0
2.1818399305783425
0.015529869923270023
2.0411422080976402
4.388264495238026
0.1553801615029883
0.4620201226090277
0.4620201226090277
0.0
0.21782955936758389
0.0
3.1314944379468743
0.03382731796297544
0.32354749907888797
0.32354749907888697
0.11746437828442126
0.08531246787996377
0.9232117018746153
4.078925301028009
4.07892530102801
0.8979244071223353
0.32855490259346015
0.08553297818950567
0.08485344825785579
2.7047131113750353
1.3568062303658412
0.0
0.0
0.0
0.0
3.73450225182621
3.73450225182621
3.73450225182621
3.6543115118283147
3.716588128428586
3.7165881284286124
0.0
23.28103962277562
50.75957439375685
35.15957234494513
28.46804964175177
50.411901103195405
34.336773525373985
0.015355624724716
44.36694008626321
76.79060375578773
54.41950070341349
56.66514053659312
56.37917743219404
56.37917743219404
0.0
38.95636888590693
99.82404226350913
62.838585969132836
61.092963418659025
72.23585379185265
53.54549488950531
1.0198978040710116
40.87257639701684
79.43354426142247
53.59410140923085
36.2355767666225
86.11367338510675
64.89866157907065
0.0
1.7199572145363549
0.8939249526505723
1.1744512088471366
0.02867243666934543
0.02867243666934547
0.02867243666934547
0.31035069604284315
0.0
0.0
0.0
0.0
0.0
0.0
0.0
0.0
0.0
0.0
0.05809883014505169
1.7570181377434724
1.7570181377434666
0.0
0.0
0.0
0.0
0.11577095676419588
6.198754693220275
6.198754693220275
0.0
0.08964199304688261
3.4362763638159226
3.4362763638159053
0.0
4.4077575785772005
4.4077575785772005
0.0
0.013588636182861264
0.4620201226090281
0.4620201226090277
1.7243036230170516
6.424455213442248
6.424455213442248
0.0
0.1906008644466358
7.280469873055986
7.280469873055969
0.0
5.8433611788427315
1.9477870309816478
0.0
0.07464840939496822
2.7193357885791793
2.719335788579187
0.0
0.9033296319358581
0.33372863162632416
0.05702198545967045
0.07424676722562383
0.0
0.0
0.0
0.0
0.0
0.0
