0.0
11.466465860204172
11.466465860204183
11.466506682791795
11.466506682791795
23.99969272033069
0.0
46.25472124343904
46.25472124343912
45.85283374239735
45.852833742397365
63.68418326878215
0.0
94.64298101564147
99.99999999999987
100.00000000000006
100.00000000000006
100.00000000000006
0.0
99.83321819098761
100.00000000000001
99.99999999999989
100.00000000000003
99.9999999999999
1.7099281481027828
59.687690138894084
71.00720285220173
66.3151935369422
98.74092974771969
100.00000000000001
0.19618179543604952
1.778715628624372
1.990177418781379
1.565806719098595
1.3543449289415854
25.35750624030894
0.0
0.0
0.0
0.0
0.0
0.0
0.0
0.0
0.0
0.0
0.0
0.0
0.0
0.0
0.0
0.8261978772024653
0.0
0.19161906203466314
0.06681231000146509
0.0
0.0
0.0
2.2681118290256754
0.0
5.223292222843683
0.3740192967279924
0.0
0.0
6.272613308972849
2.242771386964424
0.9427725041144611
0.0
0.13584034886427754
0.13584034886427754
0.13584034886427754
0.13584034886427754
0.13584034886427754
0.0
0.0
0.100696130556204
0.4027843815039154
0.0
0.0
0.0
0.0
0.0
0.0
0.0
0.0
0.0
0.26665688373541097
12.79978168739287
12.799781687392883
12.799836117509699
12.799836117509702
0.2666500799708086
0.0
24.06344316839299
41.97684628603378
41.976846286033776
41.60722152447853
41.60722152447855
23.775871998093756
0.0
41.850044688759375
66.82692476384419
56.65142915872537
46.29398216491527
66.98015628637856
39.94766570447409
0.6308731879944984
54.3405907644024
69.71517053636467
67.60133704136159
61.178512272597246
53.72409771474733
48.36719956092274
0.0
50.46405335876189
62.158531338537884
66.53675467437549
75.27634120833812
52.556419113671744
54.157919225545186
0.498191960949593
0.0
1.556376175046326
2.170602962480445
1.7679124957455812
1.5828834293581977
0.03584697658562309
0.0955919192364941
0.0
0.0
0.0
0.0
0.0
0.0
0.0
0.0
0.0
0.0
0.0
0.0
0.0
0.0668119707276309
0.0
0.0
0.0
0.9442261453742462
0.7648693572326248
0.764869357232625
4.555705961009098
0.0
0.0
0.0
0.0
0.0
0.0
7.23244848417424
0.0
5.6476871818435646
3.879688294205921
0.5054412319773924
1.090131294509861
1.0901312945098591
0.5846900625324667
0.0
2.378010846739826
0.3716601473748588
0.03702303207958062
0.4453868237323214
0.44538682373232086
0.0
0.0
0.0
4.070941635506892
4.070941635506895
0.8806916810427055
0.32189328097574593
0.08498830820577391
1.6730582590782044
3.1369842357716298
3.1369842357716298
0.0
0.0
0.0
0.0
3.7331963722957524
3.7331963722957524
3.7331963722957524
3.73310111959132
3.733101119591319
3.733101119591319
0.0
36.09516475258957
36.095164752589454
36.095164752589454
35.66380799714063
35.66380799714064
38.11212812595609
0.0
48.340073612152054
72.82390273104107
52.326365246344224
43.0547811569147
40.53819963650495
46.52250859354973
0.5520140394951861
65.42587172821612
74.13872822337105
67.47160710050989
63.728252488298864
58.85493715334937
55.27679949819742
0.0
56.831585765382364
59.59153750713243
59.59153750713243
57.87945021949528
59.432309781510604
51.82016814737029
0.4359179658308938
0.2124715672840812
0.0
0.302088250947712
0.5018576721987236
0.5018576721987236
0.5018576721987236
0.08364292933193235
0.0
0.0
0.0
0.0
0.0
0.0
0.0
0.0
0.0
0.0
0.0
0.0
0.0
2.9005664742810215
0.0
0.0
0.0
0.0
4.368999222107167
4.368999222107166
0.0
0.0
0.0
0.17488000920115412
0.17488000920115412
2.941438157422819
2.941438157422827
0.0
0.0
0.0
0.0
0.0
6.810145283160547
2.974601941977137
0.0
0.0
0.9008865647985667
0.9008865647985682
0.5183224491141287
2.64597158954406
0.5868372188387314
0.0
0.0
3.8289508943699095
3.8289508943699158
0.0
0.8753799200931195
0.3165815366852694
0.07436476968005218
1.463925976693428
0.0
0.0
0.0
0.0
0.0
0.0
