0.0
11.466500054594473
11.466500054594476
11.466534593177542
11.46653459317754
23.999746459605667
0.0
46.20723639210702
46.20723639210685
45.94085968854779
46.00445259609353
63.770300496276604
0.0
93.12318126908806
99.99999999999999
99.99999999999999
99.91640712054462
100.0
0.0
78.93504633367974
78.54190282117986
84.57765546120942
99.99999999999997
100.00000000000001
0.0
65.28339454558338
66.10147929089908
60.552631036712555
69.41200972179062
100.0
0.0
0.34018617232511134
0.40117062062426073
0.29865564135922906
3.1800094532434016
22.64526640378348
0.0
0.0
0.0
0.0
0.0
0.0
0.0
0.0
0.0
0.0
0.0
0.0
0.0
0.0
0.0
0.5030039872141482
0.0
0.0
0.5436053239481179
0.0
0.0
0.0
0.0
0.0
0.5436052186026581
0.49919114891448096
0.0
0.21706954827787323
7.462448149617122
2.4721813813647593
0.8240604564692017
0.0
0.09803878576008723
0.09803878576008723
0.09803878576008723
0.09803878576008723
0.09803878576008723
0.0
0.0
0.03168021882458012
0.06534028280652363
0.0
0.0
0.0
0.0
0.0
0.0
0.0
0.0
0.0
0.26665866845874175
12.799818727012262
12.79981872701227
12.799864778456357
12.799864778456353
0.26665291202823144
0.0
24.038625330415783
41.93374592624458
41.93374592624449
41.68950632212936
41.74515011623188
23.97930221604841
0.06359290754550749
44.84897130623225
68.03421804165077
62.125929494648545
67.77675276560126
74.20604189676042
37.08173214122893
0.4321496638925532
49.12330421293353
80.75093751342683
81.85521646468631
67.79094171437754
73.26679351147628
40.20882768029732
0.0
61.137856524552646
65.30755088626994
66.409261956118
69.24484361990436
59.22336980938279
59.63452111234835
1.5358167995219227
4.03093363530219
4.212177167326134
4.34194924747289
4.33462674895396
4.5404377355171155
3.1525052787678565
0.5604453797206221
0.0
0.0
0.0
0.0
0.0
0.0
0.0
0.0
0.0
0.0
0.0
0.0
0.0
0.0
0.0
0.0
0.0
0.5748616996733122
0.9685301839094459
0.0
5.177926895024512
0.0
0.0
0.0
0.0
0.0
0.0
1.0550732745357265
0.0
2.332090605449791
12.45421571346826
0.2480794837461408
0.4651490320240139
0.4651490320240139
0.4651490320240139
0.0
0.0
0.0
0.0
0.11350009146749171
0.11350009146749157
0.0
0.0
0.6465680558036886
4.717509699993639
4.070941644189964
0.8806916836664882
0.3218933003921344
0.08498831850195689
0.07134819947458626
2.2742243007375897
2.274224300737599
0.0
0.0
0.0
0.0
3.733221358422387
3.733221358422387
3.733221358422387
3.733140768395241
3.7331407683952404
3.7331407683952404
0.0
36.05793799562367
36.057937995623675
36.057937995623675
35.79009827160086
35.79009827160086
35.79009827160086
0.05564379410231906
49.16673377559699
71.17641884660773
56.6847977592737
45.44237396278128
40.85986460179182
48.84692315768952
0.37813095590598406
65.0826792146442
75.95529138358287
67.46422703658175
64.06999930234312
59.94969698942655
60.313241490261476
0.0
54.63813085230232
56.14998251583963
56.149982515839646
57.69991232952334
56.537817208640114
52.18020597330481
1.3438396995816824
0.5114681461762206
0.0
0.06534028280652389
0.03168021882458017
0.03168021882458017
0.0
0.4903897072555444
0.0
0.0
0.0
0.0
0.0
0.0
0.0
0.0
0.0
0.0
0.0
0.0
0.0
0.0
0.0
0.0
0.0
0.0
2.7060524706220206
2.7060524706220184
0.0
0.0
0.0
0.0
0.122764224427677
2.1852035010764665
2.1852035010764705
0.0
0.0
0.0
0.0
0.0
5.669057400078348
2.661278171076701
0.0
0.0
0.0
0.0
0.010317816568096407
0.8893234496182293
0.36903177642687246
0.0
0.0
3.6547390412189475
3.65473904121896
0.0
0.8753799353937983
0.3165815556674676
0.07436477868921229
0.06242967454026304
0.0
0.0
0.0
0.0
0.0
0.0
