0.0
0.00043126017282306634
2.5592910348103366e-05
0.7066592716762555
2.9879059012328054e-09
1.9813568633469604e-05
1.1786123351908137e-05
1.4117010428678236e-05
1.3222710295726336e-05
0.9195055128886611
7.852347900435378e-09
1.2043992264753514e-05
1.2386459310717965e-09
2.3775681148120046e-05
5.217262303291621
0.0
4.638945237014266
6.461242956865028
5.506134815397566
2.2741528380306817
4.23224574314283
2.8934030375199145
7.162277143041732
5.322558760901626
271.0145817635299
2.6190161473287885
83.03906376519997
1.3516001333152339
0.0003714658364741194
0.8369877563613285
0.0
0.8369885870454646
2.5409223368462277e-05
5.720453574966671
4.436867589798649
8.45220517760684
2.721994763151533
16.66084867949455
107.20166120986904
11.718285310701786
227.9629017858175
1.2888353622475872
0.358582532443965
1.4644621479708992
0.00020961362182762296
0.0
3.5669046151123047
8.305623971850794e-05
5.3068251495157505e-05
0.0005781299149651493
5.7851927993744056e-05
0.0001605154762192409
24.187934153095174
6.186636317019986e-09
9.761229301232145e-10
5.667876106310008e-09
0.00017639772783533834
0.002634821707154399
0.00021002949531768908
0.002670416606518131
0.0
0.00031973222630542967
9.176382697053716e-05
4.245014703444432e-09
9.949504566719546e-05
8.241953132630016e-05
4.107650905864753
3.739499019914475e-09
5.2766573813820205e-09
4.463329070323938e-09
8.589302680388395e-05
0.00011357525404480351
0.0012255585228468661
0.8288946207331871
0.00021335580705556924
0.0
0.0001782416525045687
0.0008755861896513722
0.00019875207475474746
0.00015476107365281215
6.893239997890163
2.5548298247417094
0.8047133819201149
0.00011843224621367715
6.95901389777739e-09
0.0016425476205149912
4.574826566914959e-06
0.11301559642229414
0.00011257924752462278
0.0006164875653823238
0.0
0.0003592211910384912
0.00013109761347383542
8.695795890170466e-05
7.642512260412518e-10
8.394546225874365e-05
0.07645418885118499
0.00010344233063631195
1.155249819020323e-08
0.003615689148626842
3.4251485729737855e-06
0.0010530822493170875
6.387521291259171e-05
0.0006134249516662911
0.000918959145756129
0.0
7.244085827445436e-05
5.1363720287251883e-05
1.5942851732615881e-09
0.0001477512979864775
10.5733360938016
0.00023680515364488672
5.113372506280755e-05
0.0005500215533087791
0.18775201587331947
0.13815751153940642
0.00014068666997236177
0.000281902988313725
9.456389366399205e-05
2.069729937510147e-09
0.0
8.71535150622846e-05
0.5293688690007393
0.00018746449298588023
25.881977911148454
2.0994527253143996e-05
0.001677967366773195
0.19714095586787816
0.00021682265683353646
0.0004470733951698032
0.41675872822980614
0.00032033041123787347
9.137884767181561e-05
0.0009690737836336426
9.90427769176614e-05
0.0
1.6465150241656996
4.035075885112094e-09
3.6219390368811865e-09
5.0549003721146366e-09
0.003037748544933802
5.159657331578995e-06
0.0015575466875568508
7.660018415684379e-05
7.815448575719794e-06
0.00011843262071269634
7.005865946815113e-06
0.00015971454069489365
0.0006392765098424734
4.716565686225814e-06
0.0
0.0010040510179289161
0.6608334874939852
0.00015173884287557273
0.0016508859321824273
0.0010455382045501155
0.1631670021809694
0.0006322335114583366
0.055871675346553226
0.00041604230802166903
4.288340282278098e-05
0.00023008302614284086
0.0006062064965748507
5.263598945233403e-05
8.523471457333263e-10
0.0
10.411279507939803
0.00023717845659716215
0.002010149256026388
0.02319500495507825
0.0209357930301792
1.9521629474008684e-09
3.011078957963052e-05
4.955211162523602e-05
1.2201534979952056
0.0005984588564423983
1.75844611361819
2.4875530191412747e-05
1.3933369722236505e-09
0.0005683001032897682
0.0
0.00038413236964865676
0.0017586295391909745
0.0048525285389020775
3.2506514161589136e-07
1.1979690288119519e-09
5.346801153776644e-06
8.938159250356552e-06
2.1980380120791136e-05
0.0004915042749909505
2.6247265117034372e-05
4.3694046822893565e-06
1.5677330897483334e-09
0.0002792417259742076
0.00135467859126905
0.0
