1.0712460713767986
12.18793652184487
12.270077703638389
12.131244055459964
12.131244055459963
0.44861630319265594
0.0
25.899086210965347
44.06759743044169
44.191929138997686
46.104173792719834
44.85099497412453
26.477189911895984
0.0
42.92731623681207
97.71300656872964
98.63371978958342
100.00000000000003
99.99999999999999
43.70026893740611
0.19622677386956494
44.55424589840671
97.5597296367899
100.00000000000003
100.0
99.18692071143457
58.85564650466288
1.4140377552980024
51.74792827933861
89.33372149885399
89.81701629902754
93.34548109014192
96.79100263250918
69.4835696699184
3.8557282270899385
0.0
1.9823256520277859
1.9823256520277857
1.5546897914679931
3.631377541370041
4.62629551839221
0.7710491655753923
0.0
0.0
0.0
0.0
0.0
0.0
0.0
0.0
12.187936521844868
12.270077703638389
12.131244055459964
12.131244055459964
23.99203408849411
0.0
44.06759743044172
44.191929138997686
46.10417379271984
44.85099497412453
63.90674129306892
0.0
60.03619600378967
56.231967638431996
80.69580931774131
79.54445152423735
99.73991505446827
13.656250770215252
68.23175941491333
68.52047336099768
63.83780275533271
100.00000000000001
99.22014423761388
1.4225436810059209
37.90803900156654
38.39133380174014
31.562512369824645
26.556419593878097
100.00000000000001
0.23528556204112108
1.9823256520277863
1.9823256520277854
1.554689791467993
3.631377541370041
42.58804714082294
0.0
0.0
0.0
0.0
0.0
0.0
0.0
0.0003857201255311832
0.0001928600627655916
0.0006391747837385052
0.008640279507206814
0.0
0.0
5.190326365437604
0.0029313484076390196
0.00586269681527804
0.11581425918373632
1.2600882659968724
4.096479738101784
4.096479738101784
3.228928009567611
0.05386606955608357
0.0
0.0
0.0
0.10715278960759533
0.1071527896075953
3.812910313091559
0.028078844948802664
0.9546806634601736
3.7989990521365984
0.010818916618314514
0.2589166164338653
0.2589166164338653
0.4089608687059817
0.09556793071647687
0.0
0.054956729507426236
0.10150666674813207
0.43965533349554164
0.43965533349554176
0.10991345901485247
0.7442086413308411
8.683235541634241
11.947516901481372
4.0084900011779725
1.1690716164732164
0.7442086413308411
0.7442086413308411
0.1288784646803096
3.8268765308052677
3.8268765308052695
0.5549898119419295
0.22199590708531924
0.0
0.0
2.503918545777032
5.295395552089967
3.425680484131785
1.8686888465661928
5.293553161998555
3.6391772510452913
0.0
19.46371937300424
50.314984544893534
32.2788813774087
21.75953619522233
51.28385307566103
33.429551491346515
0.0
53.18922225208754
68.49684323885953
67.6336878978863
45.07373830099291
40.52181322844091
40.299701652569084
0.19622677386956494
59.430528373585865
89.70389914628237
74.83644707165449
75.58092041664392
72.22082701159928
60.438412315992956
1.4400809050728232
56.63612153553415
61.49040460393968
59.46227135961539
84.46947908667596
76.65104675659927
69.44015219318055
3.829685077315118
1.574183715267478
0.0
0.19551202314777835
0.7082053349060036
0.23528556204112108
0.0
0.7710491655753924
0.0
0.0
0.0
0.0
0.0
0.0
0.0
0.0004463147209729137
0.011065604200385208
0.025560236138875404
0.007247951325685251
0.0
2.883515134007006
0.01984597843886904
0.1158142591837363
0.8007803921053313
3.7595359760436944
1.2531785587699371
2.883515089186436
0.08742956364726741
0.0
0.0
0.0
0.0
2.238726599280042
0.0
16.410371948809825
0.0
0.1878665668167697
0.18786656681676966
0.09884404546527248
0.0
0.054956729507426236
0.054956729507426236
8.036588862327886
3.403227555210699
1.116412529673742
0.0
0.2506373828122942
0.41449463570861395
0.40591921328480396
0.09309987448141166
0.09309987448141166
0.0
0.0
0.0
0.0
0.0
0.0
0.0
0.0
0.0001928600627655916
0.0001928600627655916
0.0001928600627655916
2.0812340472883903
2.0812340472883903
0.0
0.0029313484076390196
0.14575233353300937
0.14575233353300937
0.0
3.736100290803651
3.736100290803651
0.8007803921053314
0.05386606955608357
1.9272055346495094
1.9272055346495098
0.016482188810290527
0.0
0.0
0.0
0.028078844948802664
0.0
0.0
0.03245671416202141
1.66711179664521
1.6671117966452105
0.0
0.09556793071647687
3.2493105531228688
3.2493105531228683
0.0
5.869957871376861
1.0654339564816284
0.0
0.7442086413308411
2.7005419722425024
2.7005419722425046
0.7442086413308411
1.2454834069554295
0.7442086413308411
0.7442086413308411
0.12887846468030958
0.5549898119419294
0.5549898119419296
0.5549898119419296
0.22199576699799606
0.0
0.0
