0.0
3.762654967092648e-10
3.260390487354811e-10
4.646041319666577e-10
3.7625062216807026e-10
3.7070483818193107e-10
3.342773290709485e-10
4.2307556836124857e-10
3.5881372449065844e-10
1.2769055434304824e-10
3.869350593087229e-10
3.753922897936771e-10
3.6410782776653536e-10
3.256703084360183e-10
1.181463823962177
0.0
0.7292210323738697
8.82814165271028
0.6054546500287188
1.7483941241831258
1.0417090614893287
38.62478867694587
0.9201162782170669
6.315388024353399e-11
253.98583995992212
0.4860969499800303
74.93567689485238
3.973769925516023e-09
0.5281403068642387
6.799616382175975
0.0
6.79961638206941
0.5918140326950755
1.756522073009699
1.5515588777453329
30.001835867756228
1.0727362034209234
120.33314152433005
87.55020519628147
0.6513592342374934
48.03150923895281
3.7148397972891313e-09
0.09553245745843253
0.817770399394701
1.9426222488305444e-10
0.0
4.713724300169325
1.8609325436094615
1.0686532364318198
15.254221112377635
3.843062433513127
3.3513587083149364e-11
28.697981651909643
0.5205340357885625
127.31420400471629
3.097545269000659e-09
1.816590402729007e-09
0.00021756474768785367
1.2287488179766968e-09
0.43509402964718824
0.0
1.0492056596086632e-08
2.2883278688827915e-08
0.1258181656672023
0.07792144633311321
0.48400787445490584
0.12753902405183717
0.0635154408512976
0.12042646542712056
2.3915041741464807e-09
8.49772020859788e-10
1.8217844530850202
0.5546116534789608
3.8311150884782488
2.903619044884979e-08
0.0
3.293983183595108e-08
4.75092990303388
2.7894123801330114e-08
1.8806540916306613e-11
0.0232915930631014
0.10680111744270196
8.62699633999386
2.418802553345387e-09
2.2239686551919384e-10
0.058927686223555
0.057177041329965296
0.05940734061275013
3.3483567684307764e-10
2.262483171302942e-09
0.0
4.5989744738642095e-10
4.4074043642766126e-10
1.7107022100164728e-11
1.1042215831860701e-09
1.679495567903407e-09
45.22715796866254
0.07281932568160329
9.745966385661488e-10
0.0012418536404705189
1.4410212485239076e-05
1.4378846713204304e-05
1.4126839063123651e-09
2.2059528223063303e-08
2.3404762736467553e-08
0.0
7.961164687442213e-10
2.4458096141290434e-11
1.168261393115029e-09
1.6998880814922658e-09
4.105113239496189
4.508223534062275e-09
3.645530653408518e-09
0.4323816152006713
0.40779899715086887
0.17667963549919974
1.9162945940474363e-08
1.127747900387369e-08
1.6305917070682574
0.1502119365662689
0.0
1.7411966313538577e-11
0.9536071948126037
5.434353209244588e-09
4.073685342803546e-09
1.7345790576832362e-09
0.04034376673123111
0.06441129786667393
4.500975727950233e-05
1.5745023616622635e-10
0.0672955693724024
1.0502195586515045e-08
2.284777585185875e-08
0.12002724195489778
0.06239714672294197
0.0
0.12221316407877272
0.05463715076320401
19.53012933072381
2.4039272756340144e-09
9.868780161819379e-10
3.64972717486265e-08
1.7165635873094822e-05
1.7135294134114896e-05
1.0874572543107632e-08
1.7530297039571657e-09
1.4407733105707478e-08
2.7068231611421155e-09
0.00015168344995029103
4.263176000922206e-11
0.0
0.00026700324264231507
0.2520853046663023
3.979837717120762e-09
8.183556009237216e-10
5.735018579830128e-06
1.7166295649875297e-05
0.5786952179554717
1.1235894867782908e-08
0.08518088131276375
0.5614075345093769
0.0040746694122586555
1.9534057151031755e-08
2.2942073528900642e-11
3.8421132854911626
0.0
2.393812948457227
4.256670406215436e-09
4.0224507041226753e-10
0.17270698437056098
1.8527719556841554e-09
2.706422725427273e-09
4.81482783526903e-10
1.3526683951722033e-09
2.4783523018763303
0.0001028835768702445
8.156770918758481e-05
3.0172774474392743e-11
0.7641834832546683
0.00010288774124390902
0.0
0.00010609955355643564
4.3592662104201906e-10
0.009268288819059504
1.9648616798973483e-09
1.3718690477562313e-09
5.137880244898706e-10
2.3285065555228653e-09
0.17855211790269865
1.4710819255969626e-05
1.2018498082838365e-05
3.741050507313664e-11
4.310568338252646e-09
1.4715621523583568e-05
0.00030814623721489505
0.0
