0.0
2.2332098257943796e-07
6.290519326260171e-08
0.06336686428567377
8.879563923370531e-08
4.186781003455266e-08
3.858053869270946e-08
3.880529083040649e-08
4.210791729796991e-08
5.550955837547402e-08
4.168656352063735e-08
4.8989222358451956e-08
6.056122053729194e-08
5.272230509553267e-08
2.789571019760211
0.0
3.6394622982410145
10.833804913764459
2.9225837536540884
5.914895848360779e-06
0.8535661925153899
15.648948356226153
0.8534383989372046
2.6413103752638592e-08
158.5849273191015
0.2666203426210731
178.92212215473842
14.895168610564578
0.9008178304651479
2.7005904612035287
0.0
2.1108193100972406
0.9038397695116478
14.869444315869188
14.708454906486981
10.161947724968108
9.90307575905107
45.907843994146404
11.487670664607652
53.0438735860254
192.61812680041865
6.448094749755592
0.22051915611156697
1.120832728620492
2.3098489736932627e-08
0.0
6.362122160686859
5.902112041808083e-06
0.819131446906191
6.477139148230331
0.8191115086348941
9.107918159267726e-09
53.0811206156272
0.26333043074893425
7.4794927183065525
1.0918559912002844e-07
4.425124064038356e-07
0.0016800391993528696
4.353317763920013e-08
0.7783616853402114
0.0
0.00023531310498171564
2.1832168658426913e-06
0.05516094447535477
1.2635262844949623e-06
2.082409995771552e-08
0.05688957391017894
6.917642267035891e-07
0.49334223667583615
1.9292045969204628e-07
3.4076890817459706e-07
6.740601873932859
1.3467112955320092e-07
0.10267168237053795
0.0004454967035475506
0.0
1.0573388954206859e-06
0.046312189784365895
1.8392194148309288e-06
7.421527298623674e-09
13.52636813576776
1.7076565056055174e-06
0.039373361384015676
1.9994874057951982e-07
2.9180763387085453e-08
2.385698143105286e-07
7.449821325630315e-08
2.562833846455173e-07
1.3677660644442157e-07
0.0010630002235303678
0.0
0.000619995794785226
0.12401321023963582
8.0193914793409e-09
3.1132723398202754e-08
3.023705699299137e-08
35.35937117739247
2.7732805915729964e-07
3.998654589121517e-08
0.0007290714814161037
5.1203059278520356e-08
1.6548980747476923e-06
2.460031486533696e-07
6.795059188968172e-05
0.0007387492640978401
0.0
0.29147487670694594
9.784699933930548e-09
3.7741812218882506e-08
3.675069335523121e-08
1.4941117259332488
3.3450579846053213e-07
3.8427404614853194e-07
0.056248375955398
2.4909925822530776
0.00855774033871697
0.006685191694631626
0.0003144629603304034
0.0066839100135569155
4.2811385545878045e-08
0.0
8.102585693409521e-09
4.1259291230060856e-06
0.0001619924364241737
3.370619866174966
1.9391383394272506
2.4393194332089463e-06
1.212733325412307
0.0001193745890108098
5.903265688678883e-08
2.2212964049941584
6.293766457819146e-06
7.253794458815237e-07
0.07689019574864078
1.2604559990558315e-06
0.0
20.584978635609247
6.931006460406595e-07
0.05256961507859431
1.6971141761172532e-07
0.002154093981732468
1.3834699822102064e-06
0.036098830745052185
0.00047898168637342247
1.0891734224277353e-07
2.2783855448025037e-07
1.0811528379979338e-07
1.3408470611057127e-05
0.000724682574070093
1.1370248561376401e-08
0.0
0.0009894842052276804
0.10094486620854731
1.7921090966622317e-07
1.5297831264423868e-07
1.3262754342308173e-06
0.5776544361199205
1.7682406448076e-06
5.352979963785815e-07
1.938068861926782e-06
0.344221723418511
0.011130705076534507
2.6945918088493474e-06
6.940790925309924e-09
88.93841431267211
0.0
0.804820596453602
3.0206776651654526e-07
0.43620933195137945
0.0005165797476477332
6.687696455683915e-08
4.96779490555655e-08
2.0925445482603093e-07
7.435536171729868e-05
3.5866967374122067
0.000265067701245103
7.495529964823594
1.1813090804772531e-08
2.247143038032242e-08
0.000269222891038868
0.0
0.0002489694671412763
0.20379950194402718
0.0002508390065478084
5.8875305410077506e-08
0.00042252305704524993
1.3664480532944772e-07
7.32454299574819e-06
0.20874586572721704
8.175269065815574e-06
0.3623749958977918
1.3856860659310168e-08
0.006099334674747552
1.8872176197366293e-05
0.0003727831808926803
0.0
