0.0
1.738309694849054e-05
2.866522254919666e-08
8.407284438596957e-08
5.257502366303141e-08
4.919590386226514e-08
4.68136612083056e-08
5.2779209576404276e-08
5.182533677873633e-08
2.085313018130192e-08
3.113115273672978
5.944105997012225e-08
6.772060234941071e-08
0.35022338864258884
7.091809272962216
0.0
6.560922750386233
8.508660521006975
4.017505743137914
2.627435899276343e-06
17.356682227947633
18.782142917675284
5.233442535272289
3.4226165651539984
170.891821704877
11.525741261393298
137.33838266938446
12.577422022628626
3.685713042289375e-08
2.723835553022028
0.0
1.986372209623778
0.03274331392408694
11.256401278001832
4.9276099294004165
22.913828814579954
4.957666817843366
43.60111942090135
11.15270689169156
19.187886701930267
238.4630820321809
3.892322896490157
8.732952523907014e-08
1.043461362166419
3.071545447457573e-08
0.0
3.2531710152117377
2.4682104098178085e-06
0.986441977245219
6.488030311410951
1.0169011981752767
1.3043593496363369e-08
62.83147020850197
0.6865198988434328
7.691658511275054
0.3100483194055344
0.00018638652327100568
0.00026748773205929487
6.664482278882925e-08
0.8207894164530203
0.0
0.00023131325406155855
1.9367328640289603e-06
0.054459288406281114
3.330970273793717e-06
1.5094135223224697e-08
14.720593282515676
1.2724319111924723e-06
0.041906194831216645
8.668309321624407e-07
3.7610513631248184e-05
4.076877337196333
0.10642305441995145
0.09565275283766561
0.00011595514944899127
0.0
1.9375687415904738e-06
0.04299620846666131
4.890402960833365e-06
1.0457086462467558e-08
14.117846194025123
2.7086482978135277e-06
0.037163818579757105
2.9684580837222e-07
1.1810800674088292e-07
0.4269329914451957
0.04387927170855839
1.997752253609275e-07
3.269285672058803e-07
8.035723450241814e-06
0.0
3.203628146165895e-08
0.06491836292644468
1.1834399572364986e-08
4.0222027310843575e-08
4.4438679140687665e-08
35.43753334557236
6.967575199316316e-07
1.3322147502038898e-07
0.005516063748901378
2.528969314648407e-07
2.5863204637165568e-06
5.286831160252633e-07
2.054259215394681e-05
5.033982872571465e-06
0.0
1.130022293964412e-07
1.3935108585639698e-08
4.825892896047223e-08
5.1363164291211655e-08
1.5002706765564708
7.801588502843716e-07
1.1334348896463506e-07
0.4386609217603156
0.3698036085892002
0.00818612800961557
0.342839644614423
0.0004987008603865461
0.09460708786005233
2.1009887968569115e-05
0.0
1.208005461985623e-08
3.7860172792587794
0.00011739315269325217
0.0019698529526039413
4.057676834212357e-07
0.05524228312602278
0.8043044247453439
6.884333321502084e-08
2.357392869639566e-07
0.9158185512852307
2.826727485720216e-06
1.3238163562978146e-06
0.0756519565123045
3.3119943488638593e-06
0.0
16.809087041693278
1.2173907766245049e-06
0.053088488871373886
7.603004470821664e-07
0.004605523263076759
3.1506694642188966e-06
2.391641453201298e-06
5.821146693742921e-07
3.106986996727365e-06
0.0001854044297936897
1.8866474778129351e-07
3.6714522766049416e-07
0.000747602428912056
1.1853159225291274e-08
0.0
0.0016075769799160941
0.08699880253744689
6.406831136633569e-07
1.722756909812791e-07
0.0067489633839649095
1.5970871656575441e-06
7.929033820671053e-06
0.006766466335461081
0.00010966415433285278
0.10283634015693255
0.01188570050200206
0.0005490487772665493
8.596004268790647e-09
58.705087337136185
0.0
0.6988669703272202
7.656531962093842e-07
0.50889752595793
2.877352552102975e-06
7.119417033491244e-08
0.0005173561608817126
2.952229205978139e-07
0.8104021115150044
2.850166194029122
0.00026728537179497374
2.8216803977754257
0.6674836531533995
6.997566176685461e-06
0.00027421022756666223
0.0
0.00023908347560140354
0.09657246907982943
0.020160339541369567
8.96020751695419e-08
0.0005065046298293497
1.5741417666137281e-07
0.10736351509062286
0.23320433641004693
4.866691227460073e-06
0.11402950140840079
0.10810623968679915
2.056945238808421e-06
7.021916219226373e-06
0.0002833563869308624
0.0
