0.0
1.1602372121026235e-07
3.6473529591164826e-08
1.9792705755314646
3.508372792213571e-08
3.353331847801111e-08
3.0198688645968665e-08
3.090141648220552e-08
3.471980658757121e-08
4.235627776932989
2.7595049109754674e-08
3.476818589659762e-08
3.6551295581634264e-08
3.3834707594397305e-08
7.338709581820383
0.0
6.7529512339785525
10.72014518354625
4.864183276478821
8.414422368177766e-07
12.714754878719711
20.096612723596273
3.637866983202817
1.4463007256148692e-08
220.99696267016134
2.785386923769101
116.93599659248267
6.030944594471505
1.2004267720446573
3.3727310045231595
0.0
2.0139517763576835
1.2330385204145897
15.116061952421399
13.111863954489241
12.037023925746945
10.29057563172691
50.500457587468674
11.545295289942473
15.729654332868567
216.73777602714114
3.4461307937528485
2.153269039358894e-08
0.6361890333792015
1.5206969672157256e-08
0.0
2.45600365597074
8.226022520123712e-07
0.8178405613348823
6.5636832539113605
0.8557364026322852
6.091288772958072e-09
73.628686594697
0.277150610773133
7.516434329435816
2.194828191343281e-07
2.5952020408566123e-08
0.00094674867973008
3.008478271679106e-08
0.42443199272396764
0.0
0.00015780276843981657
9.364128646680419e-07
0.05514049911033857
1.8685099746288662e-06
6.126769001693839e-09
5.431593928765316
5.619237953002449e-07
0.0405305901467163
3.1040945509401835e-07
2.131366181378882e-08
1.2779822782334918
3.015156415642343e-08
0.08896565213492061
0.00047107714154130974
0.0
1.0027516819986242e-06
0.04011642725221386
2.7867773640098287e-06
4.562560336350956e-09
25.47263221513304
1.6139183003033568e-06
0.03383234187942173
1.556860306034497e-07
1.9338491571086738e-08
1.0454551557510356
2.2268412065622538e-08
9.897705905841536e-08
7.690906785479595e-08
1.9526280675839136e-06
0.0
2.0333579161880262e-08
2.0463821183207194e-08
4.48061691123671e-09
2.6465014105613762e-08
2.9015821455156747e-08
35.380116149062886
3.6010145823399714e-07
2.198981484030014e-08
1.7032955753702394e-06
1.8392956912657246e-08
9.886175473941121e-07
1.6871297783369705e-07
1.9580698333669737e-06
1.4208715752640425e-06
0.0
0.11752974173509492
5.119185059025584e-09
3.281262998532483e-08
3.548582980838922e-08
4.384900244071047
4.4225532953163916e-07
2.8406805559049363e-08
1.2104627183396797
0.3287633067826231
0.007712805742072372
0.14748483570181292
3.315398695331709e-05
0.1250747649359232
8.555167534182733e-06
0.0
4.644610107910423e-09
6.682261185810518
1.5590412406279878e-06
1.4746701801927496e-06
1.8247927723469724e-07
0.08601782777201258
0.7235617081731964
3.1289848021117486e-08
0.000488728806305149
0.43009083461716824
1.1592504573092465e-06
6.759329449716505e-07
0.0778277182556297
1.8588255451917184e-06
0.0
0.08295759246072597
5.643798107310323e-07
0.047559105746199384
2.661006489894394e-07
2.10376145063011e-07
4.0168209057409727e-07
0.0016871501864473026
1.650769046317818e-07
2.7725027560823373e-07
1.668667922543491e-07
6.490450570246477e-08
1.320824095466331e-07
0.00021903081055739754
5.509920099027833e-09
0.0
0.0007481680432246719
0.27115116899744374
3.6871544270200483e-07
7.243194211123775e-08
7.829915951667225e-07
0.30692066144855246
1.8585094597286353e-06
5.979236864071002e-07
1.3266407764951168e-06
0.09579591330463075
0.008247504518463622
0.00012296486055992222
4.366104502586759e-09
44.814157823339244
0.0
1.4813943408783568
3.9341536566454087e-07
0.1613120649270684
0.22591872453727735
5.160353394527375e-08
0.0003499502431802337
0.0315309289330015
0.497696635376984
2.903918234711579
0.0001792765996595134
0.8245157877113856
5.246806204257154e-09
7.27168275338962e-07
0.00018002500992346144
0.0
0.0005927617171766663
0.032059876358721325
0.16044842672257018
5.2951013827406826e-08
0.00045400626816147124
0.026299576692384967
0.05245559379320979
0.16241577786376532
2.2318950640200824e-06
0.05446504992977025
6.024825872229706e-09
1.3449170905846067e-07
2.345032414968432e-06
0.0004973153826739814
0.0
