0.0
11.466354239710565
11.466354239710562
11.46641900473726
11.466419004737267
23.999524565609565
0.0
40.123515655576746
46.2280640290949
45.886615473311515
45.96813050352319
63.70556505604078
0.0
99.99999999999991
100.00000000000004
100.00000000000001
99.92233025565882
99.99999999999994
0.0
86.2100616250524
85.93870380595418
85.75147510298952
100.0
100.0
0.0
62.414626864162585
62.8646341472627
60.038595025512464
73.79833617446586
99.99999999999999
0.0
0.3328125244289855
0.4141223786914866
0.30655130824851007
3.2363523831312655
24.62901318181361
0.0
0.0
0.0
0.0
0.0
0.0
0.0
0.0
0.0
0.0
0.0
0.0
0.0
0.0
0.0
0.6447640644019489
0.0
0.0
0.7011681002308919
0.0
0.0
0.0
0.0
0.0
0.7011680948677174
0.6373988424582098
0.0
0.17842195259382443
6.150996939799247
2.242904946544162
0.7476349673074943
0.0
0.13720233886625582
0.13720233886625582
0.13720233886625582
0.13720233886625582
0.13720233886625582
0.0
0.0
0.04223897313286681
0.08711726473069129
0.0
0.0
0.0
0.0
0.0
0.0
0.0
0.0
0.0
0.26665166829058384
12.799660081622838
12.799660081622832
12.799746434991762
12.799746434991771
0.26664087411946646
0.0
24.04951100236934
48.057198836624416
41.95265046310614
41.639577802908796
41.71090345434401
23.97346890182642
0.08151503021167657
47.77050978183321
64.65358896083872
64.83716908328826
67.24331746871043
76.85326041344287
35.87438123158342
0.5775014565570135
52.32207901776296
75.28312704070285
76.30481339008456
70.36530445740465
66.73062593420975
40.20140170775193
0.0
53.554167223178034
65.39926121860013
65.85103673134087
66.56557844448461
57.87267867001324
59.08103918723853
1.3513228218766111
3.910497716157292
4.210522263939199
4.278848635759884
4.271164987871093
4.480436493219864
3.226190281227062
0.5735449278911997
0.0
0.0
0.0
0.0
0.0
0.0
0.0
0.0
0.0
0.0
0.0
0.0
0.0
0.0
0.0
0.0
0.0
0.7368732164593702
0.1835801224497965
0.0
1.1619526531451805
0.0
0.0
0.0
0.0
0.0
0.0
1.0645779939599762
0.0
2.4280531787605444
14.497503533537385
0.2039108029643708
0.3823327555581949
0.3823327555581949
0.3823327555581949
0.0
0.1408441576170403
0.0
0.0
0.11763790740817433
0.11763790740817434
0.0
0.0
0.0
4.0709416060231325
4.070941606023139
0.8806916149577164
0.32189316985685024
0.08498825455491851
0.07301582399306673
2.3273808569884147
2.3273808569884107
0.0
0.0
0.0
0.0
3.7331233560681754
3.7331233560681754
3.7331233560681754
3.7329722376725316
3.7329722376725294
3.7329722376725294
0.0
36.07426650355397
36.07426650355406
36.07426650355406
35.730942330269286
35.73094233026929
35.73094233026929
0.07132565143521699
49.739776533382006
65.25497929851983
53.05143618516936
43.64130707723185
40.448951138381396
50.64733309716806
0.5053137744873868
66.00207386182242
74.71999123323309
69.52437189310345
65.39836043268626
60.86329984759064
59.99454496321116
0.0
57.736652661992665
57.58906391178975
57.477498009017886
57.939522065513884
56.456254889114945
51.69590928883371
1.1824074691420348
0.36340991441481985
0.0
0.08711726473069097
0.04223897313286678
0.04223897313286678
0.0
0.5018518119047998
0.0
0.0
0.0
0.0
0.0
0.0
0.0
0.0
0.0
0.0
0.0
0.0
0.0
0.0
0.0
0.0
0.0
0.0
3.4686902989338084
3.46869029893381
0.0
0.0
0.0
0.0
0.08932086884313703
1.6970980222520877
1.6970980222520917
0.0
0.0
0.0
0.0
0.0
4.760551575460756
2.4508739060197016
0.0
0.0
0.0
0.0
0.010691390011536513
1.348460009162496
0.5418073011758499
0.0
0.0
3.895690219888681
3.8956902198886794
0.0
0.8753799251472265
0.3165814932481036
0.07436472273555371
0.06388884599393346
0.0
0.0
0.0
0.0
0.0
0.0
