1.0855624931613455
12.05059973400627
12.15403115880913
12.023201951306083
12.093313604213508
0.4540418597645427
0.0
25.897880446321206
44.05688300465619
44.06004496659502
46.172171999534946
44.87811736751364
26.49086006460254
0.0
46.03266761104798
99.99999999999997
100.00000000000003
99.57409949098746
99.8938877302595
32.20167291791704
0.0
54.64991102417108
95.00351772432752
99.95143758492908
99.99999999999996
100.0
52.73212860195033
1.0131477286218797
53.75988930044608
91.199285004082
91.22232287785819
93.64954837578057
99.23745721195544
62.18925295716688
1.902510891800323
0.018623715060164553
1.7977677608725149
1.7977677608725138
1.7465353219696202
3.2404156531530477
3.052978125368128
0.50882967502255
0.0
0.0
0.0
0.0
0.0
0.0
0.0
0.0
12.275265891458767
12.378697316261624
12.247868108758578
12.093313604213503
23.99006763105241
0.0
44.0568830046562
44.06004496659502
46.17217199953495
44.87811736751364
63.907512884945994
0.0
55.27619996764544
54.476463450025484
69.08824660235523
80.89156289682197
94.62345492025204
0.0
72.35971330470296
86.93110432333731
72.38063979580132
93.71538012075791
98.58640466235222
0.0
36.5663128052718
36.4557773442864
28.49878363255923
50.288842994755946
83.88576164304962
0.1764454677036305
2.758905425039578
2.758905425039579
2.72629670119685
4.220177032380278
71.75141133573293
0.0
0.0
0.0
0.0
0.0
0.0
0.0
0.0009648938223623247
0.0009648938223623247
0.28089263422051025
1.264017103608033
0.0
0.0
1.4395257121395473
0.008920922129071099
0.07715737707511212
0.07619248325274981
0.5610085446745069
3.2973199296024602
3.297319929602461
3.2276919233929555
0.05388402267461191
0.0
0.0
0.06929409336953414
0.0
0.0
0.19264416404984305
0.0
0.0
15.217006790264536
0.028121613821608174
0.21915982376259852
0.3527331585241389
0.14885060557941468
0.033356162401814535
0.1571707652135359
0.34617412422915894
0.21412468998407047
0.5339115324283776
0.5339115324283776
0.29482473036088275
0.10580432115337718
0.0
4.079999649075843
4.079999649075842
0.97166117955507
0.3803542103366055
0.19547580671981468
0.08067998928712829
2.5381997038298936
2.5381997038298927
0.3697003256420899
0.14788012840143594
0.0
0.0
2.4953288652269263
5.293838954669965
3.443793891042759
1.862464895851239
5.236114657984428
3.6318210802003073
0.0
19.463828227165997
49.15537140696066
32.02176049436827
21.882163808082232
51.3234016512689
33.416652855902996
0.0
54.45077123758653
66.81181946712327
58.3937158869746
52.15561351790245
49.73072326594274
49.94371576815208
0.0
63.64485013892447
75.8985684414085
67.08851508503597
75.14240469609659
65.25877983926823
52.73212860195032
1.0131477286218797
57.6000110055977
62.97350501706745
60.80693024709028
98.51824834102543
83.14841215141615
62.354033846964704
1.9025108918003235
0.061433552772755785
0.018623715060164563
0.018623715060164563
0.10246487780578745
0.03724743012032912
0.0
0.50882967502255
0.1335733347615406
0.0
0.0
0.0
0.0
0.0
0.0
0.0020838726691095977
0.010623686541872747
0.010623686541872741
0.0
0.0
0.7997365328647872
0.009429197736331947
0.28089263422051025
1.264017103608033
3.8821630707886134
1.2940542079625055
2.1334991949957405
0.08670646734061276
0.0
0.0
0.0
0.0
2.1334992198147846
0.8302354846116619
3.5476088781329795
0.0
6.286654695913322
1.933136619903116
0.6443788354230607
0.0
0.9315393264143758
0.14741236518044137
5.843298171670881
2.1404499561332626
0.7134832186821596
0.12381190111062627
0.15826513905393844
0.15826513905393838
0.061905950555313165
0.061905950555313165
0.0
0.0
0.0
0.0
0.0
0.0
0.0
0.0
0.0
0.0
0.0
0.0
3.294087872960732
2.0300707693526987
0.0
0.007956028306708772
0.20896312115489477
0.20896312115489496
0.0761924832527498
3.9098029622735395
3.90980296227354
0.6126063090479474
0.05388402267461191
1.9278501486599595
1.9278501486599595
0.09045844040990682
2.3412187541135316
2.341218754113531
0.0
0.0
0.0
0.0
0.0703040210157112
0.01527727081787409
0.01527727081787409
0.01527727081787409
0.033356162401814535
2.4892157303987736
2.489215730398773
0.0
4.381587723482388
0.1335733347615406
0.0
0.10580432115337718
3.597347359170152
3.5973473591701515
0.0
0.8690442772977041
0.2777373387882451
0.0
0.08067998928712827
0.36970032564209
0.3697003256420899
0.3697003256420899
0.1478800395224854
0.0
0.0
