0.0
0.00015780129312440276
7.852833021674088e-09
0.6393843466204877
1.24910551078485e-08
6.020921020098836e-08
2.00680797649881e-08
3.5999707321893267e-06
2.007324608065579e-08
1.0540960089765379
1.2877952189875467e-08
4.069092729947769e-08
3.392621144029998e-09
3.8641993362821147e-07
3.9441174058048554
0.0
2.867495126323772
6.707660402429802
4.061827877704975
2.760058015807892
2.107335520086583
2.955952461980555
6.23102786725709
5.410552024180109
297.26993868656405
4.840209124692862
42.073838065624855
1.0807113579933207
6.789204915487665e-09
0.8328374194456184
0.0
0.5394153455565713
0.10688741898994215
6.255878924520345
5.5249275578490495
6.491788671062928
1.4012350600774732
27.6788942762673
86.7622611882903
0.3230231772799167
251.89094382326877
1.2477467628881067e-07
1.8402949015301825e-08
1.354905766817458
1.4976754621779623e-08
0.0
2.8655243271448425
2.0302977292373873e-06
7.407544565706026e-08
0.0009818249659991078
1.323461862532084e-07
2.0275841797870388e-09
17.68732826544902
4.031445060176603
15.57894908588914
4.680651142215351e-08
2.7443053626951963e-08
0.0008362248479253579
2.8879682493184152e-08
0.19591740088332465
0.0
0.00019135543098459153
2.705876235310383e-07
1.9016423989087853e-05
2.2688780119691325e-07
3.2423264580424943e-09
2.716704063005227
1.3110417865762854e-08
0.3851752577268892
1.1627685201733358
1.7754411047765472e-08
4.199793229153747
1.943874685640489
3.791076111865398
1.6034029895408183e-07
0.0
1.7596178026541163e-07
1.9097445172806984e-05
1.7576177523875298e-07
2.26379251994813e-09
2.1260040604674035
3.6925650928367615
3.8464229427523895
3.829997664434033e-06
8.616550998992973e-09
3.605091098389638e-07
0.18242168454042856
0.04166302154986702
2.612571270256429e-08
0.00012582482336430747
0.0
0.00012267810627570726
5.746709906618897e-07
2.2894371475547894e-09
1.077062809663494e-06
3.844731986631355e-05
0.19112349051201127
0.00019368179936425924
2.0667731625387795e-08
0.0018315573139318629
0.3354678385062317
0.001345101915318796
2.79715172986374e-08
0.00044987118753173376
0.0006875197118867383
0.0
0.05763087612267956
2.675398069957756e-09
0.05933454644373186
0.00018242700165981522
11.604986755800573
0.00015744979892638093
2.3146273331577129e-07
3.8346479509437535e-07
0.052120585805853624
0.16751365671468854
1.7282110039699656e-07
0.00030668058578066793
2.1006503799525087e-07
9.69757118794289e-05
0.0
2.1862837693365148e-09
1.2412667932401096
0.0002729618258160908
18.961912645238716
2.838699562100751e-05
1.4529257341629426e-07
0.043027332938972485
3.050907724667723e-08
1.3096538924650978e-08
0.10647291672326481
0.00019496951492063664
1.6541390199091276e-07
0.001646125414169626
2.222865075436276e-07
0.0
8.711438614104223
6.996189005686308e-09
0.3437638569551588
5.119492281567638e-08
0.003741386040130513
1.663098876200965e-08
1.0883975478816266e-08
0.00195270659044926
1.4621125070123015e-08
7.781594234887101e-05
1.4111504990775909e-08
5.28347924722759e-05
0.0006163148968131265
3.96800659064133e-09
0.0
0.0011984166799682036
0.7279769235002046
5.086791076599574e-05
1.1642113365715765
0.000678961410814383
0.001441059332502502
0.000880801816359248
0.013590775983222723
0.000498173646414839
9.567638202538968e-08
0.00013092692980938247
0.0005289543907168268
2.722745401499184e-09
1.0880860599301416e-09
0.0
11.602282301829394
0.00015799947588278335
0.002341280807284259
0.001913965392275451
3.202835181978295e-08
1.7345607331572212e-09
1.599838585666981e-08
7.790986129611852e-05
0.6218049793473114
0.000729761538223638
0.8424862887878977
2.8140437968377033e-09
1.3552401454708065
0.0007299650886612382
0.0
0.000579791904260441
0.00011055256207005511
0.00377777133628134
4.4858246022802414e-10
2.0558705699454993e-09
3.959670461664663e-09
1.5145202810186332e-05
0.06046762100634013
0.00035470763093599584
3.479684880638935e-05
2.946067200039418e-09
0.1373483859515905
0.0003569979805383041
0.0008193611869671943
0.0
