0.0
0.0002994826322243946
0.0011946107560157472
0.0012714906746489926
9.667905381158864e-09
8.722907584781376e-06
4.660677184703939e-06
5.639569525793519e-06
4.947239361597241e-06
3.983564565901087e-06
2.01625528328838e-09
4.2183499209532184e-06
4.4718026330249923e-10
2.680563704566507e-06
1.8261478109211515
0.0
1.8261280654808107
3.468371065637066
0.913173474759079
0.6531826072396163
1.0493094615082865
1.871226779101567
1.049343595732705
2.483832753310321
333.5921042326103
2.6948848016592366e-05
46.95240362803849
1.0861627857668035
0.00011196713639528815
0.6901174521692071
0.0
0.6901173258046023
0.4375637748531697
8.80007215752781
9.233045318223017
3.7329320865280664
5.904897597829838
20.454944710331752
54.319216715070404
19.84226768368401
264.1374732787577
1.8138435513342255
0.8663204624292301
1.7303948373802365
0.00021321414503828063
0.0
5.506722034265559
4.54258854384371e-05
2.585664193526029e-05
0.029826814064615965
4.325500520854062
0.0001067616626366506
10.657104622952845
9.39224450540791e-10
2.698126527067598
1.2239954237657017e-09
0.00012822267344041703
0.002081819480435659
0.000146610867276413
0.18789459979011713
0.0
0.00021654890015331148
4.975204493793721e-05
3.6530707551241373e-10
5.2705038655960626e-05
4.2707012578249406e-05
2.743718525076573e-09
3.034781276644788e-10
2.1893651673998193e-08
6.353205169396471e-09
6.400099873847794e-05
0.00022202079767991037
0.0013619755433284557
3.9369972065390297
0.000526904691809
0.0
0.0003681902897475003
0.0003008240252810843
0.00033908263232604525
0.0001438945434224223
5.131753571235022
0.00012047690495760481
1.2502962574851683e-09
5.961096323405838e-05
6.881975685582593e-09
0.004410078237373853
1.1319643230310269e-08
6.787778892895066e-10
7.912401776135402e-05
0.0006679658610843728
0.0
0.00048045500911717004
7.605419931846313e-05
5.9254434193950554e-05
8.014999162832189e-10
6.30392526905344e-05
1.079883982353789e-09
7.045069861576335e-05
1.1815826167367343e-08
0.0021541957465215453
8.592419698444123e-09
0.0007084626697236561
4.4757184156095353e-05
0.0003316500528823897
0.0006166226452884575
0.0
0.10845700315627996
3.507075902771301e-05
6.271805418947523e-10
9.730655421134064e-05
10.984962842906263
8.335149089334515e-05
0.0007386755797428932
0.0003985001598638666
1.2472403691758476
1.7177564762716844
7.838318067934675e-05
0.00023877014739476086
4.998957901820653e-05
1.2595128125963634e-09
0.0
5.946512204244203e-05
4.1602419262295924e-08
0.00015502266778377104
19.184321655439412
0.7037615134452291
0.0011194309814432134
3.602751930964389e-05
0.00014786406066183248
0.00030416669117570687
5.306180422445836e-05
0.00021712774295769044
0.0014102583570404755
0.000670232599350405
5.25911033969974e-05
0.0
1.2974188192721818
1.7964389071398157e-08
3.1373160307091847e-10
6.417504727314294e-09
0.0020339277210458403
2.9885195372537362e-06
0.0011001678119292417
5.1784461714148316e-05
4.224580073846671e-06
7.87910763346997e-05
3.985733264463059e-06
4.379467526241445e-05
0.000453384247897327
3.2216145155043095e-06
0.0
0.0006731310636816565
0.6696625865399841
4.278150135758942e-05
0.09927082448699379
0.0007373271587625315
0.0008118528073455355
0.0004310773050012842
4.672820234723706e-05
0.00025690337218255523
2.4260781519179607e-05
7.159000978744982e-05
0.0004019520073517569
3.589326362996757e-05
3.4809896271299436e-09
0.0
10.950540733594678
8.368787589599615e-05
0.0022046004724829856
0.0011203473836153886
4.129973859950652e-09
3.5048484725432275e-10
2.0933756206103874e-05
3.245677366648813e-05
6.948882121476787e-05
0.00038483543861352005
1.4451458824033692
1.692307609510649e-05
5.603109457262382e-10
0.0003784984950434509
0.0
0.00020057338969153043
0.0022455026490453317
0.0021794732071659627
6.883139816153394e-10
3.556532024352806e-10
3.726726173453941e-06
6.005339808948279e-06
1.4703890280429194e-05
0.00032464685128156786
1.7619478333731384e-05
2.9741515506821445e-06
6.332780198997208e-10
0.00018591217953895718
0.0009062685474661776
0.0
