0.0
9.91942361786238e-07
3.094784404382806e-08
4.9440797179387646e-08
6.357747381875836e-08
5.2620739738774816e-08
4.703471730163172e-08
4.2550020501531636e-08
4.7681653525433657e-08
1.4881111939911101e-08
3.23658703268974e-08
5.448992141507457e-08
5.2714892547775636e-08
4.859753331690296e-08
3.7993048488376524
0.0
3.7210407795747398
10.592178798147021
2.744727007256916
0.38934630556257416
0.855184243516657
16.928752128660072
0.8544235275251468
1.9725852796937402
167.2832612665426
5.750341005722597
168.62400053117273
9.952277773092986
1.8605503093371427
2.773498368239012
0.0
2.3485160183263742
1.9208908595680276
15.152773884025597
10.79128762540704
17.551832820345158
9.734651492666945
47.07187565257465
11.536036327564155
36.24671175872146
201.90833435331135
5.486876335704965
5.1568760762719056e-08
1.2410512073079307
2.562775595588919e-08
0.0
4.710902143956975
0.0011428895349237162
0.819706347940538
6.4429402541179055
0.8192004822274194
1.0100603330075036e-08
63.82654556160111
0.26410278538290916
7.449937524319466
1.7804755222664563e-07
2.2342723902311476e-07
0.00163827798513643
8.659613461460638e-08
0.19379401289280732
0.0
4.183213299906983e-05
0.0019153696691243827
0.05506851101084546
1.2315178479691309e-06
1.9573163800335612e-08
0.05711733213271957
7.505898078690933e-07
0.04147509065062437
2.321754857759469e-07
4.786166286562662e-07
8.600405010912668
4.849236578958399e-07
0.10911138690258906
0.0013210448323857367
0.0
1.1433452849798347e-06
0.048568658533025055
1.7817589894640375e-06
8.225558835217255e-09
10.460062208507658
1.745794049201622e-06
0.04048757400898163
2.1475602673364394e-07
2.9220019478852716e-07
2.2306182826855656e-07
9.652978154039392e-08
1.5208359906312947e-07
1.699869400251769e-07
0.000504005461927162
0.0
0.001481349484227879
0.042029011648075265
9.376369636952639e-09
3.8253597897182466e-08
3.322646937253878e-08
35.428586561530736
3.368512340564261e-07
1.7053247794816843e-07
2.835691236096835e-06
1.731457700329312e-07
1.763525314417778e-06
2.7362424418608305e-07
5.884021596813689e-06
0.0007460555820581352
0.0
0.11605404718482162
1.1380136676804495e-08
5.582265781426344e-08
4.0524048422175437e-08
1.5623863515022653
3.9971955924021936e-07
1.1876641199546327e-07
0.015602147223279758
2.916521881581688
0.00899575015675222
0.005955741362618007
0.0001294262551824638
0.005954322316211357
3.895405904831432e-08
0.0
8.927957990038739e-09
21.531449581172815
0.0001445709001461595
0.9805162641144498
0.4288842365095996
0.10637334579032148
0.21275552328942682
8.681500507216093e-08
0.0007444848984504749
0.0028894050585673743
4.148384678221505e-05
7.88008836952019e-07
0.0765617955900542
1.2298252106462385e-06
0.0
26.318825347921837
7.532688602052924e-07
0.05264417876207651
2.2702546875160168e-07
0.002237033491676455
1.0356526580866189e-07
0.042266613009286365
0.0005051217570916433
1.1733178746956e-07
2.693643889150807e-07
1.3721840370014328e-07
1.0744685554611676e-05
0.0006350475776122858
1.4630330684231468e-08
0.0
0.0009885195795137514
0.09416403402314907
2.2636893101029703e-07
6.348162391637649e-08
0.08323498511805907
0.4924806161458075
1.8642849579536304e-06
0.07978472996105371
0.284422409790752
0.09556522379087296
0.011031449467701328
0.000393230145424606
8.826177930835556e-09
71.34934587128122
0.0
0.7528841588200126
3.5968912494576386e-07
0.35750573019441373
0.015359416758288013
0.0555583032864367
0.09478007960518285
4.1676782392668674e-07
0.7329890780186827
2.8096275588265156
0.00026853397350807943
5.935456676589977
0.32843894181487143
0.0009167406232982574
0.00027377378167668795
0.0
0.0002526446840431312
0.06575076810939437
0.01768136906621745
0.04006003048347988
0.05036484525253998
4.603465937389541e-07
0.06933893044496348
0.1855803226297756
7.370257924933133e-06
0.31208154692605083
0.06512808341508455
0.0008214090248747074
1.298282671048416e-05
0.00031072659776092886
0.0
