0.0
2.5159031239497345e-08
4.718466446239325e-09
5.746458767596718
2.1954406902110824e-09
1.3180728506506127
2.9366618065306787
1.1173651502110156
2.936231496051463
8.496374164749469
7.250894740413578
4.50357802049211
5.336407723189358
0.19630961025363247
0.2031164129724639
0.0
1.8727489658663634
21.33816027991125
1.8994440306208793
2.6551399804595337
7.908609350678306
8.163045831732617
7.945678341214521
12.329846017806172
211.65957359044148
15.786524523792373
83.5898823563307
2.0461228272253322
4.704281363050913
4.967807974217764
0.0
4.229721639672227
6.34124280930404
6.172568558288955
16.573052120785313
10.952051131371881
16.627815978278402
31.978026533437287
71.89798929780193
27.192787138800064
129.68555133685038
2.313741079455676
0.19436440261460605
1.0570241277263788
1.1097744691447579e-08
0.0
12.712776091303095
2.079996909094702e-08
0.28441777460794565
3.143110439666839e-08
0.3341171135493539
4.184174830406785e-09
42.54793798923086
3.9364009240348103
6.614265724210824e-09
4.531214234144368e-09
1.1338254781816748e-08
2.1709993574440057e-07
1.747129265892195e-08
0.38097684668246656
0.0
2.0847291404012733e-07
0.18637814041707063
4.651589080555268e-08
0.20650538533963225
2.163178650877178e-09
12.115438944926764
0.5012316137763446
2.3439240931549725e-08
1.1980029591175444e-08
7.594577842298791e-09
4.536403546892363
1.6216314997164956
1.100422421080253
2.3826198551836547e-08
0.0
2.1258624548395267e-08
2.8360592919340524e-08
2.1360479167842998e-08
8.722198133134054e-10
0.7082915752978418
0.2933063183581247
3.1257886989594877e-08
1.5129469494619705e-08
1.353340228222489e-09
0.19005332452462204
0.0016047139247187953
1.261250544673641e-09
9.801241848070775e-09
0.0006075645576048419
0.0
0.0005459364035818101
0.009821790258480666
8.376986629546471e-10
7.466614951721634e-10
6.861172243809908e-10
0.03128557676947958
3.959101233014626e-08
1.3283263130680189e-09
6.494806323210934e-08
7.481377330845074e-09
6.997644058089036e-05
6.91251114417781e-09
2.148777835257282e-07
0.0004693629468951945
0.0
0.042434519887436545
8.761728352412075e-10
1.8128103317727495e-09
1.778641001624971e-09
6.562184663422967
4.797329303416832e-08
0.9222822114896138
2.253961555946778
8.910084474483808e-09
0.15410300886889092
1.8954045719647254
1.2019219400975005e-07
0.13519753285677577
4.4381420299395906e-08
0.0
7.611564258521629e-10
5.500142938818076e-09
5.500142652161832e-09
35.20569533134878
0.1351453581331675
2.7643185891556197
6.491362499905152
1.866298311129162e-08
2.3139184066859277e-09
4.834414516940271
2.082159092503992e-07
0.17877124261707472
4.6248259171024023e-08
0.1972904417750951
0.0
1.1351315171559582
0.4674062884925285
2.574291625923821e-08
1.427105531005062e-08
0.0028518185431369194
1.4189983079076373e-06
3.934395240539894e-09
0.004179819812986454
1.106233738673311e-09
2.364945278969572e-08
0.020199265505689182
2.65297024800624e-08
0.00045603164456112466
1.1513670991367603e-09
0.0
0.0006353581960018061
0.3777776544701694
3.179480776899684e-08
1.003821597619744
2.103584379716953
0.6080424784807582
3.2754365478996103e-07
0.19410304025364883
0.05543912929112464
0.024351546799546042
3.581662102547528e-08
1.719790034489476e-07
8.720669153619847e-10
4.568241102621391
0.0
6.377614565795486
4.355223988233699e-08
1.1485111149250596e-09
0.00032392216723412047
1.9361291596421793e-08
2.0713303129651547e-09
5.849034999839217e-09
6.090376272133693e-05
5.2068787818808175
0.00016148694330671135
4.016646959795008
8.629690815875244e-10
5.441297637601772e-09
0.0001602181370802945
0.0
0.0001501330632249641
1.1855447062089385e-09
6.378088491575569e-05
2.5306912345308434e-08
2.5960747619263467e-09
4.827227539437143e-09
1.0408530563945369e-05
0.5062321449056592
0.00020242878355559855
0.24695977242980166
9.39024975851441e-10
4.977566855237161e-09
2.611423573151307e-05
0.0003148347208387365
0.0
