0.0
11.46650110640843
11.466501106408433
11.466535394573404
11.466535394573402
23.999747997058837
0.0
46.25105408300762
46.2510540830078
45.826740810212485
45.92803840958391
63.63411014858732
0.0
99.99999999999972
99.99999999999982
100.00000000000007
99.77375978949947
100.00000000000006
0.0
76.7483660155707
76.15669181440768
85.63152126474921
99.99999999999997
100.00000000000001
0.0
59.95971790594006
59.97151197939889
60.35888426129212
70.00412688437787
100.00000000000001
0.0
3.465054814853998
3.465054814853998
3.465054814853998
3.465054814853998
30.416094457917044
0.0
0.0
0.0
0.0
0.0
0.0
0.0
0.0
0.0
0.0
0.0
0.0
0.0
0.0
0.0
0.8012382693905247
0.0
0.0
0.9130268917910899
0.0
0.0
0.0
0.0
0.0
0.9130268922039814
0.6696947923971445
0.0
0.582081895022729
8.100551173614617
2.595322214273459
0.8651073989739718
0.0
0.09819154501062065
0.09819154501062065
0.09819154501062065
0.09819154501062065
0.09819154501062065
0.0
0.0
0.0
0.0
0.0
0.0
0.0
0.0
0.0
0.0
0.0
0.0
0.0
0.2666587106401037
12.799819880878088
12.79981988087809
12.799865598431383
12.799865598431381
0.2666529959459426
0.0
24.061526541806373
41.97351773149455
41.97351773149471
41.58446680030665
41.67310219975664
23.967030460753385
0.10129759937151263
44.62834847738645
65.2243781115575
65.22437811155747
68.88243503537106
77.87458885629047
33.72876004173971
0.27402605669731384
58.02182736747202
87.35673389100451
87.03538119828153
70.92401250950869
71.94027371539453
40.75579733361675
0.0
52.33812130063647
65.10921850824272
65.12269744933818
70.64208258938048
58.20212908039326
59.66718543545648
1.5467049080327735
0.0
3.465054814853998
3.465054814853998
3.899937325435928
3.899937325435928
0.0
0.0
0.0
0.0
0.0
0.0
0.0
0.0
0.0
0.0
0.0
0.0
0.0
0.0
0.0
0.0
0.0
0.0
0.0
0.9157008793034568
0.0
0.0
0.9130268949796655
0.0
0.0
0.0
0.0
0.0
0.0
1.0615908338463163
0.0
1.4450593056012992
14.38414512629053
0.6652364514545477
1.2473183464772766
1.2473183464772766
1.2473183464772766
0.0
0.0
0.0
0.0
0.0
0.0
0.0
0.0
0.4065818935222828
4.477523535239588
4.0709416417173045
0.8806916748410156
0.32189328882864676
0.08498831308747498
0.8060883214988654
1.5114156028103707
1.5114156028103707
0.0
0.0
0.0
0.0
3.7332219489614524
3.7332219489614524
3.7332219489614524
3.7331419432431954
3.7331419432431976
3.7331419432431976
0.0
36.09228981270954
36.092289812709595
36.092289812709595
35.6656461928977
35.66564619289769
35.66564619289769
0.08863539945007355
53.39228788823204
62.23044181647705
52.425481216670015
43.21665422079902
39.05670808672027
49.771825015019566
0.2397727996101496
61.42381645654274
77.25089917658993
66.60080141688513
63.51589829494283
60.187576695928044
61.13369593550888
0.0
58.35599008851473
58.10146050582231
62.642811045015115
60.16312662011677
57.36841573473558
52.20878725602443
1.353366794528677
0.25906427070559385
0.1105003292110461
0.43488251058193
0.0
0.0
0.0
0.0
0.0
0.0
0.0
0.0
0.0
0.0
0.0
0.0
0.0
0.0
0.0
0.0
0.0
0.0
0.0
0.0
0.0
0.0
4.310488582654682
4.310488582654681
0.7105213982013007
0.0
0.0
0.0
0.0
2.582225403397416
2.5822254033974104
0.0
0.0
0.0
0.0
0.0
4.5638199411656775
2.0798951809236694
0.0
0.0
0.0
0.0
0.0
2.6878828751900583
0.46287757149535047
0.0
0.0
3.6409093864583815
3.6409093864583975
0.0
0.8753799392054881
0.31658155349749323
0.0743647739515406
0.7053272813115072
0.0
0.0
0.0
0.0
0.0
0.0
