0.0
11.466379256598863
11.46637925659887
11.466438839448884
11.466438839448882
23.999562642589733
0.0
46.22585313951727
46.225853139517284
45.89237364731648
45.97198620317047
63.71243690012239
0.0
99.86241372643012
99.99999999999996
99.99999999999997
99.95160884020693
99.99999999999996
0.0
79.85769353741159
79.15352140152544
82.95993928859883
100.00000000000004
99.99999999999999
0.6075693494460959
63.798767565563836
64.13326204372984
60.90924696164035
71.66716549253638
100.00000000000004
0.0
0.26527477914124653
0.310811588494346
0.24363417878543725
3.075513054787009
25.13043263105258
0.0
0.0
0.0
0.0
0.0
0.0
0.0
0.0
0.0
0.0
0.0
0.0
0.0
0.0
0.0
0.6297158279449223
0.0
0.0
0.7680054848992756
0.0
0.0
0.0
0.0
0.0
0.7680054792341882
0.633131178928462
0.0
0.2939420897207483
6.173061121882122
2.329050120443865
0.7763500270763113
0.0
0.016268720704087577
0.016268720704087577
0.016268720704087577
0.016268720704087577
0.016268720704087577
0.0
0.0
0.023656126051426023
0.0487891512339382
0.0
0.0
0.0
0.0
0.0
0.0
0.0
0.0
0.0
0.26665287004867433
12.799687298914495
12.79968729891451
12.799766742714528
12.799766742714525
0.2666429395736725
0.0
24.04835545919591
41.95064371327747
41.95064371327737
41.64487785397498
41.714538840347224
23.974088143395416
0.0796125558540633
47.99092717853514
64.11920020135855
63.98161392778867
69.46865089993396
71.35540863386179
38.8410866774247
0.5856704749122317
60.01521807355254
83.52460566333856
84.50777099917077
68.84794713919233
76.99024080840665
40.54348705333247
0.0
52.00493532312629
63.159390130510054
63.75854411161194
67.21534105340604
55.78966575866287
59.15361632315799
1.3755152003407383
4.2628646356101285
4.366865854882849
4.4366732894436325
4.431874903035853
4.634151965607392
3.082945377165714
0.5480791688165786
0.0
0.0
0.0
0.0
0.0
0.0
0.0
0.0
0.0
0.0
0.0
0.0
0.0
5.544273991155733
0.0
0.0
0.0
0.7196752319370538
0.0
0.0
4.81371009481745
0.0
0.0
0.0
0.0
0.0
0.0
0.6458019461217646
0.0
2.428245860061905
14.852161441913193
0.3359338168237124
0.6298759065444607
0.6298759065444607
0.6298759065444607
0.0
2.738140270817353
0.0
0.0
0.07693503005506523
0.0769350300550652
0.0
0.0
0.4687627821736062
4.539704397821644
4.070941615648027
0.8806916304375184
0.3218932003246317
0.08498827032780866
0.06977387589641963
2.2240436584344745
2.2240436584344705
0.0
0.0
0.0
0.0
3.7331401806814393
3.7331401806814393
3.7331401806814393
3.7330011540314167
3.7330011540314167
3.7330011540314167
0.0
36.072533188793834
36.072533188793855
36.072533188793855
35.73722190175358
35.73722190175358
35.73722190175358
0.06966098637230538
49.4230665728032
68.31802223774743
55.84967997301625
42.340751989874796
39.41862031435386
49.5487195975995
0.5124616655482027
64.15317212214244
70.2345076025857
64.15039108447094
65.78883506142418
61.06053766876321
60.81523045685402
0.0
58.839664003120795
58.75493280279264
58.75493280279264
57.13215381009752
56.208300472335765
51.759414282763245
1.203575800298146
0.15801142760440684
0.0
0.0487891512339384
0.023656126051426002
0.023656126051426002
0.0
0.4795692727145062
0.0
0.0
0.0
0.0
0.0
0.0
0.0
0.0
0.0
0.0
0.0
0.0
0.0
0.0
0.0
0.0
0.0
0.0
3.3877341864143387
3.3877341864143418
0.24800070995416695
0.0
0.0
0.0
0.0760148551170181
1.4442837429717186
1.4442837429717126
0.0
0.0
0.0
0.0
0.0
4.980254858746037
2.074072963530668
0.0
0.0
0.0
0.0
0.006989333502481408
1.1971407204450226
0.32150411856889044
0.0
0.0
3.8583479155927214
3.858347915592724
0.0
0.8753799293702134
0.3165815091311248
0.07436473653683258
0.061052141409367246
0.0
0.0
0.0
0.0
0.0
0.0
