0.0
3.054756861167907e-09
3.200088609496239e-07
4.8761495478886565e-08
2.3170517487873757e-09
9.716948552502405e-10
8.230671624125259e-10
8.864853218528165e-10
9.755884861800163e-10
1.0816560318539966e-09
3.679960936520716
1.117828779460454e-09
1.1763246084446407e-09
9.788257058505549e-10
5.993484167666499
0.0
3.3238414855972382
9.219905761265256
3.4381275896969092
5.345487860294436e-08
18.859360043672535
24.7813754071942
0.8502206426040116
6.17612841906026e-10
179.2404519640225
0.2671274014122986
145.92839881753144
9.523969812239939
0.18659014593933893
3.2333793604291454
0.0
2.0553910529900308
0.27695831243281543
13.074916261243711
6.520824939690337
13.100379995777757
8.69834911151865
49.26249160331541
11.519735015663205
28.807591386830524
216.37686941988306
4.587289788834858
5.184731203650614e-10
1.0139095822436814
7.012373258043454e-10
0.0
6.274811027019428
5.236351419922672e-08
0.8162476257237584
6.471239019923246
0.816139150845556
1.9120425532406874e-10
69.95014510654903
0.2636087349411828
7.476195042634117
6.022760392109739e-09
1.4821483817695057e-09
0.0002507597334252537
1.9131343892214252e-09
0.7246183226705996
0.0
9.092452290418386e-05
3.3823281888077045e-08
0.05503068332713596
2.746833159480876e-08
5.543805770081499e-10
0.05687850971773009
1.573590061325553e-08
1.2495842133969628
0.7422510301760572
1.1633924732846648e-09
5.535312391345431
2.328889266274045e-09
0.10447046099821086
0.0001829407854690525
0.0
2.3279582520678958e-08
0.04521808983941545
3.9772913799270596e-08
1.5272169295934927e-10
7.668635057620532
3.924384932150687e-08
0.03843162612108826
4.882034968964225e-09
8.15350610235297e-10
6.214225281361073e-09
1.9066088997312324e-09
9.718354433567001e-09
3.5694976497407316e-09
0.00042947340708711726
0.0
8.567986420299117e-10
2.152411034914047e-09
1.6985113311622693e-10
6.982587270919773e-10
8.243540551154857e-10
35.46331010663092
1.0294342962703921e-08
1.2157068844843094e-09
0.00018409360607330791
5.998402027369586e-10
3.91551389744288e-08
7.734892591852367e-09
9.550974494815583e-06
7.068184797773476e-08
0.0
5.414721141469964e-09
2.8874971929129383e-10
8.359005605162006e-10
9.672058183028355e-10
3.7192634409841023
1.2059726811617873e-08
0.05225532392371845
3.697252132568583e-07
2.171381584505261
0.11072531853183597
0.006874501595729469
0.0002123112480196198
0.006874472102082347
1.0577566958235705e-09
0.0
1.7278156837409147e-10
1.302844153638662e-07
2.7819535013677766e-06
2.184384658638971
6.078186198139717e-09
3.088573492435201e-08
0.7623576965304801
4.484418567206658e-05
4.345016071260625e-09
1.1533813139337212
6.081831751586077e-08
1.5953459924860956e-08
0.07644955476178684
2.7436221409799443e-08
0.0
14.656079488032187
1.576378387326691e-08
0.05337439863804673
7.725712497833047e-09
0.005850606935531948
1.067201648633051e-08
0.03146926946921682
0.0004772510129507269
5.812271820736398e-09
5.148623357981446e-09
2.29934977676676e-09
3.8815027526248334e-08
9.051396193951604e-05
5.053140458916375e-10
0.0
0.00023979844613378838
0.08771461216381353
8.499499089362428e-09
2.0066416693232862e-09
1.962311250532015e-08
0.335672516455784
4.5866807972593496e-08
1.2166836407509241e-08
3.828171390635751e-08
0.09574930361595355
0.011113519784467962
6.962430973652002e-05
2.134948604366309e-10
69.28339684522473
0.0
1.2831791940858688
1.0981645800433727e-08
8.186058820821046e-10
0.00020201312584423696
5.206569791309392e-10
2.690540103928984e-10
4.574407964440194e-09
6.655455085244986e-06
4.314493533414308
9.922203718367454e-05
0.1261570423185261
1.8260644168038383e-10
4.882086021079207e-10
9.929386949857817e-05
0.0
9.431720739507882e-05
8.081813364512713e-10
3.1641304977537076e-06
2.9240874647464954e-10
0.00046301264928207787
2.2711617058551634e-08
1.1736745412647879e-07
0.34544759439909045
1.295942154573388e-07
0.007880212551534767
2.1734767535213168e-10
0.006038197750313216
2.7718560649244304e-07
9.741649799297623e-05
0.0
