0.0
11.473517373750042
11.473517373750031
11.45105410921634
11.457997309990471
23.993662804863174
0.0
44.6274418766196
44.788640612650546
43.80306497077447
43.94465464141213
63.728964851548135
0.0
86.41563235345748
99.9999999999994
99.4037594809557
99.83056331097771
100.00000000000001
0.0
76.5576614963085
80.503747659605
82.23024233941038
99.99999999999999
99.99999999999999
0.0
59.85850023910811
61.87546832008738
71.21599814511035
79.52008051328002
100.0
0.0
0.10854262896667527
0.10854262896667485
5.542898134642494
2.5384876959948706
28.773809541423503
0.0
0.0
0.0
0.0
0.0
0.0
0.0
0.0009299887479345998
0.00013285553541922854
0.00013285553541922854
0.0
0.0
0.30630362746152867
0.0010628442833538283
0.0
0.20285008956699715
0.0
0.0
0.7201897551771831
0.0
0.0
0.109270581007813
1.9876152749551206
0.0
0.7201897322158995
0.6457392801828405
0.0
0.030966383121145562
5.212445879485941
1.954667191349694
0.6515557143028342
0.0
0.0
0.0
7.396781136516219
2.7737929174129836
0.9245976284356004
0.0
0.0
0.0
0.0
0.0
0.0
0.0
0.0
0.0
0.0
0.0
0.0
0.0
0.26704554181698587
12.807396379352062
12.807396379352053
12.78482027953343
12.792755366132438
0.32099152018578686
0.0
29.985266193532222
44.025734930215
44.16678382424189
40.110528113373704
40.204921227132154
24.544090798929147
0.08015303253440005
48.49371237880858
75.47619116167482
63.984713920752974
69.83264767979254
75.47212199326374
33.57176409644414
0.14021475538768768
53.66929764971876
84.09993428637931
85.54437940952532
69.71597142593967
66.22619229818832
44.8718815727758
0.13390360462508968
54.52289036794998
62.35009370707187
64.40162903872968
63.19139099567009
54.12071570667339
51.49164057964438
0.0
0.0
4.404963457843284
4.404963457843288
0.0
5.724218684356414
2.7198082457087946
0.4835214583411312
0.0
0.0
0.0
0.0
0.0
0.0
0.0
0.0
0.0036232466824033796
0.0
0.0
0.0
0.0
0.30630359798525436
0.0
0.0036232466824033796
0.0
0.0
0.5761090175791329
0.0
1.0269625311345894
0.03287795479885771
0.003623246682403382
0.0
0.12488066400892919
0.0
0.0
0.9146270027967246
0.0
0.9320095327465638
17.08133363758746
0.0
0.0
0.0
0.0
0.0
0.4468234396139704
0.4468234396139709
0.00897767829238174
0.2971097898427902
0.1624446154570644
0.05907059565579548
0.11185554291773286
0.0
4.070941598151337
4.070941598151338
0.8806916455996777
0.3218932281669814
0.08498828331485288
0.047053622535140754
1.9848430058134068
1.9848430058134023
0.0
0.0
0.0
0.0
3.7386375854378024
3.7386375854378024
3.7386375854378024
3.700841960279666
3.729268264245196
3.732891510927625
0.0
28.140836322292802
42.31929234540013
34.81882700622805
38.43834746146413
39.44157085749171
37.819359594421094
0.07013390346760004
47.952117375726836
73.91957696770677
60.09072323539581
53.70780281321398
49.54806376046473
59.87989249808819
0.12268791096422672
40.50977848083295
97.32698304167813
66.90743888927409
70.61626132984607
67.35848263837462
66.6884948410203
0.11716565404695345
51.56217602881498
73.11922996681542
58.05329647018791
36.80114922350682
84.55699104331269
52.37883019700235
0.0
0.18147480080166511
0.8121581519788197
1.1456877217253967
0.0
0.0
0.0
0.4230812760484898
0.0
0.0
0.0
0.0
0.0
0.0
0.0
0.0
0.0036232466824033796
0.0
0.032448021100137066
0.8767352409814241
0.8767352409814212
1.1696007045407566
0.0
0.0
0.0
0.01663517079027958
1.943022320086287
1.9430223200862877
0.0
0.028768210449000478
1.1027830254884
1.1027830254883955
0.3447511147583545
4.609725636437296
4.609725636437289
0.0
0.0
0.0
0.0
0.0
5.854550479422665
5.854550479422665
0.0
0.0
0.12568749609334454
0.1256874960933444
0.1256874960933444
4.9917272398331605
1.3931896884155803
0.0
0.09787360005301625
3.565395773514538
3.565395773514541
0.0
0.8753799095226005
0.3165815127684892
0.07436474790049627
0.04117191971824813
0.0
0.0
0.0
0.0
0.0
0.0
