0.0
4.319073247993656e-07
6.335913595442901e-08
4.4070503876147376
9.488297469919481e-08
1.287206885432128e-07
1.0629489711816333e-07
1.2929497310600387e-07
1.3022581575226148e-07
2.2862303667347557
7.28738235364988e-08
1.312872581264528e-07
1.328813012412484e-07
1.285046871374345e-07
12.950786265973404
0.0
6.548406922529817
9.565902631619263
5.514419273272753
1.4572702815947605
12.937701687673028
11.65222483937985
5.411474065030232
3.219534599561636e-08
220.87510362295433
13.265604268456912
101.643425440805
7.0501173256928915
0.8233617320987147
3.21609489433499
0.0
2.011239497027813
0.8558480403100748
13.527569339523419
15.068917023901559
15.694034877315474
9.46203725490082
49.310692203155845
11.422544320674266
16.188222150426437
217.34341967534212
3.753477155133622
6.451534196962466e-08
1.8383140009450725
4.046464319113734e-08
0.0
5.1617609110761675
3.4295401633933694e-06
0.8453606328205038
6.514265415938036
0.8822235356418968
1.7464548637344078e-08
63.65925391455903
0.2859676374070347
7.52392180545146
7.642731740708227e-07
6.444821027081245e-08
0.0012846961165463898
6.878242326617284e-08
0.4083840974495358
0.0
0.00026638476646345416
3.4973830232613483e-06
0.054554884266375905
8.849686734580927e-06
1.7219607390010396e-08
11.851568708540844
1.5857051044704167e-06
0.042700611587576306
1.0694540037844018e-06
5.120506180729679e-08
2.5815271411191008
0.5966682568681485
2.0286047415370065
4.432814462725024e-06
0.0
4.067451059292316e-06
0.04109303176093549
1.3384749255763972e-05
1.3277794995656801e-08
17.39557195986695
5.1368323320763165e-06
0.03570578666441934
4.994567668849461e-07
4.292527495193243e-08
0.8003591472485823
0.03496119251099179
5.342831182180443e-07
2.2991131089261667e-07
9.504157125906543e-07
0.0
4.6912557791027075e-08
1.2603391680233877e-07
1.2865802180582981e-08
6.722044942565762e-08
7.459843543316744e-08
37.513668425329875
1.2190264970360129e-06
5.06692267154333e-08
4.224774650037854e-06
0.1191922955083349
2.618480568969344e-06
5.716283072469135e-07
6.679230481003774e-06
4.724305104165649e-06
0.0
2.764405422400677e-07
1.4594918803692273e-08
8.145343798415319e-08
8.723032744602305e-08
9.373269145666214
1.3599272815360912e-06
5.925574435387406e-08
0.8448202069148659
0.4347035261245147
0.16953585238439228
0.13747927779501184
0.00016434851282525175
0.1204254851200261
4.338425220674119e-05
0.0
1.3447499427047176e-08
8.825333473657206
3.0520756550143915e-05
2.471445815220632e-05
6.457598072952148e-07
0.06439456559129353
0.6672977049190945
7.947820491695711e-08
1.0569801315205896e-07
0.3782540907219434
4.862856805345426e-06
2.724670261874523e-06
0.07540280867958445
8.756308327064059e-06
0.0
0.07918501255623173
1.5704391734848518e-06
0.0547180397431449
8.842101167058684e-07
0.0035308057977264107
0.0035571486132785378
0.0028933066971537705
6.120275987003887e-07
0.0035768728660669612
6.276909713770714e-07
2.511267496283976e-07
2.432888500102554e-07
6.073284030034557e-05
1.563558560726313e-08
0.0
0.0008970729495500253
0.5817737858555958
1.1804144295859044e-06
0.014427002188738467
0.016469883422407218
0.2698408360497122
7.460017008251019e-06
0.017849785854491835
5.291537431199768e-06
0.09582492677647332
0.007038819508069513
8.495749783243358e-06
1.2961976852821993e-08
46.60800628903978
0.0
2.8068429410283935
1.2662291682090452e-06
0.2584870903861223
0.19639133729006097
2.314600294466721e-06
0.0005870783399947044
0.014149003933633759
0.34425915193953754
3.1097817841285336
0.0003023192104587643
0.9768851697266349
1.4175158980126273e-08
1.6915259652381227
0.00030989002510103394
0.0
0.00027297310814188854
0.048116604993817175
0.12093412960225519
5.431724433895609e-07
0.00039439401689899274
0.01619045571203544
0.05628811294057142
0.1687689567736212
1.4945156063383965e-05
0.060408940003265646
1.5834957569970666e-08
0.10572029932684217
1.5566482479266554e-05
6.222036959967366e-05
0.0
