0.0
11.466344370029523
11.466344370029518
11.466401920696011
11.466401920696011
23.999486132507247
0.0
46.22515348163464
48.08324202417218
45.88366324913291
46.23981531312792
63.893585455766264
0.0
98.21945943906927
99.87568028350607
99.8756802835061
99.8756802835061
100.0
0.0
83.01572620645179
100.00000000000007
99.99999999999994
100.0
100.00000000000001
0.0
57.76238916787787
71.46967174934602
71.11647673505551
74.02458146850589
100.0
0.0
0.7151184369221328
0.912785336260554
0.6981246311527958
3.684644076689363
36.955587221220924
0.0
0.0
0.0
0.0
0.0
0.0
0.0
0.0
0.0
0.0
0.0
0.0
0.0
0.0
0.0
0.33416860121098385
0.0
0.0
1.2168838733519998
0.0
0.0
0.0
8.92862861824041
0.0
1.353158916346509
0.6722105303988852
0.0
0.3987939401404293
6.26784949170941
2.2734768822910594
0.757825608623065
0.0
0.0
0.011324632460865347
0.011324632460865337
0.011324632460865337
0.0
0.0
0.0
0.10268400296071305
0.2117857672512617
0.0
0.0
0.0
0.0
0.0
0.0
0.0
0.0
0.0
0.2666513173037124
12.799649203115218
12.799649203115207
12.799725937337199
12.799725937337199
0.26664172552596355
0.0
24.04501965453831
41.949823024838956
40.09173448230152
41.643537257623876
42.00889739031378
23.92531063412126
0.09471615185986883
49.355161419657676
71.37536017546878
53.246927868442484
59.60739694950287
74.70018565689402
33.98263221981494
0.0
55.33144970363372
74.23837653430655
71.72778425688337
67.3563855151062
63.048601659867806
47.637752228368726
0.0
52.91486450731115
65.36098898386246
62.94021094622055
61.235673847585275
60.153444934971034
58.58977980035716
1.0681287430487425
0.0
3.5627137598683802
7.485114013985398
7.4697811064777015
7.683103924016029
3.4116282266517652
0.6065116750548055
0.0
0.0
0.0
0.0
0.0
0.0
0.0
0.0
0.0
0.0
0.0
0.0
0.0
0.0
0.0
0.0
0.0
0.381906972812553
0.06758851256064317
0.0
1.216883870410433
0.0
0.0
0.0
0.0
2.2125561275475665
2.212556127547562
1.5767462017483096
0.0
1.1985377801702042
1.275668980173254
0.4260758976259284
1.6183136031049938
1.6183136031049896
0.7477386377633046
0.0
0.0
0.0
0.0008089023186332385
0.241094083444734
0.2410940834447337
0.012133534779498573
0.0
0.0
4.070941612124051
4.07094161212405
0.8806916291929654
0.32189319104778763
0.08498826631928855
0.07721271107450811
3.1330115444639555
2.461156199299111
0.0
0.0
0.0
0.0
3.7331184422519748
3.7331184422519748
3.7331184422519748
3.7329841573634894
3.7329841573634908
3.7329841573634908
0.0
36.06752948180744
36.06752948180744
36.06752948180744
35.88796595118188
35.88796595118188
35.88796595118188
0.08287663287738523
42.10829801965564
75.92179902269591
54.85863250177349
38.583007382284386
37.48548907184776
48.240858012633396
0.0
65.93044356142697
72.07184214375354
65.74938396118877
60.05318005789042
55.43769735560917
54.215873854492784
0.0
57.342430022466566
57.025053461905195
57.025053461905195
57.945846286188896
56.986934314996375
51.937912670477346
0.9346126501676497
0.2878259555410506
0.0
0.2117857672512616
0.10268400296071309
0.10268400296071309
0.0
0.5306977156729549
0.0
0.0
0.0
0.0
0.0
0.0
0.0
0.0
0.0
0.0
0.0
0.0
0.0
3.158656219976089
0.0
0.0
0.0
0.0
2.150824502657408
2.1508245026574073
2.700566185754634
0.0
0.0
0.0
0.42685110334451193
2.7673739942803626
2.767373994280354
0.06514002035313042
0.0
0.0
0.0
0.0
8.70848963168967
3.852898718025554
0.0
0.0
0.0
0.0
0.036343156543092954
1.2385412360423043
0.4128469707017013
0.0
0.0
3.778392654003689
3.7783926540036967
0.0
0.8753799232641299
0.31658150090906323
0.07436473302937747
0.06756112219019468
0.0
0.0
0.0
0.0
0.0
0.0
