0.0
7.341228029152811e-05
6.282820516706279e-10
6.729587857779618e-10
6.631217058485607e-10
3.6108756700441042e-09
1.1334954750144323e-09
2.859071496501971e-07
1.1367726368402455e-09
2.9940222808952957e-10
2.7524038251822125
3.080538670384579e-09
4.2010517997397994e-10
5.768157034283295e-09
0.8657858830702834
0.0
0.9210441255212296
9.338263502906818
1.33700335705197
0.7459108524047657
0.8356171458754704
1.894166881315684
0.8354221443646956
1.0471827948324807e-09
314.4073075313025
8.637127955230234
53.90282601148056
1.3668110609180535
0.5120259941186691
3.0891382514293064
0.0
3.033043178444354
0.5120405580026883
8.972700187201049
9.078696084507477
4.702707020534659
9.078894781749556
64.51943773667205
29.09762324720554
11.097168645803094
210.03271577359772
6.9744161685068655e-09
0.8799174530758838
1.7598349132383342
1.5880010950454547e-09
0.0
5.758786246107386
1.4002465529816095
2.1928123534365396
1.8668262411413217
2.1928259685988367
1.3429724335704252e-10
30.409091729180695
2.4120641524786597e-09
53.16856875302044
9.744894013548446e-09
3.3284418442091256e-09
0.0005327540935799294
2.9432395031077185e-09
1.546811987519927
0.0
8.964745055956111e-05
2.3776275230209287e-08
1.553206093681397e-07
1.863167259558115e-08
4.1070211088545086e-10
8.406794921801314
2.6463565532130746e-10
0.239402358475605
6.230717906724781e-09
2.2652544656834867e-09
0.9004113484482597
0.7387394325337622
4.587163897292511
1.4190457426458252e-08
0.0
1.462507486413337e-08
1.651496459018974e-07
1.462349335113549e-08
1.656397887430897e-10
27.442185412363035
1.989589636942792e-07
0.8840199122604548
6.464145107080499e-08
1.3442780359578186e-09
0.3238602415809736
2.056872170626563e-09
0.40105980104550193
2.988354754577801e-09
2.3707663073649476e-06
0.0
6.544512046037247e-05
6.001622183240646e-08
1.734996078002427e-10
0.006540652408718409
1.4811148625272767e-07
0.12362126909433922
1.741327446253013e-07
1.0022632928316725e-05
0.001144354448769691
1.1812788834706156e-09
0.000654853615279937
1.4127833818639502e-05
0.0002419464638889418
0.0003168269581311807
0.0
0.0716137330400829
3.020796722935322e-10
1.6346139700719946e-09
7.004736298208322e-07
10.01596368189406
8.049629807175e-07
1.3921421607911152e-08
0.0002948514644904966
0.3629583221733136
0.22336713082010645
1.512393938214691e-08
0.0001421546811456945
1.781776802959918e-08
2.1868998526067492e-08
0.0
1.6443564407823055e-10
1.4965855119084668
0.0001232806638268046
19.16780131176411
2.4630942676083575e-08
1.0911483374161006e-08
1.7675426347793347e-08
4.002971073575368e-09
1.1156281068990619e-09
1.4433832222221666e-08
9.144554215262927e-05
1.4148735172895295e-08
0.0007437954261906111
1.8551051741184823e-08
0.0
5.192997861204873
2.9568951813003215e-10
0.33961359713912953
6.255968965532968e-09
0.0017960480165838987
1.2906833689798254e-09
1.3485499666084548e-09
0.0008928993873070716
1.3779910629647595e-09
4.530981160748817e-06
1.1228534386811336e-09
2.839319564427695e-07
0.00022809561405863694
6.493515998811715e-10
0.0
0.0005499104705136188
0.6301579554062247
3.038893325991881e-07
0.0011591620561271717
0.09635444731386764
1.425840239291109e-09
0.0010839654996553617
9.224072467717902e-09
0.07301664494482159
8.390503251941745e-09
5.856382361917855e-07
0.00029821223471741094
3.108352324140073e-10
1.1253872739197013e-10
0.0
9.879615763542976
7.957760989711799e-07
0.0010012842083986734
0.000838625616279798
7.842267220070189e-10
2.2620219198388903e-10
1.8489506743121707e-09
3.56717932012862e-05
0.3608710427041036
0.0003883591526761588
1.145868488830598
2.5349383313182587e-10
2.931932657336158
0.00036089955242489123
0.0
0.0003605663804399098
5.051307507789439e-05
0.0025955190438053744
3.417906793129335e-10
2.662599581833111e-10
1.2064920483689378e-09
6.974136514321517e-06
0.14031470004442745
0.00030969814683944454
1.5967867031243572e-05
2.7427359862559866e-10
0.17982567174065472
0.000171006769853256
0.0005588572485912312
0.0
