0.0
11.46650111342201
11.46650111342201
11.466535399995378
11.46653539999538
23.999748007371874
0.0
46.25105574380107
46.251055743801196
45.82673648484676
45.92803551331179
63.63410498666137
0.0
99.99999999999996
99.99999999999999
99.99999999999999
99.77376510502806
99.99999999999999
0.0
76.74835239276847
76.15668080477776
85.63148139223435
100.0
100.0
0.0
59.95973987691531
59.97153619434014
60.35867676522568
70.00397605184772
100.00000000000001
0.0
3.4651150644211954
3.4651150644211954
3.4651150644211954
3.4651150644211954
30.415447964319693
0.0
0.0
0.0
0.0
0.0
0.0
0.0
0.0
0.0
0.0
0.0
0.0
0.0
0.0
0.0
0.8012495731422093
0.0
0.0
0.9130297526381479
0.0
0.0
0.0
0.0
0.0
0.9130297530511216
0.669684488811664
0.0
0.5820670622325554
8.100521249579279
2.5953126269618143
0.8651042032040606
0.0
0.09817994891502957
0.09817994891502957
0.09817994891502957
0.09817994891502957
0.09817994891502957
0.0
0.0
0.0
0.0
0.0
0.0
0.0
0.0
0.0
0.0
0.0
0.0
0.0
0.2666587109840663
12.79981988850051
12.799819888500508
12.799865603931664
12.799865603931668
0.2666529965551712
0.0
24.061527409814754
41.97351923893925
41.973519238939474
41.58446281906934
41.67309946897623
23.967029995626472
0.10129902846491488
44.628100487831034
65.22461284700982
65.22461284700977
68.88208649527165
77.87487119674172
33.72895685773557
0.27402843014943007
58.021840413088555
87.3567178578191
87.03535969107693
70.92404588647881
71.9399393086088
40.755953486324856
0.0
52.33812684784793
65.10924178154283
65.12272328717147
70.6419866887912
58.20212208629832
59.667188343080554
1.5467058772410267
0.0
3.4651150644211954
3.4651150644211954
3.8999797172847788
3.8999797172847788
0.0
0.0
0.0
0.0
0.0
0.0
0.0
0.0
0.0
0.0
0.0
0.0
0.0
0.0
0.0
0.0
0.0
0.0
0.0
0.9157137978768104
0.0
0.0
0.9130297558264446
0.0
0.0
0.0
0.0
0.0
0.0
1.0615890578729474
0.0
1.445071821850474
14.384034961800266
0.6652194996943491
1.2472865619269038
1.2472865619269038
1.2472865619269038
0.0
0.0
0.0
0.0
0.0
0.0
0.0
0.0
0.40662039020606966
4.477562031924974
4.070941641718895
0.8806916748442618
0.3218932888343427
0.08498831309025412
0.8060704708182358
1.5113821327841916
1.5113821327841916
0.0
0.0
0.0
0.0
3.733221953776929
3.733221953776929
3.733221953776929
3.733141951772398
3.733141951772398
3.733141951772398
0.0
36.092291114722144
36.09229111472218
36.09229111472218
35.66564147588215
35.66564147588215
35.66564147588215
0.08863664990680052
53.39232188447775
62.23029563357436
52.425340497572186
43.21657604044349
39.05668350838648
49.77163557930203
0.2397748763807513
61.42382092352095
77.25087870370145
66.60078774598686
63.51587896521294
60.187612294638505
61.133930164582246
0.0
58.35605031330877
58.101531980035226
62.642711468110654
60.16290953715648
57.36834422180584
52.208789800195476
1.3533676425858983
0.25905399410364616
0.11049468942959337
0.43486465286358333
0.0
0.0
0.0
0.0
0.0
0.0
0.0
0.0
0.0
0.0
0.0
0.0
0.0
0.0
0.0
0.0
0.0
0.0
0.0
0.0
0.0
0.0
4.310549394419011
4.310549394419011
0.7105086356683322
0.0
0.0
0.0
0.0
2.5822319416551784
2.582231941655173
0.0
0.0
0.0
0.0
0.0
4.563695802168251
2.079830265436739
0.0
0.0
0.0
0.0
0.0
2.6877599398749523
0.46285433400204934
0.0
0.0
3.640908155408847
3.6409081554088614
0.0
0.8753799392055186
0.3165815534999213
0.07436477395397234
0.7053116619659564
0.0
0.0
0.0
0.0
0.0
0.0
