0.0
1.7240299290679e-08
3.224699633075274e-09
5.4674888915945204e-09
5.197451955097567e-09
4.014850558606381e-09
4.098154154699955e-09
3.939418382387314e-09
4.114121010557152e-09
2.9101771672137314e-09
9.27650743595936
4.87456070911885e-09
4.223938971364571e-09
3.954191687566337e-09
5.831950467439118
0.0
5.732543654609351
6.292147331766645
3.9198089984172455
1.340526929799253e-07
19.829310192054816
9.32163498076544
3.1252048823539784
3.6322144285094384
196.36968283110474
13.670283916757173
139.41924040320748
3.3590184409347525
4.089428046075471e-09
3.013928430614055
0.0
2.322722434428643
0.0328253226865696
8.857149616289657
3.7766936434586
22.5764585146569
6.765951834711381
44.673298662188564
11.118275694103676
19.848967089025713
229.63351165950837
8.405901697467652
7.710149160878644e-09
1.057779296371307
2.832556600765778e-09
0.0
5.767896774033848
1.3049429006031602e-07
0.9928710666697986
6.421318757368578
1.0219197429434976
1.0917111643070314e-09
60.83848791281294
0.33489738335646496
7.268810545291096
3.500277911774366e-08
8.45540749502403e-05
0.00013444924990271948
8.789183796702793e-09
2.064856621617813
0.0
0.00011643911053030041
1.5452930568398055e-07
0.054741821689738325
1.5970667647108048e-07
0.07664405467558652
4.829528430525424
8.519350116866658e-08
0.04190645130370374
4.681007294403329e-08
8.46489822009409e-05
1.680871800647725
1.4437138828530935e-08
0.09572545397539511
0.00029945945974816675
0.0
1.401744343814203e-07
0.04322198802838992
2.3225589870614033e-07
8.784123978433545e-10
15.506106709846526
2.2263137472295002e-07
0.03636401294281333
2.4469346567825937e-08
7.4488632846625516e-09
0.20833701634004775
0.002216763260401273
1.7660914298913905e-08
7.623629438001877e-07
8.11499589317445e-05
0.0
2.7466881153848922e-09
0.3711503480359273
1.0033120461960778e-09
3.8134668183597145e-09
4.044035714365885e-09
35.45003398816689
5.67794975175735e-08
8.675205110074506e-09
3.736583986285813e-07
0.00037353761927738714
2.394205647441817e-07
2.9876493965719993e-06
0.00011760482058865946
3.1455500746214173e-07
0.0
1.1776316430466886e-08
1.2084381038318987e-09
4.45112259645309e-09
4.622548389369898e-09
1.4857245777444898
6.326592630405696e-08
8.482442932569477e-09
0.43278698138625094
0.0009852401447525017
0.008253628252570698
0.5675831368916906
7.674166470777747e-05
0.09266919341182119
2.8418279003178974e-08
0.0
1.0360777221701042e-09
4.193863930166419
7.026527254659372e-06
0.005892607249684929
3.1710740040252324e-08
0.05944436506076559
0.8326384209202411
1.4681061684402966e-08
1.041451413433241e-08
0.7324204118271483
1.6977162064638155e-07
9.684983881202475e-08
0.07599300392946642
1.5966946926714872e-07
0.0
8.977833020927402
8.522028250842043e-08
0.05351364390141021
4.2126119298529004e-08
0.002406811929928728
1.368797802115504e-07
5.491560120848175e-09
2.833021850178755e-08
1.3720550074185936e-07
1.211764615927046e-07
1.1405154473959223e-08
3.382799510144704e-08
0.0003616058037817853
1.2888995513624474e-09
0.0
0.0008123464956664158
0.08644010935555708
5.050433087067347e-08
8.046911585359562e-09
0.006842353781797589
5.649862865402979e-09
3.044444965283913e-07
0.006812787544950301
3.498340145449927e-07
0.10277899294329546
0.012265090072536958
0.0002845970070232453
8.346162404493538e-10
57.25769067936235
0.0
0.6930619842142295
6.161209686119951e-08
0.5444159625758763
0.27937711113516345
0.008549853236235833
0.000276215993739298
0.1590606443034286
0.9985329829604963
3.1360569251895156
0.00013848138332834777
2.711660808826639
1.765053980098259e-08
3.057937961227435e-07
0.00013885991882567182
0.0
0.00012187569528094436
0.09315140250166083
0.08485620942534189
0.011404165798711003
0.0005215253976721976
0.07062159716241265
0.09686340530425783
0.230552632704829
3.5302380996940636e-07
0.09963742681370463
2.7075783321218648e-08
2.9005472085311777e-07
7.62274712270056e-07
0.00010073071147224727
0.0
