0.0
11.466552319444016
11.466552319444013
11.466575708437983
11.466575708437983
23.999825383099868
0.0
41.95550124757532
46.23120482942103
45.87843638711276
45.96265386977206
63.6958040428323
0.0
88.8997822813865
100.00000000000007
100.00000000000001
99.99999999999993
100.00000000000006
0.0
93.92250867080918
100.00000000000004
100.0
100.00000000000001
99.99999999999993
9.363752716656762
59.5878231001508
61.99018966731306
71.18278184083107
70.53173585700644
99.99999999999999
0.6688394797611977
2.0133516509438025
2.2704028476238314
1.8298806607430371
1.5728294640630305
32.66052374347335
0.0
0.0
0.0
0.0
0.0
0.0
0.0
0.0
0.0
0.0
0.0
0.0
0.0
0.0
0.0
0.6661388297339641
0.0
0.0
1.9980789128828778
0.0
0.0
0.06986275450857288
7.182507122251442
0.0
0.9488909567526966
0.5811853943250989
0.0
2.0472418532550827
6.5547341866779965
1.7531892386609584
1.8701582284433524
0.0
0.0
0.0
0.0
0.0
0.0
0.0
0.0
0.06994593336487659
0.27978362395222
0.0
0.0
0.0
0.0
0.0
0.0
0.0
0.0
0.0
0.2666610944903739
12.799875685661306
12.7998756856613
12.799906870986595
12.799906870986595
0.26665719632471263
0.0
24.051152349311042
46.231204829421124
41.95550124757535
41.63204945092393
41.70573974825082
23.972589575190376
0.0842174826592112
40.75544646324727
74.82722191263686
49.107177252593516
59.29140920913692
84.79288656250822
34.15066356701521
0.0
57.0117338774357
66.20109703523362
77.58908798979043
62.985353449867716
59.19471433134579
48.81513990015054
0.9822485953225079
48.898922761952264
67.75048285200235
71.89204390506227
62.504998477352004
63.551342815913486
64.19986926626682
0.06843460660531266
0.0
4.1535665084953095
4.171927308258164
4.1358537017915
4.1174929020286415
0.064508303652565
0.2885888517333375
0.0
0.0
0.0
0.0
0.0
0.0
0.0
0.0
0.0
0.0
0.0
0.0
0.0
1.5989343142339962
0.0
0.0
0.0
0.7613015196959593
1.0374143661024404
0.0
2.175740560455015
0.0
0.0
0.0
0.0
0.0
2.21588661726107
1.4501109243257713
0.0
2.1796694129675407
3.5520930912199815
2.116875261254296
3.233552635757066
3.233552635757066
1.8611289575046208
0.0
3.30865085763949
0.0
0.0
0.3858947487281965
0.38589474872819696
0.0
0.0
0.0
4.070941651517965
4.0709416515179715
0.8806916986862992
0.32189332716160657
0.0849883316196624
0.49332460663194094
0.9249836374348903
0.9249836374348903
0.0
0.0
0.0
0.0
3.7332553228652365
3.7332553228652365
3.7332553228652365
3.733200748545977
3.7332007485459755
3.7332007485459755
0.0
36.07672852396661
36.0767285239666
36.0767285239666
35.72202269280656
35.722022692806554
35.722022692806554
0.07369029732680979
52.30690012657465
68.78316287929184
58.667880003339015
47.202816443961716
42.225654116232114
51.524620505961316
0.0
61.470899085941525
75.55054856145654
64.36586060860891
60.43868433276739
57.85358299209774
55.78873131445776
0.8594675209071944
52.47993683545758
58.46787369278225
56.49437354773635
62.75925257792552
61.14681880739002
57.76588057683073
0.059880280779648645
0.47964748637977583
0.0
0.2098376905873431
0.9031162511359101
0.9031162511359094
0.9031162511359094
0.2525152452666703
0.0
0.0
0.0
0.0
0.0
0.0
0.0
0.0
0.0
0.0
0.0
0.0
0.0
0.0
0.0
0.0
0.0
0.0
3.583682910666115
3.5836829106661146
1.720543964797181
0.0
0.0
0.0
0.0
3.7504394233282925
3.750439423328285
0.0
0.0
0.0
0.0
0.0
3.4174227653351714
3.4174227653351714
0.9305644787523104
0.0
0.046049462309789485
0.046049462309789485
0.0
1.8787814816181803
0.0
0.0
0.0
0.951993267635095
0.9519932676350945
0.0
0.8753799357716686
0.3165815672785295
0.0743647901672046
0.4316590308029485
0.0
0.0
0.0
0.0
0.0
0.0
