0.0
6.246719814712699e-09
6.288918309797299e-09
4.686468686743579
5.4755271447358726e-09
2.7199936482210343
2.138842562916895
5.332692400004181
2.138770903426023
4.274161845484939
62.167175460047275
1.0531719618057787
6.71099621698344
0.41223993044783985
1.4861072852512627
0.0
1.486107285325911
12.551468649214225
1.2147379061258725
6.717713157417542
7.419459031280569
39.11722199658443
7.4196642048412365
9.677313512000119
146.09441561215021
9.466198824006561
150.3888418980291
0.4362841251749313
10.272502957009955
5.814155295214646
0.0
4.343318804077732
11.919493774727048
4.2821851047036406
5.657655391772072
34.27707796395846
5.657651855046464
28.53240989141969
141.37163398489605
1.0737063859425768
44.07897736639767
0.4177211394305736
5.452498016399024e-09
4.2630237465324194
5.884141958488127e-09
0.0
1.987260213745763
1.0706846411027262e-08
8.429796250106932e-09
0.0006853293829806097
9.946581136154721e-09
3.7872965304051e-09
19.354143751195046
1.070257441705984e-09
18.99079676633133
6.9984780964901314e-09
6.629771250361874e-09
0.0005955163080782746
8.103458932189936e-09
0.6291784529333699
0.0
0.0001732588953315773
7.226521335489663e-09
1.1183386283725528e-08
9.002518959098134e-09
1.8586397784623858e-09
0.8109929104222339
9.354818300064469e-09
0.8109626486575541
5.6230437880744734e-09
4.64928092889559e-09
8.089502709399854
0.6577212115004212
0.7814920212599796
2.5139247862728045e-08
0.0
2.2835861935103465e-08
2.5472039297844545e-08
2.4264208649828647e-08
5.533751624213907e-10
2.555194510518263
0.2774154616718894
0.8895008451862143
4.3546092585255246e-08
9.918894502325819e-10
0.585160553032646
0.45316506384151434
5.65401994748381e-07
9.86897544913834e-09
2.5132351623988612e-06
0.0
7.508299234396249e-06
1.41001849426662
4.4024346971795795e-10
1.5653629543766006
1.706668109378827
104.26585291433007
0.44042296376561046
1.386956478579352e-09
0.0015538590634378265
4.664637374316576e-09
2.248979562505998e-08
6.612044477777271e-09
0.000218378636193486
7.693571356351876e-08
0.0
3.7838081943200734e-08
6.09769708420489e-10
2.6181866854617577e-08
6.391530017030188e-08
4.383957977007464
6.97707950412863e-08
4.17616365246732e-09
0.6793595210162742
0.1511293074511104
0.11311640164029049
0.770836319072564
1.819584921662165e-07
2.662561163387189e-08
0.14356145734504483
0.0
5.065459755979764e-10
0.29862225968303596
6.769224520987096e-08
3.440231149949847
4.449894779632765e-08
5.6199402727840936e-09
1.1507300316247857
7.721797824082331e-09
2.8555258176450147e-09
2.312643943909418
0.0001776005318486061
7.108532347886037e-09
1.107188204872542e-08
9.189350215386475e-09
0.0
1.1252351464798724
9.629122116912552e-09
1.1249309289239917
5.557003229270514e-09
1.1481970984900462e-07
0.001497289458850313
0.20259861838189688
3.344018043091958e-09
1.3057619363405284e-09
4.474934730572526e-07
1.078364666994744e-09
1.0775284268667474e-08
0.00021863185857788446
9.457875704074864e-10
0.0
0.0005811861018421682
0.7645166500142568
2.557117974803216e-06
6.549536408392358e-09
0.6997109685755132
2.161051982750414
6.578651501675544e-08
8.958390957025534e-09
2.279594416928288
0.7780084352242334
1.7178926136385388e-08
0.00023133461762399508
7.992467037941843e-10
0.20292795000189642
0.0
3.7159352693580443
0.0001291345769711178
1.7375692364324541e-09
0.08897478524134056
0.08545317788817704
0.00032198380671571373
7.177491428440241e-09
1.1231349313388213e-07
11.714104058172389
0.00015077981007551304
0.00012155455740066674
9.769595656134466e-10
0.09880152623071115
0.00015076639058664054
0.0
0.00010352576515624184
1.892831408015187e-09
0.0027319187657882044
2.6457486601336813e-08
6.0769037602038095e-05
6.558197106203357e-09
3.0602120907812534e-08
0.9798951089209774
0.00023634724035486715
2.0331636726405964e-05
1.2212042476806687e-09
2.176835297166759e-09
0.0002266460631012541
0.0005783991082142782
0.0
