0.0
6.796166280227712e-07
3.412787508983247e-08
5.607749111420516e-08
6.764992757795878e-08
5.0374701162921176e-08
4.52730328169375e-08
4.486877109312491e-08
5.049929123060706e-08
1.4336864396139346e-08
3.187526200881895
5.602915657241944e-08
5.0833707827257454e-08
4.716926281446224e-08
1.720435013017461
0.0
1.5942825966987402
7.4953970910340875
0.6504460501585333
4.0231786356534164e-05
10.238678199482102
17.951011594680324
0.856161996337873
2.1288098995521616
144.0585856232815
0.26870669620561105
183.93625723498772
18.49139881826267
1.9427853217159952
3.0773884243308105
0.0
2.657221093175825
1.976167238127355
12.874363341982606
5.490608188835333
16.514413478412717
6.926534436656481
48.57781943732388
11.406027717233366
41.095144309688315
201.78666014106307
5.5182995280385985
4.969953588281162e-08
1.1499978199064225
5.2736060180838565e-08
0.0
3.29303534740869
0.6630137995380583
0.8316560956634512
6.589144781882769
0.8226907490770559
9.995045544405332e-09
73.62481684836092
0.26537729535336396
7.493175195095667
1.668769552645405e-07
9.509153196220252e-08
0.0018084126825585612
8.464401064226957e-08
0.09341466849554884
0.0
0.00020318332738603805
4.484228514077368e-06
0.05501874513610608
1.3101478980298167e-06
2.4784113212809125e-08
0.05676662019864705
7.670240917216227e-07
0.6131604726766395
0.43891449719015746
5.7776180040703876e-08
8.044553139854386
0.1655023068292189
0.10573658626694618
0.0008452145384812616
0.0
1.1470719063917605e-06
0.047699316931454516
1.8544299064621164e-06
8.166529566815676e-09
10.41527465059733
1.8020865485813488e-06
0.03979755337994739
2.1947923774313887e-07
5.423342336171986e-08
2.2112233917650078e-07
4.093485021101695e-08
1.536036975911427e-07
1.602324196733861e-07
0.0005391568949261762
0.0
0.0006775923368273211
0.032305322501819285
8.74774079228456e-09
3.480034230802245e-08
3.360613035706475e-08
35.4364151871947
3.5630611838538437e-07
7.13690263358234e-08
0.0007403599563938371
1.5793978911972247e-07
1.8239413693262674e-06
3.628958447205755e-07
0.00010170547127894315
0.0007719959820700092
0.0
0.09060807076605587
1.1546247383813338e-07
4.401416580573489e-08
4.0725767189890035e-08
1.5713582665529247
4.203190564117048e-07
0.2737968565619253
0.032842193806835174
2.9888253834695053
0.7030996550968615
0.0061247877794405985
0.00012731142126310428
0.006123457061745365
6.223979184219823e-08
0.0
8.27017730735796e-09
22.587861305294382
0.00015174582686830376
0.18160311989667277
0.09979065900052012
1.1777928758084132e-07
1.597630093477544
8.136488755890921e-08
8.554832810176487e-08
3.4898966939675256
4.0980283929892405e-05
7.972424741421297e-07
0.0764977894272483
0.0008100077478503041
0.0
24.995728796147624
7.717148532715425e-07
0.052937785368396925
2.477537624744306e-07
0.002293072887684647
1.1131635311280212e-07
0.03900132284098744
0.0004947843607788947
1.1986649850682198e-07
2.646120611314745e-07
1.4373016272910424e-07
1.3663549822806426e-05
0.0006923214734055856
3.721742505404803e-07
0.0
0.001028969734415877
0.09321850481631214
2.47238166171186e-07
4.496252452691207e-08
6.180118422622566e-07
0.4167578409433426
1.8887166654204363e-06
6.48825579063692e-07
0.3960414373140851
0.09561066645825861
0.011007364138406504
0.00012087673472116839
1.0475995143962299e-07
77.10463611140224
0.0
0.7451744962363395
3.812922793235843e-07
2.5323426851379316e-08
2.2999960314619088e-06
3.528204311398023e-08
0.000541846506071684
1.6428227931887717e-07
7.72951319628792e-05
4.340796714572024
0.00027787016458815256
3.29689317391033
1.2010583524960495e-08
0.0008710422190446391
0.0002826909815329551
0.0
0.0002493932735559712
2.328397476329972e-08
9.525966905139403e-05
2.1639324453600017e-08
0.0004326848488596385
6.184274322578603e-08
6.218859928998046e-06
0.3567634000609715
8.437405521544139e-06
0.20605308662641236
1.4078445950045183e-08
0.0007356108675013488
1.392775136569249e-05
0.00033724406546870175
0.0
