0.0
11.466394101322797
11.466394101322805
11.466442606125444
11.466442606125446
23.99956499442448
0.0
46.22964018837596
46.22964018837584
45.99310374805219
45.99310374805224
63.62748000448078
0.0
96.03261256773446
100.00000000000004
99.98622212491559
99.98622212491559
100.00000000000003
2.104908471321093
87.07998464438619
100.0
99.9999999999999
100.0
100.00000000000003
1.3856957870108964
59.54964103774099
62.56779366999071
62.48040783177842
74.31831135231558
99.99999999999994
0.0
3.0293216008522923
3.2670238196993777
3.0356503725237083
5.034372639625574
23.398964050663807
0.0
0.0
0.0
0.0
0.0
0.0
0.0
0.0
0.0
0.0
0.0
0.0
0.0
0.0
0.0
0.6554909277174938
0.0
0.0
2.3400671772629646
0.0
0.0
0.0
0.0
0.0
7.133969622655608
0.6887268734076478
0.0
0.5909614087973462
6.454147654945951
2.420305291473537
0.8067683952380075
0.0
0.6247551881647704
0.6247551881647704
0.6247551881647704
0.6247551881647704
0.6247551881647704
0.0
0.0
0.2552312242484568
0.5239410968145601
0.0
0.0
0.0
0.0
0.0
0.0
0.0
0.0
0.0
0.26665369286112545
12.799703323956194
12.799703323956207
12.799767997026391
12.799767997026393
0.2666456087273517
0.0
24.05033470326328
41.95408108378294
41.9540810837828
41.73531003532294
41.73531003532299
23.86150809243657
0.12958900244203964
47.70712544298443
74.59379849626106
49.44386840787532
52.58773325605892
73.61737146481573
39.00092328535455
0.0
46.154518082340616
78.35554676417337
77.37363614769455
75.18549227424064
69.12399296182747
58.86743537617697
0.8850115834189018
52.4629426996936
68.35251613603138
72.15274615168826
70.42288329525303
58.995460315732416
56.689370708507845
0.8106851032919575
2.781020398483315
3.2068717911338815
3.493110725971809
3.207323846253269
5.507677996600073
4.823017571133658
0.8574253399512485
0.0
0.0
0.0
0.0
0.0
0.0
0.0
0.0
0.0
0.0
0.0
0.0
0.0
0.0
0.0
0.0
0.0
0.7491324888199932
0.0
0.0
2.3400671782617604
0.0
0.04778920974863405
0.047789209748634
0.047789209748634
1.1837926597546167
1.0941878914759278
1.5287552782219471
0.0
1.7453777116063995
1.8695098580018354
0.6412233790931221
1.232184787890468
1.232184787890468
1.2242330762891749
0.0
4.689870198001362
0.0
0.016788562296033066
0.6112837261411366
0.6112837261411356
0.0
0.0
0.0
4.070941599457838
4.070941599457835
0.8806917514384727
0.3218932588792676
0.08498828901067765
0.10915560851320437
3.4793355818849685
3.479335581884964
0.0
0.0
0.0
0.0
3.7331517000557572
3.7331517000557572
3.7331517000557572
3.733038522182925
3.7330385221829236
3.7330385221829236
0.0
36.07550205489494
36.07550205489494
36.07550205489494
35.79226213865496
35.79226213865489
35.79226213865489
0.11339037713678468
50.14584275498849
69.96750679968603
56.42033436280037
36.11417399782929
36.875859532994774
47.89549017385477
0.0
70.58283519570986
73.81477867355719
74.96728870405806
70.78717787796892
64.2927143452723
51.50900595415486
0.7743851354915391
57.17662840116652
58.62173312810845
58.6217331281085
60.80427513578428
58.1569100198088
51.04653399269364
0.7093494653804627
1.5282013537899735
0.0
0.5239410968145579
0.27201978654448966
0.2540320412273113
0.0
0.7502471724573424
0.11618043479415098
0.0
0.0
0.0
0.0
0.0
0.0
0.0
0.0
0.0
0.0
0.0
0.0
0.0
0.0
0.0
0.0
0.0
2.6728739222780247
2.6728739222780233
0.0
0.0
0.04181555853005479
0.04181555853005475
0.05012442500966219
0.007754942047633619
0.007754942047633619
0.007754942047633619
0.0
0.0
0.0
0.0
12.280961530085689
4.202553722922428
0.0
0.0
1.663003094584459
1.663003094584458
0.0
4.950917184593179
1.6265260871181142
0.0
0.0
4.2032709379393545
4.20327093793934
0.0
0.875379772510362
0.31658142294342156
0.07436475288434294
0.09551115744905381
0.0
0.0
0.0
0.0
0.0
0.0
