0.0
0.0003963716031256262
0.001581237583191609
0.0016831082112158903
4.9450511654791586e-09
1.1518825431666146e-05
6.160716899238406e-06
7.449582388695133e-06
6.537403463318066e-06
5.265113279658008e-06
5.695799086866791
5.5769969126683665e-06
4.257939881483216e-09
3.5439532492386736e-06
3.614553428707895
0.0
4.661115753386874
4.365948412250084
3.741438115609145
5.748075529829454
4.672898870369857
3.3905777513487454
4.671916475420092
4.447341570862194
257.19510247939485
4.0173323654806685
97.1372645060458
2.8529344046636553
0.00014963698341101237
1.9409817389011623
0.0
1.9409809052109372
2.39072613745325e-05
5.819755494990352
4.018209407826481
1.805345408238543
4.019194875603421
23.089551002838505
97.26228819256355
14.598808732177673
215.90112547396
0.7733096438141113
0.1285118460974461
0.5757335136107816
6.7421223105089634e-09
0.0
1.3337996467039237
6.057685004969487e-05
3.434216881081374e-05
0.0005716828763138202
3.6297129028632866e-05
0.00014195197572105156
41.20226153476543
4.177503085681366e-09
2.7183943860562238e-09
2.7525394537386098e-09
0.0001700637850319567
0.002603176908276281
5.065722473442652e-08
0.09615901609667309
0.0
0.0002879693465115004
6.604496409047891e-05
7.632332427343089e-10
6.994955047716619e-05
5.664035068417936e-05
6.513740215106389e-09
6.921089251797e-10
1.2618794367238165e-09
9.943504317664442e-09
8.467993314102226e-05
4.660475173435945
0.0018019697010506718
3.0081226436008497
0.000543213403906033
0.0
0.00048754540275961996
0.0003985066637219082
0.0004489775821927447
0.00019037251716183708
6.857146390832238
0.00015951150166478552
1.5901493357034515e-09
7.883018097181916e-05
3.870568222043994e-08
0.005487595128467094
0.9815505309045602
8.440954037754368e-10
0.00010487921431749387
0.0005774870405101575
0.0
0.0005897905798011916
0.00010100602052058691
7.849411109179653e-05
1.0078942219370063e-09
8.336893887224311e-05
2.04114767440593e-09
9.31952962290221e-05
2.4083635550242686e-08
0.0032939890334373074
4.63321853949902e-09
0.000937566877806095
5.934762124917415e-05
0.000492028548561297
0.0008161914257802457
0.0
5.7495955179399644e-05
4.647397758812075e-05
1.0538461550374282e-09
0.00012869506767237553
8.876344752309478
0.00011028365596255478
0.001029673572559349
0.0005274647045604721
8.660599520425823e-09
0.6681659169114501
0.00010373543412525032
0.0002444803020877268
6.613778513863395e-05
1.5442399665700932e-09
0.0
7.877581952409883e-05
2.7436867961122777
0.00020587914713389007
24.446609693446405
0.8580390899745349
0.0020009906933268966
4.777061298567402e-05
4.798852524774209e-05
0.0004044863620878662
7.04400256286204e-05
0.00028872466283478974
6.587632225556032e-05
0.0009322725116411646
6.980450313803694e-05
0.0
4.946124211170567
1.2081591436930835e-09
1.1933860703651508e-09
1.2659582223543024e-08
0.0027148547414691695
3.952275273139423e-06
0.0014560631702983777
6.854959960464848e-05
5.58940419213252e-06
0.00010422706418259018
5.269606903431012e-06
5.900007711661107e-05
0.0005635717478185074
4.278837169710488e-06
0.0
0.0008916931006676925
0.5547715341666652
5.659832402823907e-05
0.03273038300454403
0.0009722792058360358
0.0010746449686201507
0.0005706536255388866
6.189269031509473e-05
0.14011113665885205
0.12814573836455245
9.683318002223643e-05
0.0006019757914400029
4.757583296239638e-05
3.570458336604515
0.0
7.394118502360364
0.00011072455234985901
0.002912149997046095
0.0014827589603899555
5.707943628093775e-10
1.1027017861748094e-09
2.7756317458867648e-05
4.2997776419658596e-05
9.200681165494556e-05
0.0005182160837378548
2.325798139126489
2.243024711306857e-05
1.1198902004816083e-09
0.0005011383936182291
0.0
0.0002656834462769864
0.00296980172709645
0.0028843952488492143
9.513348386797787e-11
1.4184190262121706e-09
4.941235431434434e-06
7.955309324718674e-06
1.9460420679873674e-05
0.00043430978903973147
2.331800791170891e-05
3.942098526352687e-06
1.2592436590412169e-09
0.0002455817865990816
0.0011997285102217786
0.0
