0.0
6.06102896148907e-08
7.095708473312238e-10
1.2212278174674515e-09
1.0788236526128439e-09
1.0348012568831702e-09
9.404066967276307e-10
8.718644904295461e-10
1.0726266292515681e-09
8.476074366321946e-10
9.360503378129545e-10
1.124144701699185e-09
1.0666117185484847e-09
8.266963984121616e-10
3.686037615046267
0.0
3.4094297326168768
10.886050029734744
2.5127870591174775
4.566579263508192
20.40137439124086
91.90714118160678
3.7697202269709966
7.374145196758909e-10
182.1353599102024
15.849801614242127
52.33756910758229
6.065876198253375e-08
1.0830307031448558e-09
1.8192108646319953
0.0
1.4617563980456372
0.032956025355530966
5.957543057909918
3.727736180362133
11.484040966563722
0.735637569715014
40.51194398327758
51.16320981260864
12.309308139185223
249.4827234574478
2.9991206422286444e-09
1.249721294203824
2.0994201566658894
1.1402287753508608e-09
0.0
11.767270909170378
4.5966090065181917e-08
1.9394285486369925e-08
6.500699129491714
0.937093302326417
3.293799781505145e-10
22.34955783449753
0.896816349679683
11.439602957115369
5.934768737851122e-09
1.9710482298595645e-09
0.000586356156918719
1.945134634732556e-09
0.2798746184753012
0.0
0.0001595403174056704
4.053008941446333e-08
0.05279234319603565
6.210817686383618e-08
4.1412556110417793e-10
18.793828458883358
0.0036659338971886998
0.040682565123396436
5.954432373896157e-09
1.317509221144283e-09
1.6849157421461
0.060016599077474815
3.0997607492665713
3.7707294732023385e-08
0.0
3.5083236882239296e-08
0.03030146302142475
9.170106018741573e-08
2.2793745154921626e-10
35.3682067122686
0.004820228169548147
0.026999278764233435
0.47162597788399524
7.827104830208348e-10
1.0324910416316215
0.22739329564854968
2.4053119786651038e-09
1.289406050178049e-09
1.218740094014735e-08
0.0
1.9238037731486286e-09
8.730114559166857e-10
2.6608265884335137e-10
0.11049860101916517
1.2630296909422795e-09
40.20711487044153
0.2196358725945755
1.3074336827194764e-09
0.06197738851144988
1.3124938923571493e-08
6.84347356108688e-09
2.4424187670314453e-09
9.52595016426414e-05
8.671505845513098e-08
0.0
1.0553128019685749e-09
3.9067329593674736e-10
0.10260972154808148
1.4492814261875793e-09
1.657885064404116
1.1617986874813276e-08
2.027188872438177e-09
0.3544394687866169
0.2165912413873718
1.6025400092809019e-09
0.022695469916130136
4.7592471125808155e-06
1.8216347051316697
2.0956805829649802e-07
0.0
2.9363723395675187e-10
4.4088801203808305
2.7000599729715813e-08
2.7002739384457875e-08
5.712032203662967e-09
0.2517857046950375
0.8477038907342515
2.3925415800299693e-09
1.092649674102664e-09
4.977711784222967e-08
5.6507656850862504e-08
2.3660866352916697e-08
0.07327265642195945
6.206634182755888e-08
0.0
0.07658828250978844
0.00372929591468044
0.051682696368363173
5.929939351649835e-09
1.767707536144961e-09
5.885425144791751e-09
1.0462795795720075e-08
7.404256811274593e-10
0.01211293013188524
5.509199780003485e-09
4.7719827023427806e-09
1.0600855890626375e-08
0.0002993325176177806
2.5492746626226376e-10
0.0
0.0006933799957389599
0.10585440274746938
8.563819731837742e-09
1.1823712081334034e-09
4.015823124372686e-08
1.0264400690765172e-08
1.4331333222489745e-09
1.480288745978837e-08
1.9655144099512368e-08
0.6133202147730117
0.00968729781004962
8.538747307542915e-08
2.10502140020106e-10
37.31243888955096
0.0
0.8041319909910462
1.0114757396485317e-08
1.1273357261940028e-09
0.12661262411754698
6.782243400307505e-09
3.5994356051661768e-09
8.692528796454252e-10
6.3283892078303585e-09
2.885901385456944
0.00018755919340643197
0.00016192458586574045
2.0095439930967347e-10
2.547165610860885
0.00018757438710126305
0.0
0.00018434680527233135
9.292724464190954e-10
0.007807513092748191
6.704080649765534e-09
8.12212313990542e-10
7.522248514232155e-10
5.7350341228808645e-09
0.18256507814783
3.0342464289697568e-05
7.637831928718193e-05
2.0003177787509801e-10
0.2952375226402615
3.0357913164255242e-05
6.022441862681132e-05
0.0
