0.0
0.00031463478889378704
0.0011177652380820239
0.41151595890962195
1.5685214222935207e-08
8.174436717524325e-06
4.370970359991254e-06
5.289050956777344e-06
4.639242234718015e-06
0.4865472487743838
1.8047710806575448e-08
3.9498748426032e-06
9.808631540663344e-09
2.516306992210825e-06
0.07635480389518381
0.0
0.039462858523100226
1.6680357482023815
0.0763564865535868
0.6247966835274139
1.7398470320608177
2.3664857219542084
14.16148538877681
3.435176433230802
274.68299069454645
7.432596327762566
103.01364489249903
0.8783407452927467
0.0001047464766939031
0.7577118014106841
0.0
0.7577115697259731
0.01135709134261908
9.037448478895836
6.986093568561753
3.5911327464686202
8.267272079395656
14.607884034584565
115.06628371004471
8.26152210238897
219.78814487887817
1.938550737379532
0.12262008720849193
0.5371201422713163
0.00014546299014123797
0.0
1.8118885049786333
4.250865696665261e-05
2.4198636435394218e-05
0.00037884620995148405
2.5570642620371295e-05
0.00010085536008800166
19.5589306365493
6.92100510043215e-09
6.6352941578752125e-09
6.782519956113746e-09
0.0002170731755696333
0.0017109886912556587
0.00025158280472272485
0.11905209202257745
0.0
0.0002028066632172575
4.6560728219766215e-05
2.6821815980994223e-10
4.9319381586824265e-05
4.017929280586574e-05
2.7016200275486676e-09
2.3498213725290017e-10
1.5154424113856926e-09
1.3438912614120728e-09
0.00012773929351925152
1.2155013197955296
0.03817355742069412
1.0431601805043507
0.0004801162388935235
0.0
0.0003438824776476752
0.0002689778333002885
0.0003186617365353139
0.00013576235544506438
2.768123843610877
0.00011293744761327113
9.294292049112235e-10
5.5813587196449724e-05
4.3628438143693415e-05
0.004102212925061384
2.0635739538789366e-08
5.229727820835022e-09
7.053136135597694e-05
0.0006291727837063886
0.0
0.0004511081713098901
6.765228958813305e-05
5.3250702538407135e-05
1.5540077353900403e-09
5.8975311184347086e-05
1.066327237272141e-09
6.590852936975325e-05
2.6843920512703666e-05
0.002298048665313918
9.312912566816737e-09
0.0006528209852565486
3.967319470416444e-05
0.0003301743003773258
0.0006342980784447233
0.0
3.816939535473091e-05
3.123797038860801e-05
1.138401928696935e-09
9.110016904327858e-05
10.673554312464557
7.800495329519108e-05
0.2709907793341212
0.0003739385838658768
0.5637684827975148
1.2558778182084047
7.237127224052198e-05
0.00022388464222532168
4.679165627933551e-05
1.2161128498667128e-09
0.0
5.3499594140141244e-05
4.599388816386894e-08
0.00014512020711971127
19.542347987545156
0.5788845659143648
0.28455588914540664
0.5408597630229031
0.0003359761108885933
0.0002847033868117854
0.7576325268909385
0.0002036841280740085
4.644967613402032e-05
0.0006255121115901372
4.921370884063953e-05
0.0
3.610911589240855e-09
1.256193619921296e-09
1.2862006354179926e-09
1.351683466246757e-09
0.0019192281164923854
2.7991785669501437e-06
0.001029107383708957
4.8471203284544014e-05
3.9566847791282185e-06
7.377003447838832e-05
3.7290157102460883e-06
4.100459121753894e-05
0.0003989559518177582
2.9238868582806966e-06
0.0
0.0006302487006150086
0.6670971294712371
4.004739308235438e-05
0.052185157865140365
0.0006925392570411894
0.0007597966673488568
0.000403646820290264
4.3037584414891976e-05
0.00023612068554468044
2.2709066219714786e-05
6.703195821697518e-05
0.0004257527459865388
3.2540216207817414e-05
4.051347747207039e-09
0.0
10.577924305597097
7.834561006680302e-05
0.0020153892673159773
0.0010480785875881457
4.574507482645605e-09
1.021394225760123e-09
9.234069426783211e-05
3.061915883183214e-05
6.508120672491308e-05
0.0003597168779465627
1.6237964942815803
1.541928031723274e-05
8.726436739368923e-10
0.0003538887999544779
0.0
0.00018751692600437058
0.0021007725284456955
0.00203876103223154
7.617377531586632e-10
1.325658204964054e-09
3.381092125056239e-06
5.67095313491523e-06
1.3776955903671002e-05
0.0003042262662558706
1.654167472330377e-05
2.7082558732902993e-06
1.0085120638308872e-09
0.00017410615805937631
0.0008480392570336993
0.0
