0.0
2.3810517442963714e-08
9.465590913480983e-09
1.2673561727392206e-08
1.3078771297122665e-08
7.117875348461883e-09
6.959553120489295e-09
7.137970720934609e-09
6.7891670243926645e-09
2.420506747688654
5.317376343206883e-09
7.344220523855628e-09
7.529728843002886e-09
6.698499114544671e-09
9.215134757451914
0.0
2.738552957121418
9.087835568187252
3.0189111607322148
3.1710911680813014
7.92047116567655
24.93309931327719
0.9278500657424589
5.648356937354055e-09
168.18874341839012
0.2918604222032447
161.51579541376026
2.8767724032759445
4.9060786035660083e-08
3.0231035220206177
0.0
2.067883965273463
0.03290609961204822
13.218281015725651
7.410104515321116
13.055825908519473
15.73644418911659
47.80469250084693
11.370504316280854
37.530672395308045
200.16813179358638
9.60709431623567
4.5283619101906605e-09
1.0279918460874573
5.1605284967114534e-09
0.0
7.451307102197313
1.230265212944672e-07
0.8846488880936987
6.468675604557005
0.8860174245217622
1.5123089045394588e-09
60.71194812399342
0.28761648199158935
7.446672499734381
5.7329950821194e-08
1.88273572143333e-08
0.0006017415130384608
9.375771153161305e-09
0.9231998566872862
0.0
0.00018879971711589072
2.3657938839138557e-07
0.05467942686132582
3.897914719202143e-07
0.08615450701346931
0.056456379880286
1.2630105704515907e-07
0.04235085881000774
7.200307727007315e-08
1.6529972430125164e-08
5.65460173922845
0.0021786080751714783
0.09829462825730745
0.0006322419406903882
0.0
1.956428063640201e-07
0.04420988260021032
5.751767402943908e-07
1.197710974671473e-09
7.6326299617489495
3.3486401210326906e-07
0.03814025868075399
3.8685275484698196e-08
7.189838567270372e-09
0.106890027349077
1.702138085611106e-07
2.5653547995855803e-08
2.392199384728039e-08
2.3104075627236548e-07
0.0
3.379558507592011e-09
5.361152285971781e-09
1.2613642027644388e-09
5.302573106306313e-09
7.792954370226343e-09
39.965990788233036
9.801703730884445e-08
1.231969507548418e-08
6.255476190607382e-07
5.21563034577462e-09
3.6090690607708584e-07
5.0876474028745735e-08
9.114302061157162e-05
9.492815346366716e-07
0.0
9.672977676618044e-09
2.116457424180789e-09
6.492760188516675e-09
8.819471530063533e-09
2.405338251537567
1.0897937815894145e-07
1.2200928192152375e-08
0.35316327146422766
1.7412218005549664
0.008207506436394034
0.006994237870230395
0.00038280830581704226
0.006994013895310355
7.87058064006411e-09
0.0
1.3033145270892447e-09
11.151297704083257
8.900151391984518e-05
1.4140124734901408e-08
4.7165849031204815e-08
0.32088188522886
0.3120963251312826
9.131933923085177e-09
0.00031540374762162717
0.24233518413753435
4.6172980794968337e-07
1.3298361025416747e-07
0.07614047075124904
3.894478508489344e-07
0.0
62.00819929163332
1.2652809851603904e-07
0.052962234031669934
6.528207187597063e-08
0.0035044389736251947
2.838856027678587e-07
8.922320812582378e-09
0.0004640513668046273
2.041921379352939e-08
1.0855406386206791e-06
1.734734162668131e-08
4.872968409912691e-06
0.0008540724538658568
3.4248047898697216e-09
0.0
0.0011316001366100809
0.08762101038739029
9.843986537691391e-08
1.3330068079304554e-08
0.004698986551121295
0.051250843906347855
5.782019959960379e-07
0.004704104019108054
1.1760340410431152e-06
0.32706983154583347
0.012299683873098696
2.142085963374947e-06
1.5584500373060679e-09
59.42839501637286
0.0
0.7273292879396458
9.992550826809972e-08
6.6672558199658155e-09
0.00041164468542404366
6.378494448467336e-09
2.8880110875706424e-09
3.567992530937782e-08
5.162457004453289e-05
4.427529731855238
0.00021074862704133029
0.00012284453646661984
1.8830901394331118e-09
3.7170279937415243e-09
0.00021225805049850972
0.0
0.0007202866273138524
6.89565363571924e-09
0.00013067539317002217
4.876664320467344e-09
0.0004190340361735793
1.7600015496636066e-07
8.180993424816657e-06
0.4738522540043927
4.077563034307421e-06
1.4627441636747483e-06
2.432088904411104e-09
0.005555254182612669
9.473512662878352e-06
0.00027383976753165217
0.0
