0.0
4.1899685895928834e-07
4.026698480031611e-08
1.0038602585391286e-07
6.423159130754754e-08
5.74434209340592e-08
5.484726867231035e-08
5.803530088931536e-08
5.9372590060067844e-08
2.6526885424954596e-08
6.318228455111438e-08
5.9477159712883335e-08
6.227833783743882e-08
5.6040017741852776e-08
9.088793725908843
0.0
5.9874231254337404
14.455353552422562
6.169449275359224
1.6215792520009902e-06
30.718497821778914
18.978549990009043
4.216155310944517
4.645095476648284
218.51342194098712
6.1019431990721
84.77430520397243
8.147573618492343
3.7750692169002706e-08
2.605644769699147
0.0
2.12022905984773
0.03242100708412607
12.836701939607433
0.8022784544508077
17.71002862033436
6.9534342274489145
41.47224224516404
11.45587597265991
14.84797273932183
251.47285930609456
4.789922416127752
5.8157649101115313e-08
0.5683682759873709
4.392378252164919e-08
0.0
3.1798691543034154
1.6028929230714254e-06
0.8144757411228919
6.564375719515792
0.859192918402947
1.5719455984431815e-08
54.01153303048739
0.2778368054350745
7.609628347698367
5.324949816289709e-07
5.9110830137033974e-08
0.0012365245025465364
7.380157717237297e-08
0.4889464668607278
0.0
0.00025013609261225714
1.7987543732468707e-06
0.054337396858200895
3.227534096872113e-06
0.12531922962951184
13.396844664320408
1.196041958350019e-06
0.04186679315913973
6.887777805777249e-07
6.249251383461147e-08
1.9186104642504274
0.8259895007333883
0.08633981260720336
0.0006858321933197787
0.0
1.8890753347324763e-06
0.03888135807541045
4.744738835803875e-06
1.220485131880816e-08
22.074253434916983
3.4412956382978643e-06
0.03383085885108039
3.735684709348498e-07
5.378406576238966e-08
0.16922951742341058
0.024825799093113828
2.391376422981258e-07
1.98244295704753e-07
2.205495836115746e-05
0.0
3.429135449371667e-08
8.825733342825627e-08
1.360758541279854e-08
5.4445040833550256e-08
5.952022545671425e-08
37.310305269923624
8.605617161506117e-07
6.153709943424925e-08
3.930452395022242e-06
1.1255507846756791e-07
2.4963500814329905e-06
3.808142086997301e-07
3.608152450314877e-06
3.2392480804936857e-06
0.0
1.8666116974384304e-07
2.2673452212913804e-08
6.711422303875127e-08
6.943259398541536e-08
9.168847418132604
9.676023814816461e-07
5.536429380188139e-08
1.2217068495582062
0.20970700452739027
0.007606202605089597
0.15905574094815234
0.0001141965821896907
0.1361327488971967
1.6869615736040592e-05
0.0
1.3627895404685973e-08
11.146217610716993
2.216038706570955e-06
2.2047611629522615e-06
4.0621931656227646e-07
0.1868013586533391
0.9208118815524078
8.301548555386406e-08
0.0007720764159599449
0.3076633461650238
2.1862910440984543e-06
1.2926437167569416e-06
0.07538368549713372
3.217799887513016e-06
0.0
0.07874474229830432
1.1950346154164064e-06
0.05329534614991058
5.929555151192445e-07
6.820910837767352e-08
0.006659846004534879
0.00024858320124156473
8.989767537349056e-07
2.072598938288274e-07
9.9286476183545e-07
1.6897508424080697e-07
5.799616119460738e-07
0.0003314715681292655
2.3238616535852012e-08
0.0
0.001032198731671692
0.5621933309711471
7.517557088264676e-07
4.590781906240856e-08
0.08125241347430154
8.375918800536493e-05
4.053589148052072e-06
0.008106471818617345
3.4134750155114988e-06
0.09222253811674894
0.009842676284467868
0.00019738677513331574
1.2864954009182451e-08
45.587232469743356
0.0
2.7601232254222667
9.082229704758535e-07
0.2254244047343995
0.2067016043931232
2.689813017388319e-07
0.0005292457457021268
1.9722610841303092e-05
0.2624815671790216
2.965537319757516
0.0002756419507159253
0.7895448346449867
4.8260073310414464e-08
1.2681850456752693e-06
0.0002768813189612612
0.0
0.0009386473059216448
0.050760952537038155
0.17007311013571894
3.864983883577918e-07
0.000392015671047961
3.0886336036439054e-05
0.04970827841713703
0.16160685851736523
7.893388201951007e-06
0.05252012521499157
7.044523249746047e-08
2.4923941729820714e-07
8.107324587980838e-06
0.0007801105908125045
0.0
