0.0
0.0003653922269543956
0.0014578312323189038
0.0015502735470177306
1.4345505448460716e-08
1.063865945209493e-05
5.6806786064161145e-06
6.875126883715732e-06
6.029806969426646e-06
4.854878269236193e-06
2.9697140269645173e-09
5.141948371014232e-06
6.643132589432073e-10
3.2675139010123345e-06
1.8262819098965963
0.0
1.8262579246373805
3.471658575971808
0.9132625053068735
0.6536436696585646
1.0463376852286943
1.8593408528468607
1.0460536703460552
2.4878537782375485
333.51417094234733
3.283453265334181e-05
47.02699241822206
1.0846217996765117
0.00013654163984994186
0.6901704812950712
0.0
0.6901702954750218
0.43827804962177214
8.801646857619223
9.240823505913891
3.7492085656406773
5.910794623400212
20.459726386356394
54.37398019903608
19.824420521997872
264.0604030944722
1.8163735079944825
0.8667027075732495
1.730663546359628
0.0002598355652389749
0.0
5.507779267215863
5.5385632346089275e-05
3.151199421862197e-05
0.030123529835216906
4.326066199236034
0.0001301755187804294
10.669698185526816
1.3943077716151728e-09
2.696503417852593
1.8122104275871989e-09
0.00015625338813324941
0.0025383528545514793
0.00017859680708286207
0.18876447680411787
0.0
0.0002639185648605876
6.063701085416289e-05
5.426989928387608e-10
6.423194159600702e-05
5.204604856430882e-05
4.070053930936545e-09
4.5102566344520957e-10
3.2501695359161293e-08
9.394841144362227e-09
7.798576170846391e-05
0.00027050168104866834
0.001662351661314529
3.9365127919324534
0.0006396389211305426
0.0
0.00044863883854188346
0.00036752209606072265
0.0004123168210676078
0.00017544970471333233
5.1584747167950304
0.00014681676898604604
1.856285183938488e-09
7.264339374033057e-05
1.022919608697097e-08
0.005382505557093793
1.6823396727579472e-08
1.00730830929624e-09
9.642100966694286e-05
0.0008143248441672511
0.0
0.0005855126090770178
9.260494715515325e-05
7.221251713898477e-05
1.188348917342654e-09
7.681949376608757e-05
1.6057430313108792e-09
8.586078874443147e-05
1.7618585833009225e-08
0.0026295633187605606
1.2769203568880341e-08
0.0008649201996722641
5.4541900145105364e-05
0.00040404259923185914
0.0007520898346228444
0.0
0.10862183081024968
4.273980715819445e-05
9.299214565496792e-10
0.00011858427081289078
11.03028870160577
0.00010158509838707186
0.0009015349605180714
0.0004863861655600722
1.2480697614081249
1.7177858797442436
9.551936437218838e-05
0.00029099836005858716
6.092571723814352e-05
1.8980832457708186e-09
0.0
7.246891291339674e-05
6.185288879697703e-08
0.00018902654405045764
18.925284584340936
0.7159962616342381
0.0013664709150575725
4.390368564246937e-05
0.00018018474191478144
0.0003708615941123075
6.466401870445795e-05
0.00026461495659941723
0.0017187040416906311
0.0008183298667997952
6.40923619672946e-05
0.0
1.2987760110780113
2.7211122997683842e-08
4.662697401504833e-10
9.487758863555398e-09
0.002482934924985732
3.6425434093009284e-06
0.0013429188774451118
6.32071359489927e-05
5.149199296579817e-06
9.602490754963648e-05
4.858619950630916e-06
5.337486099783331e-05
0.000552235629275992
3.926558546188629e-06
0.0
0.0008210229474162328
0.6725605747710941
5.214077862727656e-05
0.09909034138692253
0.000900262704126457
0.000990766413886332
0.0005262401350930286
5.6946837392903927e-05
0.00031263823003879065
2.9568696213433325e-05
8.725254698540662e-05
0.0004903626139437467
4.37422683035958e-05
4.947655806529035e-09
0.0
10.996221403680904
0.0001019961001051389
0.0026909127639991905
0.0013675073990050948
6.140414967634384e-09
5.203561567051383e-10
2.5507436448930902e-05
3.9541270124359715e-05
8.471964787949043e-05
0.00046923701135911786
1.4796039271599928
2.0621845703487232e-05
8.332130457979678e-10
0.00046146799463791697
0.0
0.0002445497238551054
0.0027407861455797794
0.0026607132307417004
1.023264155208088e-09
5.282068457592408e-10
4.541795297612111e-06
7.320234695917399e-06
1.7947152589479107e-05
0.00039492180974346077
2.1507240889215783e-05
3.6246658569410612e-06
9.417303266829907e-10
0.00022655204867012558
0.0011053620229528939
0.0
