0.0
0.0008518084908131756
0.0015765967838862957
1.0649858909813672
5.462750374980095e-09
1.1441828349861009e-05
6.107190451197849e-06
7.226604018902255e-06
6.477937958292769e-06
1.7472937647955462
1.4145337380372186e-08
5.525933014754636e-06
1.292708168305454e-09
3.7427306305923684e-06
4.092316150337063
0.0
3.7777039707715625
4.254712797792435
4.027574434847605
1.3677956273574239
2.916498477572423
7.57048154754396
1.475438917222117
3.407877655999825e-05
317.2389920000506
2.467268863605822
50.06320431055646
1.2390613520704987
0.0001454405145468634
0.9592240544299024
0.0
0.9592236767127802
2.389851568770428e-05
9.714496123207217
5.862536639990891
4.265781413414817
5.862011989066279
19.741713995945524
47.37563562352261
15.395741867764766
276.63786085326706
3.807866689750869e-06
0.14974076264408964
1.0299056194225824
0.0002047546430443963
0.0
3.924641118078991
5.983853027154487e-05
3.394361833654265e-05
0.000534971388159838
0.40604531006710853
0.00014712683333880326
20.13655123932726
2.1596895088216277
7.557913110393115e-10
6.204230273151361e-09
0.0001692394735365532
0.002509772567450309
0.00020259483440616662
0.00225605015877045
0.0
0.0002861019965208667
6.539400611336866e-05
3.3334506072550064e-09
6.92678165824334e-05
0.0005370019850493387
3.920966906153669
3.7146598886851408e-09
0.00027281940166283677
2.225633426125418e-09
8.4498393561239e-05
0.39262114719603447
6.018975654268927e-07
1.5433233849001495
0.00022111587374811954
0.0
0.00019248275039322732
3.0470950413678364e-08
0.0002169864308435002
0.00015042820051350042
20.50383925172055
0.4523410341406195
8.683889345679903
0.18692159301710823
6.34450889234214e-09
0.0033015876639639306
4.3598049630139305e-08
0.31031445780208794
0.00010890631348728049
0.0007270006889133302
0.0
0.0005822318084707317
0.00011866630346167283
7.821248734606115e-05
9.480433482458006e-10
8.451972389486524e-09
1.5901375658963632e-09
0.45569835314637025
1.251656171566297e-08
0.0028845199196111475
2.1631543547775272e-08
0.0009591673841042182
6.0768524674504315e-05
0.0004390502819864461
0.0008156913775042515
0.0
6.512114257568208e-05
4.6065263526507596e-05
1.5713897087155223e-09
1.2896974326396051e-08
8.164718787152484
0.00011865089629900004
0.4788409975819421
0.001075712146380716
2.6491040956201516e-08
0.7543095759648035
0.00010450254993545794
0.0003100613726648553
6.574553611696547e-05
2.0489286598810325e-09
0.0
7.839257372372008e-05
1.6025297168672266
0.0002045490171464519
25.506895043820357
0.45343472986315986
0.001953019635980643
4.741164114428481e-05
0.0002044317298842657
0.00040148571661747953
6.971849481204024e-05
0.00028688796719787663
6.526327420966702e-05
0.0008828917870675696
6.912127417859173e-05
0.0
2.029818419658721e-09
3.278325234221753e-09
0.0004429109640356396
2.3712705734977804e-09
0.002679985704358022
3.934565161227274e-06
0.001451744623896088
6.826584787111983e-05
5.55647751505272e-06
0.00010350985787520333
5.242879888569093e-06
6.310401454379936e-05
0.0005976522721333112
4.2440086369282904e-06
0.0
0.000888398094399203
0.501068517143624
5.9811475108198945e-05
0.0014530643198080043
0.000969653539625459
0.0010716277290093008
0.0005678228405705328
6.24652176275142e-05
0.0003405266133534033
3.192185184058481e-05
0.00010585287594538302
0.0005305068807845058
4.727671315581002e-05
1.016252277273727e-09
0.0
8.161687466576131
0.00011895896226570509
0.0019556903059114697
0.001481723240163347
6.680431153423812e-09
4.970348778369654e-10
2.8389589399457567e-05
4.278010253158784e-05
0.8828051612445945
0.0005117704855468172
2.156005122129092
2.2296735826370665e-05
9.458865267863932e-10
0.0003165881560060669
0.0
0.0002552017113123992
0.0015523420840253817
0.0043562032575567445
1.112539572288879e-09
1.1125111787739192e-09
5.0622737091877584e-06
7.909711494155152e-06
1.9369340356329346e-05
0.00045234574413247216
2.3205085463261175e-05
3.9184092167194495e-06
1.0564017377735858e-09
0.00011345719526151141
0.0011978007698103476
0.0
