0.0
2.460949759663283e-07
1.7385400736358234e-07
3.5292826571668673e-07
2.460779821581733e-07
2.4322975830285e-07
2.2268681461837707e-07
0.21259131608667267
2.353374169459899e-07
8.492459069644848e-08
10.844553430802566
3.783816270725847e-07
2.2889715776927985e-07
1.5000038713583218e-07
0.5153089245722051
0.0
0.24240398772823682
33.19084846608764
0.27468392740021735
2.64408568545966
1.133784577667341
23.841659157989337
0.996269010827994
3.556655718936905e-08
250.8975843168018
14.813413521408378
64.74611375479203
1.7664464819673248e-06
0.17334950508305572
4.820182806610743
0.0
4.819781278185711
0.2894739231333912
2.66039154520272
1.6799476010667431
20.99732222006713
1.1904148728529669
119.34322353203558
86.40720672086312
48.06475472096075
44.926251251991054
1.5899843336092628e-06
0.3197806330916349
0.6919309057642999
9.996512037181538e-08
0.0
4.735233280287113
0.1800249292222355
1.020669066510728
12.925642157198052
3.7959749204449347
1.7371749384419224e-08
29.06966412328178
0.7301444629545553
127.770935096637
3.1290625847349682
9.831978335419677e-07
0.0004452606820507068
5.798694495831799e-07
0.38673411006883973
0.0
5.430616086190112e-06
7.682512224268147e-06
0.1276271005591993
0.07919336821567186
0.3488975626640657
0.12937076707284198
0.06337263084583851
0.12225745414977959
1.1503496019024664e-06
4.389928947935209e-07
2.4486548049108863
0.8656562258539873
3.744981111380543
1.1118855588640503e-05
0.0
1.0791740476699707e-05
6.83071533705264
1.0757666206579146e-05
9.76107499775553e-09
0.023927909287168925
0.034754542675950385
8.708684185055239
1.1436200044536337e-06
1.1432018234137268e-07
0.06820897415614997
0.06664626919347698
0.06767556181330753
2.0000812840270963e-07
1.1534088459006718e-06
0.0
2.473121926803819e-07
2.9543778010089126e-07
8.899265976583557e-09
5.676302433407003e-07
8.349992385841893e-07
44.14594869130665
1.9207242716896853e-06
6.314361204953444e-07
0.0016276005288366384
0.0004270005610044423
0.0004243530612761883
7.537815476381775e-07
1.080812655477619e-05
5.871443327499853e-06
0.0
6.20024271321748e-07
1.2742390647311209e-08
5.933468275071696e-07
8.592352868845296e-07
4.078104920779055
2.1168876691310555e-06
1.3429438106406252e-06
0.3510806427907608
0.5823852210478019
0.17008199081629916
7.4088828626249725e-06
5.429798665771417e-06
1.6232413182130947
0.15013366257129665
0.0
9.052319501224067e-09
1.1193407393504888
4.38727380722739e-06
2.673067055683737e-06
9.833314869572493e-07
0.057516110506679013
0.06267552093483993
7.318184609257491e-07
8.065625130783756e-08
0.06604537722834039
5.4250375825255915e-06
7.678098068985302e-06
0.1189278467242895
0.06138483737888271
0.0
0.12111033005566726
0.05316895669442058
21.281111812748268
1.153623667684939e-06
4.525749354554067e-07
2.483795870082586e-06
0.00032565826478404863
0.0003212656320765192
1.992091110149503e-06
8.199040872131801e-07
1.9166414653959616e-06
1.3228510333765637e-06
0.0003148108080303693
2.2189362385939568e-08
0.0
0.0006765739183919882
0.24998936194303342
1.719441761473461e-06
4.3327879390757197e-07
0.18835003788923432
0.12989127021422625
0.1525058522380534
4.312721350829484e-06
0.14008789833662683
0.5592935220253948
0.004342446038795052
1.036545498938453e-05
1.2360958694190127e-08
2.1222650860422614
0.0
2.426890379416473
2.062595493528856e-06
3.4441148271575176e-07
0.15419475114325287
1.5459657903618126e-06
1.8614977921625796e-06
3.426078096849109e-07
8.160042790697569e-07
2.61275659977166
0.00020834922392724343
0.00016644500903158547
1.6687188232232267e-08
0.556886863632809
0.00021084106977503966
0.0
0.00021885790508158613
4.229503052876747e-07
0.0088683888423301
1.9496436787046596e-06
1.0924151651205908e-06
4.0132264018932287e-07
1.760182634484381e-06
0.1907916831787958
3.0067909977659213e-05
2.65879218789105e-05
2.100201258044854e-08
2.821310500937347e-06
3.387744140428306e-05
0.0007195638433856679
0.0
