0.0
11.466501091363433
11.466501091363435
11.466535382040435
11.46653538204044
23.999747972691925
0.0
46.25104827032038
46.25104827032055
45.82675594875789
45.92804854637629
63.63412821504251
0.0
99.99999999999996
100.00000000000006
100.00000000000009
99.7737443357533
100.00000000000006
0.0
76.74843238554561
76.15675296514314
85.63171913136271
99.99999999999997
99.99999999999997
0.0
59.95964106357034
59.971432502317334
60.35949998281408
70.00414069515966
100.0
0.0
3.4648096407126268
3.4648096407126268
3.4648096407126268
3.4648096407126268
30.41801908430861
0.0
0.0
0.0
0.0
0.0
0.0
0.0
0.0
0.0
0.0
0.0
0.0
0.0
0.0
0.0
0.801198706841501
0.0
0.0
0.9130111531639494
0.0
0.0
0.0
0.0
0.0
0.9130111535765374
0.6697338313526722
0.0
0.5821322923658954
8.10069648301227
2.5953687697101926
0.8651229174515214
0.0
0.09823321616263528
0.09823321616263528
0.09823321616263528
0.09823321616263528
0.09823321616263528
0.0
0.0
0.0
0.0
0.0
0.0
0.0
0.0
0.0
0.0
0.0
0.0
0.0
0.2666587098970451
12.799819864533017
12.799819864533017
12.799865585435683
12.799865585435692
0.26665299478421095
0.0
24.061523503821416
41.97351245551926
41.97351245551929
41.58448073442172
41.673111757337814
23.967032088671605
0.10129259761839536
44.62929403567148
65.22359616617054
65.22359616617055
68.88371380274005
77.87354779201661
33.728041481229724
0.27401993116948153
58.021721229394984
87.35681703542244
87.03548530056581
70.92384416369946
71.94155304775242
40.755204752354544
0.0
52.33810645952404
65.10915806932012
65.12263399931595
70.64229487768955
58.2024360728469
59.66735226072893
1.5467605164567362
0.0
3.4648096407126268
3.4648096407126268
3.8997499461827347
3.8997499461827347
0.0
0.0
0.0
0.0
0.0
0.0
0.0
0.0
0.0
0.0
0.0
0.0
0.0
0.0
0.0
0.0
0.0
0.0
0.0
0.9156556649617152
0.0
0.0
0.9130111563530887
0.0
0.0
0.0
0.0
0.0
0.0
1.0615904560379814
0.0
1.4450270030174759
14.384593479873894
0.6652940484181661
1.2474263407840616
1.2474263407840616
1.2474263407840616
0.0
0.0
0.0
0.0
0.0
0.0
0.0
0.0
0.4066022966627544
4.477543938376961
4.070941641714196
0.8806916748346885
0.3218932888174767
0.08498831308201898
0.8061635481751939
1.5115566528284887
1.5115566528284887
0.0
0.0
0.0
0.0
3.7332219385586325
3.7332219385586325
3.7332219385586325
3.7331419269789543
3.7331419269789543
3.7331419269789543
0.0
36.09228525573213
36.09228525573213
36.09228525573213
35.66566270220567
35.66566270220567
35.66566270220567
0.08863102291609594
53.39211243336897
62.231007100407055
52.42597372619186
43.21686023979378
39.05677064056913
49.7725121921719
0.23976743977329634
61.42378011353604
77.25098573305331
66.6008326328706
63.51596277815508
60.187389015532275
61.132807063593205
0.0
58.35578352138469
58.101215543278705
62.64311211562876
60.16396041606793
57.3687423240904
52.208933228137816
1.3534154518996442
0.2590984240445124
0.11051912173081556
0.43494030547010776
0.0
0.0
0.0
0.0
0.0
0.0
0.0
0.0
0.0
0.0
0.0
0.0
0.0
0.0
0.0
0.0
0.0
0.0
0.0
0.0
0.0
0.0
4.310275744647553
4.310275744647554
0.7105744288602776
0.0
0.0
0.0
0.0
2.582210474012057
2.5822104740120473
0.0
0.0
0.0
0.0
0.0
4.564223451615467
2.080110232391757
0.0
0.0
0.0
0.0
0.0
2.6883100066159007
0.4629635573859115
0.0
0.0
3.6408387547902468
3.6408387547902503
0.0
0.875379939205367
0.3165815534926862
0.0743647739467666
0.7053931046532946
0.0
0.0
0.0
0.0
0.0
0.0
