0.0
0.0004668763559733708
0.0018624878934799004
7.432786370183545e-08
2.4022617521538286e-08
1.355019317990177e-05
7.252462438203402e-06
8.769856149700012e-06
7.69620784291157e-06
6.198891741421944e-06
1.7387095445751815e-07
6.577349324556341e-06
0.7425679958177087
0.3078350253209064
2.9553722069490007
0.0
2.682811010269565
3.9926726638256307
3.70334569706578
2.288312602007327
5.1876841361657515
2.837586790344618
5.187702481821339
4.631477000058487
263.80727547274347
7.264667192642551
101.86878031651943
0.354726269927611
0.00017618689174189628
1.6166705939591588
0.0
1.6166701332927227
0.11578588279965238
8.990983669941068
4.501816305984589
1.2567795236683863
4.501801552403452
25.061237020707722
100.96799862182648
11.104329889065735
214.8523863746053
1.5242988000950688
0.5746102274674166
1.145198963597755
3.000418864005092e-08
0.0
2.9259194211463155
7.128518911854144e-05
4.044900367307188e-05
0.0006733222623392908
4.27475065828085e-05
0.0001672069044325372
34.06164345866441
2.511486853579174e-09
2.680285067687283e-09
2.790424010132208e-09
0.0002009734298832646
0.002075703809423162
4.057981051141383e-08
0.09201182813729161
0.0
0.000339980295003718
7.781342100570386e-05
7.155762501682732e-10
8.238400463701038e-05
6.671509335571345e-05
10.437156227755914
6.19182960110544e-10
2.8856151503561355e-09
6.513515370335648e-09
9.988602556931664e-05
1.8270378867600168
0.14754743537416623
2.059839389683545
0.0006410095227821426
0.0
0.000574189072363899
0.00046895206265697067
0.0005282392564111468
0.00022423676875507343
6.960213022971221
0.00018790922067834885
2.373660080504188e-09
9.285260781010396e-05
2.7274819717904816e-08
0.006462234752545586
0.09984860794709949
1.1149607694919008e-09
0.00012384392480036509
0.0006805208435674114
0.0
0.000695685870698662
0.00011887223675147743
9.242977817287657e-05
1.765187872724106e-09
9.822251277497516e-05
2.7141378806512583e-09
0.00010976916494309125
4.688008466347587e-06
0.003809907777948111
1.468830271483188e-08
0.0011042254881998774
7.326770969169592e-05
0.0005773496610268082
0.0010571107983743675
0.0
6.768901626254605e-05
5.4727025735637105e-05
1.720772503302322e-09
0.00015163412943170357
5.8769416924055005
0.00012988226899206652
0.0012124655073395372
0.0006211563941579056
2.45849128665273e-08
1.8908238865192604
0.00012230522032958283
0.00028802324379254197
7.787135877003769e-05
2.92508910342536e-09
0.0
9.276212211076129e-05
9.346119290570206e-08
0.00024187613289072013
30.542113141965835
1.4272666540085164
0.0023976357300155206
5.629004206294215e-05
5.069511531455907e-08
0.0004766440129796463
8.302612638651981e-05
0.00034091885943279224
7.759377539591885e-05
0.001097966058854523
8.221589167604248e-05
0.0
4.692929442075991e-09
3.2155211541960792e-09
2.980668841207362e-09
6.9677610702862545e-09
0.003197511847641008
4.66376843413027e-06
0.0017149251431200214
8.074187634978963e-05
6.592656205143081e-06
0.00012274601135408013
6.208163401969786e-06
6.946524799348737e-05
0.0006644822233299057
5.035016551548229e-06
0.0
0.0010503873695170496
0.36730880290112466
6.66523308007118e-05
0.06862406912569431
0.23319741192087415
0.001265960656223902
0.0006721193663025416
7.297995270359056e-05
0.114004276206353
3.7804533698277594e-05
0.00011402115318580196
0.000708896616156806
5.602536331636103e-05
3.9768745548841666
0.0
4.7015533879600415
0.00013040153892944343
0.0034296348769095072
0.0017464049080707625
2.6589387168227223e-09
1.6517361121897706e-09
3.276481677547927e-05
5.0647370187793876e-05
0.0001083700524387135
0.0006102803404464446
3.2119696539591924
2.6415928283985663e-05
1.5847316950969356e-09
0.0005908226083577808
0.0
0.00031292146451296083
0.0034978177235671743
0.0033973153659425607
4.429472988003755e-10
2.166864463911413e-09
5.833202351301911e-06
9.371224287630712e-06
2.2920402358066482e-05
0.0005114878598933841
2.746422973088354e-05
4.6427672581226625e-06
1.796465317004413e-09
0.0002894009341190379
0.0014130780665763906
0.0
