0.0015005249453814637
11.477910864711747
11.477910864711745
11.43017529073953
11.44669528234082
23.99955016750197
0.0
43.91108490718577
44.15427027653367
41.62311925328006
41.23017186281075
63.122729732376094
0.8094073301339266
90.45731912710718
100.0
99.99999999999996
99.89583482606538
99.99999999999999
0.0
79.24947708604884
81.52531145146112
90.6321046160842
99.99999999999997
99.99999999999999
0.0
61.73301866921362
63.79207731497949
62.67060920340896
83.6844216326409
100.0
0.2483505129092632
3.9444028169515395
4.21045108604929
4.627207535562556
7.23580242160477
31.34442766242573
0.0
0.0
0.0
0.0
0.0
0.0
0.0
0.0
0.0
0.0
0.0
0.0
0.4929726488294177
0.0
0.0
0.4801849565213882
1.4735526398308538
0.49118416488557826
0.4929718053108758
0.0
0.0
0.16079160556894617
0.0
0.0
0.4851576278774568
0.5376512061791127
0.0
0.0
6.800217434787978
2.5500814029406964
0.8500270409875628
0.0
0.0
0.0
6.903990905915893
2.5889963847199837
0.862998676769158
0.5426164122922237
0.0
0.0
0.0
0.0
0.0
0.0
0.0
0.0
0.0
0.0
0.0
0.0
0.26708743111584743
12.812369638395314
12.81236963839531
12.762969311443872
12.781849301845343
0.47206870410191515
0.0
26.624260804534888
42.270734981572524
42.48352217975176
41.18998471063673
40.600563624932754
31.86704125392504
0.4885320069751772
48.46243694672763
69.08508185654
59.04942807516235
60.619782126577206
63.402484128599525
35.06641752306418
0.2042569785542156
51.4591833991421
81.59901912615999
84.19997268663055
60.648414307900254
65.49785424129965
55.48302019873883
0.9734099237761978
56.30319388815144
59.28871062575115
61.64192050662687
66.3707911661508
41.041984065828984
40.0308319987208
0.0
3.1400534578156964
6.6915861751439225
6.710589622936618
6.740357940758994
6.926686146904863
1.9255614617631667
0.3423219674725316
0.0
0.0
0.0
0.0
0.0
0.0
0.0
0.0
0.0
0.0
0.0
0.0
0.0
0.49297251973015194
0.0
0.03358272654206216
0.0
0.17291636663607218
1.2545616823442682
1.2545616823442647
0.47624032446523984
0.12569593714108446
0.0
0.0
0.10638420314598247
0.0
0.0
0.8759876804211061
0.0
1.7585579855468936
10.448415800970377
0.0
0.0
0.0
0.0
0.16629277500835304
1.955522717676001
0.0
0.03001385037850902
0.3273774796028727
0.3273774796028732
0.11722296517446723
0.08895914114538532
1.6712749479881026
4.070848586336431
4.070848586336422
0.8753159718235386
0.316202101586384
0.08376195808154835
0.08693544058954213
2.771088282016603
1.3023917897738013
0.0
0.0
0.0
0.0
3.7392240356218647
3.7392240356218647
3.7392240356218647
3.6760800051660327
3.7280741810894686
3.728074181089442
0.0
24.77906017090339
49.83618395955469
35.81659998095346
33.63668216071618
45.80768684644279
34.398067376935785
0.42746550610328005
44.255759549360626
73.00837169226308
53.35989076571883
50.490078159094686
48.25272774631374
56.855149446076446
0.17872485623493864
38.95825605307978
98.97658935083662
61.99050400265918
62.78338074848517
63.32056297464365
53.334960936139815
0.8517336833041729
40.464321751481926
75.66003784065134
52.71104514629132
36.339158410948606
85.90842924945454
62.566134123617935
0.0
0.3908303400145703
0.0
0.28504671748513044
0.0
0.0
0.0
0.29953172153846513
0.0
0.0
0.0
0.0
0.0
0.0
0.0
0.0
0.0
0.0
0.05863899189765642
1.5955547650851567
1.5955547650851503
0.0
0.0
0.0
0.0
0.17291594004085936
5.011238629295805
5.011238629295805
1.1570809076165036
0.10998394499844887
4.216052621424321
4.216052621424321
0.22796508694418594
4.195232775529762
4.195232775529763
0.0
0.0
0.0
0.0
0.0
6.436729217874347
6.436729217874347
0.0
0.14550617813230907
5.300581794653516
5.300581794653514
0.0
5.604092309989497
1.8680306989050859
0.0
0.07783924850221215
2.835574675437329
2.83557467543732
0.0
0.8805511708265934
0.3214374689017757
0.07329171332135481
0.07606851051584927
0.0
0.0
0.0
0.0
0.0
0.0
