0.0
11.466501113658504
11.46650111365851
11.466535399316612
11.466535399316617
23.99974800566269
0.0
46.25105551647253
46.25105551647256
45.826737076902475
45.92803590975337
63.63410569322522
0.0
100.00000000000011
100.00000000000009
100.00000000000001
99.77376456341545
100.00000000000004
0.0
76.74835493896768
76.15668311220657
85.63148779979258
100.00000000000007
100.00000000000003
0.0
59.959737203609684
59.97153335316886
60.358702045843906
70.00399090100287
99.99999999999997
0.0
3.4651072294864593
3.4651072294864593
3.4651072294864593
3.4651072294864593
30.41553064974457
0.0
0.0
0.0
0.0
0.0
0.0
0.0
0.0
0.0
0.0
0.0
0.0
0.0
0.0
0.0
0.8012480258816284
0.0
0.0
0.9130292439683868
0.0
0.0
0.0
0.0
0.0
0.9130292443813524
0.6696858899170396
0.0
0.665221632911931
8.10052554853319
2.595314004296576
0.8651046623156623
0.0
0.09818139936823624
0.09818139936823624
0.09818139936823624
0.09818139936823624
0.09818139936823624
0.0
0.0
0.0
0.0
0.0
0.0
0.0
0.0
0.0
0.0
0.0
0.0
0.0
0.2666587109503765
12.79981988880929
12.7998198888093
12.799865603020102
12.799865603020105
0.2666529966740255
0.0
24.061527291000854
41.973519032601196
41.97351903260104
41.58446336402079
41.67309984276532
23.967030059293602
0.10129883285096199
44.6281354370842
65.22458320667207
65.22458320667215
68.88212982540666
77.8748346573286
33.72893211135072
0.27402824041391005
58.02183785402901
87.3567209421976
87.03536352289571
70.92404101014874
71.93998341140838
40.75593274307106
0.0
52.338126356857174
65.10923972241605
65.1227210361979
70.6419984391103
58.20212602026154
59.667189509115545
1.5467062659192536
0.0
3.4651072294864593
3.4651072294864593
3.8999740894467836
3.8999740894467836
0.0
0.0
0.0
0.0
0.0
0.0
0.0
0.0
0.0
0.0
0.0
0.0
0.0
0.0
0.0
0.0
0.0
0.0
0.0
0.9157120295790039
0.0
0.0
0.913029247156669
0.0
0.0
0.0
0.0
0.0
0.0
1.0615891191717859
0.0
1.4450708212919867
14.384050112835533
0.5820689287979399
1.2472905617098713
1.2472905617098713
1.2472905617098713
0.0
0.0
0.0
0.0
0.0
0.0
0.0
0.0
0.40661691690834023
4.47755855862731
4.070941641718974
0.8806916748444336
0.3218932888346381
0.08498831309039769
0.8060728121699102
1.5113865228185785
1.5113865228185785
0.0
0.0
0.0
0.0
3.7332219533052706
3.7332219533052706
3.7332219533052706
3.7331419534363577
3.7331419534363577
3.7331419534363577
0.0
36.0922909365012
36.09229093650122
36.09229093650122
35.66564212154705
35.66564212154706
35.66564212154706
0.08863647874459174
53.3923157322814
62.23031720780929
52.42535975921897
43.21658265808877
39.0566855540069
49.77166004260616
0.23977471036217127
61.42382004726467
77.25088157979553
66.60078928778788
63.515881679598465
60.18760719697796
61.13389904970154
0.0
58.3560427917245
58.10152304539979
62.64272364787931
60.16293741902652
57.36835385585625
52.208790820476096
1.3533679826793472
0.25905526299729353
0.11049538835462322
0.43486685996032426
0.0
0.0
0.0
0.0
0.0
0.0
0.0
0.0
0.0
0.0
0.0
0.0
0.0
0.0
0.0
0.0
0.0
0.0
0.0
0.0
0.0
0.0
4.310541070497162
4.310541070497163
0.7105106207934946
0.0
0.0
0.0
0.0
2.582231204271416
2.5822312042714164
0.0
0.0
0.0
0.0
0.0
4.563710923972908
2.079838244997385
0.0
0.0
0.0
0.0
0.0
2.687775373485684
0.46285729137458953
0.0
0.0
3.6409076617250395
3.6409076617250387
0.0
0.875379939205516
0.3165815535000435
0.07436477395409799
0.7053137106486713
0.0
0.0
0.0
0.0
0.0
0.0
