0.0
0.0
0.0
0.0
0.0
0.0
0.0
0.0
0.0
0.0
0.0
0.0
0.0
0.0
0.0
0.0
0.0
0.0
0.0
0.0
0.0
0.0
0.0
0.0
0.0
0.0
0.0
0.0
0.0
0.0
0.0
0.0
55.460152425109996
0.0
0.0
0.0
0.0
0.0
0.0
0.0
0.0
0.0
0.0
0.0
0.0
0.0
0.0
0.0
0.0
0.0
0.0
0.0
0.0
0.0
0.34594594574936216
0.0
0.0
0.0
0.0
0.0
0.0
0.0
0.0
0.0
0.0
0.0
0.0
0.0
0.0
0.0
0.0
0.0
0.0
0.0
0.0
0.0
0.0
0.0
0.0
0.0
0.0
0.0
0.0
0.0
0.0
0.0
0.0
0.0
0.0
0.0
0.0
0.0
3.3321284840664678
2.986182537698039
2.6402365913838266
0.9400117485338609
0.9400117485338608
0.9400117485338608
0.0
33.01117116773227
32.66522522127273
32.60756756510668
31.44741208348151
31.447412083481506
31.447412083481506
0.0
92.50314910413377
92.50314910413387
92.50314910413387
100.0
2.665222469550275
2.665222469550275
0.0
55.23646096333714
55.236460963337045
55.236460963337045
77.07271413875905
37.93860967379521
37.93860967379521
0.0
48.69387942281842
48.693879422818384
48.693879422818384
29.294966089470723
29.294966089470726
29.294966089470726
0.0
48.52763337197125
48.52763337197125
0.0
0.0
0.0
0.0
0.0
0.0
0.0
0.0
0.0
0.0
0.0
0.0
0.0
7.284773528690071
7.284773528690073
8.256330581747198
8.256330581747196
15.480619840775988
0.0
36.82218145425931
36.61461388694091
35.07783744919068
35.07783744919069
60.41059088482092
0.0
96.66764758368795
95.29943247614727
88.98270742170386
61.41178303716986
66.14210535895157
0.0
58.95057434924944
58.950574349249486
62.38106806836746
62.381068068367455
93.0811212830016
0.0
51.25306564797909
51.25306564797908
36.379684421003134
36.379684421003134
57.22629600582935
0.0
0.0
0.0
0.0
0.0
0.0
0.0
0.0
0.0
0.0
0.0
0.0
0.0
0.5345342743244161
6.562765165559798
6.562765165559802
7.291432955352646
7.291432955352644
0.06714369632384719
0.0
22.776216213853985
34.20962247027853
34.07124409206629
36.768176011441675
36.76817601144169
11.435422575811454
0.0
57.79322303274785
98.63178489245968
99.99999999999987
79.80888902495094
55.684330188483685
50.954007866702
0.0
43.165934309008186
70.24686969626636
70.24686969626642
63.991107935352886
63.9911079353529
33.291054720718776
0.0
42.60714449496609
56.68195249434803
56.681952494347975
35.49409462956158
35.49409462956157
14.647483044735363
0.0
0.0
0.0
0.0
0.0
0.0
0.0
0.0
0.0
0.0
0.0
0.0
0.0
0.0
0.0
0.0
0.0
0.0
0.0
0.0
0.0
0.0
0.0
0.0
0.0
0.0
0.0
0.0
0.0
0.0
0.0
0.0
0.0
0.0
0.0
48.527633371971255
0.0
0.0
0.0
0.0
0.0
0.0
0.0
0.0
0.0
0.0
0.0
0.0
0.0
0.0
0.0
0.0
0.0
0.0
0.0
0.0
0.0
0.0
0.0
0.0
0.0
0.0
0.0
0.0
