0.0
0.0001351665007627394
6.030711382899391e-09
0.5591810822813227
7.032948898455064e-09
4.437374011925634e-08
1.3963812494270871e-08
2.2941845162988376e-06
1.4008485525289297e-08
0.9189076949957207
7.202149544060596e-09
3.402303271312281e-08
2.8023465591869132e-09
3.25622068559599e-07
3.0882808954774226
0.0
2.113826418537521
7.190166673577186
2.860789440655578
2.118351767277746
4.387801258456341
3.0851062952025843
7.235135848302173
6.249259074551762
296.0729487415091
4.757888573289107
42.56705862130271
0.9749081997788727
7.353483468552631e-09
0.7907708472531274
0.0
0.7907710175469397
6.431005455921844e-08
7.399920587461673
5.597464477782754
7.337343967624503
1.71410839942549
25.68830878488617
83.90484434333922
3.419167773562126e-08
255.23527103364512
9.385445109512884e-08
0.7080582987481421
1.7940097755702278
1.7959197848052215e-08
0.0
4.526522758462329
1.3897246989001254e-06
6.751972561358456e-08
0.0008227473494619712
9.901535490565277e-08
1.8958168052278456e-09
20.552716954675255
4.694508201566515
7.087717424958205
1.1890488442883246e-08
2.759389162530503e-08
0.0017978139864791376
2.836248967899991e-08
0.24097912216183615
0.0
0.0001635548322620277
2.492352565891396e-07
1.512504226985711e-06
1.8543611728250306e-07
4.729929955491699e-08
7.452370500909245
3.879333176457174e-09
0.3947998089778635
1.2160861513103966e-08
1.931461157563619e-08
2.1663273917465875
0.9837638489410421
2.4294381118058346
1.3225441101148354e-07
0.0
1.3590655438821373e-07
1.611727028032579e-06
1.3840761552849425e-07
2.1119211467940753e-09
4.5083542168613615
4.1516650439168945
11.155546486462761
3.158967292210473e-06
1.0270995012289672e-08
0.24496813143502078
0.23306209371818432
0.2829418225192211
2.4590857874139625e-08
0.00037997047860680743
0.0
0.00027658462235260827
1.5508691644543586e-07
2.1742009044972016e-09
1.0039547148594537e-06
2.4862210846999453e-05
0.16366722891528318
0.00040426400405246246
2.065906451166584e-08
0.001566748585340186
0.010882651909677299
0.0011513295242585268
2.793880518643304e-08
0.0003853953625362832
0.0005855685933572443
0.0
9.444800386705175e-08
2.550892747579579e-09
1.8197562594691097
0.00014840548295683907
9.838670026503076
0.00011612041130765384
1.3057114373050604e-07
0.000489744659727874
0.7827878911508048
0.25569968159713785
1.5971797215338375e-07
0.00034277107155377074
1.8959770096430018e-07
1.3566950488200358e-06
0.0
2.0796574555841167e-09
0.04291452126764191
0.00022974131632993593
20.025201288117206
1.0275156257862064e-06
1.1633139411047955e-07
0.1248311115740782
3.234371574957506e-08
1.2652876312894521e-08
0.30870850113220716
0.00016671318155920292
1.5351531677440778e-07
0.0013876842064318913
1.8284118147592813e-07
0.0
0.4344937753995214
4.066130687993169e-09
0.34888815358935066
1.4734260607365873e-08
0.0032050025117355474
1.5930173167090202e-08
2.2726557208655135e-08
0.0016621596770563939
1.1565185699472445e-08
5.7010909060264495e-05
1.0808934970078578e-08
4.039358651385633e-05
0.0005167829357631709
3.657900152200337e-09
0.0
0.0010207402983359068
0.6176260063962116
3.542188692603048e-05
0.24805220271312584
0.0005791902373847241
0.0012272771814406279
0.0007549861877152885
0.03941273178930138
0.0004279991229136392
8.814624767207393e-08
0.00011398517914044629
0.0004525540474924775
2.555660980673137e-09
8.366574928948567e-10
0.0
9.837572817867628
0.00011641733861492685
0.001968342518433908
0.00164310676038305
2.4014344501082754e-08
1.2169092886641145e-09
1.4841735372053839e-08
6.664240521618163e-05
0.6399458180209678
0.0006616323273465846
1.2020193103333185
2.3966111690865185e-09
0.8380378251061334
0.0006296121576411062
0.0
0.0004642047272820244
9.410285334889685e-05
0.003204756468070045
4.1889033132008923e-10
1.416312241049301e-09
6.750551636235378e-09
1.29439875978913e-05
0.062229209896854154
0.00032031918631093864
2.960409243781732e-05
2.4187813742999254e-09
0.1274954670986355
0.0003042280493790624
0.0006965094527650511
0.0
