0.0
11.466465758474657
11.466465758474664
11.466507364095682
11.466507364095683
23.999694187832574
0.0
46.25109232414028
46.251092324140075
45.82664113451354
41.67303926364576
63.633991195908
0.0
99.99999999999972
99.99999999999986
99.99999999999989
99.84924315496052
99.99999999999997
0.0
76.74769685882664
76.15586536749085
85.63132566020643
100.0
100.00000000000003
0.0
59.960270789400944
59.97212638485716
60.356671550218444
70.00257601032185
99.99999999999999
0.0
3.465880948790015
3.465880948790015
3.465880948790015
3.465880948790015
30.43824293637642
0.0
0.0
0.0
0.0
0.0
0.0
0.0
0.0
0.0
0.0
0.0
0.0
0.0
0.0
0.0
0.8014987720097566
0.0
0.0
0.9131732753947138
0.0
0.0
0.0
0.0
0.0
0.9131732760101539
0.6723208312648937
0.0
0.5819141206396697
8.099946388572132
2.595128445157477
0.8650428065225242
0.0
0.09727924553614063
0.09727924553614063
0.09727924553614063
0.09727924553614063
0.09727924553614063
0.0
0.0
0.0
0.0
0.0
0.0
0.0
0.0
0.0
0.0
0.0
0.0
0.0
0.2666570107106552
12.799781426016004
12.79978142601601
12.799836900177366
12.79983690017737
0.26665007644048516
0.0
24.06154654086204
41.97355244242668
41.97355244242643
41.58437505478635
45.92797165892431
23.967019726661963
0.10133052441070513
44.629237654886055
65.23039422184813
65.23039422184812
68.8890312580351
77.56478332058481
33.538871722761314
0.28075021917465787
58.02304111290554
87.35724079114135
87.03589900403041
70.92634972131653
71.95611327804903
40.75820985744151
0.0
52.33833371799533
65.11074524992621
65.12429450187581
70.64161759154413
58.20299607224307
59.66728945759836
1.5467395814027023
0.0
3.465880948790015
3.465880948790015
3.900591930583366
3.900591930583366
0.0
0.0
0.0
0.0
0.0
0.0
0.0
0.0
0.0
0.0
0.0
0.0
0.0
0.0
0.0
0.0
0.0
0.0
0.0
0.915998596582579
0.0
0.0
0.9131732800923056
0.0
0.0
0.0
0.0
0.0
0.0
1.0617695876791815
0.0
1.480518779984437
14.425094182021825
0.6650447093024794
1.2469588299421497
1.2469588299421497
1.2469588299421497
0.0
0.0
0.0
0.0
0.0
0.0
0.0
0.0
0.40716796543614403
4.478109598950251
4.070941633514099
0.8806916578706876
0.32189325919091155
0.08498829863463328
0.8058308007315143
1.510932751371587
1.510932751371587
0.0
0.0
0.0
0.0
3.733198149949171
3.733198149949171
3.733198149949171
3.7331010701667937
3.7331010701667933
3.7331010701667933
0.0
36.09231981129303
36.09231981129303
36.09231981129303
35.66553749008783
35.66553749008782
35.66553749008782
0.08866420885936699
53.38839037179595
62.23149770194252
52.42223847220662
43.215604271790205
39.05793883160457
49.81507249863054
0.24565644177782564
61.42423209715339
77.25107581842154
66.60161092234904
63.51604066797529
60.188354862598686
61.1373146904601
0.0
58.356330970001835
58.10189463312412
62.641992156407014
60.16018138812949
57.367464329698635
52.20887827539856
1.3533971337273643
0.2590146130260294
0.1104183015588502
0.434710981793351
0.0
0.0
0.0
0.0
0.0
0.0
0.0
0.0
0.0
0.0
0.0
0.0
0.0
0.0
0.0
0.0
0.0
0.0
0.0
0.0
0.0
0.0
4.311889927767541
4.311889927767537
0.7109178567170702
0.0
0.0
0.0
0.0
2.5818382452425634
2.581838245242559
0.0
0.0
0.0
0.0
0.0
4.565607781451939
2.0803483605405084
0.0
0.0
0.0
0.0
0.0
2.6863473545669194
0.4626105068749272
0.0
0.0
3.6408653421082744
3.6408653421082886
0.0
0.8753799392028699
0.31658154097121927
0.07436476130530413
0.7051019506400749
0.0
0.0
0.0
0.0
0.0
0.0
