1.0712480305197751
12.187946368695634
12.270191635388722
12.132147578726432
12.132147578726423
0.44664514482787676
0.0
25.897676754395988
44.05505156923268
44.037475929800564
46.183611559853716
44.88307811016263
26.562918803387312
0.0
39.25632670099465
91.37328837778891
90.520356985795
100.00000000000001
99.99999999999999
46.90198232198509
0.9757950595986392
52.094838672960485
100.00000000000001
100.00000000000001
100.0
98.75256698863988
65.35191176480247
4.651002589161283
54.50326883938994
90.92964942200967
91.98053207159366
99.99999999999999
100.0
76.6167536407298
4.457544030317454
0.0
1.9894077777878512
1.9894077777878518
1.5520005246308677
3.6304816381376503
4.626296277253914
0.7710493753044151
0.0
0.0
0.0
0.0
0.0
0.0
0.0
0.0
12.187946368695634
12.270191635388722
12.132147578726432
12.132147578726418
23.990749181772124
0.0
44.05505156923263
44.037475929800564
46.183611559853716
44.88307811016263
63.903665041825704
2.485906119903231
53.53656634589789
52.68363495390395
74.75403697739753
78.03874756077185
97.10310852092591
3.8029483898526286
64.41436267708545
62.72697436803702
50.5576475981876
100.00000000000001
97.27021062142357
0.0
36.453411268101405
37.504293917685324
9.437021967802027
45.91869518799888
73.6441902198181
0.2344430729036423
1.989407777787851
1.989407777787852
1.552000524630868
3.630481638137651
76.1923604624621
0.0
0.0
0.0
0.0
0.0
0.0
0.0
0.00048604796377389156
0.00024302398188694578
0.0007470563317694931
0.009569789557249455
0.0
0.0
2.275557479703155
0.004053089469293049
0.0
0.21916709986886568
1.7222080636888468
10.540072485018273
10.540072485018277
3.0053706455898737
0.0537941607903601
0.0
0.0
0.0
0.0
0.0
3.494592848789498
0.11089749461471929
3.9107612368191704
4.380433351080535
0.514685505079696
0.2520183252298709
0.15134274457580021
0.09002678163666704
0.10143069203964414
0.0
0.0
0.04361559960914216
0.3983236483246279
0.3983236483246279
0.04717116252004001
0.18220962673799754
0.24743655330966768
4.18344390448728
4.183443904487278
1.0249485767610556
0.3883716498220261
0.15661458203892253
0.12887842800101612
3.8268765127238544
3.826876512723854
0.5549899716304076
0.22199598841832152
0.0
0.0
2.5039178378547025
5.295414318505407
3.4259079038543936
1.86696747327224
5.292701974298829
3.6409456409124954
0.0
19.463846854926764
50.26620955808758
31.8067006440114
21.901600343614703
51.3365017758846
33.48099258391581
0.0
50.88295619638235
73.42836484741377
85.51487443473796
49.75274287056442
44.5473585461753
44.5473585461753
0.9757950595986391
62.553098775749405
80.82352275914653
73.22050378137442
80.03097652552658
76.82264707603672
65.41097915834821
4.651002589161283
58.48477092135556
60.98936947148096
58.3473065301607
87.96204601745738
87.13622798016607
76.55768624718405
4.457544030317456
1.282923094383012
0.06259742554530225
0.2792472705888391
0.703777113530843
0.2344430729036423
0.0
0.7710493753044152
0.0
0.0
0.0
0.0
0.0
0.0
0.0
0.0005040323498825474
0.011009273157882509
0.02623370404669531
0.009134665842245565
0.0030448413676217967
1.2641986009587434
0.03757145632844188
0.21916709986886573
1.515384053287375
3.143908312137561
0.5428414163699429
1.7058628111435081
0.09031400761045398
0.0
0.0
0.0
0.0
7.673317988570447
0.0
17.050120806028858
0.04501339081833352
3.4257959432386293
1.2694829193174355
0.2521225674251716
0.0
0.0
0.03824147607641361
3.871068376252429
1.339048918261945
0.44634959743203334
0.032896305384088706
0.2846877554753065
0.41467770591398945
0.42568537371956655
0.14183206045929536
0.0627864822219488
0.0
0.0
0.0
0.0
0.0
0.0
0.0
0.0
0.00024302398188694578
0.00024302398188694578
0.00024302398188694578
2.1050767162587896
2.1050767162587913
0.0
0.004053089469293049
0.1461319813947718
0.14613198139477185
0.0
3.9843047814402124
3.984304781440213
1.515384053287375
0.0537941607903601
1.924635397560131
1.9246353975601302
0.0
1.242953059951616
1.242953059951616
0.0
0.11089749461471929
0.0
0.0
0.0
1.2829230943830123
1.2829230943830123
0.0
0.10143069203964414
3.448643574653991
3.4486435746539916
0.02015297030543958
0.047171162520040014
0.047171162520040014
0.047171162520040014
0.18220962673799754
5.947690708372132
5.947690708372134
0.0
1.0167244999767955
0.3801475832741045
0.12371827665483386
0.12887842800101615
0.5549899716304073
0.5549899716304075
0.5549899716304074
0.22199598046967095
0.0
0.0
