0.0
3.77893391080609e-07
4.850894283887142e-08
8.581608534853719e-08
8.300106107506599e-08
1.1759347483204492e-07
9.759274393208492e-08
1.0201027831615545e-07
1.1575004697565826e-07
2.187350560147284e-08
1.4134910468443613
1.1295538828761747e-07
1.213638029892399e-07
6.065274077624565e-08
2.0433013201789256
0.0
1.9507376883537564
8.084134172406692
0.7542875130084108
0.006356611425263446
9.550096132180808
20.299811978271094
0.8595821629091913
0.29507628510371836
136.75075913830594
0.2692959713045784
185.98541362425016
20.68608110137978
2.093147592273432
3.092203776437283
0.0
2.481149097412397
2.1271472536148917
14.895822645650203
9.354237114865862
14.351527328688755
12.108434722711802
49.7285205997572
11.50475558498458
43.75865464876237
192.80970462141724
1.3796872715925355
4.9239576086741594e-08
1.2481959898579957
4.7287976534563153e-08
0.0
5.260510073663625
0.006354865140212936
0.8226166220643494
6.438056293656617
0.8225508049731057
1.1073439521932378e-08
73.14760903465725
0.2653576210917564
7.417613697132003
1.6025188843630888e-07
9.257779673126165e-08
0.0006802736005241084
0.0001072902662105027
0.05729021449221584
0.0
2.2156356466885475e-06
0.0628210442586045
0.05540542635538287
1.4157722029408154e-06
1.3035776325467776e-07
0.05733543142575919
8.65133892319387e-07
1.3045125975060143
0.22233268080881347
5.613315614480519e-08
9.850601420727171
0.3090907922785394
0.11110854021640082
0.0005056429565089243
0.0
1.2809843784743638e-06
0.05010013769600928
2.0364804852600905e-06
9.067465310107995e-09
9.137884026880105
1.9492808629969997e-06
0.04171886261117083
2.4444374426802035e-07
4.3279688937452054e-08
2.1486147017376952e-07
4.440691870186021e-08
2.2309858514632646e-07
2.0939615595933812e-07
0.0006150660535345763
0.0
2.2114105146490767e-07
0.056486116126547
1.0339866238395228e-08
3.885732552977383e-08
3.760890806629103e-08
35.41649085384018
3.7318905836370927e-07
6.554804642828263e-08
0.00017225245611593665
1.395247253855076e-07
2.1215387473744877e-06
4.1491560145224597e-07
6.924365583900455e-05
0.0007610512182386056
0.0
0.14878423902121152
1.1263697101304225e-07
4.9509457738877144e-08
4.5562242350092375e-08
1.5461780986333196
4.4436649892189526e-07
0.29096451049862854
0.17190972784294903
3.0173811088305413
0.009248490243253714
0.005988611525948242
0.00016094382634994375
0.005987113762416113
0.13454428053235457
0.0
9.812707209036537e-09
12.985854709312829
0.00018504041023528165
4.904089669994269
2.96718815149076e-07
1.237772807259666e-07
2.0438415333444437
0.00010822647309356883
8.264390104844223e-08
4.549853388242226
2.1877639339827894e-06
8.914850813677921e-07
0.07703257335212674
1.4092536634923813e-06
0.0
29.069438582414662
8.702165600864114e-07
0.053185062018729884
2.5604136029442766e-07
0.0022216984311874176
1.0657967075775234e-06
0.04372859398441004
0.0005198648633586668
1.297276386103739e-07
2.682705016142192e-07
1.28106303786105e-07
1.0486172196747773e-05
0.0007404146494525051
1.8188961132482407e-07
0.0
0.001004798800173593
0.09533584081015087
2.4276828547549536e-07
4.263269631961357e-08
1.6271771133208376e-06
0.5140614282519695
2.569072232581776e-06
0.155587032457417
0.31117620931042866
0.09551516812101347
0.011211037150875295
3.737203963370844e-06
5.139851267421707e-08
88.25767019584156
0.0
0.7611826161136812
3.97459308743477e-07
2.549319748840966e-08
0.0005368192212158104
3.752258729782287e-08
3.489547647137419e-08
1.819390307186121e-07
7.332695849357701e-05
4.482113230260402
0.00027441522214617024
4.5666828945752
1.3142596884888909e-08
3.008218834425678e-08
0.0002791612315713265
0.0
0.00024965711889326863
2.326223051239296e-08
0.00024195621848960584
2.3401875796775223e-08
0.0004618747314159689
7.124352256836534e-08
6.641954173730516e-06
0.3618893149525309
7.109075712843333e-06
0.28541038322554535
1.5037607195684833e-08
0.0063921625276824965
1.7603534416450736e-05
0.0003825986364129826
0.0
