1.0709063667554095
12.185862320343489
12.23811271290376
12.118803000327874
12.118803000327876
0.473447269762497
0.0
25.899264211853513
44.06918020668449
44.29561181560166
45.581107927383734
44.64236242380317
26.372033074863847
0.0
44.758009785948104
79.48058338408765
79.36007372273906
99.99999999999999
100.00000000000001
52.63605235515857
0.0
51.464668794361344
80.53687628376748
81.16540106864068
99.99999999999999
99.99999999999999
52.6209141213937
0.756722568889893
65.90471545956699
63.65478524282491
66.49991896077974
66.9917428656537
64.89061809791683
50.359043053576
0.0
0.12759867428125346
2.105379008214607
2.1843336942535823
2.1749289117271764
3.7447529068215104
3.2468711331708335
0.5411451881662535
0.0
0.0
0.0
0.0
0.0
0.0
0.0
0.0
12.185862320343485
12.238112712903762
12.118803000327876
12.118803000327873
23.990524703455897
0.0
44.06918020668449
44.29561181560166
45.58110792738375
44.64236242380318
63.900807413097674
0.0
79.48058338408762
79.36007372273907
67.71080493513068
68.56429121077979
100.0
0.0
80.53687628376754
81.16540106864069
48.716593763290845
45.840779269219844
100.0
0.0
73.93071295101062
76.77584666896541
77.57929115754348
75.47816638980662
99.99999999999994
0.1275987064915711
2.105379008214607
2.1843336942535827
2.174928911727177
3.744752906821511
15.506596241657729
0.0
0.0
0.0
0.0
0.0
0.0
0.0
0.0
0.0
0.23120291733955986
1.0404131438384647
0.0
0.0
0.2410193144356541
0.008839544400247971
0.08431440770073281
0.08431440770073281
0.6796237959840525
1.2237721515321598
1.2237721515321598
0.4790076595405424
0.05372742782034526
0.0
0.0
0.1420843867519805
0.0
0.0
0.5368279649051133
0.0026836418905255488
0.09142244889239849
0.5561503385306182
0.494046826224297
0.2122342889042298
0.1426561139319037
0.0586378731721552
0.06429255147317481
0.0
0.011279174995709943
0.042475312349803715
0.33606503188626147
0.33606503188626147
0.12056029664378702
0.059307894532749435
0.37394469947805503
3.9024012670704336
3.9024012670704344
0.8626317255917453
0.3239337182622073
0.08306690576308814
0.0904506792427498
2.6858147511658097
2.68581475116581
0.38950832623210935
0.15580333160430115
0.0
0.0
2.5041228121851455
5.290855230983954
3.361904624039994
1.8635809740510385
5.22981719734618
3.6125928499761124
0.0
19.46370325246989
49.399476379671356
32.457191799359606
21.01957176720525
50.97963107352011
33.5287743402446
0.0
33.74927183715967
82.45213095382493
50.40237367485718
51.17305464078075
51.755468805572434
52.6880218326816
0.0
38.95775738212923
91.49428480041729
56.24442296182792
59.74182974360226
67.70325682664807
63.45727548112478
0.7567225688898931
32.43162268841903
80.23370695918028
49.51205495193195
36.15312354732366
77.666403945595
59.28794085043188
0.0
0.028910127864003175
0.0
0.15790946304128134
0.16083472792708964
0.053611578261361
0.0
0.5411451881662535
0.0
0.0
0.0
0.0
0.0
0.0
0.0
0.0031576151569753133
0.00417860872811751
0.154380250831743
0.0
0.0
0.24101931321345255
0.0031576151569753133
0.23120291733955986
1.0404131438384647
2.9694822920145993
1.0919913343151224
0.47900765966644554
0.09299303449491204
0.0
0.1420843867519805
0.0
0.0
0.47900771070832837
0.058284562411550916
0.08288590707292079
0.9361379637297709
4.671117792217808
1.7161760705426947
0.5720586875708074
0.0
0.0
0.0
6.653784621019475
2.530662320537396
0.8435541018837138
0.848220665360598
0.003759732570417163
0.13047273903972495
0.17155700617284644
0.06433387732011041
0.021444608018889047
0.0
0.0
0.0
0.0
0.0
0.0
0.0
0.0
0.0
0.0
0.0
3.061333224544468
2.020920080706005
0.0
0.008839544400247971
0.21627539731742232
0.2162753973174224
0.08431440770073281
6.937558660414185
6.937558660414185
10.275927708185653
0.05372742782034526
1.9222479430075659
1.9222479430075654
0.2700921515525075
3.609734447473016
3.609734447473016
0.0
0.0026836418905255488
0.0
0.0
0.31162058370412316
6.233357403384694
6.233357403384694
0.0
0.06429255147317481
2.2276766293102725
2.2375459480664324
0.00986931875615815
5.6492386944375985
1.883079564031719
0.0
0.059307894532749435
2.016468451263219
2.01646845126322
0.0
0.8624202558935983
0.3239155459552343
0.08306690576308814
0.0904506792427498
0.389508326232109
0.38950832623210935
0.38950832623210935
0.1558033248409585
0.0
0.0
