0.0
11.466541181060249
11.466541181060245
11.466567195088508
11.466567195088503
23.999809045493635
0.0
46.16344652100367
46.23446273861109
45.86995144188818
45.956972327907415
63.68567804785005
0.0
98.78523767034058
100.00000000000001
99.99999999999997
99.9699637952369
100.0
0.0
86.05738239169793
85.57941185525634
83.57647487443616
100.0
100.0
0.5613327330564692
61.15889910092215
61.37049682278592
61.16579853359919
72.45329139284725
99.99999999999999
0.0
0.2818029304886583
0.3255994114498548
0.2831348383204252
3.1011036918160086
27.46899827429841
0.0
0.0
0.0
0.0
0.0
0.0
0.0
0.0
0.0
0.0
0.0
0.0
0.0
0.0
0.0
0.6883130998543918
0.0
0.0
0.7119069965836048
0.0
0.0
0.0
0.0
0.0
0.7119069977873652
0.651048996260025
0.0
0.25285661811364746
7.367277148199417
2.6843297507728443
0.8947765815371085
0.0
0.061239651284891304
0.061239651284891304
0.061239651284891304
0.061239651284891304
0.061239651284891304
0.0
0.0
0.022751417592350196
0.046924656259515224
0.0
0.0
0.0
0.0
0.0
0.0
0.0
0.0
0.0
0.2666606428628481
12.799863472225598
12.799863472225596
12.799898157596614
12.79989815759661
0.2666563071914719
0.0
24.05285509903355
42.029474557581594
41.958458339974314
41.62423957203151
41.70038284729834
23.971677127355644
0.08702088601917614
44.503372882388376
65.28348790659172
64.06872557693211
68.51161801177143
72.00630381287849
34.73540015381726
0.4310096900287648
52.08305579081522
75.13650141434337
76.05768161035851
71.20232886095083
74.77501967103785
40.822157646202
0.0
51.80552137602071
65.76706418483839
65.95221219146927
67.53078069327023
55.29992404224059
58.76859962804619
1.247176306155312
0.16143348852323358
4.397040342216365
4.400168662285022
4.397135478490068
4.59841896802547
3.0661771440608416
0.545098157069559
0.0
0.0
0.0
0.0
0.0
0.0
0.0
0.0
0.0
0.0
0.0
0.0
0.0
0.0
0.0
0.0
0.0
0.7866435426907334
0.0
0.0
1.0923798605765385
0.0
0.0
0.0
0.0
0.0
0.0
0.9924464350606119
0.0
1.8940855596684287
12.44679064158921
0.28897899212988276
0.5418356102435306
0.5418356102435306
0.5418356102435306
0.0
0.0
0.0
0.0
0.0555300979692146
0.05553009796921467
0.0
0.0
0.05508697628859219
4.12602862713077
4.070941650842164
0.880691695714826
0.3218933232589438
0.08498832976241187
0.06939440701913158
2.21194698808259
2.211946988082588
0.0
0.0
0.0
0.0
3.733249000079874
3.733249000079874
3.733249000079874
3.733188300680607
3.7331883006806073
3.7331883006806073
0.0
36.079282648550354
36.07928264855033
36.07928264855033
35.71276944910451
35.712769449104506
35.712769449104506
0.07614327526677912
51.78671859576929
67.20873523478316
54.47195362253902
42.6692484563136
39.06839235217655
49.48517636594995
0.37713347877516923
65.88424362059133
74.95743700766803
69.80644886004582
65.58343166386977
61.10954872959437
60.980566317530474
0.0
59.251453960750666
58.89634595601624
58.89634595601624
56.9929746650499
56.049610897242786
51.42252467454041
1.091279267885898
0.2805394388574248
0.0
0.04692465625951513
0.02275141759235016
0.02275141759235016
0.0
0.47696088743586407
0.0
0.0
0.0
0.0
0.0
0.0
0.0
0.0
0.0
0.0
0.0
0.0
0.0
0.0
0.0
0.0
0.0
0.0
3.70297565783506
3.702975657835062
0.0
0.0
0.0
0.0
0.12378932427979798
2.2034501309929087
2.203450130992914
0.0
0.0
0.0
0.0
0.0
4.561974855724338
1.8446650843946615
0.0
0.0
0.0
0.0
0.005047581304540028
1.3433916670762214
0.44692566690867486
0.0
0.0
4.026792793416463
4.026792793416452
0.0
0.8753799371954369
0.3165815666172625
0.07436478854211039
0.06072010614174013
0.0
0.0
0.0
0.0
0.0
0.0
