0.0
11.466501177446084
11.466501177446085
11.466535450922875
11.466535450922875
23.999748105187457
0.0
46.251058609043085
46.251058609042985
45.82672902272596
45.92803051667536
63.6340960813089
0.0
99.99999999999979
99.99999999999974
100.00000000000009
99.7737740455579
100.00000000000003
0.0
76.74830367314037
76.15662813543591
85.34299569255911
100.00000000000006
100.00000000000004
0.0
59.95975659320907
59.97154853446898
60.35867817444523
70.00465955784682
100.00000000000003
0.0
3.4652193664610325
3.4652193664610325
3.4652193664610325
3.4652193664610325
30.41543305315472
0.0
0.0
0.0
0.0
0.0
0.0
0.0
0.0
0.0
0.0
0.0
0.0
0.0
0.0
0.0
0.8012690743678347
0.0
0.0
0.9130450548075174
0.0
0.0
0.0
0.0
0.0
0.9130450552203102
0.6696678835885033
0.0
0.5820540785274363
8.100379759045593
2.5952672950482265
0.8650890925706624
0.0
0.09816876524996392
0.09816876524996392
0.09816876524996392
0.09816876524996392
0.09816876524996392
0.0
0.0
0.0
0.0
0.0
0.0
0.0
0.0
0.0
0.0
0.0
0.0
0.0
0.2666587140815225
12.799819958130927
12.799819958130929
12.799865656099982
12.79986565609998
0.2666530018353914
0.0
24.061528907309714
41.973521839619714
41.97352183961947
41.5844559506387
41.67309475784442
23.967029193210976
0.10130149394945323
44.6277775688074
65.22498155264705
65.224981552647
68.8815810544629
77.87532181001423
33.7292392894461
0.2740211053604254
58.021993313496814
87.35667960475823
87.03531008556175
71.21262681032206
71.9396213974085
40.75648061168357
0.0
52.33812822784619
65.10925078900132
65.12272729329806
70.64212564832533
58.2016955235143
59.66691259633414
1.546613961659698
0.0
3.4652193664610325
3.4652193664610325
3.900075981015512
3.900075981015512
0.0
0.0
0.0
0.0
0.0
0.0
0.0
0.0
0.0
0.0
0.0
0.0
0.0
0.0
0.0
0.0
0.0
0.0
0.0
0.9157360849918114
0.0
0.0
0.9130450579933304
0.0
0.0
0.0
0.0
0.0
0.0
1.061600692531247
0.0
1.445033195016856
14.38382425262431
0.6652046611742128
1.2472587397016497
1.2472587397016497
1.2472587397016497
0.0
0.0
0.0
0.0
0.0
0.0
0.0
0.0
0.406398931682554
4.47734057341483
4.070941641732266
0.880691674871907
0.3218932888826847
0.0849883131138323
0.8060355898165555
1.5113167309060436
1.5113167309060436
0.0
0.0
0.0
0.0
3.7332219971413148
3.7332219971413148
3.7332219971413148
3.733142025695481
3.7331420256954786
3.7331420256954786
0.0
36.092293360964625
36.09229336096462
36.09229336096462
35.66563333808363
35.66563333808364
35.66563333808364
0.08863880720577157
53.392356496509215
62.23005669369098
52.42509772879099
43.21643722277792
39.056637127491506
49.77132351466645
0.2397684671903722
61.42387327849218
77.25081875976856
66.60080752443343
63.51583176884659
60.18778149782349
61.13472085267165
0.0
58.356098650624766
58.10158841781866
62.64269949449786
60.162614036265644
57.36816529537561
52.20854852179238
1.353287216452236
0.25904717481214523
0.11049153764887251
0.43485661455447955
0.0
0.0
0.0
0.0
0.0
0.0
0.0
0.0
0.0
0.0
0.0
0.0
0.0
0.0
0.0
0.0
0.0
0.0
0.0
0.0
0.0
0.0
4.310654306966406
4.310654306966406
0.7104890717103176
0.0
0.0
0.0
0.0
2.5822224823962667
2.582222482396264
0.0
0.0
0.0
0.0
0.0
4.5635965875474644
2.079778920285819
0.0
0.0
0.0
0.0
0.0
2.687662697084139
0.4628273756522527
0.0
0.0
3.6410249030212567
3.6410249030212367
0.0
0.8753799392055761
0.3165815535203929
0.07436477397460327
0.7052811410894866
0.0
0.0
0.0
0.0
0.0
0.0
