0.0
0.00023640791378207323
0.0009425824190171186
0.19674608579776365
1.4626511951369929e-09
6.847249882998681e-06
3.6535811272631705e-06
4.32386397652273e-06
3.875567586842628e-06
0.22475176940626374
1.5623361784311334e-09
3.3046373245235904e-06
4.68647966967886e-10
2.2371305746988546e-06
1.7741279397607335
0.0
1.7161044671914416
4.7313351255671945
2.429821635838171
0.6111604266230152
0.7697600654419894
1.8317657228106448
0.7695971823415882
4.792284810424275
315.3173226804954
1.2326191808846787
53.308874104944586
2.604192454423199
8.698951991529398e-05
0.9036637382374799
0.0
0.9036633595492319
1.4289308578169119e-05
7.61840426198806
8.015932708953665
7.158569334581618
8.016097365356003
20.57727877936819
53.82036360482391
11.837907382303666
267.9392232094421
2.2800904149275017e-06
0.8047676867151758
1.6076234152595514
0.00012184003781606488
0.0
4.1827753443232485
3.5797180498167e-05
2.0301108933856545e-05
0.0003201150024355998
2.1448469933352698e-05
8.443288896245133e-05
31.059542298864148
0.6475736652211674
3.1344052481004683e-10
3.938640085392302e-09
0.00010088273935313705
0.0013341757206663083
0.00012037740625643736
0.0013510192330536456
0.0
0.0001706455875243172
3.911525270658411e-05
9.679221866945465e-10
4.143766703203235e-05
0.0003199730578997781
7.8212095422971935
9.590165279945905e-10
1.0007545523413474e-09
7.04811028686042e-10
5.037534174340533e-05
0.6775947183139266
0.0006468098038071596
1.9642651702948069
0.00018258971851328715
0.0
0.00020745753511790488
0.00021500680725509568
0.00018846553787118278
0.0001134536152219273
10.296926113207476
0.14336196721473407
6.556593409236544e-10
5.1249626298299447e-05
2.914603588376914e-09
0.0011525794150623252
0.058010934972568
0.13595627673283503
6.199453429521581e-05
0.00024372951714625432
0.0
0.00027126688060139176
6.567857005306975e-05
4.654967843449927e-05
6.245551246866735e-10
8.870536033624465e-09
0.006557678742525066
6.230679041960985e-05
6.0787827049237665e-09
0.001121137989615517
1.552124181765127e-08
0.0005755622782876682
3.5019472496546295e-05
0.00018130985602499237
0.00030598048940490947
0.0
3.6717466327146556e-05
2.751101065454393e-05
2.060365927974516
1.4001425592010075e-08
10.537169419291446
7.091155843533618e-05
0.09505650661938796
0.00031459809363914545
0.9714185641523081
0.23961237713360456
6.150657878870455e-05
0.00018522935423380502
3.9349135381889874e-05
6.629527276592648e-10
0.0
4.664321076048974e-05
0.23496708603007965
0.00012230504467740236
19.709442864859
0.49717168887441593
0.0011685491333132468
2.8334812175112527e-05
0.00012186503795441058
0.00023992160659322187
4.1701847872495343e-05
0.0001710806340901339
3.9034008367800125e-05
0.0005282621765463972
4.134656158743201e-05
0.0
6.746837166096343e-10
8.775188418454264e-10
9.13807540858014e-10
7.790862091778438e-10
0.0016170973915535054
2.3510948152703523e-06
0.000868398239752196
4.083633929638353e-05
3.323171892834188e-06
6.186737175057673e-05
3.1351813623906258e-06
3.771395203311811e-05
0.0003351266543182113
2.5292517864456896e-06
0.0
0.0005314929063374254
0.6585730837948489
3.574487989440251e-05
0.0011259524659532707
0.0005630140088487525
0.000640886037812004
0.0003396988692873681
3.667324868781599e-05
0.01618013041563361
1.909200489734717e-05
6.323969347363364e-05
0.00035765379850303874
2.8171938229562752e-05
8.240495600335246e-10
0.0
10.519398824603371
7.10944731807536e-05
0.0011039961344856725
0.000886301760901182
8.39823752901986e-09
5.501805600130832e-10
1.6412131125409306e-05
2.562166924070268e-05
0.7468886959465891
0.0003053309427522044
1.3976681061908893
1.3295808139552924e-05
2.8434452689260523e-10
0.00018933106655828508
0.0
0.0002519394922069172
0.0009284942654739035
0.0025967738036872844
1.3842153136228162e-09
3.808079366654362e-10
2.9207611985373464e-06
4.7402154901582436e-06
1.1591837464563244e-05
0.00028405668689474706
1.3917631438764586e-05
2.336103098887602e-06
3.182737752779574e-10
6.780652379337462e-05
0.0007160020389426208
0.0
