1.0712366636745074
12.187877200759376
12.269130196548682
12.129764190371318
12.129764190371311
0.46579323329370026
0.0
25.8996683304912
44.07279297274021
44.2559098862091
46.285265242149336
44.923226480398334
26.513596482367
0.0
41.6466831746192
94.46485506636623
100.0
100.00000000000001
100.0
49.527121355707735
0.27414715667182044
50.91007388924663
99.99999999999997
99.5471048491671
99.99999999999999
98.21028133174926
64.52126655261233
2.5315129851128897
50.873798430022696
100.00000000000003
100.0
100.00000000000001
100.0
72.78331417635825
4.554007156938406
0.0
2.0155123216433517
2.015512321643352
1.5754912076950698
3.63831186443145
4.6262962746923435
0.7710493746909397
0.0
0.0
0.0
0.0
0.0
0.0
0.0
0.0
12.187877200759374
12.269130196548678
12.129764190371311
12.12976419037131
23.992248165361126
0.0
44.072792972740224
44.25590988620912
46.28526524214934
44.92322648039835
63.90879597649709
0.0
70.63153271902888
62.85574900982013
97.2588118211078
96.08690949146127
97.85263556712515
0.9487670798840943
63.18720507563861
69.13342892771925
57.84988686750646
100.00000000000003
96.70356464712313
1.662047595435331
27.18005514086388
26.5877288269734
21.637809056131665
35.973727897181604
65.31680277258383
0.24554993798049038
2.0155123216433517
2.0155123216433517
1.5754912076950693
3.6383118644314494
92.08313478322819
0.0
0.0
0.0
0.0
0.0
0.0
0.0
0.0005060554385116405
0.00025302771925582023
0.00025302771925582023
0.008197918659209625
0.0
0.0
4.033149795861709
0.01198667077533647
0.01198667077533647
0.03591422205914101
0.24960752069944422
1.441444759968073
1.441444759968073
2.3840957637050764
0.053913976103789285
0.0
0.0
0.0
0.0
0.0
1.553518766518165
0.017365899964419992
0.028068156137430904
0.4633377543423483
0.6772802714910704
0.4480105500750403
0.44801055007504037
0.3091546748294227
0.11168107987251139
0.0
0.002605932541225285
0.018255479885514875
0.3798386865779153
0.3798386865779153
0.10437885590837094
0.3820937091634869
7.458957813545884
7.5053159854220945
3.376803068833289
1.446661320817937
0.5260586472298531
0.1315146529621555
0.1288784279496233
3.826876513106241
3.8268765131062423
0.5549899715737361
0.22199598813922067
0.0
0.0
2.503924618725173
5.295263520907234
3.423790645852935
1.8688432920681595
5.282405984840407
3.622302078190998
0.0
19.46366651332645
50.335240139214775
32.4745325175922
22.0861148808439
51.38917802531983
33.395199498658876
0.0
52.668965040663345
71.40128567537627
86.81221430923785
52.87924677185701
51.10445400384797
49.52712135570773
0.27414715667182044
62.35129245326878
89.38241955151783
82.7651074077973
88.3940435990349
78.71155971100447
66.10372321586107
2.5315129851128897
55.678265454145496
67.4262240549139
62.35779964313903
87.406496041721
84.31291890338579
72.00565996306392
4.554007156938407
0.37170669452736355
0.03563220074997154
0.294319778089065
0.7462048841878506
0.24554993798049038
0.0
0.7710493746909396
0.09521215768070053
0.0
0.0
0.0
0.0
0.0
0.0
0.0016278598988358245
0.011122215796516234
0.029114686620458678
0.010795505667594647
0.0035984807407577163
2.240638775609069
0.007363750279975834
0.034060531571928024
0.2477538302122312
4.086113477674481
1.362037349235548
2.240638772345727
0.08550375379970634
0.0
0.0
0.0
0.0
1.456509230614766
0.0
18.484727219738748
0.21394251714872217
4.436643520240244
1.4788811684955083
0.5923263129841144
0.0
0.0
0.0
0.05218942795418547
0.05218942795418547
0.0
0.00592822575937911
0.06921666870102783
0.24167506985769088
0.535994847946756
0.18642310640635135
0.08157423695535193
0.0
0.0
0.0
0.0
0.0
0.0
0.0
0.0
0.00025302771925582023
0.00025302771925582023
0.00025302771925582023
2.0713038677211166
2.0713038677211166
0.0
0.01198667077533647
0.15743192240537948
0.1574319224053794
0.01198667077533647
2.491347277405575
2.491347277405575
0.2376208499241077
0.053913976103789285
1.9289221221499635
1.9289221221499626
0.0
0.0
0.0
0.0
0.017365899964419992
0.5623722254684124
0.5623722254684124
0.02806815613743091
0.5508829351315172
0.5508829351315172
0.2139425171487222
0.11168107987251139
3.797156930305287
3.7971569303052854
0.031299098828207625
1.5668354377546305
0.09521215768070053
0.0
0.3820937091634869
6.337030607349167
6.33703060734917
3.330444896957073
1.4466613188067294
0.5260586519119966
0.13151465296215553
0.1288784279496233
0.5549899715737361
0.5549899715737361
0.5549899715737361
0.22199598114491445
0.0
0.0
