0.0
0.0003425183600071391
0.0013666946770455374
7.14309928874444e-08
2.570786929560043e-08
9.986080659568323e-06
5.33623408373467e-06
6.456968221201564e-06
5.664355602599436e-06
0.49290704073294306
1.4259085514467709
4.831849742977418e-06
2.9433338982446913e-09
3.0680005320587743e-06
1.1965155578006335
0.0
0.8881477100706704
3.8040961025241082
0.598371486554507
6.875728081031793e-05
0.2977320806119646
1.8168528272872768
0.32297528865807845
3.4914618598233753
278.0924602636626
8.482569252694429
102.63497429176506
0.958891272515794
0.00012804279320155127
0.8706162031558645
0.0
0.870615965770991
0.05442859876624179
9.441009869644999
8.452414985218798
3.5037166354363363
8.491224579255128
15.20896304977704
117.18093700547364
10.784417841774461
210.84473487703337
1.4498514235677786
0.3836937447770523
1.087090173149613
0.0001778325346980552
0.0
2.774466751314411
5.1965501339440314e-05
2.9585674750681648e-05
0.00046323701713170157
3.1263182802691375e-05
0.0001221149199986422
16.60873210114255
2.6513074870616814e-09
2.398762636889381e-09
2.4323430742187673e-09
0.00014684402474941783
0.0020326691214470104
0.00017640893293037902
0.10990126246697021
0.0
0.00024823097690142217
0.0015101512982197331
3.8661908675245276e-10
6.031313628382287e-05
4.8872017200879564e-05
3.1034347599560043e-09
3.400688614213762e-10
2.2849507777638684e-09
1.6913751935146562e-09
7.327435430962549e-05
0.3857823129071346
0.0015582254584632488
1.501613442898332
0.0005846510389452506
0.0
0.0004212475070165557
0.0003442573245072177
0.00038743327972279957
0.0001646540145914097
1.192198290637386
0.0001379455048116764
1.3135122395720267e-09
6.815867877490374e-05
1.3576711720267036e-08
0.0045916318342056036
1.5404170819477393e-07
0.008424094701469861
9.074382342314458e-05
0.0007180263250821826
0.0
0.0005141693193401523
8.716646155136296e-05
6.78374635177762e-05
2.7296395955793367e-09
7.20889976228899e-05
1.4302983416702116e-09
8.060263644960448e-05
1.6678425324892598e-08
0.0024596335038082695
1.0572576093067332e-08
0.0008103790856469838
5.132820583867713e-05
0.00038686527797722177
0.0007054355370558626
0.0
0.05498808006733141
4.0160166299483036e-05
9.346529215402048e-10
0.00011126996072700391
10.794912072848259
9.530690730131294e-05
0.000844933545868073
0.0004558897724902622
0.5319385952337232
1.5638605367627463
8.978084872724506e-05
0.00027341985704174747
5.7214779555109373e-05
1.6323849931186138e-09
0.0
6.807996172986038e-05
5.046259483314909e-08
0.00017741451942967216
19.636301935935883
0.7557988733949579
0.15951258434763324
0.16333809525189324
0.00017728457558492257
0.00034809623373149715
6.075602331885284e-05
0.0003094905761148625
5.680249839406626e-05
0.0007648579987471918
6.018277375695903e-05
0.0
4.4756149229870195e-09
2.3962594613396697e-09
1.905844468004764e-09
1.7706292480582587e-09
0.0023262857483441765
3.4225997542136774e-06
0.0012584225352826857
5.9240874215832295e-05
4.837525456169586e-06
9.020877851693271e-05
4.559402955441062e-06
5.0862814728391795e-05
0.0005190821841305738
3.6922445232514458e-06
0.0
0.0007701819072865408
0.6585410447272676
4.8913839176050905e-05
0.03727583648492988
0.000841022144676842
0.0009289590688896442
0.000493126051311982
5.3540089431975117e-05
0.0002980756420236495
2.777376352679411e-05
8.345305651965366e-05
0.00045965688730611017
4.1109174514698166e-05
2.5501594614958816e-09
0.0
10.7655670935532
9.568825717001472e-05
0.002517486812225532
0.0012815946167300846
5.076241468929107e-09
6.827661170862694e-10
2.400948603347749e-05
3.715732286979362e-05
7.951854822015037e-05
0.00044687383370610874
1.6434338151882257
1.9382391374109684e-05
7.898934043957717e-10
0.0004334023339385891
0.0
0.00022959590083025677
0.0025670775434809257
0.0024930991960795696
8.450656090618262e-10
8.393768590485679e-10
4.2749867112541475e-06
6.874464093911038e-06
1.681964491295648e-05
0.0003748766113474179
2.0154923572014314e-05
3.4080069875982207e-06
8.895779564011505e-10
0.0002123638246456709
0.0010369137128342786
0.0
