0.0
7.211588654469729e-08
6.172532464944657e-08
8.995082735529887e-08
7.210491914010304e-08
7.107145010682809e-08
6.448628501082414e-08
8.519043721230029e-08
6.911219504349767e-08
2.4780618915878157e-08
7.228104982471885e-08
7.191500497684569e-08
7.364821750899964e-08
5.587766969780636e-08
1.2132042672609558
0.0
0.7583238135956276
8.830431945200289
0.6143431934305165
2.7297732704684954
1.0471889332092916
42.90913943663442
0.9454234212037614
1.2170793566770263e-08
256.7427645129656
0.48664474126308477
66.55138951470913
6.682248967587868e-07
0.5404821874026412
6.800644576694706
0.0
6.80064454356592
0.6017224571794764
2.698742310428937
1.557074266605954
32.568043454269926
1.1119637984766486
120.33365560415372
90.66608947766295
0.6518264225609083
41.32196763720141
6.073003454044343e-07
0.0871676562034101
0.8229708004919161
3.708757387635108e-08
0.0
4.597864588126408
0.10972577119915708
1.0651364410383204
12.940787872251242
3.769120996433327
6.424778664684721e-09
27.017592098388192
0.5108921284382636
131.557134050052
2.1489086248306193
3.433620309888615e-07
0.0005915377490492634
2.2853506009530665e-07
0.4298632644158107
0.0
2.1558546807517806e-06
8.295948228849408e-06
0.1256213837013382
0.07789966039101286
0.4755903040957849
0.1273298083287675
0.06363300174269026
0.12022827980030293
4.3324987103387984e-07
1.575509025415463e-07
1.9169802662109183
0.6217469783114976
3.834001823414745
9.984845418566074e-06
0.0
1.2200761912758686e-05
6.609851304745903
9.679688542919857e-06
3.6021943779764747e-09
0.023107230533527326
0.06541430103062273
8.709538087601324
4.2710738690575775e-07
4.227744281707129e-08
0.05800369940174348
0.056884505459459396
0.058275548278879256
6.394471197853103e-08
4.356006237224121e-07
0.0
8.617607739103941e-08
9.250147987827427e-08
3.279320340341659e-09
2.472596170372486e-07
3.5399748001658775e-07
45.33711799960195
7.191470919769011e-07
7.489141457991351e-08
0.0004030662309769768
0.00040309405247658265
0.00040258387674485356
1.0517047707231374e-07
2.851974966877005e-06
2.5737092673713162e-06
0.0
1.7541688245509745e-07
4.584580976345788e-09
2.5722122113218733e-07
3.628926844791987e-07
5.116965168417384
7.932935832811612e-07
7.337997626572193e-07
0.4573303164205116
0.3898621207222181
0.18097709138329005
6.4889080766739535e-06
2.327140623474726e-06
1.6312387528586079
0.15019836492873048
0.0
3.3381470977699058e-09
0.6481206249815643
2.1144678529392178e-06
8.264311622735548e-07
3.22093103470417e-07
0.03883167965483309
0.06476493898002963
0.0001230547231397067
3.019735859427779e-08
0.06737114416814935
2.1564313554137728e-06
8.260597193847392e-06
0.12004821255822444
0.06254192345710882
0.0
0.12223508462927038
0.054882086384437236
20.14822508557907
4.357582739331111e-07
1.6572975896435438e-07
5.637302649161362e-06
0.0003202861208626127
0.00031993597493668036
3.3667659692194525e-06
3.204308875793454e-07
4.043569770090154e-06
4.2326363201392357e-07
3.639464565493834e-06
7.777281098990541e-09
0.0
0.00033634828410808595
0.47498901690363365
6.454407118725542e-07
1.5807604294651695e-07
0.00011369954745633478
0.0003202305924910609
0.5743606682645387
3.937282044388552e-06
0.08791104252674746
0.5615895656211316
0.003972996819278128
3.914194236256953e-06
4.478920623725779e-09
2.912735395714209
0.0
2.3815467137178588
7.725787102783809e-07
9.580371758999469e-08
0.177556630380572
3.600744921701466e-07
6.036528374383248e-07
1.0380740678952165e-07
2.626013252081329e-07
2.213278081043578
0.0002795970901510702
0.00022196133714802343
5.9959316765269925e-09
0.6439712537501743
0.00028063946878540867
0.0
0.0002784592280277374
1.1286003546126898e-07
0.00944619429382539
3.936604503105529e-07
3.8086836289442183e-07
1.1670562492268785e-07
5.784548874499816e-07
0.15292558815830437
3.992813466018289e-05
3.319284832255286e-05
7.501333931370771e-09
9.418345798194561e-07
4.131942464297584e-05
0.0009956326380755722
0.0
