1.0709064291299442
12.185862985334214
12.238127857522496
12.117088112558932
12.11708811255894
0.4755417031013027
0.0
25.89921976097963
44.068783585545106
44.28849601783263
45.599254268771496
44.64960037606813
26.375678533949337
0.0
44.75473691463682
79.44765710127727
79.32531269177869
100.0
100.0
49.65105126734243
0.0
51.21115447495684
77.92390030008302
77.54227487970927
97.755604432173
97.755604432173
41.09431951890045
0.0
55.5814207352777
63.627672558259405
65.0358415801479
67.29629194879284
65.14287121114204
70.47013570150125
0.0
0.0
2.093567039151791
2.09356703915179
2.000694094964697
3.7046120255046904
3.5935823618592053
0.598930389094459
0.0
0.0
0.0
0.0
0.0
0.0
0.0
0.0
12.18586298533421
12.238127857522494
12.117088112558932
12.117088112558925
23.990294587500244
0.0
44.06878358554504
44.288496017832635
45.59925426877148
44.64960037606812
63.90101293325968
0.0
79.44765710127726
79.32531269177869
68.18159471605837
68.50637958101602
100.0
0.0
77.92390030008302
77.54227487970927
56.86041611872592
56.86041611872592
99.99999999999997
0.0
63.62767255825943
65.0358415801479
67.29629194879284
65.14287121114205
100.00000000000003
0.24607667987279533
2.0935670391517904
2.0935670391517904
2.000694094964697
3.7046120255046904
14.49931319328749
0.0
0.0
0.0
0.0
0.0
0.0
0.0
0.0
0.0
0.23287036069120806
1.047916716861981
0.0
0.0
0.2446887660773442
0.00941862592449034
0.09509462960437735
0.09509462960437735
0.6240427629972726
1.2050807508681662
1.205080750868167
0.7632507034719597
0.05373223019540897
0.0
0.0
0.4665378712199756
2.4828783872624887
2.482878387262489
0.9166626999227754
0.0030468641460788806
0.01460745226568039
0.6734288418496872
0.6618682537300857
0.0
0.0
0.0
0.06726901039612833
1.6426799505014598
0.0
0.03205230235123607
0.34952415157134636
0.3495241515713463
0.12515701803518653
0.10285116163458217
0.0
4.196048077607989
4.196048077607988
1.0021018195478855
0.42537502946243877
0.2417452786025886
0.08935347486406427
3.004058780348906
3.0040587803489074
0.4395996823692499
0.17583987249517996
0.0
0.0
2.5041227099012184
5.290855741106666
3.3619318016800994
1.863646303357581
5.221588161628417
3.6102767863508003
0.0
19.46370728772726
49.391166420474555
32.44299561506029
21.045487323793306
50.990185764044355
33.52533441258399
0.0
33.74956936498297
82.52353916061114
50.47368270617454
47.805464381297654
48.987627148438726
51.12429767487877
0.0
38.98080412308437
100.00000000000004
83.19240403639942
86.96450088423792
99.98472255806865
57.10150973773338
0.0
32.43620658919529
84.55399719664581
53.83081722074094
36.32692886520568
86.52560842954608
54.505521032875095
0.0
0.044519654655235934
0.0
0.13304094380093295
0.2652502217428575
0.07950433336867171
0.0
0.5989303890944591
0.0
0.0
0.0
0.0
0.0
0.0
0.0
0.002036833001404692
0.0039461440740899785
0.15417461600514706
0.0
0.0
0.24468875985019334
0.009214547537168861
0.23287036069120806
1.047916716861981
2.911095990049658
1.0117882173545145
0.7632508173004966
0.09279643464108361
0.0
0.0
0.0
0.0
0.7632508354264441
0.14487268803119063
0.0
0.0
0.0
0.0
0.11129913808043429
0.19913120545337504
0.0
0.0
6.890946338929327
2.5841048647797216
0.8613682803406326
0.22127673064728381
0.11063836532364191
0.29122873139517824
0.28245567679653816
0.10506774752762006
0.0027981113696605546
0.0
0.0
0.0
0.0
0.0
0.0
0.0
0.0
0.0
0.0
0.0
3.0693059525856423
2.0213892357236594
0.0
0.00941862592449034
0.22519463243540855
0.22519463243540866
0.09509462960437735
6.912812516201679
6.912812516201679
0.0
0.05373223019540897
1.922419652841091
1.9224196528410906
0.21745110585502758
4.037390378970536
4.037390378970537
0.0
0.0030468641460788806
0.0030468641460788806
0.0030468641460788806
0.0030468641460788806
2.8476647036197096
2.847664703619709
0.0
0.06726901039612833
0.6444664037945833
0.6444664037945834
0.0
5.516618959567467
1.838872980471312
0.0
0.10285116163458217
3.496939829015389
3.49693982901539
0.0
0.9746863138702084
0.4002082224419716
0.14508787801710704
0.08935347486406428
0.43959968236925
0.4395996823692499
0.4395996823692499
0.1758398521715434
0.0
0.0
