1.071241129209783
12.187905944233533
12.269596558260146
12.12419378505274
12.12419378505274
0.44203334424886476
0.0
25.89888389089353
44.06579206760829
44.16969871449632
46.23468999926637
44.90469154842381
26.790673485776733
0.0
41.097508255719006
89.7258346357969
88.6420010920274
100.0
99.99999999999999
48.068681465157844
1.1246320105336838
46.99578173484548
97.92508175211388
99.99999999999999
100.0
97.83150762393745
70.91368464437865
3.174809459964578
54.38228890262791
91.06330339576361
91.45595765476183
100.00000000000004
100.0
75.50569850119275
4.026576241162716
0.0
1.880891762504207
1.8808917625042063
1.4890028947395613
3.609481954776585
4.626295594351093
0.7710491818515307
0.0
0.0
0.0
0.0
0.0
0.0
0.0
0.0
12.187905944233533
12.269596558260146
12.124193785052737
12.124193785052748
23.990420998427872
0.0
44.06579206760829
44.16969871449631
46.23468999926637
44.90469154842381
63.8918431473917
0.0
53.796248339309784
52.71241479554027
71.22403953885421
75.20581842176625
99.3818837829618
4.355351173885698
67.11658330397805
67.06732127484317
58.7368324892429
100.00000000000001
98.73770191264455
0.0
36.73378839930955
37.12644265830778
10.580394903247553
43.716066392087356
74.64129922367808
0.2030172022264374
1.880891762504207
1.880891762504206
1.489002894739561
3.609481954776585
74.44855139572417
0.0
0.0
0.0
0.0
0.0
0.0
0.0
0.0004306440937400909
0.00021532204687004544
0.00021532204687004544
0.008275448119128418
0.0
0.0
2.462850535883685
0.044091494328166794
0.044091494328166794
0.13861344902240638
1.3992617268246281
10.1967677464951
10.196767746495098
2.607717125919448
0.053518114959687474
0.0
0.0
0.0
0.0
0.0
2.37304766170163
0.3213974346979157
5.3313980425342375
4.839956730722301
0.2851174862989396
0.0
0.0
0.0
0.33203849915319417
4.903476656706533
4.4729200770502775
1.2183810803539574
1.036097049458124
1.036097049458124
0.2018466283114406
0.15528170572286512
0.0
4.070952517656481
4.070952517656482
0.8780483293268186
0.3192897235328352
0.07982231503404787
0.12887846211191833
3.8268765296052907
3.826876529605289
0.554989805101323
0.22199592188100664
0.0
0.0
2.5039216120452465
5.295325314597973
3.424717364421241
1.8687453313881055
5.256189143040037
3.6435304359147596
0.0
19.46373773238244
50.30756212904719
32.21051717078839
21.989995029730554
51.38630906132093
33.67866071217735
0.0
50.41367484778253
72.80087360943837
85.0307207348877
52.855777626164226
47.98029090189227
47.98029090189227
1.124632010533684
60.37367578465795
95.8206465734808
87.32584959082519
88.71330602404485
84.08609401517273
73.34311048706357
3.3106522961239224
57.327962173615596
60.822475309642066
59.073635203482375
89.0918212391496
87.0542604884093
73.0762726585078
3.890733405003372
1.2503191506809748
0.0
0.10956582428242362
0.5883544864966594
0.2030172022264373
0.0
0.7710491818515308
0.0
0.0
0.0
0.0
0.0
0.0
0.0
0.0005541003834168208
0.009375040646497076
0.027266873283820627
0.010735603858415774
0.0035770372632578135
1.4503715951568963
0.016270912179830923
0.09452195469423959
0.7640292648876623
3.6079801267583758
0.9479835030957457
2.1676670827366014
0.10139659328997655
0.0
0.0
0.0
0.0
1.122728518374356
0.0
21.919126328522786
0.3766705672227015
5.09335168583464
1.7264050631457537
0.24650465611096103
0.0
0.0
0.0
4.744120207028298
0.8005156226510126
0.26683736291123206
0.0
0.4305565796562573
0.503600554622925
0.6131663789053488
0.4305565796562573
0.8611131593125146
0.0
0.0
0.0
0.0
0.0
0.0
0.0
0.0
0.00021532204687004544
0.00021532204687004544
0.00021532204687004544
2.0850548732735827
2.085054873273581
0.0
0.044091494328166794
0.18665936495470337
0.1866593649547035
0.0440914943281668
4.192093673976862
4.192093673976862
1.70953422921758
0.053518114959687474
1.9147586113736053
1.9147586113736064
0.0
0.0
0.0
0.0
0.3213974346979157
0.0
0.0
0.0
2.152760890667811
1.5831509442570433
0.0
0.3320384991531942
6.385844427923802
6.3858444279238
1.6489376600102148
1.804046953037456
0.7722338288459615
0.0
0.15528170572286512
5.279586940899539
5.279586940899536
0.0
0.8780480287865635
0.31928976440731743
0.07982231503404787
0.12887846211191836
0.5549898051013229
0.554989805101323
0.554989805101323
0.22199571551621025
0.0
0.0
