0.0
0.0003742251024686393
0.0014930499105740877
0.0015876501397508373
1.5081373936920144e-08
1.0895746126754524e-05
5.817686387548176e-06
7.040975551795014e-06
6.175228597535275e-06
4.971897221078711e-06
3.1338783807344096e-09
5.266062681586615e-06
6.971382512002271e-10
3.3462875170430945e-06
1.8262986955202651
0.0
1.8262741437368681
3.4597289148706185
0.9132738394071248
0.6524235036672593
1.0440193725734328
1.8576473204889994
1.0437237028002457
2.4725232156553867
333.58215721875996
3.362548933795819e-05
47.000740331825256
1.083836163486935
0.00013983673124291047
0.6893408072427163
0.0
0.6893406151073511
0.4353148909235979
8.794010454039762
9.220712048270439
3.7250382949194
5.907682026911981
20.458311637087547
54.37223736930795
19.82863394323258
264.13102406486917
1.8160719830293852
0.8655471429475574
1.7282861280914636
0.0002660924006268674
0.0
5.500241851856441
5.672276467361016e-05
3.2271621219428156e-05
0.028564352769961734
4.320108369361319
0.00013331682915671098
10.680984860585061
1.4650740662335815e-09
2.7067196574605554
1.903346544680489e-09
0.00016001851482236887
0.002599616727032008
0.00018290446463824358
0.18842292925012713
0.0
0.0002702867839328789
6.209925082868472e-05
5.691312923490825e-10
6.578036820521524e-05
5.3300454573109455e-05
4.279766625956189e-09
4.72997015611003e-10
3.364194118783341e-08
9.97417551706425e-09
7.98641128948227e-05
0.0002770129806319294
0.001702571974593835
3.9367177131458373
0.0006547690656880506
0.0
0.00045945014343112605
0.0003764228190960658
0.0004222160217793561
0.0001796833218174368
5.164251677537279
0.00015035513782708386
1.957310652679761e-09
7.439395918682376e-05
1.0744158350307635e-08
0.005512599197502214
1.7657729499405105e-08
1.0621435189691785e-09
9.874630256510171e-05
0.0008339790701126881
0.0
0.0005996316190930923
9.483176317411115e-05
7.395356217924887e-05
1.2538559364464868e-09
7.867062395971272e-05
1.684474695373348e-09
8.793042341460198e-05
1.7896544731482686e-08
0.0026931268036201627
1.3406024794077503e-08
0.0008858346196079646
5.585694434463772e-05
0.0004137732662242423
0.0007702469978220285
0.0
0.10796733821544434
4.3770224406318664e-05
9.886235051251628e-10
0.00012144254163392442
11.0532558220877
0.00010403429259866703
0.0009233234154623038
0.0004981427422367347
1.245340427273645
1.716598713051959
9.782203729438656e-05
0.0002980160940329293
6.23948700820095e-05
2.0080763344655787e-09
0.0
7.421614090007925e-05
6.493659484659681e-08
0.0001935911585249524
18.926189226926365
0.7157617438614972
0.001399506632308305
4.4961538112116056e-05
0.00018452388164113146
0.00037981074272897355
6.62226780306638e-05
0.000271000127994799
0.0017602980438769086
0.0008381226657560217
6.563741977312954e-05
0.0
1.2960808788606806
2.2052825239958848e-08
4.889733259967323e-10
1.0079125694668876e-08
0.0025429662456344223
3.7303755844004016e-06
0.0013753849166166661
6.473505081976861e-05
5.273395815996243e-06
9.8339407941961e-05
4.975920702305109e-06
5.466191431848365e-05
0.0005655253672510368
4.021313570081702e-06
0.0
0.0008408465474978165
0.6725694251824312
5.339799792413812e-05
0.09847633839054352
0.0009220532168528351
0.0010146961942029784
0.0005389635622840423
5.832025680074511e-05
0.0003201222380856105
3.0281605781277765e-05
8.935664905629085e-05
0.0005022086831337816
4.4797191932214735e-05
5.252307310246814e-09
0.0
11.019168260434839
0.00010445534117954745
0.002755951977316718
0.0014005630370060936
6.445970579011058e-09
5.47184979149044e-10
2.612269293338632e-05
4.0494161306127874e-05
8.676355120792499e-05
0.0004805588399389701
1.4793213200555075
2.1119007727223357e-05
8.836615422924763e-10
0.00047259679359038003
0.0
0.00025045143042609885
0.002807030736467475
0.002725053935169922
1.0741599432478718e-09
5.554595786168615e-10
4.651433356298007e-06
7.496881552902019e-06
1.8380951416356357e-05
0.00040440854572109004
2.2027222130124947e-05
3.712086268099943e-06
9.990224407981789e-10
0.00023201184409731392
0.0011320477913811466
0.0
