1.0712439088772676
12.187922016997026
12.26983123212241
12.131380813747986
12.131380813747983
0.44824936093893986
0.0
25.89970530807177
44.07312444727735
44.259994212069664
45.96089053260127
44.794871280906996
26.628440613458878
0.0
42.23992392149051
100.0
100.0
95.3012942616574
100.0
55.401289357990045
1.7651095089123252
48.11995430765785
95.97211567896646
99.25882551069701
100.0
100.0
66.0958160453136
3.967339612524481
50.429027844047255
86.38933218826566
86.42699689792205
96.94422851398491
90.43283831511275
62.17971943010966
3.106749940558066
0.0
1.8007473461298886
1.8007473461298888
1.3901573005695678
3.5765338503929627
4.6262962135621635
0.771049357047591
0.0
0.0
0.0
0.0
0.0
0.0
0.0
0.0
12.187922016997026
12.269831232122408
12.131380813747985
12.131380813747981
23.99203963485411
0.0
44.07312444727739
44.25999421206967
45.960890532601276
44.794871280907
63.894849032764455
0.0
61.071628389734485
60.716462330997146
75.34921520025729
70.14487331933188
97.77703276007426
0.0
56.527779256828495
51.66452397661942
62.201084793497074
93.54832275198515
100.0
3.00148465040779
35.69401661762236
35.73168132727886
25.60261568554511
31.247969586521663
71.77888126700866
0.1575454387775926
1.8007473461298886
1.8007473461298886
1.3901573005695675
3.5765338503929622
88.40363812290623
0.0
0.0
0.0
0.0
0.0
0.0
0.0
0.0003967881873462026
0.0001983940936731013
0.0006313181390436278
0.008295737362379086
0.0
0.0
3.564245490400877
0.00286636468169241
0.005732729363384821
0.08943399890786136
0.6183752701747309
2.052828344023331
2.052828344023331
2.8377817969312438
0.05358828658802799
0.0
0.0
0.0
4.424527156583597
4.424527156583598
3.832942722827504
0.2189742293029926
7.178974493750359
15.948851451567462
0.1549720477042621
2.9645883756408846
2.9645883756408846
1.6049061659477446
0.40322776669221805
11.540917917889484
7.963619320567471
0.4061799528602976
1.394807801524053
1.3948078015240528
0.2707865982311727
0.47760515143377674
6.927458428887601
10.381973653653198
3.9321203761993773
1.3551438201060866
0.6109162899964453
0.47760515143377674
0.12887843151203612
3.8268765130019182
3.826876513001916
0.5549899524183043
0.22199597950922947
0.0
0.0
2.5039201312252124
5.295362109591
3.425188705259686
1.869225765766798
5.2937536387717055
3.639057956025282
0.0
19.46366314626416
50.336549326546525
32.48703898777463
21.498057674563626
51.21715769270776
33.628402451766
0.0
52.909969098267304
66.60544622756588
55.93540105974859
56.14786935782267
54.019067645206476
53.77812378717094
1.7651095089123252
59.94132704347605
89.2476878028381
99.99999999999999
77.95961908523998
71.46486183962158
66.09581604531358
3.967339612524481
55.71179875763893
61.91214268231753
60.79456421217005
76.4757448040489
66.86695720852096
62.17971943010965
3.106749940558066
2.25639729212554
0.0
0.057472491848743465
0.4110885154899614
0.15754543877759264
0.0
0.771049357047591
0.7298442675911317
0.0
0.0
0.0
0.0
0.0
0.0
0.00043292404537052646
0.011030388579580556
0.026181571945653737
0.007575664795403426
0.0
1.9941852333700663
0.015327484327786299
0.08943399890786136
0.6183752701747309
3.49805760329177
1.1660191726739249
1.9941852311048827
0.09857893413119699
0.0
0.0
0.0
0.0
1.5765454463199335
0.0
17.29455532368199
0.0
0.4375309491783065
0.4375309491783065
0.7499210573194467
0.0
0.6281433058883269
0.6281433058883269
7.459105407968822
2.2042389336125257
1.256286611776654
0.0
0.5824478958034578
0.6190820942271376
0.6765545860758815
0.5824478958034578
1.1648957916069156
0.0
0.0
0.0
0.0
0.0
0.0
0.0
0.0
0.0001983940936731013
0.0001983940936731013
0.0001983940936731013
2.070651844587204
2.070651844587205
0.0
0.00286636468169241
0.14575628519388484
0.14575628519388487
0.0
4.089131068856068
4.089131068856068
0.0
0.05358828658802799
1.9172699169384781
1.9172699169384781
0.6806964245217519
0.0
0.0
0.0
0.2189742293029926
0.6281433058883271
0.628143305888327
1.0930594452318267
2.25639729212554
2.25639729212554
0.0
0.40322776669221805
2.1688259314103644
2.168825931410365
0.9886278486637552
7.598832289668653
1.5550947493760792
0.0
0.47760515143377674
0.4776051514337768
0.4776051514337768
0.4776051514337768
0.7311481910586045
0.4776051514337768
0.4776051514337768
0.1288784315120361
0.5549899524183042
0.5549899524183043
0.5549899524183043
0.2219959484908604
0.0
0.0
