0.0073662082204821976
0.004248526440496348
0.004248526440496346
0.004248526440496346
0.004248526440496348
0.0042485264404963485
0.0042485264404963485
0.004248526440496346
0.004248526440496354
0.004248526440496348
0.004248526440496346
0.004197979937690872
0.004197979937690865
0.004197979937690866
0.004197979937690865
0.004197979937690874
0.004197979937690874
0.004197979937690866
0.00419797993769087
0.004197979937690872
0.0040821305212558
9.964530483027609e-06
9.964530483027543e-06
9.964530483027551e-06
9.96453048302761e-06
9.964530483027641e-06
9.964530483027543e-06
9.964530483027534e-06
9.96453048302761e-06
9.964530483027609e-06
2.37832236655003e-07
2.423316126470056e-07
2.423316126470056e-07
2.423316126470056e-07
2.4233161264700553e-07
2.423316126470056e-07
2.423316126470056e-07
2.4233161264700516e-07
1.290657932117269e-07
2.332194273172046e-07
2.3321931867590776e-07
3.947919231533876
3.9479192334460405
3.9479192334674704
3.947919232212766
3.9479192315329414
3.9479192334453637
3.9479192334678928
3.947919232212761
3.947919231533876
3.9479192334460405
0.9537859815423542
0.9537859815374712
0.9537859815727587
0.9537859815416072
0.9537859815423542
0.9537859815502109
0.9537859815727587
0.9537859815423061
0.9537859815423542
0.0054053872511493455
0.0014227876231445674
0.0014227876231445666
0.0014227876231445666
0.0014227876231445679
0.0014227876231445683
0.0014227876231445661
0.0014227876231445666
0.0014227876231445653
0.0014227876231445674
0.0014227876231445666
0.0014141501188873959
0.0014141501188873965
0.0014141501188873974
0.001414150118887398
0.001414150118887398
0.0014141501188873976
0.0014141501188873974
0.0014141501188873974
0.0014141501188873959
0.0014693023488882003
1.614976878874503e-05
1.6149768788745288e-05
1.6149768788745075e-05
1.6149768788745278e-05
1.6149768788745247e-05
1.6149768788745288e-05
1.6149768788745288e-05
1.6149768788745278e-05
1.614976878874503e-05
2.37832236655003e-07
2.423316126470056e-07
2.423316126470056e-07
2.423316126470056e-07
2.4233161264700553e-07
2.423316126470056e-07
2.423316126470056e-07
2.4233161264700516e-07
1.290657932117269e-07
2.332194273172046e-07
2.3321931867590776e-07
0.0016744110314909622
0.0016744110314910574
0.0016744110314910574
0.0016744110314910032
0.0016744110314909622
0.001674411031491057
0.0016744110314910574
0.0016744110314910032
0.0016744110314909622
0.0016744110314910574
0.0017103711325071615
0.0017103711325071546
0.0017103711325071875
0.001710371132507161
0.0017103711325071615
0.0017103711325071654
0.0017103711325071875
0.0017103711325071602
0.0017103711325071615
0.0054053872511493455
0.0014227876231445692
0.0014227876231445661
0.0014227876231445666
0.0014227876231445679
0.0014227876231445692
0.0014227876231445661
0.0014227876231445666
0.0014227876231445674
0.0014227876231445692
0.0014227876231445661
0.001414150118887395
0.0014141501188873976
0.0014141501188873957
0.0014141501188873972
0.0014141501188873985
0.0014141501188873972
0.0014141501188873957
0.0014141501188873944
0.001414150118887395
0.0014693023488881994
2.3247520131989757e-07
2.3247520131989714e-07
2.3247520131989667e-07
2.324752013198973e-07
2.3247520131989735e-07
2.3247520131989714e-07
2.3247520131989688e-07
2.324752013198973e-07
2.3247520131989757e-07
2.37832236655003e-07
2.423316126470056e-07
2.423316126470056e-07
2.423316126470056e-07
2.4233161264700553e-07
2.423316126470056e-07
2.423316126470056e-07
2.4233161264700516e-07
1.290657932117269e-07
2.332194273172046e-07
2.3321931867590776e-07
0.0016744110314909656
0.0016744110314910595
0.0016744110314910595
0.0016744110314909986
0.0016744110314909656
0.0016744110314910595
0.0016744110314910595
0.0016744110314909986
0.0016744110314909656
0.0016744110314910595
0.0017103711325071594
0.0017103711325071563
0.001710371132507188
0.0017103711325071585
0.0017103711325071594
0.0017103711325071646
0.001710371132507188
0.0017103711325071602
0.0017103711325071594
4.99242687413435
4.997839410022324
4.997839410008779
4.997839410007257
4.9978394100136585
4.997839410002874
4.997839410011346
4.997839410007257
4.997839410011923
4.997839410022324
4.997839410008779
4.984178201489225
4.984178201487152
4.984178201486992
4.984178201486665
4.984178201487072
4.984178201485177
4.984178201486992
4.984178201477151
4.984178201489225
10.123876948290103
15.361017594392855
15.361017594588516
15.361017594596285
15.361017592991185
15.361017594397088
15.361017594588516
15.361017594772987
15.361017592991185
15.361017594392855
2.37832236655003e-07
14.387535152628724
14.387535166286023
14.387535178552094
14.387535177268994
14.387535152628724
14.387535166286023
14.387535166231965
1.290657932117269e-07
26.201140207016945
16.201140275157563
3.7557427999608155e-07
3.755742799960824e-07
3.7557427999608235e-07
3.755742799960829e-07
3.7557427999608155e-07
3.755742799960824e-07
3.7557427999608235e-07
3.755742799960829e-07
3.7557427999608155e-07
3.755742799960824e-07
4.419909898667419
4.419909898766924
4.4199098987500784
4.4199098986518495
4.419909898667419
4.419909898760861
4.4199098987500784
4.419909898666447
4.419909898667419
4.992426874134795
5.000485524329678
5.000485524341718
5.00048552433567
5.000485524325767
5.000485524341085
5.000485524345163
5.00048552433567
5.000485524339023
5.000485524329678
5.000485524341718
5.014272406117458
5.014272406114602
5.014272406122842
5.014272406110123
5.014272406109882
5.014272406119192
5.014272406122842
5.014272406125497
5.014272406117458
9.874578987311306
4.787353685620024
4.787353685427507
4.787353685419208
4.787353687023557
4.787353685620439
4.787353685427507
4.787353685240094
4.787353687023557
4.787353685620024
26.080821402284617
11.58044345490441
11.580443441247095
11.580443428981045
11.580443430264113
11.58044345490441
11.580443441247095
11.580443441301153
31.20539552266093
2.332194273172046e-07
2.3321931867590776e-07
6.048732081292818
6.048732079380658
6.048732079359226
6.048732080613928
6.048732081293752
6.0487320793813195
6.048732079358798
6.048732080613928
6.048732081292818
6.048732079380658
4.622885031738558
4.622885031643928
4.622885031625496
4.622885031754886
4.622885031738558
4.622885031637281
4.622885031625496
4.622885031739577
4.622885031738558
0.003279152483910441
0.0032791524839104486
0.003279152483910447
0.003279152483910439
0.0032791524839104478
0.00327915248391044
0.0032791524839104365
0.003279152483910441
0.003279152483910441
0.0032791524839104486
0.003279152483910447
0.0032290587594432187
0.0032290587594432196
0.0032290587594432213
0.003229058759443224
0.003229058759443223
0.003229058759443222
0.0032290587594432213
0.0032290587594432205
0.0032290587594432187
0.003224303024978197
7.999622462945243e-07
7.999622462945251e-07
7.999622462945251e-07
7.999622462945251e-07
7.999622462945243e-07
7.999622462945251e-07
7.999622462945251e-07
7.999622462945251e-07
5.905075412858823e-07
4.805708218417556e-07
4.805708218417556e-07
4.805708218417556e-07
4.805708218417556e-07
4.805708218417556e-07
3.92299038447697e-06
2.7537639270639778
2.7537639270639764
2.753763927063978
2.7537639270639778
1.3073843128044265
1.8181858503044086
1.8181858503044088
1.8181858503044075
1.818185850304408
1.8181858503044082
1.8181858503044088
1.8181858503044075
1.9343246064338808
1.6662586184447985
1.6662586184447987
1.6662586184374886
1.66625861844058
1.6662586184447983
1.6662586184447983
1.6662586184374886
1.6662586184405777
1.6662586184447985
1.6662586184447987
1.6662586184374886
0.003279152483910441
0.0032791524839104486
0.003279152483910447
0.003279152483910439
0.0032791524839104478
0.00327915248391044
0.0032791524839104365
0.003279152483910441
0.003279152483910441
0.0032791524839104486
0.003279152483910447
0.0032290587594432187
0.0032290587594432196
0.0032290587594432213
0.003229058759443224
0.003229058759443223
0.003229058759443222
0.0032290587594432213
0.0032290587594432205
0.0032290587594432187
0.003224303024978197
7.999622462945243e-07
7.999622462945251e-07
7.999622462945251e-07
7.999622462945251e-07
7.999622462945243e-07
7.999622462945251e-07
7.999622462945251e-07
7.999622462945251e-07
5.905075412858823e-07
4.805708218417556e-07
4.805708218417556e-07
4.805708218417556e-07
4.805708218417556e-07
4.805708218417556e-07
3.92299038447697e-06
2.7537639270639778
2.7537639270639764
2.753763927063978
2.7537639270639778
1.3073843128044265
1.8181858503044086
1.8181858503044088
1.8181858503044075
1.818185850304408
1.8181858503044082
1.8181858503044088
1.8181858503044075
1.9343246064338808
1.6662586184447985
1.6662586184447987
1.6662586184374886
1.66625861844058
1.6662586184447983
1.6662586184447983
1.6662586184374886
1.6662586184405777
1.6662586184447985
1.6662586184447987
1.6662586184374886
0.001294158482721975
0.001294158482721975
0.0012941584827219745
0.001294158482721975
0.0012941584827219732
0.001294158482721974
0.0012941584827219762
0.0012941584827219758
0.001294158482721975
0.001294158482721975
0.0012941584827219745
0.001343720144146151
0.0013437201441461489
0.001343720144146151
0.0013437201441461489
0.0013437201441461497
0.0013437201441461489
0.001343720144146151
0.0013437201441461506
0.001343720144146151
0.0013678552125777387
7.999622462945243e-07
7.999622462945251e-07
7.999622462945251e-07
7.999622462945251e-07
7.999622462945243e-07
7.999622462945251e-07
7.999622462945251e-07
7.999622462945251e-07
5.905075412858823e-07
4.805708218417556e-07
4.805708218417556e-07
4.805708218417556e-07
4.805708218417556e-07
4.805708218417556e-07
3.92299038447697e-06
0.0015049208848059727
0.0015049208848059727
0.0015049208848059736
0.0015049208848059736
0.0014759641197696076
0.001497468609712078
0.0014974686097120793
0.0014974686097120793
0.0014974686097120793
0.001497468609712078
0.0014974686097120793
0.0014974686097120793
0.0014895241033761257
0.0014901782311307775
0.0014901782311307775
0.001490178231130777
0.0014901782311307766
0.0014901782311307775
0.0014901782311307775
0.001490178231130777
0.0014901782311307766
0.0014901782311307775
0.0014901782311307775
0.001490178231130777
0.002300302117383948
0.00230030211738395
0.0023003021173839486
0.0023003021173839486
0.0023003021173839486
0.002300302117383949
0.0023003021173839486
0.0023003021173839486
0.002300302117383948
0.00230030211738395
0.0023003021173839486
0.0020206908738753396
0.002020690873875337
0.002020690873875337
0.002020690873875338
0.0020206908738753383
0.0020206908738753387
0.002020690873875337
0.002020690873875339
0.0020206908738753396
0.0020519418320901575
7.999622462945243e-07
7.999622462945251e-07
7.999622462945251e-07
7.999622462945251e-07
7.999622462945243e-07
7.999622462945251e-07
7.999622462945251e-07
7.999622462945251e-07
5.905075412858823e-07
4.805708218417556e-07
4.805708218417556e-07
4.805708218417556e-07
4.805708218417556e-07
4.805708218417556e-07
3.92299038447697e-06
2.7537639270639778
2.7537639270639764
2.753763927063978
2.7537639270639778
1.3073843128044265
8.163243232305669e-08
8.16324323230569e-08
8.16324323230569e-08
8.16324323230569e-08
8.163243232305669e-08
8.16324323230569e-08
8.16324323230569e-08
2.939278932976627e-07
0.7112915467059204
0.7112915467059201
0.7112915467111445
0.7112915467051518
0.7112915467059204
0.7112915467059204
0.7112915467111445
0.7112915467051518
0.7112915467059204
0.7112915467059201
0.7112915467111445
4.997045540877461
4.997045540882812
4.997045540880279
4.997045540878638
4.997045540876315
4.997045540878822
4.997045540872295
4.997045540881302
4.997045540877461
4.997045540882812
4.997045540880279
4.997505289133013
4.997505289131451
4.99750528912802
4.997505289130232
4.997505289128242
4.99750528913184
4.99750528912802
4.99750528912915
4.997505289133013
9.997459125095528
11.807782226242024
11.807782226242006
11.807782226242013
11.807782226242013
11.807782226242024
11.807782226242006
11.807782226242013
11.807782226242013
12.449045383395179
13.009316552314862
13.009316552314964
13.00931655231501
13.009316552314862
13.009316552314862
10.368632788791311
1.7372039701924102
1.737203970192414
1.737203970192405
1.7372039701924091
1.0763724837467619
1.362131829241843
1.362131829241843
1.3621318292418443
1.3621318292418443
1.362131829241843
1.362131829241843
1.3621318292418443
1.1298620037003153
0.954702195099087
0.9547021950990869
0.9547021951084822
0.9547021951082907
0.9547021950990873
0.9547021950990873
0.9547021951084822
0.9547021951082972
0.954702195099087
0.9547021950990869
0.9547021951084822
0.0028078519267432777
0.0028078519267432803
0.0028078519267432777
0.0028078519267432786
0.0028078519267432777
0.0028078519267432786
0.0028078519267432777
0.0028078519267432803
0.0028078519267432777
0.0028078519267432803
0.0028078519267432777
0.0028078519267432786
0.0028078519267432777
0.0028078519267432786
0.0028078519267432777
0.0028078519267432803
0.002427569656662768
0.002427569656662768
0.002427569656662768
0.002427569656662768
0.002583359943770994
0.002794422227772276
0.002794422227772276
0.002794422227772276
0.002794422227772276
0.002794422227772276
0.002342160570147657
0.002342160570147657
0.002342160570147657
0.002342160570147657
0.002447527795863431
0.002743122463259351
0.002743122463259352
0.002743122463259351
0.002743122463259351
0.002743122463259351
2.8752399271933574e-07
2.8752399271933574e-07
2.875239927193344e-07
2.875239927193344e-07
2.875239927193344e-07
2.875239927193344e-07
2.8752399271933574e-07
2.8752399271933574e-07
2.8752399271933574e-07
4.809612038031356e-07
4.570272264586945e-07
4.353370614944468e-07
4.353370614944468e-07
4.353370614944468e-07
4.353370614944468e-07
4.353370614944468e-07
4.353370614944468e-07
4.353370614944468e-07
4.353370614944468e-07
2.48198252426512e-06
0.0028515142316405235
0.0027772335900952652
0.002777233590095267
0.002777233590095267
0.0028078519267432777
0.0028078519267432803
0.0028078519267432777
0.0028078519267432786
0.0028078519267432777
0.0028078519267432786
0.0028078519267432777
0.0028078519267432803
0.0028078519267432777
0.0028078519267432803
0.0028078519267432777
0.0028078519267432786
0.0028078519267432777
0.0028078519267432786
0.0028078519267432777
0.0028078519267432803
0.002427569656662768
0.002427569656662768
0.002427569656662768
0.002427569656662768
0.002583359943770994
0.002794422227772276
0.002794422227772276
0.002794422227772276
0.002794422227772276
0.002794422227772276
0.002342160570147657
0.002342160570147657
0.002342160570147657
0.002342160570147657
0.002447527795863431
0.002743122463259351
0.002743122463259352
0.002743122463259351
0.002743122463259351
0.002743122463259351
2.8752399271933574e-07
2.8752399271933574e-07
2.875239927193344e-07
2.875239927193344e-07
2.875239927193344e-07
2.875239927193344e-07
2.8752399271933574e-07
2.8752399271933574e-07
2.8752399271933574e-07
4.809612038031356e-07
4.570272264586945e-07
4.353370614944468e-07
4.353370614944468e-07
4.353370614944468e-07
4.353370614944468e-07
4.353370614944468e-07
4.353370614944468e-07
4.353370614944468e-07
4.353370614944468e-07
2.48198252426512e-06
0.0028515142316405235
0.0027772335900952652
0.002777233590095267
0.002777233590095267
0.0028078519267432777
0.0028078519267432803
0.0028078519267432777
0.0028078519267432786
0.0028078519267432777
0.0028078519267432786
0.0028078519267432777
0.0028078519267432803
0.0028078519267432777
0.0028078519267432803
0.0028078519267432777
0.0028078519267432786
0.0028078519267432777
0.0028078519267432786
0.0028078519267432777
0.0028078519267432803
0.002427569656662768
0.002427569656662768
0.002427569656662768
0.002427569656662768
0.002583359943770994
0.002794422227772276
0.002794422227772276
0.002794422227772276
0.002794422227772276
0.002794422227772276
0.002342160570147657
0.002342160570147657
0.002342160570147657
0.002342160570147657
0.002447527795863431
0.002743122463259351
0.002743122463259352
0.002743122463259351
0.002743122463259351
0.002743122463259351
2.8752399271933574e-07
2.8752399271933574e-07
2.875239927193344e-07
2.875239927193344e-07
2.875239927193344e-07
2.875239927193344e-07
2.8752399271933574e-07
2.8752399271933574e-07
2.8752399271933574e-07
4.809612038031356e-07
4.570272264586945e-07
4.353370614944468e-07
4.353370614944468e-07
4.353370614944468e-07
4.353370614944468e-07
4.353370614944468e-07
4.353370614944468e-07
4.353370614944468e-07
4.353370614944468e-07
2.48198252426512e-06
0.0028515142316405235
0.0027772335900952652
0.002777233590095267
0.002777233590095267
0.001230594659481459
0.0012305946594814582
0.001230594659481459
0.0012305946594814595
0.001230594659481459
0.0012305946594814595
0.001230594659481459
0.0012305946594814582
0.001230594659481459
0.0012305946594814582
0.001230594659481459
0.0012305946594814595
0.001230594659481459
0.0012305946594814595
0.001230594659481459
0.0012305946594814582
0.002427569656662768
0.002427569656662768
0.002427569656662768
0.002427569656662768
0.0012380495282545935
0.0012793249587767412
0.0012793249587767412
0.0012793249587767412
0.0012793249587767412
0.0012793249587767412
0.002342160570147657
0.002342160570147657
0.002342160570147657
0.002342160570147657
0.0013227793923248747
0.0013940961881950082
0.0013940961881950065
0.0013940961881950082
0.0013940961881950074
0.0013940961881950082
2.8752399271933574e-07
2.8752399271933574e-07
2.875239927193344e-07
2.875239927193344e-07
2.875239927193344e-07
2.875239927193344e-07
2.8752399271933574e-07
2.8752399271933574e-07
2.8752399271933574e-07
4.809612038031356e-07
4.570272264586945e-07
4.353370614944468e-07
4.353370614944468e-07
4.353370614944468e-07
4.353370614944468e-07
4.353370614944468e-07
4.353370614944468e-07
4.353370614944468e-07
4.353370614944468e-07
2.48198252426512e-06
8.166061142763264e-08
0.0027772335900952652
0.002777233590095267
0.002777233590095267
0.0012305946594814603
0.00123059465948146
0.0012305946594814603
0.0012305946594814577
0.0012305946594814603
0.0012305946594814577
0.0012305946594814603
0.00123059465948146
0.0012305946594814603
0.00123059465948146
0.0012305946594814603
0.0012305946594814577
0.0012305946594814603
0.0012305946594814577
0.0012305946594814603
0.00123059465948146
0.002362389116083979
0.002362389116083979
0.002362389116083979
0.002362389116083979
0.0025017514168471306
0.0012953709424808628
0.0012953709424808628
0.0012953709424808628
0.0012953709424808628
0.0012953709424808628
0.0029046072100197095
0.0029046072100197095
0.0029046072100197095
0.0029046072100197095
0.003090235458858938
0.0013963078948072331
0.0013963078948072344
0.0013963078948072331
0.0013963078948072349
0.0013963078948072331
5.029902783750306
5.029902783750306
5.029902783750301
5.029902783750301
5.029902783750301
5.029902783750301
5.029902783750306
5.029902783750306
5.029902783750306
3.006904820713272
3.1643699629426045
3.3220395589715355
3.3220395589715355
3.3220395589715355
3.3220395589715355
3.3220395589715355
3.3220395589715355
3.3220395589715355
3.3220395589715355
0.5822038015693961
0.0027448429370486517
1.1175354380653479e-06
1.1175354380653493e-06
1.1175354380653493e-06
0.5756202954219407
0.5756202954219404
0.5756202954219404
0.5756202954219404
0.5756202954219404
0.5756202954219407
0.5756202954219407
0.5756202954219407
0.5756202954219407
0.5756202954219404
0.5756202954219404
0.5756202954219404
0.5756202954219404
0.5756202954219407
0.5756202954219407
0.5756202954219407
0.5756202954219407
0.5756202954219404
0.5756202954219404
0.5756202954219404
0.6609026719838963
0.6609026719838963
0.6609026719838963
0.6609026719838963
0.6609026719838963
0.073465391202309
0.006779150520250947
0.006779150520250947
0.006779150520250947
0.006779150520250947
0.006779150520250947
0.006779150520250947
0.006779150520250947
0.006779150520250947
0.006779150520250947
0.00013440438554594757
6.969523566926189e-07
6.969523566926189e-07
6.969523566926189e-07
6.969523566926189e-07
6.969511111111511e-07
6.969511111111511e-07
6.969511111111511e-07
6.969511111111511e-07
6.969511111111511e-07
6.969511111111511e-07
6.534128603365433e-07
6.534128603365433e-07
6.534128603365433e-07
6.534128603365433e-07
6.534128603365433e-07
6.534128603365433e-07
6.534128603365433e-07
6.534128603365433e-07
6.534128603365433e-07
6.534128603365433e-07
0.20922655825852618
0.20922655825852618
0.20922655825852618
0.20922655825852618
0.5756202954219407
0.5756202954219404
0.5756202954219404
0.5756202954219404
0.5756202954219404
0.5756202954219407
0.5756202954219407
0.5756202954219407
0.5756202954219407
0.5756202954219404
0.5756202954219404
0.5756202954219404
0.5756202954219404
0.5756202954219407
0.5756202954219407
0.5756202954219407
0.5756202954219407
0.5756202954219404
0.5756202954219404
0.5756202954219404
0.6609026719838963
0.6609026719838963
0.6609026719838963
0.6609026719838963
0.6609026719838963
0.073465391202309
0.006779150520250947
0.006779150520250947
0.006779150520250947
0.006779150520250947
0.006779150520250947
0.006779150520250947
0.006779150520250947
0.006779150520250947
0.006779150520250947
0.00013440438554594757
6.969523566926189e-07
6.969523566926189e-07
6.969523566926189e-07
6.969523566926189e-07
6.969511111111511e-07
6.969511111111511e-07
6.969511111111511e-07
6.969511111111511e-07
6.969511111111511e-07
6.969511111111511e-07
6.534128603365433e-07
6.534128603365433e-07
6.534128603365433e-07
6.534128603365433e-07
6.534128603365433e-07
6.534128603365433e-07
6.534128603365433e-07
6.534128603365433e-07
6.534128603365433e-07
6.534128603365433e-07
0.20922655825852618
0.20922655825852618
0.20922655825852618
0.20922655825852618
0.5756202954219407
0.5756202954219404
0.5756202954219404
0.5756202954219404
0.5756202954219404
0.5756202954219407
0.5756202954219407
0.5756202954219407
0.5756202954219407
0.5756202954219404
0.5756202954219404
0.5756202954219404
0.5756202954219404
0.5756202954219407
0.5756202954219407
0.5756202954219407
0.5756202954219407
0.5756202954219404
0.5756202954219404
0.5756202954219404
0.6609026719838963
0.6609026719838963
0.6609026719838963
0.6609026719838963
0.6609026719838963
0.073465391202309
0.006779150520250947
0.006779150520250947
0.006779150520250947
0.006779150520250947
0.006779150520250947
0.006779150520250947
0.006779150520250947
0.006779150520250947
0.006779150520250947
0.00013440438554594757
6.969523566926189e-07
6.969523566926189e-07
6.969523566926189e-07
6.969523566926189e-07
6.969511111111511e-07
6.969511111111511e-07
6.969511111111511e-07
6.969511111111511e-07
6.969511111111511e-07
6.969511111111511e-07
6.534128603365433e-07
6.534128603365433e-07
6.534128603365433e-07
6.534128603365433e-07
6.534128603365433e-07
6.534128603365433e-07
6.534128603365433e-07
6.534128603365433e-07
6.534128603365433e-07
6.534128603365433e-07
0.20922655825852618
0.20922655825852618
0.20922655825852618
0.20922655825852618
0.5756202954219407
0.5756202954219404
0.5756202954219404
0.5756202954219404
0.5756202954219404
0.5756202954219407
0.5756202954219407
0.5756202954219407
0.5756202954219407
0.5756202954219404
0.5756202954219404
0.5756202954219404
0.5756202954219404
0.5756202954219407
0.5756202954219407
0.5756202954219407
0.5756202954219407
0.5756202954219404
0.5756202954219404
0.5756202954219404
0.6609026719838963
0.6609026719838963
0.6609026719838963
0.6609026719838963
0.6609026719838963
0.073465391202309
0.006779150520250947
0.006779150520250947
0.006779150520250947
0.006779150520250947
0.006779150520250947
0.006779150520250947
0.006779150520250947
0.006779150520250947
0.006779150520250947
0.00013440438554594757
6.969523566926189e-07
6.969523566926189e-07
6.969523566926189e-07
6.969523566926189e-07
6.969511111111511e-07
6.969511111111511e-07
6.969511111111511e-07
6.969511111111511e-07
6.969511111111511e-07
6.969511111111511e-07
6.534128603365433e-07
6.534128603365433e-07
6.534128603365433e-07
6.534128603365433e-07
6.534128603365433e-07
6.534128603365433e-07
6.534128603365433e-07
6.534128603365433e-07
6.534128603365433e-07
6.534128603365433e-07
0.20922655825852618
0.20922655825852618
0.20922655825852618
0.20922655825852618
2.697521618524168
2.6975216185241666
2.6975216185241666
2.6975216185241666
2.6975216185241666
2.697521618524168
2.697521618524168
2.697521618524168
2.697521618524168
2.6975216185241666
2.6975216185241666
2.6975216185241666
2.6975216185241666
2.697521618524168
2.697521618524168
2.697521618524168
2.697521618524168
2.6975216185241666
2.6975216185241666
2.6975216185241666
7.356391628330234
7.356391628330237
7.356391628330237
7.356391628330237
7.356391628330237
9.706251410248512
9.975455787133457
9.975455787133457
9.975455787133457
9.975455787133457
9.975455787133457
9.975455787133457
9.975455787133457
9.975455787133457
9.975455787133457
10.051776920882155
12.074987480275274
12.074987480275274
12.074987480275274
12.074987480275274
7.074987649565676
7.074987649565676
7.074987649565676
7.074987649565676
7.074987649565676
7.074987649565676
7.2132774699561955
7.2132774699561955
7.2132774699561955
7.2132774699561955
7.2132774699561955
7.2132774699561955
7.2132774699561955
7.213277469956208
7.2132774699561955
7.2132774699561955
4.163101052288013
4.163101052288013
4.163101052288013
4.163101052288013
0.0024370581628983157
0.0024370581628983157
0.0024370581628983157
0.0024370581628983157
0.0024370581628983157
0.0024370581628983157
0.0024370581628983157
0.0024370581628983157
0.0024370581628983157
0.0024370581628983157
0.0024370581628983157
0.0024370581628983157
0.0024370581628983157
0.0024370581628983157
0.0024370581628983157
0.0024370581628983157
0.0024370581628983157
0.0024370581628983157
0.0024370581628983157
0.0024370581628983157
0.0024370581628983157
0.0024370581628983157
0.0024370581628983157
0.0024370581628983157
0.0024370581628983157
0.0024370581628983157
0.0024370581628983157
0.0024370581628983157
0.0024370581628983157
0.0024370581628983157
0.0024370581628983157
0.0024370581628983157
0.0024370581628983157
0.0024370581628983157
0.0024370581628983157
0.0024370581628983157
0.0024370581628983157
0.0024370581628983157
0.0024370581628983157
0.0024370581628983157
0.0024370581628983157
0.0024370581628983157
0.0024370581628983157
0.0024370581628983157
0.0024370581628983157
0.0024370581628983157
0.0024370581628983157
0.0024370581628983157
0.0024370581628983157
0.0024370581628983157
0.0024370581628983157
0.0024370581628983157
0.0024370581628983157
0.0024370581628983157
0.0024370581628983157
0.0024370581628983157
0.0024370581628983157
0.0024370581628983157
0.0024370581628983157
0.0024370581628983157
0.0024370581628983157
0.0024370581628983157
0.0024370581628983157
0.0024370581628983157
0.0024370581628983157
0.0024370581628983157
0.0024370581628983157
0.0024370581628983157
0.0024370581628983157
0.0024370581628983157
0.0024370581628983157
0.0024370581628983157
0.0024370581628983157
0.0024370581628983157
0.0024370581628983157
0.0024370581628983157
0.0024370581628983157
0.0024370581628983157
0.0024370581628983157
0.0024370581628983157
0.0024370581628983157
0.0024370581628983157
0.0024370581628983157
0.0024370581628983157
0.0024370581628983157
0.0024370581628983157
0.0024370581628983157
0.0024370581628983157
0.0024370581628983157
0.0024370581628983157
0.0024370581628983157
0.0024370581628983157
0.0024370581628983157
0.0024370581628983157
0.0024370581628983157
0.0024370581628983157
0.0024370581628983157
0.0024370581628983157
0.0024370581628983157
0.0024370581628983157
0.0024370581628983157
0.0024370581628983157
0.0024370581628983157
0.0024370581628983157
0.0024370581628983157
0.0024370581628983157
0.0024370581628983157
0.0024370581628983157
0.0024370581628983157
0.0024370581628983157
0.0024370581628983157
0.0024370581628983157
0.0024370581628983157
0.0024370581628983157
0.0024370581628983157
0.0024370581628983157
0.0024370581628983157
0.0024370581628983157
0.0024370581628983157
0.0024370581628983157
0.0024370581628983157
0.0024370581628983157
0.0024370581628983157
0.0024370581628983157
0.0024370581628983157
0.0024370581628983157
0.0024370581628983157
0.0024370581628983157
0.0024370581628983157
0.0024370581628983157
0.0024370581628983157
0.0024370581628983157
0.0024370581628983157
0.0024370581628983157
0.0024370581628983157
0.0024370581628983157
0.0024370581628983157
0.0024370581628983157
0.0024370581628983157
0.0024370581628983157
0.0024370581628983157
0.0024370581628983157
0.0024370581628983157
0.0024370581628983157
0.0024370581628983157
0.0024370581628983157
0.0024370581628983157
0.0024370581628983157
0.0024370581628983157
0.0024370581628983157
0.0024370581628983157
0.0024370581628983157
0.0024370581628983157
0.0024370581628983157
0.0024370581628983157
0.0024370581628983157
0.0024370581628983157
0.0024370581628983157
0.0024370581628983157
0.0024370581628983157
0.0024370581628983157
0.0024370581628983157
0.0024370581628983157
0.0024370581628983157
0.0024370581628983157
0.0024370581628983157
0.0024370581628983157
0.0024370581628983157
0.0024370581628983157
0.0024370581628983157
0.0024370581628983157
0.0024370581628983157
0.0024370581628983157
0.0024370581628983157
0.0024370581628983157
0.0024370581628983157
0.0024370581628983157
0.0024370581628983157
0.0024370581628983157
0.0024370581628983157
0.0024370581628983157
0.0024370581628983157
0.0024370581628983157
0.0024370581628983157
0.0024370581628983157
0.0024370581628983157
0.0024370581628983157
0.0024370581628983157
0.0024370581628983157
0.0024370581628983157
0.0024370581628983157
0.0024370581628983157
0.0024370581628983157
0.0024370581628983157
0.0024370581628983157
0.0024370581628983157
0.0024370581628983157
0.0024370581628983157
0.0024370581628983157
0.0024370581628983157
0.0024370581628983157
0.0024370581628983157
0.0024370581628983157
0.0024370581628983157
0.0024370581628983157
0.0024370581628983157
0.0024370581628983157
0.0024370581628983157
0.0024370581628983157
0.0024370581628983157
0.0024370581628983157
0.0024370581628983157
0.0024370581628983157
0.0024370581628983157
0.0024370581628983157
0.0024370581628983157
0.0024370581628983157
0.0024370581628983157
0.0024370581628983157
0.0024370581628983157
0.0024370581628983157
0.0024370581628983157
0.0024370581628983157
0.0024370581628983157
0.0024370581628983157
0.0024370581628983157
0.0024370581628983157
0.0024370581628983157
0.0024370581628983157
0.0024370581628983157
0.0024370581628983157
0.0024370581628983157
0.0024370581628983157
0.0024370581628983157
0.0024370581628983157
0.0024370581628983157
0.0024370581628983157
0.0024370581628983157
0.0024370581628983157
0.0024370581628983157
0.0024370581628983157
0.0024370581628983157
0.0024370581628983157
0.0024370581628983157
0.0024370581628983157
0.0024370581628983157
0.0024370581628983157
0.0024370581628983157
0.0024370581628983157
0.0024370581628983157
0.0024370581628983157
0.0024370581628983157
0.0024370581628983157
0.0024370581628983157
0.0024370581628983157
0.0024370581628983157
0.0024370581628983157
0.0024370581628983157
0.0024370581628983157
0.0024370581628983157
0.0024370581628983157
0.0024370581628983157
0.0024370581628983157
0.0024370581628983157
0.0024370581628983157
0.0024370581628983157
0.0024370581628983157
0.0024370581628983157
0.0024370581628983157
0.0024370581628983157
0.0024370581628983157
0.0024370581628983157
0.0024370581628983157
0.0024370581628983157
0.0024370581628983157
0.0024370581628983157
0.0024370581628983157
0.0024370581628983157
0.0024370581628983157
0.0024370581628983157
0.0024370581628983157
0.0024370581628983157
0.0024370581628983157
0.0024370581628983157
0.0024370581628983157
0.0024370581628983157
0.0024370581628983157
0.0024370581628983157
0.0024370581628983157
0.0024370581628983157
0.0024370581628983157
0.0024370581628983157
0.0024370581628983157
0.0024370581628983157
0.0024370581628983157
0.0024370581628983157
0.0024370581628983157
0.0024370581628983157
0.0024370581628983157
0.0024370581628983157
