0.004930743861224059
0.002997952564130974
0.00299795256413098
0.0029979525641309866
0.0029979525641309784
0.0029979525641309784
0.00299795256413098
0.0029979525641309775
0.0029979525641309797
0.002997952564130974
0.00299795256413098
0.0029826947658136596
0.0029826947658136613
0.0029826947658136613
0.002982694765813665
0.002982694765813663
0.0029826947658136613
0.0029826947658136613
0.002982694765813665
0.0029826947658136596
0.002818221002034634
0.10375415709704366
0.10375415709470572
0.10375415709664516
0.10375415709333087
0.10375415709704366
0.1037541570936831
0.10375415709664516
0.10375415709333087
0.10375415709704366
3.50393262017083e-07
1.1329903374942651e-07
1.1329903374942652e-07
1.1329903374942662e-07
1.1329903374942655e-07
1.1329903374942651e-07
1.1329903374942652e-07
1.1329903374942654e-07
4.3950371554562055e-08
1.1556230425909137e-07
1.1556226514935922e-07
3.4634517491247423
3.4634517512022787
3.463451750631988
3.4634517489999617
3.4634517491302774
3.4634517512040595
3.4634517506296456
3.4634517504969238
3.4634517491247423
3.4634517512022787
1.0328790379915929
1.0328790379130082
1.0328790380272348
1.0328790379845365
1.0328790379915929
1.0328790379130082
1.032879038017024
1.0328790379845365
1.0328790379915929
0.003708536164208251
0.0009408416661961797
0.0009408416661961803
0.0009408416661961793
0.0009408416661961803
0.0009408416661961803
0.0009408416661961803
0.0009408416661961797
0.0009408416661961799
0.0009408416661961797
0.0009408416661961803
0.0009371177727968834
0.0009371177727968847
0.0009371177727968855
0.0009371177727968853
0.0009371177727968842
0.0009371177727968847
0.0009371177727968855
0.0009371177727968853
0.0009371177727968834
0.0009604981109353212
0.10375415709704366
0.10375415709470572
0.10375415709664516
0.10375415709333087
0.10375415709704366
0.1037541570936831
0.10375415709664516
0.10375415709333087
0.10375415709704366
3.50393262017083e-07
1.1329903374942651e-07
1.1329903374942652e-07
1.1329903374942662e-07
1.1329903374942655e-07
1.1329903374942651e-07
1.1329903374942652e-07
1.1329903374942654e-07
4.3950371554562055e-08
1.1556230425909137e-07
1.1556226514935922e-07
0.0011119779276180868
0.0011119779276181389
0.0011119779276181198
0.0011119779276180842
0.0011119779276180875
0.0011119779276181382
0.0011119779276181198
0.001111977927618116
0.0011119779276180868
0.0011119779276181389
0.0011362720430108024
0.0011362720430107825
0.0011362720430108132
0.0011362720430107998
0.0011362720430108024
0.0011362720430107825
0.00113627204301081
0.0011362720430107998
0.0011362720430108024
0.003708536164208251
0.0009408416661961784
0.0009408416661961803
0.0009408416661961793
0.0009408416661961801
0.0009408416661961801
0.0009408416661961803
0.0009408416661961786
0.0009408416661961797
0.0009408416661961784
0.0009408416661961803
0.0009371177727968849
0.0009371177727968844
0.000937117772796884
0.0009371177727968849
0.0009371177727968853
0.0009371177727968844
0.000937117772796884
0.0009371177727968849
0.0009371177727968849
0.0009604981109353214
0.10375415709704366
0.10375415709470572
0.10375415709664516
0.10375415709333087
0.10375415709704366
0.1037541570936831
0.10375415709664516
0.10375415709333087
0.10375415709704366
3.50393262017083e-07
1.1329903374942651e-07
1.1329903374942652e-07
1.1329903374942662e-07
1.1329903374942655e-07
1.1329903374942651e-07
1.1329903374942652e-07
1.1329903374942654e-07
4.3950371554562055e-08
1.1556230425909137e-07
1.1556226514935922e-07
0.0011119779276180873
0.0011119779276181395
0.0011119779276181194
0.0011119779276180849
0.0011119779276180877
0.0011119779276181389
0.0011119779276181194
0.0011119779276181178
0.0011119779276180873
0.0011119779276181395
0.0011362720430108035
0.0011362720430107846
0.001136272043010812
0.0011362720430108013
0.0011362720430108035
0.0011362720430107846
0.0011362720430108104
0.0011362720430108013
0.0011362720430108035
4.9949484474722405
4.9984472944897655
4.998447294476803
4.998447294486121
4.9984472944664695
4.9984472944664695
4.998447294476803
4.99844729448818
4.9984472944671
4.9984472944897655
4.998447294476803
4.982131699206058
4.982131699197814
4.982131699177515
4.982131699186442
4.982131699200017
4.982131699197814
4.982131699177515
4.982131699186442
4.982131699206058
10.146665753949552
15.848177390169589
15.848177394915716
15.848177390058595
15.848177399724216
15.848177390169589
15.848177394920718
15.848177390058595
15.848177399724216
15.848177390169589
3.50393262017083e-07
12.656459349079578
12.656459297642654
12.656459297643273
12.656459378412961
12.656459349079578
12.656459297642654
12.656459293137555
4.3950371554562055e-08
25.832225838987995
15.832225871947447
0.8746777875582535
0.8746777878228077
0.8746777876187696
0.8746777875503275
0.8746777875586051
0.8746777878227661
0.8746777876188235
0.874677787645622
0.8746777875582535
0.8746777878228077
4.263693741708087
4.263693741397474
4.263693741345921
4.263693741589835
4.263693741708087
4.263693741397474
4.263693741350531
4.263693741589835
4.263693741708087
4.994948447483286
5.000382207586819
5.000382207580687
5.000382207573402
5.000382207580254
5.000382207580254
5.000382207580687
5.000382207576712
5.000382207561036
5.000382207586819
5.000382207580687
5.016743482322317
5.016743482294082
5.016743482310136
5.0167434823329335
5.016743482307056
5.016743482294082
5.016743482310136
5.0167434823329335
5.016743482322317
9.852327039533204
3.8405666879928355
3.8405666832537673
3.8405666881060214
3.840566678449717
3.8405666879928355
3.840566683251479
3.8405666881060214
3.840566678449717
3.8405666879928355
21.92356744062023
13.292270952145488
13.292271003582364
13.292271003581725
13.292270922812035
13.292270952145488
13.292271003582364
13.292271008087523
35.33518938657519
1.1556230425909137e-07
1.1556226514935922e-07
5.659646769290375
5.659646766948284
5.6596467677226086
5.659646769423083
5.659646769284486
5.659646766946547
5.659646767724898
5.659646767830824
5.659646769290375
5.659646766948284
4.701155394601667
4.701155394990855
4.701155394928183
4.701155394726966
4.701155394601667
4.701155394990855
4.70115539493379
4.701155394726966
4.701155394601667
0.002278986365409043
0.002278986365409044
0.0022789863654090413
0.002278986365409041
0.002278986365409043
0.002278986365409044
0.0022789863654090413
0.002278986365409041
0.002278986365409043
0.002278986365409044
0.0022789863654090413
0.0022665516996374997
0.002266551699637502
0.0022665516996375006
0.0022665516996375
0.0022665516996375006
0.0022665516996374984
0.002266551699637501
0.002266551699637501
0.0022665516996374997
0.0022140201643013357
3.7740055068374566e-07
3.7740055068374534e-07
3.774005506837457e-07
3.774005506837457e-07
3.7740055068374566e-07
3.7740055068374534e-07
3.774005506837457e-07
3.774005506837457e-07
2.992391339283853e-07
2.4959747874571846e-07
2.4959747874571846e-07
2.4959747874571825e-07
2.4959747874571846e-07
2.495975518010723e-07
3.5371955026039923e-06
3.899777947845414
3.8997779478454198
3.899777947845414
3.899777947845417
1.8485877849745358
1.3253355342086428
1.325335534208643
1.3253355342086435
1.3253355342086435
1.325335534208643
1.3690524984389205
1.4222464619719026
1.4222464619719009
1.6557916830978994
1.6557916830978994
1.6557916830866377
1.6557916830915214
1.6557916830978994
1.6557916830978994
1.6557916830855466
1.6557916830915116
1.6557916830978994
1.6557916830978994
1.6557916830866377
0.002278986365409043
0.002278986365409044
0.0022789863654090413
0.002278986365409041
0.002278986365409043
0.002278986365409044
0.0022789863654090413
0.002278986365409041
0.002278986365409043
0.002278986365409044
0.0022789863654090413
0.0022665516996374997
0.002266551699637502
0.0022665516996375006
0.0022665516996375
0.0022665516996375006
0.0022665516996374984
0.002266551699637501
0.002266551699637501
0.0022665516996374997
0.0022140201643013357
3.7740055068374566e-07
3.7740055068374534e-07
3.774005506837457e-07
3.774005506837457e-07
3.7740055068374566e-07
3.7740055068374534e-07
3.774005506837457e-07
3.774005506837457e-07
2.992391339283853e-07
2.4959747874571846e-07
2.4959747874571846e-07
2.4959747874571825e-07
2.4959747874571846e-07
2.495975518010723e-07
3.5371955026039923e-06
3.899777947845414
3.8997779478454198
3.899777947845414
3.899777947845417
1.8485877849745358
1.3253355342086428
1.325335534208643
1.3253355342086435
1.3253355342086435
1.325335534208643
1.3690524984389205
1.4222464619719026
1.4222464619719009
1.6557916830978994
1.6557916830978994
1.6557916830866377
1.6557916830915214
1.6557916830978994
1.6557916830978994
1.6557916830855466
1.6557916830915116
1.6557916830978994
1.6557916830978994
1.6557916830866377
0.0008483093786275085
0.0008483093786275089
0.0008483093786275089
0.0008483093786275091
0.0008483093786275085
0.0008483093786275089
0.0008483093786275089
0.0008483093786275091
0.0008483093786275085
0.0008483093786275089
0.0008483093786275089
0.0008842933680940592
0.0008842933680940597
0.0008842933680940592
0.0008842933680940586
0.0008842933680940589
0.0008842933680940589
0.0008842933680940568
0.0008842933680940568
0.0008842933680940592
0.0008951683410373871
3.7740055068374566e-07
3.7740055068374534e-07
3.774005506837457e-07
3.774005506837457e-07
3.7740055068374566e-07
3.7740055068374534e-07
3.774005506837457e-07
3.774005506837457e-07
2.992391339283853e-07
2.4959747874571846e-07
2.4959747874571846e-07
2.4959747874571825e-07
2.4959747874571846e-07
3.447404780045477e-07
8.080305988699653e-06
0.0010827676844417378
0.0010827676844417382
0.0010827676844417382
0.0010827676844417378
0.0010627587483706573
0.0010622159398230551
0.001062215939823056
0.0010622159398230556
0.0010622159398230556
0.0010622159398230551
0.0010030191157529408
0.0009256521300307119
0.0009256521300307128
0.0009129673610830143
0.0009129673610830143
0.0009129673610830132
0.0009129673610830134
0.0009129673610830143
0.0009129673610830143
0.000912967361083013
0.0009129673610830134
0.0009129673610830143
0.0009129673610830143
0.0009129673610830132
0.0014151480245039834
0.0014151480245039813
0.0014151480245039839
0.001415148024503983
0.0014151480245039834
0.0014151480245039813
0.0014151480245039839
0.001415148024503983
0.0014151480245039834
0.0014151480245039813
0.0014151480245039839
0.001314466090927786
0.001314466090927786
0.001314466090927789
0.0013144660909277868
0.0013144660909277862
0.0013144660909277855
0.0013144660909277868
0.0013144660909277868
0.001314466090927786
0.0013299176612498764
3.7740055068374566e-07
3.7740055068374534e-07
3.774005506837457e-07
3.774005506837457e-07
3.7740055068374566e-07
3.7740055068374534e-07
3.774005506837457e-07
3.774005506837457e-07
2.992391339283853e-07
2.4959747874571846e-07
2.4959747874571846e-07
2.4959747874571825e-07
2.4959747874571846e-07
2.495975518010723e-07
5.049047067139658e-08
4.9955014487145196e-08
4.99550144871452e-08
4.995501448714518e-08
4.995501448714518e-08
4.995495621189852e-08
1.3253355342086428
1.325335534208643
1.3253355342086435
1.3253355342086435
1.325335534208643
1.3690524984389205
1.4222464619719026
1.4222464619719009
0.903223883377976
0.9032238833779768
0.903223883390815
0.9032238833760788
0.9032238833779768
0.9032238833779768
0.9032238833920577
0.9032238833760763
0.903223883377976
0.9032238833779768
0.903223883390815
4.998134428750729
4.998134428754452
4.998134428761611
4.998134428764864
4.998134428750729
4.998134428754452
4.998134428761611
4.998134428764864
4.998134428750729
4.998134428754452
4.998134428761611
4.9982625876101014
4.998262587611625
4.998262587591925
4.998262587601302
4.998262587615518
4.998262587595396
4.998262587602663
4.998262587602663
4.9982625876101014
9.998341189312919
11.78584810143644
11.785848101436436
11.785848101436367
11.785848101436367
11.78584810143644
11.785848101436436
11.785848101436367
11.785848101436367
12.252307537755042
12.700261568543922
12.700261568543938
12.700261568543818
12.700261568543922
12.700261473400762
10.190517583988182
2.199361526248629
2.1993615262486177
2.1993615262486275
2.1993615262486257
1.3017621236694967
1.0229318266550564
1.0229318266550553
1.0229318266550549
1.0229318266550549
1.0229318266550558
0.8918401124267897
0.732335570105825
0.7323355701058293
0.7842803248858272
0.7842803248858274
0.784280324895513
0.7842803249004802
0.7842803248858274
0.7842803248858274
0.7842803248964513
0.784280324900503
0.7842803248858272
0.7842803248858274
0.784280324895513
0.0019452357290905469
0.0019452357290905473
0.0019452357290905477
0.0019452357290905469
0.0019452357290905477
0.0019452357290905469
0.0019452357290905469
0.0019452357290905473
0.0019452357290905469
0.0019452357290905473
0.0019452357290905477
0.0019452357290905469
0.0019452357290905477
0.0019452357290905469
0.0019452357290905469
0.0019452357290905473
0.0017850213478277854
0.0017850213478277832
0.001785021347827785
0.001785021347827785
0.001785021347827785
0.001937455800555935
0.0019374558005559354
0.0019374558005559352
0.0019374558005559354
0.0019374558005559352
0.0017502287399665832
0.0017502287399665814
0.0017502287399665832
0.0017502287399665814
0.0017502287399665832
0.0019182351106012702
0.001918235110601268
0.0019182351106012702
0.0019182351106012707
0.001918235110601271
1.1449705176458599e-07
1.1449705176458599e-07
1.1449705176458599e-07
1.1449705176458599e-07
1.1449705176458599e-07
1.1449705176458599e-07
1.1449705176458599e-07
1.1449705176458599e-07
1.1449705176458599e-07
1.848779036366762e-07
2.0527457619294888e-07
2.022146010577268e-07
2.022146010577266e-07
2.0221460105772699e-07
2.022146010577268e-07
2.022146010577268e-07
2.022146010577266e-07
2.0221460105772699e-07
2.022146010577268e-07
0.0019428196733059112
0.0016866776443540952
4.808965403535306e-07
1.651781442240126e-07
1.6517814422401347e-07
0.0019452357290905469
0.0019452357290905473
0.0019452357290905477
0.0019452357290905469
0.0019452357290905477
0.0019452357290905469
0.0019452357290905469
0.0019452357290905473
0.0019452357290905469
0.0019452357290905473
0.0019452357290905477
0.0019452357290905469
0.0019452357290905477
0.0019452357290905469
0.0019452357290905469
0.0019452357290905473
0.0017850213478277854
0.0017850213478277832
0.001785021347827785
0.001785021347827785
0.001785021347827785
0.001937455800555935
0.0019374558005559354
0.0019374558005559352
0.0019374558005559354
0.0019374558005559352
0.0017502287399665832
0.0017502287399665814
0.0017502287399665832
0.0017502287399665814
0.0017502287399665832
0.0019182351106012702
0.001918235110601268
0.0019182351106012702
0.0019182351106012707
0.001918235110601271
1.1449705176458599e-07
1.1449705176458599e-07
1.1449705176458599e-07
1.1449705176458599e-07
1.1449705176458599e-07
1.1449705176458599e-07
1.1449705176458599e-07
1.1449705176458599e-07
1.1449705176458599e-07
1.848779036366762e-07
2.0527457619294888e-07
2.022146010577268e-07
2.022146010577266e-07
2.0221460105772699e-07
2.022146010577268e-07
2.022146010577268e-07
2.022146010577266e-07
2.0221460105772699e-07
2.022146010577268e-07
0.0019428196733059112
0.0016866776443540952
4.808965403535306e-07
1.651781442240126e-07
1.6517814422401347e-07
0.0019452357290905469
0.0019452357290905473
0.0019452357290905477
0.0019452357290905469
0.0019452357290905477
0.0019452357290905469
0.0019452357290905469
0.0019452357290905473
0.0019452357290905469
0.0019452357290905473
0.0019452357290905477
0.0019452357290905469
0.0019452357290905477
0.0019452357290905469
0.0019452357290905469
0.0019452357290905473
0.0017850213478277854
0.0017850213478277832
0.001785021347827785
0.001785021347827785
0.001785021347827785
0.001937455800555935
0.0019374558005559354
0.0019374558005559352
0.0019374558005559354
0.0019374558005559352
0.0017502287399665832
0.0017502287399665814
0.0017502287399665832
0.0017502287399665814
0.0017502287399665832
0.0019182351106012702
0.001918235110601268
0.0019182351106012702
0.0019182351106012707
0.001918235110601271
1.1449705176458599e-07
1.1449705176458599e-07
1.1449705176458599e-07
1.1449705176458599e-07
1.1449705176458599e-07
1.1449705176458599e-07
1.1449705176458599e-07
1.1449705176458599e-07
1.1449705176458599e-07
1.848779036366762e-07
2.0527457619294888e-07
2.022146010577268e-07
2.022146010577266e-07
2.0221460105772699e-07
2.022146010577268e-07
2.022146010577268e-07
2.022146010577266e-07
2.0221460105772699e-07
2.022146010577268e-07
0.0019428196733059112
0.0016866776443540952
4.808965403535306e-07
1.651781442240126e-07
1.6517814422401347e-07
0.0008068969272889609
0.0008068969272889604
0.0008068969272889613
0.0008068969272889613
0.0008068969272889613
0.0008068969272889613
0.0008068969272889609
0.0008068969272889604
0.0008068969272889609
0.0008068969272889604
0.0008068969272889613
0.0008068969272889613
0.0008068969272889613
0.0008068969272889613
0.0008068969272889609
0.0008068969272889604
0.0007851100238243223
0.0007851100238243212
0.000785110023824321
0.0007851100238243214
0.000785110023824321
0.0008061881965313752
0.0008061881965313745
0.0008061881965313749
0.0008061881965313745
0.0008061881965313749
0.0008246254622790571
0.0008246254622790573
0.0008246254622790571
0.0008246254622790573
0.0008246254622790571
0.0008528789422264694
0.000852878942226469
0.0008528789422264694
0.0008528789422264688
0.0008528789422264679
1.1449705176458599e-07
1.1449705176458599e-07
1.1449705176458599e-07
1.1449705176458599e-07
1.1449705176458599e-07
1.1449705176458599e-07
1.1449705176458599e-07
1.1449705176458599e-07
1.1449705176458599e-07
1.848779036366762e-07
2.0527457619294888e-07
2.022146010577268e-07
2.022146010577266e-07
2.0221460105772699e-07
2.022146010577268e-07
2.022146010577268e-07
2.022146010577266e-07
2.0221460105772699e-07
2.022146010577268e-07
3.790856583367185e-08
0.0016866776443540952
4.808965403535306e-07
1.651781442240126e-07
1.6517814422401347e-07
0.0008068969272889609
0.0008068969272889604
0.0008068969272889609
0.0008068969272889613
0.0008068969272889609
0.0008068969272889613
0.0008068969272889609
0.0008068969272889604
0.0008068969272889609
0.0008068969272889604
0.0008068969272889609
0.0008068969272889613
0.0008068969272889609
0.0008068969272889613
0.0008068969272889609
0.0008068969272889604
0.0017029122902195116
0.0017029122902195123
0.0017029122902195123
0.0017029122902195125
0.0017029122902195123
0.0008347976397624305
0.0008347976397624299
0.0008347976397624299
0.0008347976397624299
0.0008347976397624299
0.0017543370040214886
0.0017543370040214894
0.0017543370040214886
0.0017543370040214894
0.0017543370040214886
0.0008760602257171283
0.0008760602257171291
0.0008760602257171283
0.0008760602257171269
0.0008760602257171278
5.886480432248643
5.886480432248643
5.886480432248643
5.886480432248643
5.886480432248643
5.886480432248643
5.886480432248643
5.886480432248643
5.886480432248643
3.6455565902461045
3.283309505728361
3.3329952214064744
3.332995221406477
3.332995221406474
3.3329952214064744
3.3329952214064744
3.332995221406477
3.332995221406474
3.3329952214064744
0.0019428196733059112
0.0015273354192394315
1.401437283492698
4.080337459692415
4.080337459692416
0.5757681214080081
0.5757681214080079
0.5757681214080079
0.5757681214080079
0.5757681214080079
0.5757681214080081
0.5757681214080081
0.5757681214080081
0.5757681214080081
0.5757681214080079
0.5757681214080079
0.5757681214080079
0.5757681214080079
0.5757681214080081
0.5757681214080081
0.5757681214080081
0.5757681214080081
0.5757681214080079
0.5757681214080079
0.5757681214080079
0.661902570583312
0.661902570583312
0.661902570583312
0.661902570583312
0.661902570583312
0.07049047615742488
0.00643321891423522
0.00643321891423522
0.00643321891423522
0.00643321891423522
0.006433218914235219
0.00643321891423522
0.00643321891423522
0.00643321891423522
0.00643321891423522
4.581139709724922e-05
3.248370461812447e-07
3.248370461812447e-07
3.248370461812447e-07
3.248370461812447e-07
3.24836826568518e-07
3.24836826568518e-07
3.24836826568518e-07
3.24836826568518e-07
3.24836826568518e-07
3.24836826568518e-07
3.0456923948352206e-07
3.0456923948352206e-07
3.0456923948352206e-07
3.0456923948352206e-07
3.0456923948352206e-07
3.0456923948352206e-07
3.0456923948352206e-07
3.0456923948352206e-07
3.0456923948352206e-07
3.0456923948352206e-07
1.1978084083155958
1.1978084083155958
1.1978084083155958
1.1978084083155958
0.5757681214080081
0.5757681214080079
0.5757681214080079
0.5757681214080079
0.5757681214080079
0.5757681214080081
0.5757681214080081
0.5757681214080081
0.5757681214080081
0.5757681214080079
0.5757681214080079
0.5757681214080079
0.5757681214080079
0.5757681214080081
0.5757681214080081
0.5757681214080081
0.5757681214080081
0.5757681214080079
0.5757681214080079
0.5757681214080079
0.661902570583312
0.661902570583312
0.661902570583312
0.661902570583312
0.661902570583312
0.07049047615742488
0.00643321891423522
0.00643321891423522
0.00643321891423522
0.00643321891423522
0.006433218914235219
0.00643321891423522
0.00643321891423522
0.00643321891423522
0.00643321891423522
4.581139709724922e-05
3.248370461812447e-07
3.248370461812447e-07
3.248370461812447e-07
3.248370461812447e-07
3.24836826568518e-07
3.24836826568518e-07
3.24836826568518e-07
3.24836826568518e-07
3.24836826568518e-07
3.24836826568518e-07
3.0456923948352206e-07
3.0456923948352206e-07
3.0456923948352206e-07
3.0456923948352206e-07
3.0456923948352206e-07
3.0456923948352206e-07
3.0456923948352206e-07
3.0456923948352206e-07
3.0456923948352206e-07
3.0456923948352206e-07
1.1978084083155958
1.1978084083155958
1.1978084083155958
1.1978084083155958
0.5757681214080081
0.5757681214080079
0.5757681214080079
0.5757681214080079
0.5757681214080079
0.5757681214080081
0.5757681214080081
0.5757681214080081
0.5757681214080081
0.5757681214080079
0.5757681214080079
0.5757681214080079
0.5757681214080079
0.5757681214080081
0.5757681214080081
0.5757681214080081
0.5757681214080081
0.5757681214080079
0.5757681214080079
0.5757681214080079
0.661902570583312
0.661902570583312
0.661902570583312
0.661902570583312
0.661902570583312
0.07049047615742488
0.00643321891423522
0.00643321891423522
0.00643321891423522
0.00643321891423522
0.006433218914235219
0.00643321891423522
0.00643321891423522
0.00643321891423522
0.00643321891423522
4.581139709724922e-05
3.248370461812447e-07
3.248370461812447e-07
3.248370461812447e-07
3.248370461812447e-07
3.24836826568518e-07
3.24836826568518e-07
3.24836826568518e-07
3.24836826568518e-07
3.24836826568518e-07
3.24836826568518e-07
3.0456923948352206e-07
3.0456923948352206e-07
3.0456923948352206e-07
3.0456923948352206e-07
3.0456923948352206e-07
3.0456923948352206e-07
3.0456923948352206e-07
3.0456923948352206e-07
3.0456923948352206e-07
3.0456923948352206e-07
1.1978084083155958
1.1978084083155958
1.1978084083155958
1.1978084083155958
0.5757681214080081
0.5757681214080079
0.5757681214080079
0.5757681214080079
0.5757681214080079
0.5757681214080081
0.5757681214080081
0.5757681214080081
0.5757681214080081
0.5757681214080079
0.5757681214080079
0.5757681214080079
0.5757681214080079
0.5757681214080081
0.5757681214080081
0.5757681214080081
0.5757681214080081
0.5757681214080079
0.5757681214080079
0.5757681214080079
0.661902570583312
0.661902570583312
0.661902570583312
0.661902570583312
0.661902570583312
0.07049047615742488
0.00643321891423522
0.00643321891423522
0.00643321891423522
0.00643321891423522
0.006433218914235219
0.00643321891423522
0.00643321891423522
0.00643321891423522
0.00643321891423522
4.581139709724922e-05
3.248370461812447e-07
3.248370461812447e-07
3.248370461812447e-07
3.248370461812447e-07
3.24836826568518e-07
3.24836826568518e-07
3.24836826568518e-07
3.24836826568518e-07
3.24836826568518e-07
3.24836826568518e-07
3.0456923948352206e-07
3.0456923948352206e-07
3.0456923948352206e-07
3.0456923948352206e-07
3.0456923948352206e-07
3.0456923948352206e-07
3.0456923948352206e-07
3.0456923948352206e-07
3.0456923948352206e-07
3.0456923948352206e-07
1.1978084083155958
1.1978084083155958
1.1978084083155958
1.1978084083155958
2.696928820500082
2.696928820500089
2.696928820500089
2.696928820500089
2.696928820500089
2.696928820500082
2.696928820500082
2.696928820500082
2.696928820500082
2.696928820500089
2.696928820500089
2.696928820500089
2.696928820500089
2.696928820500082
2.696928820500082
2.696928820500082
2.696928820500082
2.696928820500089
2.696928820500089
2.696928820500089
7.352390798447891
7.352390798447891
7.352390798447891
7.352390798447891
7.352390798447891
9.718075045136175
9.97512601817983
9.97512601817983
9.97512601817983
9.97512601817983
9.97512601815368
9.97512601817983
9.97512601817983
9.97512601817983
9.97512601817983
10.046393815824139
12.074809786569121
12.074809786569121
12.074809786569121
12.074809786569121
7.074809865465634
7.074809865465634
7.074809865465634
7.074809865465634
7.074809865465634
7.074809865465634
7.212884973740309
7.212884973740309
7.212884973740309
7.212884973740309
7.212884973740309
7.212884973740309
7.212884973740309
7.21288497374028
7.212884973740309
7.212884973740309
0.208767064648941
0.208767064648941
0.208767064648941
0.208767064648941
0.0016638766665309143
0.0016638766665309143
0.0016638766665309143
0.0016638766665309143
0.0016638766665309143
0.0016638766665309143
0.0016638766665309143
0.0016638766665309143
0.0016638766665309143
0.0016638766665309143
0.0016638766665309143
0.0016638766665309143
0.0016638766665309143
0.0016638766665309143
0.0016638766665309143
0.0016638766665309143
0.0016638766665309143
0.0016638766665309143
0.0016638766665309143
0.0016638766665309143
0.0016638766665309143
0.0016638766665309143
0.0016638766665309143
0.0016638766665309143
0.0016638766665309143
0.0016638766665309143
0.0016638766665309143
0.0016638766665309143
0.0016638766665309143
0.0016638766665309143
0.0016638766665309143
0.0016638766665309143
0.0016638766665309143
0.0016638766665309143
0.0016638766665309143
0.0016638766665309143
0.0016638766665309143
0.0016638766665309143
0.0016638766665309143
0.0016638766665309143
0.0016638766665309143
0.0016638766665309143
0.0016638766665309143
0.0016638766665309143
0.0016638766665309143
0.0016638766665309143
0.0016638766665309143
0.0016638766665309143
0.0016638766665309143
0.0016638766665309143
0.0016638766665309143
0.0016638766665309143
0.0016638766665309143
0.0016638766665309143
0.0016638766665309143
0.0016638766665309143
0.0016638766665309143
0.0016638766665309143
0.0016638766665309143
0.0016638766665309143
0.0016638766665309143
0.0016638766665309143
0.0016638766665309143
0.0016638766665309143
0.0016638766665309143
0.0016638766665309143
0.0016638766665309143
0.0016638766665309143
0.0016638766665309143
0.0016638766665309143
0.0016638766665309143
0.0016638766665309143
0.0016638766665309143
0.0016638766665309143
0.0016638766665309143
0.0016638766665309143
0.0016638766665309143
0.0016638766665309143
0.0016638766665309143
0.0016638766665309143
0.0016638766665309143
0.0016638766665309143
0.0016638766665309143
0.0016638766665309143
0.0016638766665309143
0.0016638766665309143
0.0016638766665309143
0.0016638766665309143
0.0016638766665309143
0.0016638766665309143
0.0016638766665309143
0.0016638766665309143
0.0016638766665309143
0.0016638766665309143
0.0016638766665309143
0.0016638766665309143
0.0016638766665309143
0.0016638766665309143
0.0016638766665309143
0.0016638766665309143
0.0016638766665309143
0.0016638766665309143
0.0016638766665309143
0.0016638766665309143
0.0016638766665309143
0.0016638766665309143
0.0016638766665309143
0.0016638766665309143
0.0016638766665309143
0.0016638766665309143
0.0016638766665309143
0.0016638766665309143
0.0016638766665309143
0.0016638766665309143
0.0016638766665309143
0.0016638766665309143
0.0016638766665309143
0.0016638766665309143
0.0016638766665309143
0.0016638766665309143
0.0016638766665309143
0.0016638766665309143
0.0016638766665309143
0.0016638766665309143
0.0016638766665309143
0.0016638766665309143
0.0016638766665309143
0.0016638766665309143
0.0016638766665309143
0.0016638766665309143
0.0016638766665309143
0.0016638766665309143
0.0016638766665309143
0.0016638766665309143
0.0016638766665309143
0.0016638766665309143
0.0016638766665309143
0.0016638766665309143
0.0016638766665309143
0.0016638766665309143
0.0016638766665309143
0.0016638766665309143
0.0016638766665309143
0.0016638766665309143
0.0016638766665309143
0.0016638766665309143
0.0016638766665309143
0.0016638766665309143
0.0016638766665309143
0.0016638766665309143
0.0016638766665309143
0.0016638766665309143
0.0016638766665309143
0.0016638766665309143
0.0016638766665309143
0.0016638766665309143
0.0016638766665309143
0.0016638766665309143
0.0016638766665309143
0.0016638766665309143
0.0016638766665309143
0.0016638766665309143
0.0016638766665309143
0.0016638766665309143
0.0016638766665309143
0.0016638766665309143
0.0016638766665309143
0.0016638766665309143
0.0016638766665309143
0.0016638766665309143
0.0016638766665309143
0.0016638766665309143
0.0016638766665309143
0.0016638766665309143
0.0016638766665309143
0.0016638766665309143
0.0016638766665309143
0.0016638766665309143
0.0016638766665309143
0.0016638766665309143
0.0016638766665309143
0.0016638766665309143
0.0016638766665309143
0.0016638766665309143
0.0016638766665309143
0.0016638766665309143
0.0016638766665309143
0.0016638766665309143
0.0016638766665309143
0.0016638766665309143
0.0016638766665309143
0.0016638766665309143
0.0016638766665309143
0.0016638766665309143
0.0016638766665309143
0.0016638766665309143
0.0016638766665309143
0.0016638766665309143
0.0016638766665309143
0.0016638766665309143
0.0016638766665309143
0.0016638766665309143
0.0016638766665309143
0.0016638766665309143
0.0016638766665309143
0.0016638766665309143
0.0016638766665309143
0.0016638766665309143
0.0016638766665309143
0.0016638766665309143
0.0016638766665309143
0.0016638766665309143
0.0016638766665309143
0.0016638766665309143
0.0016638766665309143
0.0016638766665309143
0.0016638766665309143
0.0016638766665309143
0.0016638766665309143
0.0016638766665309143
0.0016638766665309143
0.0016638766665309143
0.0016638766665309143
0.0016638766665309143
0.0016638766665309143
0.0016638766665309143
0.0016638766665309143
0.0016638766665309143
0.0016638766665309143
0.0016638766665309143
0.0016638766665309143
0.0016638766665309143
0.0016638766665309143
0.0016638766665309143
0.0016638766665309143
0.0016638766665309143
0.0016638766665309143
0.0016638766665309143
0.0016638766665309143
0.0016638766665309143
0.0016638766665309143
0.0016638766665309143
0.0016638766665309143
0.0016638766665309143
0.0016638766665309143
0.0016638766665309143
0.0016638766665309143
0.0016638766665309143
0.0016638766665309143
0.0016638766665309143
0.0016638766665309143
0.0016638766665309143
0.0016638766665309143
0.0016638766665309143
0.0016638766665309143
0.0016638766665309143
0.0016638766665309143
0.0016638766665309143
0.0016638766665309143
0.0016638766665309143
0.0016638766665309143
0.0016638766665309143
0.0016638766665309143
0.0016638766665309143
0.0016638766665309143
0.0016638766665309143
0.0016638766665309143
0.0016638766665309143
0.0016638766665309143
0.0016638766665309143
0.0016638766665309143
0.0016638766665309143
0.0016638766665309143
0.0016638766665309143
0.0016638766665309143
0.0016638766665309143
0.0016638766665309143
0.0016638766665309143
0.0016638766665309143
0.0016638766665309143
0.0016638766665309143
0.0016638766665309143
0.0016638766665309143
0.0016638766665309143
0.0016638766665309143
0.0016638766665309143
0.0016638766665309143
0.0016638766665309143
0.0016638766665309143
0.0016638766665309143
0.0016638766665309143
0.0016638766665309143
0.0016638766665309143
0.0016638766665309143
0.0016638766665309143
0.0016638766665309143
0.0016638766665309143
0.0016638766665309143
0.0016638766665309143
0.0016638766665309143
