5.333333333333332
4.999999999999998
53.33333333333333
49.999999999999986
58.66666666666666
54.999999999999986
93.33333333333331
86.66666666666663
76.0
82.66666666666663
56.33333333333333
56.333333333333314
44.999999999999986
38.999999999999986
0.0
0.0
0.0
0.0
0.0
0.0
4.666666666666666
4.999999999999999
100.00000000000031
46.66666666666666
49.999999999999986
99.99999999999991
51.33333333333333
54.999999999999986
99.99999999999997
86.66666666666666
93.33333333333331
79.99999999999972
82.99999999999999
88.99999999999997
19.999999999999996
59.33333333333332
62.66666666666666
0.0
38.999999999999986
44.999999999999986
0.0
0.0
0.0
0.0
0.0
0.0
0.0
0.0
0.0
0.0
0.0
54.99999999999999
54.99999999999998
0.0
54.99999999999999
54.999999999999986
0.0
99.99999999999983
93.33333333333317
6.666666666666665
95.33333333333331
89.33333333333331
25.33333333333333
74.99999999999997
71.66666666666666
3.3333333333333326
51.999999999999986
51.999999999999986
5.999999999999998
8.999999999999996
8.999999999999996
0.0
0.0
0.0
0.0
0.0
0.0
0.0
0.0
0.0
