5.328808464705767
5.010757602814372
53.3318279781591
50.01073562576724
58.66576142671863
55.00952912370303
94.73867156740218
89.23904596400678
77.87072449105193
81.75898445033644
59.481465040815266
56.72138810620123
44.80352388692363
39.00779048278868
0.013907749831433325
0.01245454890303013
0.013586987168568218
0.012592678275432343
0.01006239040703884
0.006070892925343168
4.662707406617546
5.010757602809341
100.00000000000034
46.665349480889205
50.00676692623723
100.00000000000001
51.332541248378796
55.00952912407339
90.69124682948878
83.01995329785925
95.68204689913313
71.57751880524296
81.21594470799009
88.41230026711932
20.860655597562918
55.89327666742059
62.985173167271775
0.30684030349704583
39.20308340105817
45.008005530144125
0.3062989012828154
0.012169281102504158
0.015085690719162484
0.0
0.011888613772497192
0.01637118493558716
0.0
0.008804591606158985
0.013781853239914807
0.005312031309675272
0.0046004984101156166
55.00640925053244
54.98492577346535
0.012497837853561785
55.00843795512476
55.00091165746389
0.012471938362452601
99.99999999999913
100.00000000000004
5.878109723568562
96.85469797392878
97.15551612466308
22.083932772334865
75.18607571014977
70.8372260889091
2.704895588535914
51.531539000142416
51.66211016339226
0.014399892462418759
8.513130719056756
8.662679277473007
0.012393980227286583
0.023854458793944704
0.010240363470349146
0.01241073373193588
0.0237794286823328
0.010288088239874137
0.011799839984142883
0.011131269241502328
0.011382924235018433
