0.007154755742429316
0.00423127564616215
0.004231275646162142
0.004231275646162141
0.00423127564616215
0.00423127564616215
0.004231275646162142
0.004231275646162141
0.00423127564616215
0.00423127564616215
0.004231275646162142
0.0041306303133961525
0.004130630313396149
0.0041306303133961456
0.004130630313396156
0.0041306303133961525
0.004130630313396149
0.0041306303133961456
0.004130630313396156
0.0041306303133961525
0.004466195587051207
0.00029446848280084616
0.0002944684828008541
0.00029446848280085565
0.0002944684828008569
0.00029446848280084616
0.0002944684828008541
0.00029446848280085565
0.0002944684828008569
0.00029446848280084616
3.4063819582395604e-07
2.374974553337704e-07
2.3749745533377016e-07
2.3749745533377064e-07
2.3749745533377038e-07
2.374974553337704e-07
2.3749745533377016e-07
2.3749745533377064e-07
1.3063774610188262e-07
2.1592587948505533e-07
2.1592576232540476e-07
1.8990092391840103
1.8990092393944817
1.8990092393475353
1.8990092394307836
1.8990092391840103
1.899009239394394
1.8990092394030267
1.8990092394307836
1.8990092391840103
1.8990092393944817
1.0973581636799996
1.097358163661063
1.0973581636859948
1.0973581636806304
1.0973581636799996
1.097358163661063
1.0973581636859948
1.0973581636806304
1.0973581636799996
0.005349756263157826
0.001425612489222043
0.0014256124892220413
0.0014256124892220421
0.001425612489222043
0.001425612489222043
0.0014256124892220413
0.0014256124892220421
0.001425612489222043
0.001425612489222043
0.0014256124892220413
0.001408488061424557
0.0014084880614245586
0.001408488061424559
0.0014084880614245582
0.001408488061424557
0.0014084880614245586
0.001408488061424559
0.0014084880614245582
0.001408488061424557
0.0015458181893000006
0.00029446848280084616
0.0002944684828008541
0.00029446848280085565
0.0002944684828008569
0.00029446848280084616
0.0002944684828008541
0.00029446848280085565
0.0002944684828008569
0.00029446848280084616
3.4063819582395604e-07
2.374974553337704e-07
2.3749745533377016e-07
2.3749745533377064e-07
2.3749745533377038e-07
2.374974553337704e-07
2.3749745533377016e-07
2.3749745533377064e-07
1.3063774610188262e-07
2.1592587948505533e-07
2.1592576232540476e-07
0.0016712366991467344
0.0016712366991467726
0.0016712366991467643
0.0016712366991467778
0.0016712366991467344
0.0016712366991467726
0.0016712366991467713
0.0016712366991467778
0.0016712366991467344
0.0016712366991467726
0.001716141949767712
0.001716141949767699
0.001716141949767712
0.0017161419497677098
0.001716141949767712
0.001716141949767699
0.001716141949767712
0.0017161419497677098
0.001716141949767712
0.005349756263157816
0.0014256124892220447
0.0014256124892220404
0.0014256124892220413
0.0014256124892220447
0.0014256124892220447
0.0014256124892220404
0.0014256124892220413
0.0014256124892220447
0.0014256124892220447
0.0014256124892220404
0.0014084880614245578
0.0014084880614245604
0.0014084880614245582
0.001408488061424559
0.0014084880614245578
0.0014084880614245604
0.0014084880614245582
0.001408488061424559
0.0014084880614245578
0.0015458181893000021
0.00029446848280084616
0.0002944684828008541
0.00029446848280085565
0.0002944684828008569
0.00029446848280084616
0.0002944684828008541
0.00029446848280085565
0.0002944684828008569
0.00029446848280084616
3.4063819582395604e-07
2.374974553337704e-07
2.3749745533377016e-07
2.3749745533377064e-07
2.3749745533377038e-07
2.374974553337704e-07
2.3749745533377016e-07
2.3749745533377064e-07
1.3063774610188262e-07
2.1592587948505533e-07
2.1592576232540476e-07
0.0016712366991467338
0.0016712366991467713
0.001671236699146763
0.001671236699146777
0.0016712366991467338
0.0016712366991467713
0.0016712366991467691
0.001671236699146777
0.0016712366991467338
0.0016712366991467713
0.0017161419497677098
0.0017161419497677007
0.0017161419497677122
0.0017161419497677128
0.0017161419497677098
0.0017161419497677007
0.0017161419497677122
0.0017161419497677128
0.0017161419497677098
4.9924887111789
4.99764394754513
4.997643947535314
4.997643947547086
4.99764394754513
4.99764394754513
4.997643947535314
4.997643947547086
4.99764394754513
4.99764394754513
4.997643947535314
4.957559012344663
4.957559012337378
4.957559012337772
4.957559012350667
4.957559012344663
4.957559012337378
4.957559012337772
4.957559012350667
4.957559012344663
10.361857337432832
15.511375078922711
15.51137508045143
15.511375079051014
15.511375080327644
15.511375078922711
15.51137508045143
15.511375079008335
15.511375080327644
15.511375078922711
3.4063819582395604e-07
13.838761046643357
13.838761049794458
13.838761024896472
13.83876102952108
13.838761046643357
13.838761049794458
13.838761024896472
1.3063774610188262e-07
27.00743161558501
17.007431681467192
1.8990092391840103
1.8990092393944817
1.8990092393475353
1.8990092394307836
1.8990092391840103
1.899009239394394
1.8990092394030267
1.8990092394307836
1.8990092391840103
1.8990092393944817
4.132786613054255
4.132786613291864
4.132786613281181
4.13278661306305
4.132786613054255
4.132786613291864
4.132786613281181
4.13278661306305
4.132786613054255
4.992488711172331
5.000598559244507
5.0005985592398785
5.000598559255278
5.000598559244507
5.000598559244507
5.0005985592398785
5.000598559255278
5.000598559244507
5.000598559244507
5.0005985592398785
5.0408833239704585
5.040883323967988
5.040883323955
5.040883323959029
5.0408833239704585
5.040883323967988
5.040883323955
5.040883323959029
5.0408833239704585
9.635974546420108
4.516950223004044
4.51695022141743
4.5169502228506575
4.5169502215862
4.516950223004044
4.51695022141743
4.516950222845996
4.5169502215862
4.516950223004044
24.4437470455918
12.532172961533544
12.532172958382631
12.532172983280764
12.532172978656122
12.532172961533544
12.532172958382631
12.532172983280764
31.58229239857376
2.1592587948505533e-07
2.1592576232540476e-07
6.198639995353484
6.198639994932535
6.1986399950264195
6.198639994859912
6.198639995353484
6.1986399949327184
6.198639994915429
6.198639994859912
6.198639995353484
6.198639994932535
4.766424464900228
4.7664244646815375
4.7664244646673115
4.766424464890808
4.766424464900228
4.7664244646815375
4.7664244646673115
4.766424464890808
4.766424464900228
0.0032323868669045224
0.00323238686690452
0.0032323868669045207
0.0032323868669045224
0.0032323868669045224
0.00323238686690452
0.0032323868669045215
0.0032323868669045224
0.0032323868669045224
0.00323238686690452
0.0032323868669045207
0.003147383572691644
0.003147383572691643
0.003147383572691648
0.0031473835726916494
0.003147383572691643
0.003147383572691643
0.003147383572691648
0.0031473835726916494
0.003147383572691644
0.0031801333117048125
1.1606515210363023e-06
1.1606515210363025e-06
1.1606515210363006e-06
1.1606515210363006e-06
1.1606515210363023e-06
1.1606515210363025e-06
1.1606515210363006e-06
1.1606515210363006e-06
9.511531916373252e-07
3.864191584332299e-07
3.8641915843322983e-07
3.8641915843322946e-07
3.864191584332299e-07
4.0640582886131705e-07
2.008203285990222
2.513319661429631
2.513319661445351
2.513319661445351
2.51331966142963
1.2527179794978864
1.2527179794857872
1.2527179794857872
1.2527179794978862
1.6788150181175494
1.6788150181072756
1.6788150181077006
1.6788150181175499
1.6788150181175496
1.9497382583756873
1.6596467196798714
1.6596467196614815
1.6596467196775138
1.6596467196798719
1.6596467196798705
1.6596467196614741
1.6596467196775162
1.6596467196798719
1.6596467196798714
1.6596467196614815
0.0032323868669045224
0.00323238686690452
0.0032323868669045207
0.0032323868669045224
0.0032323868669045224
0.00323238686690452
0.0032323868669045215
0.0032323868669045224
0.0032323868669045224
0.00323238686690452
0.0032323868669045207
0.003147383572691644
0.003147383572691643
0.003147383572691648
0.0031473835726916494
0.003147383572691643
0.003147383572691643
0.003147383572691648
0.0031473835726916494
0.003147383572691644
0.0031801333117048125
1.1606515210363023e-06
1.1606515210363025e-06
1.1606515210363006e-06
1.1606515210363006e-06
1.1606515210363023e-06
1.1606515210363025e-06
1.1606515210363006e-06
1.1606515210363006e-06
9.511531916373252e-07
3.864191584332299e-07
3.8641915843322983e-07
3.8641915843322946e-07
3.864191584332299e-07
4.0640582886131705e-07
2.008203285990222
2.513319661429631
2.513319661445351
2.513319661445351
2.51331966142963
1.2527179794978864
1.2527179794857872
1.2527179794857872
1.2527179794978862
1.6788150181175494
1.6788150181072756
1.6788150181077006
1.6788150181175499
1.6788150181175496
1.9497382583756873
1.6596467196798714
1.6596467196614815
1.6596467196775138
1.6596467196798719
1.6596467196798705
1.6596467196614741
1.6596467196775162
1.6596467196798719
1.6596467196798714
1.6596467196614815
0.001298431458709708
0.001298431458709709
0.0012984314587097085
0.001298431458709708
0.001298431458709708
0.001298431458709709
0.0012984314587097085
0.001298431458709708
0.001298431458709708
0.001298431458709709
0.0012984314587097085
0.0013412071302601968
0.001341207130260196
0.0013412071302601957
0.0013412071302601955
0.0013412071302601968
0.001341207130260196
0.0013412071302601957
0.0013412071302601955
0.0013412071302601968
0.0013943574518700088
1.1606515210363023e-06
1.1606515210363025e-06
1.1606515210363006e-06
1.1606515210363006e-06
1.1606515210363023e-06
1.1606515210363025e-06
1.1606515210363006e-06
1.1606515210363006e-06
9.511531916373252e-07
3.864191584332299e-07
3.8641915843322983e-07
3.8641915843322946e-07
3.864191584332299e-07
4.0640582886131705e-07
2.008203285990222
0.0014531392571438073
0.0014531392571438086
0.0014531392571438086
0.0014531392571438065
0.0013949449189120278
0.0013949449189120243
0.0013949449189120243
0.0013949449189120246
0.0013964474796068127
0.001396447479606811
0.0013964474796068127
0.0013964474796068144
0.0013964474796068136
0.0014484009303185343
0.0016020144897486161
0.0016020144897486088
0.0016020144897486148
0.0016020144897486127
0.0016020144897486161
0.0016020144897486088
0.0016020144897486122
0.0016020144897486135
0.0016020144897486161
0.0016020144897486088
0.0021597236755511577
0.0021597236755511585
0.0021597236755511594
0.0021597236755511577
0.0021597236755511577
0.0021597236755511585
0.0021597236755511577
0.0021597236755511577
0.0021597236755511577
0.0021597236755511585
0.0021597236755511594
0.0017651430492929526
0.0017651430492929543
0.0017651430492929539
0.001765143049292953
0.0017651430492929517
0.0017651430492929543
0.0017651430492929539
0.001765143049292953
0.0017651430492929526
0.0018263949140783623
1.1606515210363023e-06
1.1606515210363025e-06
1.1606515210363006e-06
1.1606515210363006e-06
1.1606515210363023e-06
1.1606515210363025e-06
1.1606515210363006e-06
1.1606515210363006e-06
9.511531916373252e-07
3.864191584332299e-07
3.8641915843322983e-07
3.8641915843322946e-07
3.864191584332299e-07
4.0640582886131705e-07
2.008203285990222
2.513319661429631
2.513319661445351
2.513319661445351
2.51331966142963
1.2527179794978864
1.2527179794857872
1.2527179794857872
1.2527179794978862
7.481916997276034e-08
7.481916997276024e-08
7.481916997276001e-08
7.481916997276012e-08
7.481916997276045e-08
1.0414129883857007e-07
1.1700263945314646
1.1700263945623854
1.1700263945302938
1.1700263945314637
1.1700263945314644
1.1700263945623965
1.170026394530294
1.1700263945314644
1.1700263945314646
1.1700263945623854
4.997193566685642
4.99719356668915
4.997193566690867
4.997193566685642
4.997193566685642
4.99719356668915
4.997193566686788
4.997193566685642
4.997193566685642
4.99719356668915
4.997193566690867
4.997884853597725
4.997884853597436
4.997884853605764
4.9978848535970295
4.997884853595729
4.997884853597436
4.997884853605764
4.9978848535970295
4.997884853597725
9.997704649121204
11.303558386238901
11.303558386238853
11.30355838623884
11.30355838623884
11.303558386238901
11.303558386238853
11.30355838623884
11.30355838623884
11.590751206360544
13.916048114616965
13.916048114616276
13.916048114618823
13.916048114616965
13.72346021887541
1.9671877607715
2.458588629075481
2.4585886290283234
2.4585886290283234
2.4585886290754826
1.2404526256033772
1.240452625639675
1.240452625639675
1.2404526256033768
1.640974646604021
1.6409746466245685
1.6409746466237176
1.640974646604021
1.6409746466040207
1.0990760577638614
0.5090793654513975
0.5090793654572583
0.5090793654572837
0.5090793654513972
0.5090793654513976
0.5090793654572606
0.50907936545728
0.5090793654513973
0.5090793654513975
0.5090793654572583
0.002787779531716615
0.002787779531716616
0.002787779531716615
0.002787779531716616
0.002787779531716615
0.002787779531716616
0.002787779531716615
0.002787779531716616
0.002787779531716615
0.002787779531716616
0.002787779531716615
0.002787779531716616
0.002787779531716615
0.002787779531716616
0.002787779531716615
0.002787779531716616
0.00254266983877257
0.00254266983877257
0.002542669838772571
0.002542669838772569
0.002542669838772571
0.002789956033260028
0.0027899560332600246
0.002789956033260028
0.0027899560332600246
0.002789956033260028
0.0022214932383158963
0.002221493238315899
0.0022214932383158963
0.002221493238315899
0.0022214932383158945
0.002713149106572583
0.0027131491065725847
0.002713149106572583
0.0027131491065725847
0.002713149106572583
2.810984447238389e-07
2.810984447238389e-07
2.810984447238389e-07
2.810984447238389e-07
2.810984447238389e-07
2.810984447238389e-07
2.810984447238389e-07
2.810984447238389e-07
2.810984447238389e-07
4.917634448456936e-07
2.486373355268737e-07
2.486373355268737e-07
2.4863733552687456e-07
2.679252618713845e-07
5.289746687105906e-07
5.289746687105906e-07
5.289746687105914e-07
5.289746687105914e-07
5.289746687105906e-07
2.587063679434478e-06
0.002840792914991785
0.0028407929149917833
0.002840792914991785
0.0028407929149917833
0.002787779531716615
0.002787779531716616
0.002787779531716615
0.002787779531716616
0.002787779531716615
0.002787779531716616
0.002787779531716615
0.002787779531716616
0.002787779531716615
0.002787779531716616
0.002787779531716615
0.002787779531716616
0.002787779531716615
0.002787779531716616
0.002787779531716615
0.002787779531716616
0.00254266983877257
0.00254266983877257
0.002542669838772571
0.002542669838772569
0.002542669838772571
0.002789956033260028
0.0027899560332600246
0.002789956033260028
0.0027899560332600246
0.002789956033260028
0.0022214932383158963
0.002221493238315899
0.0022214932383158963
0.002221493238315899
0.0022214932383158945
0.002713149106572583
0.0027131491065725847
0.002713149106572583
0.0027131491065725847
0.002713149106572583
2.810984447238389e-07
2.810984447238389e-07
2.810984447238389e-07
2.810984447238389e-07
2.810984447238389e-07
2.810984447238389e-07
2.810984447238389e-07
2.810984447238389e-07
2.810984447238389e-07
4.917634448456936e-07
2.486373355268737e-07
2.486373355268737e-07
2.4863733552687456e-07
2.679252618713845e-07
5.289746687105906e-07
5.289746687105906e-07
5.289746687105914e-07
5.289746687105914e-07
5.289746687105906e-07
2.587063679434478e-06
0.002840792914991785
0.0028407929149917833
0.002840792914991785
0.0028407929149917833
0.002787779531716615
0.002787779531716616
0.002787779531716615
0.002787779531716616
0.002787779531716615
0.002787779531716616
0.002787779531716615
0.002787779531716616
0.002787779531716615
0.002787779531716616
0.002787779531716615
0.002787779531716616
0.002787779531716615
0.002787779531716616
0.002787779531716615
0.002787779531716616
0.00254266983877257
0.00254266983877257
0.002542669838772571
0.002542669838772569
0.002542669838772571
0.002789956033260028
0.0027899560332600246
0.002789956033260028
0.0027899560332600246
0.002789956033260028
0.0022214932383158963
0.002221493238315899
0.0022214932383158963
0.002221493238315899
0.0022214932383158945
0.002713149106572583
0.0027131491065725847
0.002713149106572583
0.0027131491065725847
0.002713149106572583
2.810984447238389e-07
2.810984447238389e-07
2.810984447238389e-07
2.810984447238389e-07
2.810984447238389e-07
2.810984447238389e-07
2.810984447238389e-07
2.810984447238389e-07
2.810984447238389e-07
4.917634448456936e-07
2.486373355268737e-07
2.486373355268737e-07
2.4863733552687456e-07
2.679252618713845e-07
5.289746687105906e-07
5.289746687105906e-07
5.289746687105914e-07
5.289746687105914e-07
5.289746687105906e-07
2.587063679434478e-06
0.002840792914991785
0.0028407929149917833
0.002840792914991785
0.0028407929149917833
0.0012314427479396778
0.001231442747939678
0.0012314427479396778
0.001231442747939678
0.0012314427479396778
0.001231442747939678
0.0012314427479396778
0.001231442747939678
0.0012314427479396778
0.001231442747939678
0.0012314427479396778
0.001231442747939678
0.0012314427479396778
0.001231442747939678
0.0012314427479396778
0.001231442747939678
0.0011791055371354674
0.0011791055371354674
0.0011791055371354695
0.0011791055371354695
0.0011791055371354695
0.0012316921023625724
0.0012316921023625728
0.0012316921023625724
0.0012316921023625728
0.0012316921023625724
0.0012561626674429387
0.0012561626674429396
0.0012561626674429387
0.0012561626674429396
0.0012561626674429409
0.0013831395269351791
0.0013831395269351778
0.0013831395269351791
0.0013831395269351778
0.0013831395269351791
2.810984447238389e-07
2.810984447238389e-07
2.810984447238389e-07
2.810984447238389e-07
2.810984447238389e-07
2.810984447238389e-07
2.810984447238389e-07
2.810984447238389e-07
2.810984447238389e-07
4.917634448456936e-07
2.486373355268737e-07
2.486373355268737e-07
2.4863733552687456e-07
2.679252618713845e-07
5.289746687105906e-07
5.289746687105906e-07
5.289746687105914e-07
5.289746687105914e-07
5.289746687105906e-07
2.587063679434478e-06
8.562921987881794e-08
8.562921987881804e-08
8.562921987881794e-08
8.562921987881804e-08
0.0012314427479396784
0.0012314427479396767
0.0012314427479396784
0.0012314427479396767
0.0012314427479396784
0.0012314427479396767
0.0012314427479396784
0.0012314427479396767
0.0012314427479396784
0.0012314427479396767
0.0012314427479396784
0.0012314427479396767
0.0012314427479396784
0.0012314427479396767
0.0012314427479396784
0.0012314427479396767
0.0026148004833298154
0.0026148004833298163
0.0026148004833298137
0.002614800483329813
0.0026148004833298137
0.0012529663134849688
0.0012529663134849675
0.0012529663134849688
0.0012529663134849675
0.0012529663134849688
0.004204040104942517
0.004204040104942512
0.004204040104942517
0.004204040104942512
0.004204040104942512
0.001374635956827097
0.0013746359568270966
0.001374635956827097
0.0013746359568270975
0.001374635956827097
5.382925954666571
5.382925954666571
5.382925954666571
5.382925954666571
5.382925954666571
5.382925954666571
5.382925954666571
5.382925954666571
5.382925954666571
3.0769396645420826
6.085477621677067
6.085477621677067
6.0854776216770645
5.6473854848101634
2.860400956386873
2.860400956386873
2.8604009563868726
2.8604009563868726
2.860400956386873
0.5845097187825171
0.002840792914991785
0.0028407929149917833
0.002840792914991785
0.0028407929149917833
0.5741904314998203
0.5741904314998203
0.5741904314998203
0.5741904314998203
0.5741904314998203
0.5741904314998203
0.5741904314998203
0.5741904314998203
0.5741904314998203
0.5741904314998203
0.5741904314998203
0.5741904314998203
0.5741904314998203
0.5741904314998203
0.5741904314998203
0.5741904314998203
0.5741904314998203
0.5741904314998203
0.5741904314998203
0.5741904314998203
0.6737569887727437
0.6737569887727436
0.6737569887727436
0.6737569887727436
0.6737569887727436
0.09060141183027724
0.005581454013102519
0.005581454013102519
0.005581454013102519
0.005581454013102518
0.0055814540131025134
0.005581454013102518
0.005581454013102518
0.005581454013102519
0.005581454013102519
0.0014895476916927867
7.385738852697412e-07
7.385738852697411e-07
7.385738852697411e-07
7.385738852697411e-07
7.385720439637174e-07
7.385720439637174e-07
7.385720439637174e-07
7.385720439637174e-07
7.385720439637174e-07
7.385720439637174e-07
6.504113840253667e-07
6.504113840253667e-07
6.504113840253667e-07
6.504113840253667e-07
6.504113840253667e-07
6.504113840253667e-07
6.504113840253667e-07
6.504113840253656e-07
6.504113840253667e-07
6.504113840253667e-07
1.000000363136921
1.000000363136921
1.000000363136921
1.000000363136921
0.5741904314998203
0.5741904314998203
0.5741904314998203
0.5741904314998203
0.5741904314998203
0.5741904314998203
0.5741904314998203
0.5741904314998203
0.5741904314998203
0.5741904314998203
0.5741904314998203
0.5741904314998203
0.5741904314998203
0.5741904314998203
0.5741904314998203
0.5741904314998203
0.5741904314998203
0.5741904314998203
0.5741904314998203
0.5741904314998203
0.6737569887727437
0.6737569887727436
0.6737569887727436
0.6737569887727436
0.6737569887727436
0.09060141183027724
0.005581454013102519
0.005581454013102519
0.005581454013102519
0.005581454013102518
0.0055814540131025134
0.005581454013102518
0.005581454013102518
0.005581454013102519
0.005581454013102519
0.0014895476916927867
7.385738852697412e-07
7.385738852697411e-07
7.385738852697411e-07
7.385738852697411e-07
7.385720439637174e-07
7.385720439637174e-07
7.385720439637174e-07
7.385720439637174e-07
7.385720439637174e-07
7.385720439637174e-07
6.504113840253667e-07
6.504113840253667e-07
6.504113840253667e-07
6.504113840253667e-07
6.504113840253667e-07
6.504113840253667e-07
6.504113840253667e-07
6.504113840253656e-07
6.504113840253667e-07
6.504113840253667e-07
1.000000363136921
1.000000363136921
1.000000363136921
1.000000363136921
0.5741904314998203
0.5741904314998203
0.5741904314998203
0.5741904314998203
0.5741904314998203
0.5741904314998203
0.5741904314998203
0.5741904314998203
0.5741904314998203
0.5741904314998203
0.5741904314998203
0.5741904314998203
0.5741904314998203
0.5741904314998203
0.5741904314998203
0.5741904314998203
0.5741904314998203
0.5741904314998203
0.5741904314998203
0.5741904314998203
0.6737569887727437
0.6737569887727436
0.6737569887727436
0.6737569887727436
0.6737569887727436
0.09060141183027724
0.005581454013102519
0.005581454013102519
0.005581454013102519
0.005581454013102518
0.0055814540131025134
0.005581454013102518
0.005581454013102518
0.005581454013102519
0.005581454013102519
0.0014895476916927867
7.385738852697412e-07
7.385738852697411e-07
7.385738852697411e-07
7.385738852697411e-07
7.385720439637174e-07
7.385720439637174e-07
7.385720439637174e-07
7.385720439637174e-07
7.385720439637174e-07
7.385720439637174e-07
6.504113840253667e-07
6.504113840253667e-07
6.504113840253667e-07
6.504113840253667e-07
6.504113840253667e-07
6.504113840253667e-07
6.504113840253667e-07
6.504113840253656e-07
6.504113840253667e-07
6.504113840253667e-07
1.000000363136921
1.000000363136921
1.000000363136921
1.000000363136921
0.5741904314998203
0.5741904314998203
0.5741904314998203
0.5741904314998203
0.5741904314998203
0.5741904314998203
0.5741904314998203
0.5741904314998203
0.5741904314998203
0.5741904314998203
0.5741904314998203
0.5741904314998203
0.5741904314998203
0.5741904314998203
0.5741904314998203
0.5741904314998203
0.5741904314998203
0.5741904314998203
0.5741904314998203
0.5741904314998203
0.6737569887727437
0.6737569887727436
0.6737569887727436
0.6737569887727436
0.6737569887727436
0.09060141183027724
0.005581454013102519
0.005581454013102519
0.005581454013102519
0.005581454013102518
0.0055814540131025134
0.005581454013102518
0.005581454013102518
0.005581454013102519
0.005581454013102519
0.0014895476916927867
7.385738852697412e-07
7.385738852697411e-07
7.385738852697411e-07
7.385738852697411e-07
7.385720439637174e-07
7.385720439637174e-07
7.385720439637174e-07
7.385720439637174e-07
7.385720439637174e-07
7.385720439637174e-07
6.504113840253667e-07
6.504113840253667e-07
6.504113840253667e-07
6.504113840253667e-07
6.504113840253667e-07
6.504113840253667e-07
6.504113840253667e-07
6.504113840253656e-07
6.504113840253667e-07
6.504113840253667e-07
1.000000363136921
1.000000363136921
1.000000363136921
1.000000363136921
2.703241196093562
2.703241196093562
2.703241196093562
2.703241196093562
2.703241196093562
2.703241196093562
2.703241196093562
2.703241196093562
2.703241196093562
2.703241196093562
2.703241196093562
2.703241196093562
2.703241196093562
2.703241196093562
2.703241196093562
2.703241196093562
2.703241196093562
2.703241196093562
2.703241196093562
2.703241196093562
7.304974459479571
7.30497445947955
7.30497445947955
7.30497445947955
7.30497445947955
9.637676398809187
9.981340838714775
9.981340838714775
9.981340838714775
9.981340838696555
9.98134083870457
9.981340838696555
9.981340838696555
9.981340838714775
9.981340838714775
10.008675273605421
12.048601167931503
12.048601167931537
12.048601167931537
12.048601167931537
7.048601346103608
7.048601346103608
7.048601346103608
7.048601346103608
7.048601346103608
7.048601346103608
7.326337088213934
7.326337088213934
7.326337088213934
7.326337088213934
7.326337088213934
7.326337088213934
7.326337088213934
7.326337088213969
7.326337088213934
7.326337088213934
1.000000363136921
1.000000363136921
1.000000363136921
1.000000363136921
0.0024250325485533825
0.0024250325485533825
0.0024250325485533825
0.0024250325485533825
0.0024250325485533825
0.0024250325485533825
0.0024250325485533825
0.0024250325485533825
0.0024250325485533825
0.0024250325485533825
0.0024250325485533825
0.0024250325485533825
0.0024250325485533825
0.0024250325485533825
0.0024250325485533825
0.0024250325485533825
0.0024250325485533825
0.0024250325485533825
0.0024250325485533825
0.0024250325485533825
0.0024250325485533825
0.0024250325485533825
0.0024250325485533825
0.0024250325485533825
0.0024250325485533825
0.0024250325485533825
0.0024250325485533825
0.0024250325485533825
0.0024250325485533825
0.0024250325485533825
0.0024250325485533825
0.0024250325485533825
0.0024250325485533825
0.0024250325485533825
0.0024250325485533825
0.0024250325485533825
0.0024250325485533825
0.0024250325485533825
0.0024250325485533825
0.0024250325485533825
0.0024250325485533825
0.0024250325485533825
0.0024250325485533825
0.0024250325485533825
0.0024250325485533825
0.0024250325485533825
0.0024250325485533825
0.0024250325485533825
0.0024250325485533825
0.0024250325485533825
0.0024250325485533825
0.0024250325485533825
0.0024250325485533825
0.0024250325485533825
0.0024250325485533825
0.0024250325485533825
0.0024250325485533825
0.0024250325485533825
0.0024250325485533825
0.0024250325485533825
0.0024250325485533825
0.0024250325485533825
0.0024250325485533825
0.0024250325485533825
0.0024250325485533825
0.0024250325485533825
0.0024250325485533825
0.0024250325485533825
0.0024250325485533825
0.0024250325485533825
0.0024250325485533825
0.0024250325485533825
0.0024250325485533825
0.0024250325485533825
0.0024250325485533825
0.0024250325485533825
0.0024250325485533825
0.0024250325485533825
0.0024250325485533825
0.0024250325485533825
0.0024250325485533825
0.0024250325485533825
0.0024250325485533825
0.0024250325485533825
0.0024250325485533825
0.0024250325485533825
0.0024250325485533825
0.0024250325485533825
0.0024250325485533825
0.0024250325485533825
0.0024250325485533825
0.0024250325485533825
0.0024250325485533825
0.0024250325485533825
0.0024250325485533825
0.0024250325485533825
0.0024250325485533825
0.0024250325485533825
0.0024250325485533825
0.0024250325485533825
0.0024250325485533825
0.0024250325485533825
0.0024250325485533825
0.0024250325485533825
0.0024250325485533825
0.0024250325485533825
0.0024250325485533825
0.0024250325485533825
0.0024250325485533825
0.0024250325485533825
0.0024250325485533825
0.0024250325485533825
0.0024250325485533825
0.0024250325485533825
0.0024250325485533825
0.0024250325485533825
0.0024250325485533825
0.0024250325485533825
0.0024250325485533825
0.0024250325485533825
0.0024250325485533825
0.0024250325485533825
0.0024250325485533825
0.0024250325485533825
0.0024250325485533825
0.0024250325485533825
0.0024250325485533825
0.0024250325485533825
0.0024250325485533825
0.0024250325485533825
0.0024250325485533825
0.0024250325485533825
0.0024250325485533825
0.0024250325485533825
0.0024250325485533825
0.0024250325485533825
0.0024250325485533825
0.0024250325485533825
0.0024250325485533825
0.0024250325485533825
0.0024250325485533825
0.0024250325485533825
0.0024250325485533825
0.0024250325485533825
0.0024250325485533825
0.0024250325485533825
0.0024250325485533825
0.0024250325485533825
0.0024250325485533825
0.0024250325485533825
0.0024250325485533825
0.0024250325485533825
0.0024250325485533825
0.0024250325485533825
0.0024250325485533825
0.0024250325485533825
0.0024250325485533825
0.0024250325485533825
0.0024250325485533825
0.0024250325485533825
0.0024250325485533825
0.0024250325485533825
0.0024250325485533825
0.0024250325485533825
0.0024250325485533825
0.0024250325485533825
0.0024250325485533825
0.0024250325485533825
0.0024250325485533825
0.0024250325485533825
0.0024250325485533825
0.0024250325485533825
0.0024250325485533825
0.0024250325485533825
0.0024250325485533825
0.0024250325485533825
0.0024250325485533825
0.0024250325485533825
0.0024250325485533825
0.0024250325485533825
0.0024250325485533825
0.0024250325485533825
0.0024250325485533825
0.0024250325485533825
0.0024250325485533825
0.0024250325485533825
0.0024250325485533825
0.0024250325485533825
0.0024250325485533825
0.0024250325485533825
0.0024250325485533825
0.0024250325485533825
0.0024250325485533825
0.0024250325485533825
0.0024250325485533825
0.0024250325485533825
0.0024250325485533825
0.0024250325485533825
0.0024250325485533825
0.0024250325485533825
0.0024250325485533825
0.0024250325485533825
0.0024250325485533825
0.0024250325485533825
0.0024250325485533825
0.0024250325485533825
0.0024250325485533825
0.0024250325485533825
0.0024250325485533825
0.0024250325485533825
0.0024250325485533825
0.0024250325485533825
0.0024250325485533825
0.0024250325485533825
0.0024250325485533825
0.0024250325485533825
0.0024250325485533825
0.0024250325485533825
0.0024250325485533825
0.0024250325485533825
0.0024250325485533825
0.0024250325485533825
0.0024250325485533825
0.0024250325485533825
0.0024250325485533825
0.0024250325485533825
0.0024250325485533825
0.0024250325485533825
0.0024250325485533825
0.0024250325485533825
0.0024250325485533825
0.0024250325485533825
0.0024250325485533825
0.0024250325485533825
0.0024250325485533825
0.0024250325485533825
0.0024250325485533825
0.0024250325485533825
0.0024250325485533825
0.0024250325485533825
0.0024250325485533825
0.0024250325485533825
0.0024250325485533825
0.0024250325485533825
0.0024250325485533825
0.0024250325485533825
0.0024250325485533825
0.0024250325485533825
0.0024250325485533825
0.0024250325485533825
0.0024250325485533825
0.0024250325485533825
0.0024250325485533825
0.0024250325485533825
0.0024250325485533825
0.0024250325485533825
0.0024250325485533825
0.0024250325485533825
0.0024250325485533825
0.0024250325485533825
0.0024250325485533825
0.0024250325485533825
0.0024250325485533825
0.0024250325485533825
0.0024250325485533825
0.0024250325485533825
0.0024250325485533825
0.0024250325485533825
0.0024250325485533825
0.0024250325485533825
0.0024250325485533825
0.0024250325485533825
0.0024250325485533825
0.0024250325485533825
0.0024250325485533825
0.0024250325485533825
0.0024250325485533825
0.0024250325485533825
0.0024250325485533825
0.0024250325485533825
0.0024250325485533825
0.0024250325485533825
0.0024250325485533825
0.0024250325485533825
0.0024250325485533825
0.0024250325485533825
0.0024250325485533825
0.0024250325485533825
0.0024250325485533825
0.0024250325485533825
0.0024250325485533825
0.0024250325485533825
0.0024250325485533825
0.0024250325485533825
0.0024250325485533825
0.0024250325485533825
0.0024250325485533825
0.0024250325485533825
0.0024250325485533825
0.0024250325485533825
