5.332395577249182
5.007240835892562
53.33578682959572
50.008843845860696
58.67383796966631
54.99999801913427
94.74586517907572
88.99233871291297
82.02251142231654
82.13876151428815
58.53909716257752
56.663965901752334
42.84505688799568
40.576119354826965
0.010367116835074297
0.006503856861042463
0.00974492664833138
0.008950587870271543
0.007025327064134533
0.003923660229979729
4.665846130093033
5.007240835894561
100.00000000000016
46.66881347589626
50.00884384540741
100.00000000000011
51.33960822345802
54.999998019134935
95.07567613543428
83.01312319188125
95.62980112950254
72.38019301865154
79.65920275261986
86.70288726322345
13.7702943738003
56.40820073169505
63.245281736127694
0.0
39.871619078738405
46.2964359795218
0.2692064293499698
0.009071227230690008
0.006503856861042462
0.0
0.008526810817289957
0.011240984937345027
0.0
0.006147161181117716
0.010929968466021782
0.0034332027012322626
0.005490101095770922
53.63860211985564
53.62272501789542
0.013448344920315674
53.98316096675798
54.67213976985809
0.013451379733801904
100.0
96.89498550688882
5.879851427437403
99.99999999999962
96.56953180066232
20.58848059823832
76.12835989866278
74.19045824649768
7.329800219924044
53.610394641025664
50.45253745585471
2.905509691854858
8.32685945383958
8.595978148845756
0.007968210624316645
0.012229158392483454
0.00751076242696023
0.00805500753396951
0.017845237407587918
0.008840409500678196
0.007643869363388987
0.0
0.007356862931211991
