4.9950184593411
5.012470189385647
49.998309261105334
50.012522004730364
54.998958490121005
55.01112314884051
100.00000000000003
82.6792468822315
99.99999999999997
73.89454361242676
36.99217913985419
42.61682205117393
39.73300724976585
43.550837876969936
0.015343062890200564
0.014409774483529363
0.014733540675766769
0.01460915848895995
0.012109175648103272
0.0066525379655123645
4.9950184593411
5.012470189381151
99.99999999999983
49.998309261105334
50.01252200473033
100.0
54.998958490121005
55.011123148836134
90.65892341495066
81.58001976299082
100.00000000000001
61.21189174575252
23.17956769811644
99.99999999999996
4.014950337220768
64.58172754685353
90.16384715914064
0.0
39.73300724976585
44.181825370120194
0.48367388024587243
0.015343062890200564
0.014409774483529363
0.0
0.014733540675766769
0.018650463960540778
0.0
0.012109175648103272
0.01288653791661064
0.0066525379655123645
0.005488854827459288
55.007307269402546
54.98131569188389
0.014612685598503804
55.00975552879653
54.996728246798405
0.014578691068173957
100.00000000000009
99.99998177047152
37.03541714452352
100.0
99.99999194386538
64.4302904476382
100.0
98.80148059110805
31.17686013165333
61.15720775215475
64.30175129730083
0.016854647418024327
8.22598269843503
8.46778257294116
0.014469360511398148
0.02747116281615937
0.011739917838907113
0.014505075378228257
0.027587022273117396
0.011729721155660119
0.013728577927586498
0.013018047943973404
0.013305075931024729
