5.32845454646237
5.011631379230506
53.331728220982434
50.011596970825394
58.66598494292829
55.00974043207685
85.14209344104351
90.33939062588107
75.07022109256116
76.41716438606838
66.096680827428
59.853774548940386
41.80382984951399
39.00900881155384
0.014960063932757842
0.013435479469877366
0.014644038430921791
0.013588094642642806
0.01083093727553621
0.006515044546022522
4.662397728154574
5.011631379225015
99.99999999999919
46.665262193359624
50.011596970619564
99.99459847335257
51.332736825062256
55.009740432077
89.34265232587451
86.18370942312893
89.3197439261853
69.4636504892532
78.96140726326324
88.96105651011598
20.229037430397693
53.60824092798817
64.1129735966916
0.19423266668178882
46.31111551848417
49.117517149893644
0.31100744127499813
0.013090055941163112
0.016791602568899805
0.0
0.012813533627056568
0.017774484405156978
0.0
0.009477070116094184
0.014954734787463142
0.005700663977769707
0.004851682145057833
55.00701133577935
54.984447166228875
0.013426254067840886
55.01141269764899
55.015444547590725
0.013388892168322074
100.00000000000018
99.99999999999997
5.874007676636355
97.45162292638753
98.7039382233335
20.67292849589088
77.449586771771
71.53038254660308
6.587702407784328
54.946076874093876
55.049821206890115
0.015447654673368769
8.506321730118117
8.65734267872319
0.013279630659959612
0.025747395363421827
0.011090368197435323
0.013296435451512621
0.025678658271726947
0.011149701363333969
0.01265705341019355
0.011949070229622731
0.012215708523792224
