5.3287734934829345
5.010843187444538
53.3318232160203
50.010817429466805
54.99948224802065
55.00946099066125
88.334379947591
90.42189285411894
78.10737103362133
83.40740750440274
59.07359423747626
59.560250920111834
39.88921059246511
39.02554444746359
0.013742541055747706
0.012640356206161642
0.01367630111994411
0.012688008283218054
0.010116460890429224
0.006088963863167296
4.662676806797568
5.0108431874435535
99.99999999999898
46.665345314017756
50.00692892378425
100.0000000000004
54.99895254415516
55.009460990743655
90.52576700515785
90.02386070070477
95.0787684770007
70.02250611371235
81.09468394372524
88.26748056793727
18.668552715189865
61.75631257089719
67.86609386211197
0.0
44.09777538836494
45.023995194392306
0.32862675847147105
0.012024723423779244
0.018455456769372415
0.0
0.011966763479951098
0.016565185981309575
0.0
0.008851903279125571
0.013949551562448132
0.0053278433802713835
0.004576425462189752
55.006497194172425
54.98528365003134
0.012548062112256344
55.00902467854108
55.00494448079008
0.012520904223032937
99.99999999999957
99.99999999999999
5.964074141037407
96.75690557763738
97.2645072159623
22.3791960851514
77.96173866359132
73.15556410533065
2.659324346403355e-05
48.70951445650667
48.497188899595216
0.014452936056885182
8.482022051259278
8.638094554955362
0.012430907194942872
0.024032522183497988
0.01033916515305997
0.012434488508774696
0.023967485182442943
0.01039093883183468
0.011830602558162609
0.011167378015308281
0.01141680724343867
