2.6626790986042552
0.019928871097154143
99.99999999999893
26.671430873953348
0.026736369574209128
95.05561249666175
37.339093141427945
0.027429865204621304
93.80183445061776
45.98812543852523
14.846778321476947
92.19504899152798
44.13511386495102
20.58060402670228
71.02607485974659
30.897020630495128
15.973717784272539
22.21028679527651
24.00571128239502
0.020143951676427255
0.0
0.0162263616041984
0.019602756885259115
0.0
0.0162263616041984
0.019602756885259108
0.0
0.01186772804621352
0.016824986380825475
0.007252145378510988
2.329844211278723
5.009026220633718
23.33750201470918
49.999549885919656
42.66953864747398
79.99871792445194
51.96580069443414
89.75588032567434
49.53310084155862
84.53365281046501
34.6759602797493
59.49001433564947
21.004997372095644
44.99818013554969
0.014198066403673602
0.015065516922978462
0.0141980664036736
0.015065516922978457
0.010384262040436831
0.006345627206197114
0.005189694934920722
55.00768441465835
54.99484378304448
0.014653972691714603
80.00686027302473
79.99714702537358
0.0146607742255211
100.00000000000003
93.33400914002328
0.017427853804075737
96.7749915277758
100.0
0.017423682390358547
75.03331345273591
83.52243786748261
0.01742882267567439
49.910429747113625
55.250879381571735
0.014676876181991236
0.028443274080641543
0.012188602636638363
0.014826294404413156
0.028443274080641547
0.01218860263663836
0.014826294404413163
0.028335160220490707
0.012179406847023297
0.01410343132740741
0.013301638014115989
0.013597772584708087
