0.007347708475030366
0.00434570859385167
0.004345708593851682
0.004345708593851677
0.0043457085938516755
0.00434570859385167
0.004345708593851682
0.004345708593851677
0.004345708593851674
0.00434570859385167
0.004345708593851682
0.004254208657354211
0.004254208657354204
0.004254208657354202
0.004254208657354204
0.004254208657354208
0.004254208657354204
0.004254208657354202
0.004254208657354208
0.004254208657354211
0.004430807117065258
1.4944203309717027e-06
1.4944203309717044e-06
1.4944203309717042e-06
1.4944203309717008e-06
1.4944203309717013e-06
1.494420330971703e-06
1.4944203309717082e-06
1.4944203309717008e-06
1.4944203309717027e-06
2.1370086384214704e-07
3.765167322014878e-07
3.765167322014886e-07
3.7651673220148816e-07
3.765167322014882e-07
3.765167322014878e-07
3.7651673220148774e-07
3.7651673220148816e-07
1.456107959663062e-07
1.8987424906107372e-07
1.8987420113570562e-07
1.583338627961364
1.5833386288218174
1.5833386289692988
1.5833386283631548
1.5833386280168715
1.5833386288285094
1.5833386287233062
1.5833386283631483
1.583338627961364
1.5833386288218174
0.9657853659387395
0.9657853659791668
0.9657853659500831
0.965785365938449
0.9657853659670017
0.9657853659791668
0.9657853659438808
0.965785365938449
0.9657853659387395
0.005478050358942417
0.0014455505071698897
0.0014455505071698884
0.0014455505071698889
0.0014455505071698897
0.0014455505071698897
0.0014455505071698897
0.0014455505071698889
0.0014455505071698863
0.0014455505071698897
0.0014455505071698884
0.0014328023516034874
0.0014328023516034882
0.0014328023516034882
0.0014328023516034865
0.001432802351603486
0.0014328023516034882
0.0014328023516034882
0.00143280235160349
0.0014328023516034874
0.0015194993133051053
1.6624669577500803e-06
1.662466957750077e-06
1.6624669577500806e-06
1.662466957750077e-06
1.6624669577500784e-06
1.662466957750077e-06
1.6624669577500784e-06
1.662466957750077e-06
1.6624669577500803e-06
2.1370086384214704e-07
3.765167322014878e-07
3.765167322014886e-07
3.7651673220148816e-07
3.765167322014882e-07
3.765167322014878e-07
3.7651673220148774e-07
3.7651673220148816e-07
1.456107959663062e-07
1.8987424906107372e-07
1.8987420113570562e-07
0.0016945258683395243
0.0016945258683397902
0.0016945258683398494
0.0016945258683396694
0.0016945258683395382
0.0016945258683397904
0.001694525868339766
0.0016945258683396694
0.0016945258683395243
0.0016945258683397902
0.001738473775230845
0.0017384737752308807
0.001738473775230856
0.0017384737752308421
0.001738473775230869
0.0017384737752308807
0.0017384737752308465
0.0017384737752308421
0.001738473775230845
0.005478050358942417
0.001445550507169888
0.0014455505071698897
0.0014455505071698893
0.0014455505071698884
0.001445550507169888
0.0014455505071698902
0.0014455505071698893
0.0014455505071698876
0.001445550507169888
0.0014455505071698897
0.0014328023516034895
0.0014328023516034882
0.0014328023516034904
0.0014328023516034895
0.0014328023516034878
0.0014328023516034882
0.0014328023516034904
0.001432802351603487
0.0014328023516034895
0.0015194993133051046
1.4944203309717027e-06
1.4944203309717044e-06
1.4944203309717042e-06
1.4944203309717008e-06
1.4944203309717013e-06
1.494420330971703e-06
1.4944203309717082e-06
1.4944203309717008e-06
1.4944203309717027e-06
2.1370086384214704e-07
3.765167322014878e-07
3.765167322014886e-07
3.7651673220148816e-07
3.765167322014882e-07
3.765167322014878e-07
3.7651673220148774e-07
3.7651673220148816e-07
1.456107959663062e-07
1.8987424906107372e-07
1.8987420113570562e-07
0.0016945258683395252
0.0016945258683397897
0.0016945258683398459
0.0016945258683396702
0.0016945258683395365
0.0016945258683397904
0.001694525868339764
0.0016945258683396702
0.0016945258683395252
0.0016945258683397897
0.0017384737752308439
0.0017384737752308777
0.0017384737752308534
0.0017384737752308413
0.0017384737752308664
0.0017384737752308777
0.0017384737752308465
0.0017384737752308413
0.0017384737752308439
4.99234439223568
4.9976169956652425
4.997616995664579
4.997616995661436
4.9976169956665455
4.9976169956652425
4.997616995664579
4.997616995661436
4.997616995666001
4.9976169956652425
4.997616995664579
4.910433335456317
4.910433335452328
4.910433335449458
4.910433335452263
4.910433335463453
4.910433335452328
4.910433335449458
4.910433335464415
4.910433335456317
10.786327032398471
16.213616561788523
16.21361656599187
16.213616572647698
16.213616570730615
16.21361657016873
16.213616565132604
16.213616566304147
16.213616570730615
16.213616561788523
2.1370086384214704e-07
11.046961666146782
11.04696170483866
11.046961704497456
11.046961670522698
11.046961666146782
11.046961691527201
11.046961704497502
1.456107959663062e-07
28.405326180956806
18.40532624201019
1.583338627961364
1.5833386288218174
1.5833386289692988
1.5833386283631548
1.5833386280168715
1.5833386288285094
1.5833386287233062
1.5833386283631483
1.583338627961364
1.5833386288218174
4.395820797347674
4.395820797631472
4.395820797645252
4.395820797341758
4.395820797933943
4.395820797631472
4.395820797648183
4.395820797341758
4.395820797347674
4.992344392229235
5.000601283985101
5.000601283980357
5.000601283979523
5.000601283985076
5.000601283985101
5.000601283980357
5.000601283979523
5.0006012839816565
5.000601283985101
5.000601283980357
5.087986080345194
5.087986080339746
5.087986080334811
5.087986080324963
5.087986080340636
5.087986080339746
5.087986080334811
5.08798608034864
5.087986080345194
9.21174215166305
4.854379097702098
4.854379093498884
4.8543790868429255
4.854379088759946
4.85437908932186
4.854379094357854
4.854379093186521
4.854379088759946
4.854379097702098
27.468171176109422
13.191760225148357
13.191760186456465
13.19176018679771
13.191760220772366
13.191760225148357
13.191760199767806
13.191760186797543
30.960439565025048
1.8987424906107372e-07
1.8987420113570562e-07
6.829934858563501
6.829934856842592
6.829934856547623
6.829934857759914
6.829934858452483
6.829934856829217
6.829934857039612
6.829934857759926
6.829934858563501
6.829934856842592
4.634918695409931
4.634918695085677
4.634918695100991
4.6349186954161175
4.634918694795392
4.634918695085677
4.634918695104268
4.6349186954161175
4.634918695409931
0.0033196134671925398
0.0033196134671925415
0.003319613467192538
0.003319613467192545
0.0033196134671925415
0.0033196134671925363
0.0033196134671925363
0.0033196134671925406
0.0033196134671925398
0.0033196134671925415
0.003319613467192538
0.003214754314330666
0.003214754314330665
0.003214754314330664
0.0032147543143306676
0.0032147543143306685
0.0032147543143306668
0.003214754314330664
0.0032147543143306668
0.003214754314330666
0.00320649035957195
1.496187038564103e-06
1.4961870385641093e-06
1.496187038564108e-06
1.496187038564108e-06
1.496187038564103e-06
1.4961870385641093e-06
1.496187038564108e-06
1.496187038564108e-06
1.496187038564103e-06
1.0610965611551851e-06
1.0211971624609339e-06
1.0211971624609322e-06
1.0211971624609356e-06
1.0211971624609356e-06
1.0211971624609339e-06
5.085594360049699e-06
3.9420197363752103
3.9420197363752045
3.942019736375202
1.8248770465086195
1.8248770465086166
1.8248770465086201
1.8248770465086193
1.359925632352592
1.4661573715712881
1.4661573715712881
1.4661573715686949
1.466157371568697
1.4661573715712881
1.9037190323623354
1.9037190323591584
1.9037190323605406
1.9037190323623359
1.9037190323623354
1.9037190323591584
1.9037190323605402
1.9037190323623356
1.9037190323623354
1.9037190323591584
0.0033196134671925398
0.0033196134671925415
0.003319613467192538
0.003319613467192545
0.0033196134671925415
0.0033196134671925363
0.0033196134671925363
0.0033196134671925406
0.0033196134671925398
0.0033196134671925415
0.003319613467192538
0.003214754314330666
0.003214754314330665
0.003214754314330664
0.0032147543143306676
0.0032147543143306685
0.0032147543143306668
0.003214754314330664
0.0032147543143306668
0.003214754314330666
0.00320649035957195
1.496187038564103e-06
1.4961870385641093e-06
1.496187038564108e-06
1.496187038564108e-06
1.496187038564103e-06
1.4961870385641093e-06
1.496187038564108e-06
1.496187038564108e-06
1.496187038564103e-06
1.0610965611551851e-06
1.0211971624609339e-06
1.0211971624609322e-06
1.0211971624609356e-06
1.0211971624609356e-06
1.0211971624609339e-06
5.085594360049699e-06
3.9420197363752103
3.9420197363752045
3.942019736375202
1.8248770465086195
1.8248770465086166
1.8248770465086201
1.8248770465086193
1.359925632352592
1.4661573715712881
1.4661573715712881
1.4661573715686949
1.466157371568697
1.4661573715712881
1.9037190323623354
1.9037190323591584
1.9037190323605406
1.9037190323623359
1.9037190323623354
1.9037190323591584
1.9037190323605402
1.9037190323623356
1.9037190323623354
1.9037190323591584
0.001315160923111553
0.0013151609231115522
0.0013151609231115522
0.001315160923111553
0.0013151609231115535
0.0013151609231115522
0.0013151609231115522
0.0013151609231115517
0.001315160923111553
0.0013151609231115522
0.0013151609231115522
0.001358847538078745
0.0013588475380787455
0.001358847538078745
0.001358847538078745
0.0013588475380787452
0.0013588475380787468
0.001358847538078745
0.0013588475380787459
0.001358847538078745
0.0013926302373305068
1.496187038564103e-06
1.4961870385641093e-06
1.496187038564108e-06
1.496187038564108e-06
1.496187038564103e-06
1.4961870385641093e-06
1.496187038564108e-06
1.496187038564108e-06
1.496187038564103e-06
1.0610965611551851e-06
1.0211971624609339e-06
1.0211971624609322e-06
1.0211971624609356e-06
1.0211971624609356e-06
1.0211971624609339e-06
5.085594360049699e-06
0.0019859917829745184
0.001985991782974516
0.001985991782974518
0.0019280946477445936
0.0019280946477445945
0.0019280946477445936
0.0019280946477445954
0.001733014082790861
0.0013405350859619614
0.0013405350859619614
0.0013405350859619623
0.0013405350859619623
0.0013405350859619614
0.0013123274480342105
0.0013123274480342066
0.0013123274480342114
0.001312327448034208
0.0013123274480342105
0.0013123274480342066
0.0013123274480342114
0.001312327448034208
0.0013123274480342105
0.0013123274480342066
0.002170687616044339
0.002170687616044341
0.0021706876160443402
0.002170687616044341
0.0021706876160443446
0.0021706876160443402
0.002170687616044341
0.0021706876160443407
0.002170687616044339
0.002170687616044341
0.0021706876160443402
0.0017027651092490104
0.0017027651092490087
0.0017027651092490104
0.00170276510924901
0.0017027651092490104
0.0017027651092490087
0.0017027651092490104
0.00170276510924901
0.0017027651092490104
0.0017347457682762545
1.496187038564103e-06
1.4961870385641093e-06
1.496187038564108e-06
1.496187038564108e-06
1.496187038564103e-06
1.4961870385641093e-06
1.496187038564108e-06
1.496187038564108e-06
1.496187038564103e-06
1.0610965611551851e-06
1.0211971624609339e-06
1.0211971624609322e-06
1.0211971624609356e-06
1.0211971624609356e-06
1.0211971624609339e-06
5.085594360049699e-06
5.873258698484885e-07
5.873258698484876e-07
5.873258698484885e-07
5.873288376979315e-07
5.873288376979342e-07
5.873288376979335e-07
5.873288376979342e-07
1.359925632352592
1.4661573715712881
1.4661573715712881
1.4661573715686949
1.466157371568697
1.4661573715712881
0.5377226299131777
0.537722629915737
0.5377226299130342
0.5377226299131779
0.5377226299131777
0.537722629915737
0.5377226299130341
0.5377226299131779
0.5377226299131777
0.537722629915737
4.9971666827300645
4.997166682730031
4.997166682729404
4.997166682729151
4.997166682729707
4.997166682726012
4.997166682727209
4.997166682726317
4.9971666827300645
4.997166682730031
4.997166682729404
4.998037456607023
4.998037456605253
4.998037456608588
4.998037456604745
4.998037456608118
4.9980374566117405
4.998037456608588
4.998037456600276
4.998037456607023
9.997987901819364
11.066842945724074
11.066842945724154
11.066842945724133
11.066842945724133
11.066842945724074
11.066842945724154
11.066842945724133
11.066842945724133
11.066842945724074
11.504128851885042
11.562885650884024
11.562885650884116
11.562885650884127
11.562885650884127
11.562885650884024
10.313805162956362
2.113974514394698
2.1139745143947017
2.113974514394712
1.3483184128200933
1.3483184128200953
1.3483184128200882
1.34831841282009
0.9184915728756141
0.6001887564145817
0.6001887564145817
0.6001887564223616
0.6001887564223548
0.6001887564145817
0.6535281358433611
0.6535281358471566
0.6535281358470955
0.6535281358433612
0.6535281358433611
0.6535281358471566
0.6535281358470955
0.653528135843361
0.6535281358433611
0.6535281358471566
0.002849798254236366
0.002849798254236368
0.002849798254236366
0.002849798254236367
0.002849798254236366
0.002849798254236367
0.002849798254236366
0.002849798254236368
0.002849798254236366
0.002849798254236368
0.002849798254236366
0.002849798254236367
0.002849798254236366
0.002849798254236367
0.002849798254236366
0.002849798254236368
0.0026234588508119053
0.002623458850811907
0.0026234588508119066
0.0026234588508119066
0.0026234588508119066
0.002848393570235547
0.002848393570235546
0.002848393570235547
0.002848393570235546
0.002848393570235547
0.002257387697904434
0.0022573876979044335
0.002257387697904434
0.0022573876979044335
0.002257387697904434
0.002780694738998889
0.002780694738998889
0.002780694738998889
0.002780694738998889
0.002780694738998889
5.093298116637783e-07
5.093298116637783e-07
5.093298116637782e-07
5.093298116637773e-07
5.093298116637783e-07
5.093298116637783e-07
5.093298116637782e-07
5.093298116637773e-07
5.093298116637783e-07
8.71935868599052e-08
7.311052484013993e-07
7.311052484013993e-07
7.311052484013993e-07
7.311052484013993e-07
7.311052484013993e-07
7.311052484013993e-07
7.311052484013993e-07
7.311052484013993e-07
7.311052484013993e-07
9.753945310321133e-07
0.002829793546523171
0.002829793546523171
0.0028297935465231737
0.0028297935465231737
0.002849798254236366
0.002849798254236368
0.002849798254236366
0.002849798254236367
0.002849798254236366
0.002849798254236367
0.002849798254236366
0.002849798254236368
0.002849798254236366
0.002849798254236368
0.002849798254236366
0.002849798254236367
0.002849798254236366
0.002849798254236367
0.002849798254236366
0.002849798254236368
0.0026234588508119053
0.002623458850811907
0.0026234588508119066
0.0026234588508119066
0.0026234588508119066
0.002848393570235547
0.002848393570235546
0.002848393570235547
0.002848393570235546
0.002848393570235547
0.002257387697904434
0.0022573876979044335
0.002257387697904434
0.0022573876979044335
0.002257387697904434
0.002780694738998889
0.002780694738998889
0.002780694738998889
0.002780694738998889
0.002780694738998889
5.093298116637783e-07
5.093298116637783e-07
5.093298116637782e-07
5.093298116637773e-07
5.093298116637783e-07
5.093298116637783e-07
5.093298116637782e-07
5.093298116637773e-07
5.093298116637783e-07
8.71935868599052e-08
7.311052484013993e-07
7.311052484013993e-07
7.311052484013993e-07
7.311052484013993e-07
7.311052484013993e-07
7.311052484013993e-07
7.311052484013993e-07
7.311052484013993e-07
7.311052484013993e-07
9.753945310321133e-07
0.002829793546523171
0.002829793546523171
0.0028297935465231737
0.0028297935465231737
0.002849798254236366
0.002849798254236368
0.002849798254236366
0.002849798254236367
0.002849798254236366
0.002849798254236367
0.002849798254236366
0.002849798254236368
0.002849798254236366
0.002849798254236368
0.002849798254236366
0.002849798254236367
0.002849798254236366
0.002849798254236367
0.002849798254236366
0.002849798254236368
0.0026234588508119053
0.002623458850811907
0.0026234588508119066
0.0026234588508119066
0.0026234588508119066
0.002848393570235547
0.002848393570235546
0.002848393570235547
0.002848393570235546
0.002848393570235547
0.002257387697904434
0.0022573876979044335
0.002257387697904434
0.0022573876979044335
0.002257387697904434
0.002780694738998889
0.002780694738998889
0.002780694738998889
0.002780694738998889
0.002780694738998889
5.093298116637783e-07
5.093298116637783e-07
5.093298116637782e-07
5.093298116637773e-07
5.093298116637783e-07
5.093298116637783e-07
5.093298116637782e-07
5.093298116637773e-07
5.093298116637783e-07
8.71935868599052e-08
7.311052484013993e-07
7.311052484013993e-07
7.311052484013993e-07
7.311052484013993e-07
7.311052484013993e-07
7.311052484013993e-07
7.311052484013993e-07
7.311052484013993e-07
7.311052484013993e-07
9.753945310321133e-07
0.002829793546523171
0.002829793546523171
0.0028297935465231737
0.0028297935465231737
0.0012484492114701374
0.0012484492114701378
0.0012484492114701374
0.0012484492114701387
0.0012484492114701374
0.0012484492114701387
0.0012484492114701374
0.0012484492114701378
0.0012484492114701374
0.0012484492114701378
0.0012484492114701374
0.0012484492114701387
0.0012484492114701374
0.0012484492114701387
0.0012484492114701374
0.0012484492114701378
0.0012111456119151339
0.0012111456119151345
0.001211145611915132
0.001211145611915132
0.001211145611915132
0.00125187858443521
0.0012518785844352117
0.00125187858443521
0.0012518785844352117
0.00125187858443521
0.0012669969375585508
0.0012669969375585521
0.0012669969375585508
0.0012669969375585521
0.0012669969375585508
0.0013991398344259294
0.0013991398344259294
0.0013991398344259294
0.001399139834425929
0.001399139834425929
5.093298116637783e-07
5.093298116637783e-07
5.093298116637782e-07
5.093298116637773e-07
5.093298116637783e-07
5.093298116637783e-07
5.093298116637782e-07
5.093298116637773e-07
5.093298116637783e-07
8.71935868599052e-08
7.311052484013993e-07
7.311052484013993e-07
7.311052484013993e-07
7.311052484013993e-07
7.311052484013993e-07
7.311052484013993e-07
7.311052484013993e-07
7.311052484013993e-07
7.311052484013993e-07
9.753945310321133e-07
0.002829793546523171
0.002829793546523171
0.0028297935465231737
0.0028297935465231737
0.0012484492114701396
0.0012484492114701374
0.0012484492114701396
0.0012484492114701387
0.0012484492114701396
0.0012484492114701387
0.0012484492114701396
0.0012484492114701374
0.0012484492114701396
0.0012484492114701374
0.0012484492114701396
0.0012484492114701387
0.0012484492114701396
0.0012484492114701387
0.0012484492114701396
0.0012484492114701374
0.002524129213295721
0.0025241292132957196
0.0025241292132957213
0.0025241292132957213
0.0025241292132957213
0.001269960303372731
0.0012699603033727313
0.001269960303372731
0.0012699603033727313
0.001269960303372731
0.00460217270121373
0.0046021727012137284
0.00460217270121373
0.0046021727012137284
0.00460217270121373
0.0014000984265921418
0.0014000984265921418
0.0014000984265921418
0.0014000984265921418
0.0014000984265921418
3.1334171688758587
3.1334171688758587
3.1334171688758587
3.1334171688758587
3.1334171688758587
3.1334171688758587
3.1334171688758587
3.1334171688758587
3.1334171688758587
18.303670336731287
2.182922710209833
2.182922710209833
2.182922710209833
2.182922710209833
2.182922710209833
2.182922710209833
2.182922710209833
2.182922710209833
2.182922710209833
1.636198881006784
1.1797744762476973e-06
1.1797744762476973e-06
1.179774476247694e-06
1.179774476247694e-06
0.5771837653617042
0.5771837653617042
0.5771837653617042
0.5771837653617042
0.5771837653617042
0.5771837653617042
0.5771837653617042
0.5771837653617037
0.5771837653617042
0.5771837653617042
0.5771837653617042
0.5771837653617042
0.5771837653617042
0.5771837653617042
0.5771837653617042
0.5771837653617042
0.5771837653617042
0.5771837653617042
0.5771837653617042
0.5771837653617042
0.6670826398261909
0.6670826398261909
0.6670826398261909
0.6670826398261909
0.6670826398261909
0.08024406960557638
0.004736288638692416
0.004736288638692416
0.004736288638692416
0.004736288638692416
0.004736288638692416
0.004736288638692416
0.004736288638692416
0.004736288638692416
0.004736288638692416
0.0024340684249503225
7.85756284764582e-07
7.85756284764582e-07
7.85756284764582e-07
7.85756284764582e-07
7.857554764628632e-07
7.857554764628632e-07
7.857554764628632e-07
7.857554764628632e-07
7.857554764628632e-07
7.857554764628632e-07
1.762748787380376e-06
1.762748787380376e-06
1.762748787380376e-06
1.762748787380376e-06
1.762748787380376e-06
1.762748787380376e-06
1.762748787380376e-06
1.7627487873803776e-06
1.762748787380376e-06
1.762748787380376e-06
0.2091992971608258
0.20919929716082575
0.20919929716082575
0.20919929716082575
0.5771837653617042
0.5771837653617042
0.5771837653617042
0.5771837653617042
0.5771837653617042
0.5771837653617042
0.5771837653617042
0.5771837653617037
0.5771837653617042
0.5771837653617042
0.5771837653617042
0.5771837653617042
0.5771837653617042
0.5771837653617042
0.5771837653617042
0.5771837653617042
0.5771837653617042
0.5771837653617042
0.5771837653617042
0.5771837653617042
0.6670826398261909
0.6670826398261909
0.6670826398261909
0.6670826398261909
0.6670826398261909
0.08024406960557638
0.004736288638692416
0.004736288638692416
0.004736288638692416
0.004736288638692416
0.004736288638692416
0.004736288638692416
0.004736288638692416
0.004736288638692416
0.004736288638692416
0.0024340684249503225
7.85756284764582e-07
7.85756284764582e-07
7.85756284764582e-07
7.85756284764582e-07
7.857554764628632e-07
7.857554764628632e-07
7.857554764628632e-07
7.857554764628632e-07
7.857554764628632e-07
7.857554764628632e-07
1.762748787380376e-06
1.762748787380376e-06
1.762748787380376e-06
1.762748787380376e-06
1.762748787380376e-06
1.762748787380376e-06
1.762748787380376e-06
1.7627487873803776e-06
1.762748787380376e-06
1.762748787380376e-06
0.2091992971608258
0.20919929716082575
0.20919929716082575
0.20919929716082575
0.5771837653617042
0.5771837653617042
0.5771837653617042
0.5771837653617042
0.5771837653617042
0.5771837653617042
0.5771837653617042
0.5771837653617037
0.5771837653617042
0.5771837653617042
0.5771837653617042
0.5771837653617042
0.5771837653617042
0.5771837653617042
0.5771837653617042
0.5771837653617042
0.5771837653617042
0.5771837653617042
0.5771837653617042
0.5771837653617042
0.6670826398261909
0.6670826398261909
0.6670826398261909
0.6670826398261909
0.6670826398261909
0.08024406960557638
0.004736288638692416
0.004736288638692416
0.004736288638692416
0.004736288638692416
0.004736288638692416
0.004736288638692416
0.004736288638692416
0.004736288638692416
0.004736288638692416
0.0024340684249503225
7.85756284764582e-07
7.85756284764582e-07
7.85756284764582e-07
7.85756284764582e-07
7.857554764628632e-07
7.857554764628632e-07
7.857554764628632e-07
7.857554764628632e-07
7.857554764628632e-07
7.857554764628632e-07
1.762748787380376e-06
1.762748787380376e-06
1.762748787380376e-06
1.762748787380376e-06
1.762748787380376e-06
1.762748787380376e-06
1.762748787380376e-06
1.7627487873803776e-06
1.762748787380376e-06
1.762748787380376e-06
0.2091992971608258
0.20919929716082575
0.20919929716082575
0.20919929716082575
0.5771837653617042
0.5771837653617042
0.5771837653617042
0.5771837653617042
0.5771837653617042
0.5771837653617042
0.5771837653617042
0.5771837653617037
0.5771837653617042
0.5771837653617042
0.5771837653617042
0.5771837653617042
0.5771837653617042
0.5771837653617042
0.5771837653617042
0.5771837653617042
0.5771837653617042
0.5771837653617042
0.5771837653617042
0.5771837653617042
0.6670826398261909
0.6670826398261909
0.6670826398261909
0.6670826398261909
0.6670826398261909
0.08024406960557638
0.004736288638692416
0.004736288638692416
0.004736288638692416
0.004736288638692416
0.004736288638692416
0.004736288638692416
0.004736288638692416
0.004736288638692416
0.004736288638692416
0.0024340684249503225
7.85756284764582e-07
7.85756284764582e-07
7.85756284764582e-07
7.85756284764582e-07
7.857554764628632e-07
7.857554764628632e-07
7.857554764628632e-07
7.857554764628632e-07
7.857554764628632e-07
7.857554764628632e-07
1.762748787380376e-06
1.762748787380376e-06
1.762748787380376e-06
1.762748787380376e-06
1.762748787380376e-06
1.762748787380376e-06
1.762748787380376e-06
1.7627487873803776e-06
1.762748787380376e-06
1.762748787380376e-06
0.2091992971608258
0.20919929716082575
0.20919929716082575
0.20919929716082575
2.691268016532071
2.691268016532071
2.691268016532071
2.691268016532071
2.691268016532071
2.691268016532071
2.691268016532071
2.6912680165320704
2.691268016532071
2.691268016532071
2.691268016532071
2.691268016532071
2.691268016532071
2.691268016532071
2.691268016532071
2.691268016532071
2.691268016532071
2.691268016532071
2.691268016532071
2.691268016532071
7.3316719828117165
7.3316719828117165
7.3316719828117165
7.3316719828117165
7.3316719828117165
9.679099402779185
9.985967718258557
9.985967718258557
9.985967718258557
9.985967718258557
9.985967718258557
9.985967718258557
9.985967718258557
9.985967718258557
9.985967718258557
10.000616726960656
12.031110376137539
12.031110376137539
12.031110376137539
12.031110376137539
7.031110564805651
7.031110564805651
7.031110564805651
7.031110564805651
7.031110564805651
7.031110564805651
5.905596039404206
5.905596039404206
5.905596039404206
5.905596039404222
5.905596039404222
5.905596039404222
5.905596039404222
5.905596039404176
5.905596039404206
5.905596039404206
4.163210839177184
4.163210839177193
4.163210839177193
4.163210839177193
0.002472311057444361
0.002472311057444361
0.002472311057444361
0.002472311057444361
0.002472311057444361
0.002472311057444361
0.002472311057444361
0.002472311057444361
0.002472311057444361
0.002472311057444361
0.002472311057444361
0.002472311057444361
0.002472311057444361
0.002472311057444361
0.002472311057444361
0.002472311057444361
0.002472311057444361
0.002472311057444361
0.002472311057444361
0.002472311057444361
0.002472311057444361
0.002472311057444361
0.002472311057444361
0.002472311057444361
0.002472311057444361
0.002472311057444361
0.002472311057444361
0.002472311057444361
0.002472311057444361
0.002472311057444361
0.002472311057444361
0.002472311057444361
0.002472311057444361
0.002472311057444361
0.002472311057444361
0.002472311057444361
0.002472311057444361
0.002472311057444361
0.002472311057444361
0.002472311057444361
0.002472311057444361
0.002472311057444361
0.002472311057444361
0.002472311057444361
0.002472311057444361
0.002472311057444361
0.002472311057444361
0.002472311057444361
0.002472311057444361
0.002472311057444361
0.002472311057444361
0.002472311057444361
0.002472311057444361
0.002472311057444361
0.002472311057444361
0.002472311057444361
0.002472311057444361
0.002472311057444361
0.002472311057444361
0.002472311057444361
0.002472311057444361
0.002472311057444361
0.002472311057444361
0.002472311057444361
0.002472311057444361
0.002472311057444361
0.002472311057444361
0.002472311057444361
0.002472311057444361
0.002472311057444361
0.002472311057444361
0.002472311057444361
0.002472311057444361
0.002472311057444361
0.002472311057444361
0.002472311057444361
0.002472311057444361
0.002472311057444361
0.002472311057444361
0.002472311057444361
0.002472311057444361
0.002472311057444361
0.002472311057444361
0.002472311057444361
0.002472311057444361
0.002472311057444361
0.002472311057444361
0.002472311057444361
0.002472311057444361
0.002472311057444361
0.002472311057444361
0.002472311057444361
0.002472311057444361
0.002472311057444361
0.002472311057444361
0.002472311057444361
0.002472311057444361
0.002472311057444361
0.002472311057444361
0.002472311057444361
0.002472311057444361
0.002472311057444361
0.002472311057444361
0.002472311057444361
0.002472311057444361
0.002472311057444361
0.002472311057444361
0.002472311057444361
0.002472311057444361
0.002472311057444361
0.002472311057444361
0.002472311057444361
0.002472311057444361
0.002472311057444361
0.002472311057444361
0.002472311057444361
0.002472311057444361
0.002472311057444361
0.002472311057444361
0.002472311057444361
0.002472311057444361
0.002472311057444361
0.002472311057444361
0.002472311057444361
0.002472311057444361
0.002472311057444361
0.002472311057444361
0.002472311057444361
0.002472311057444361
0.002472311057444361
0.002472311057444361
0.002472311057444361
0.002472311057444361
0.002472311057444361
0.002472311057444361
0.002472311057444361
0.002472311057444361
0.002472311057444361
0.002472311057444361
0.002472311057444361
0.002472311057444361
0.002472311057444361
0.002472311057444361
0.002472311057444361
0.002472311057444361
0.002472311057444361
0.002472311057444361
0.002472311057444361
0.002472311057444361
0.002472311057444361
0.002472311057444361
0.002472311057444361
0.002472311057444361
0.002472311057444361
0.002472311057444361
0.002472311057444361
0.002472311057444361
0.002472311057444361
0.002472311057444361
0.002472311057444361
0.002472311057444361
0.002472311057444361
0.002472311057444361
0.002472311057444361
0.002472311057444361
0.002472311057444361
0.002472311057444361
0.002472311057444361
0.002472311057444361
0.002472311057444361
0.002472311057444361
0.002472311057444361
0.002472311057444361
0.002472311057444361
0.002472311057444361
0.002472311057444361
0.002472311057444361
0.002472311057444361
0.002472311057444361
0.002472311057444361
0.002472311057444361
0.002472311057444361
0.002472311057444361
0.002472311057444361
0.002472311057444361
0.002472311057444361
0.002472311057444361
0.002472311057444361
0.002472311057444361
0.002472311057444361
0.002472311057444361
0.002472311057444361
0.002472311057444361
0.002472311057444361
0.002472311057444361
0.002472311057444361
0.002472311057444361
0.002472311057444361
0.002472311057444361
0.002472311057444361
0.002472311057444361
0.002472311057444361
0.002472311057444361
0.002472311057444361
0.002472311057444361
0.002472311057444361
0.002472311057444361
0.002472311057444361
0.002472311057444361
0.002472311057444361
0.002472311057444361
0.002472311057444361
0.002472311057444361
0.002472311057444361
0.002472311057444361
0.002472311057444361
0.002472311057444361
0.002472311057444361
0.002472311057444361
0.002472311057444361
0.002472311057444361
0.002472311057444361
0.002472311057444361
0.002472311057444361
0.002472311057444361
0.002472311057444361
0.002472311057444361
0.002472311057444361
0.002472311057444361
0.002472311057444361
0.002472311057444361
0.002472311057444361
0.002472311057444361
0.002472311057444361
0.002472311057444361
0.002472311057444361
0.002472311057444361
0.002472311057444361
0.002472311057444361
0.002472311057444361
0.002472311057444361
0.002472311057444361
0.002472311057444361
0.002472311057444361
0.002472311057444361
0.002472311057444361
0.002472311057444361
0.002472311057444361
0.002472311057444361
0.002472311057444361
0.002472311057444361
0.002472311057444361
0.002472311057444361
0.002472311057444361
0.002472311057444361
0.002472311057444361
0.002472311057444361
0.002472311057444361
0.002472311057444361
0.002472311057444361
0.002472311057444361
0.002472311057444361
0.002472311057444361
0.002472311057444361
0.002472311057444361
0.002472311057444361
0.002472311057444361
0.002472311057444361
0.002472311057444361
0.002472311057444361
0.002472311057444361
0.002472311057444361
0.002472311057444361
0.002472311057444361
0.002472311057444361
0.002472311057444361
0.002472311057444361
0.002472311057444361
0.002472311057444361
0.002472311057444361
0.002472311057444361
0.002472311057444361
0.002472311057444361
0.002472311057444361
0.002472311057444361
0.002472311057444361
0.002472311057444361
0.002472311057444361
0.002472311057444361
0.002472311057444361
0.002472311057444361
0.002472311057444361
0.002472311057444361
0.002472311057444361
0.002472311057444361
0.002472311057444361
0.002472311057444361
0.002472311057444361
0.002472311057444361
0.002472311057444361
