5.327549216917218
5.013633723565889
53.33133584281105
50.013721885360596
54.99797682812918
55.01121691624983
85.6649495224714
89.00165030712041
77.66846763700131
77.67935382741882
57.46387787166383
56.2376682778135
41.80460563856851
39.01093773748008
0.017565400367011538
0.01587807179173012
0.017454805080702997
0.015935675505806872
0.013324123013835776
0.007710263955133047
4.661605564802566
5.013633723565109
99.99999999999888
46.664918862459665
50.01372188245307
99.98976004077365
55.000605388820205
55.01121691472376
91.49331072570135
92.04386554697929
95.68379683530942
69.01330726850568
76.79528599606992
88.01033506026391
20.92924809822584
57.08299511098958
62.69856538205997
0.21273080382704865
42.202822475805476
45.010937638053335
0.31502106295305143
0.015369725321135097
0.020317332533152144
0.026828887496484103
0.015272954445615121
0.033515226297151555
0.026828887496484103
0.011658607637106307
0.041838970552838896
0.006746480960741415
0.005951979262023365
55.00802315880447
54.98112719497208
0.015905384611914274
55.014355376143385
55.02140925221096
0.01585009433794383
100.00000000000094
98.50414475071796
5.877541965090944
91.68140989506936
92.92531255990599
19.31375162275534
87.33206699772666
83.71043811641155
3.2495001625587787
51.759806235705966
51.818102067698376
0.018369270472773386
8.50103056629445
8.652426246503108
0.01575155556631664
0.031764321534871034
0.01563024952964547
0.015757376851666748
0.03205095583922799
0.015605573083161718
0.01496121297013169
0.01413744544621045
0.014456744915874455
