0.007658529607972782
0.0044162345984845785
0.004416234598484586
0.004416234598484576
0.004416234598484581
0.0044162345984845785
0.004416234598484579
0.004416234598484576
0.0044162345984845855
0.0044162345984845785
0.004416234598484586
0.004339536765594309
0.004339536765594307
0.004339536765594296
0.004339536765594305
0.004339536765594309
0.004339536765594307
0.004339536765594296
0.004339536765594305
0.004339536765594309
0.004172090459436561
0.015926807822285744
0.0159268078222827
0.015926807822286646
0.015926807822286743
0.015926807822280075
0.0159268078222827
0.015926807822283524
0.015926807822286743
0.015926807822285744
3.2861809622028284e-07
2.810321225425706e-07
2.8103212254257144e-07
2.81032122542571e-07
2.810321225425715e-07
2.810321225425706e-07
2.810321225425711e-07
2.810321225425706e-07
1.1906185955674053e-07
2.6200215158089e-07
2.6200207018135143e-07
3.995417031460471
3.9954170329822514
3.995417031570687
3.9954170329971506
3.9954170314248234
3.9954170329822514
3.995417031570703
3.995417033056207
3.995417031460471
3.9954170329822514
1.0226742304587562
1.0226742304411087
1.0226742304773548
1.0226742304582102
1.0226742304582108
1.0226742304400425
1.0226742304773548
1.0226742304582102
1.0226742304587562
0.00561357921142118
0.0014836509927416699
0.0014836509927416695
0.0014836509927416677
0.0014836509927416699
0.0014836509927416699
0.0014836509927416673
0.0014836509927416677
0.00148365099274167
0.0014836509927416699
0.0014836509927416695
0.0014725189989075937
0.0014725189989075941
0.0014725189989075941
0.0014725189989075933
0.0014725189989075937
0.0014725189989075941
0.0014725189989075941
0.0014725189989075933
0.0014725189989075937
0.0015346269298976212
0.0018006937280515612
0.0018006937280515005
0.0018006937280515916
0.0018006937280515833
0.0018006937280514355
0.0018006937280515005
0.001800693728051517
0.0018006937280515833
0.0018006937280515612
3.2861809622028284e-07
2.810321225425706e-07
2.8103212254257144e-07
2.81032122542571e-07
2.810321225425715e-07
2.810321225425706e-07
2.810321225425711e-07
2.810321225425706e-07
1.1906185955674053e-07
2.6200215158089e-07
2.6200207018135143e-07
0.0017457637505674574
0.0017457637505675664
0.0017457637505674803
0.0017457637505675426
0.0017457637505674548
0.0017457637505675664
0.0017457637505674803
0.0017457637505675448
0.0017457637505674574
0.0017457637505675664
0.001782988126086385
0.0017829881260863654
0.0017829881260863997
0.0017829881260863836
0.0017829881260863836
0.0017829881260863676
0.0017829881260863997
0.0017829881260863836
0.001782988126086385
0.00561357921142119
0.0014836509927416708
0.0014836509927416686
0.0014836509927416712
0.0014836509927416699
0.0014836509927416708
0.0014836509927416703
0.0014836509927416712
0.0014836509927416695
0.0014836509927416708
0.0014836509927416686
0.001472518998907593
0.001472518998907593
0.0014725189989075933
0.0014725189989075937
0.001472518998907593
0.001472518998907593
0.0014725189989075933
0.0014725189989075937
0.001472518998907593
0.0015346269298976195
3.347013740608901e-07
3.3470137406089014e-07
3.347013740608913e-07
3.3470137406089093e-07
3.3470137406089135e-07
3.3470137406089014e-07
3.34701374060891e-07
3.3470137406089093e-07
3.347013740608901e-07
3.2861809622028284e-07
2.810321225425706e-07
2.8103212254257144e-07
2.81032122542571e-07
2.810321225425715e-07
2.810321225425706e-07
2.810321225425711e-07
2.810321225425706e-07
1.1906185955674053e-07
2.6200215158089e-07
2.6200207018135143e-07
0.001745763750567456
0.0017457637505675656
0.001745763750567483
0.0017457637505675454
0.001745763750567455
0.0017457637505675656
0.001745763750567483
0.0017457637505675482
0.001745763750567456
0.0017457637505675656
0.0017829881260863854
0.0017829881260863658
0.0017829881260863975
0.001782988126086384
0.0017829881260863854
0.001782988126086365
0.0017829881260863975
0.001782988126086384
0.0017829881260863854
4.992125678531339
4.997748340674434
4.997748340669144
4.997748340677575
4.997748340669815
4.997748340674434
4.9977483406666465
4.997748340677575
4.997748340675507
4.997748340674434
4.997748340669144
4.962582336097727
4.962582336104337
4.9625823360985555
4.962582336099808
4.962582336097727
4.962582336104337
4.9625823360985555
4.962582336099808
4.962582336097727
10.319189801495186
15.837538359308432
15.837538362567596
15.83753836072231
15.837538361397154
15.83753836336117
15.837538362567596
15.837538362587214
15.837538361397154
15.837538359308432
3.2861809622028284e-07
13.337540627172809
13.33754061861889
13.337540610000897
13.33754063004608
13.337540627172809
13.337540618633588
13.337540610000984
1.1906185955674053e-07
26.675692535758987
16.675692614397747
3.4474035604315294e-06
3.4474035604314896e-06
3.447403560431513e-06
3.4474035604315176e-06
3.4474035604315273e-06
3.4474035604314896e-06
3.447403560431513e-06
3.4474035604315235e-06
3.4474035604315294e-06
3.4474035604314896e-06
4.281882960280103
4.281882960376766
4.281882960360286
4.2818829602708
4.281882960270818
4.281882960377225
4.281882960360286
4.2818829602708
4.281882960280103
4.99212567852759
5.000503530883238
5.000503530893209
5.000503530898848
5.00050353089704
5.000503530883238
5.000503530891957
5.000503530898848
5.000503530892824
5.000503530883238
5.000503530893209
5.035867283552137
5.0358672835597735
5.035867283546633
5.035867283555105
5.035867283552137
5.0358672835597735
5.035867283546633
5.035867283555105
5.035867283552137
9.679302786229236
4.145464091343703
4.145464088097447
4.1454640899843875
4.145464089312666
4.1454640872940836
4.145464088097447
4.145464088100838
4.145464089312666
4.145464091343703
25.324094047211013
12.88614204872041
12.886142057274025
12.88614206589168
12.886142045846393
12.88614204872041
12.88614205725917
12.886142065892392
34.69017713533214
2.6200215158089e-07
2.6200207018135143e-07
6.001088605800371
6.001088604278571
6.001088605690095
6.00108860426371
6.001088605835968
6.001088604278571
6.001088605690125
6.001088604204598
6.001088605800371
6.001088604278571
4.691878711917461
4.6918787118384255
4.691878711818653
4.691878711927289
4.691878711927261
4.691878711839011
4.691878711818653
4.691878711927289
4.691878711917461
0.0034213368555133204
0.0034213368555133187
0.003421336855513316
0.0034213368555133118
0.0034213368555133204
0.0034213368555133187
0.003421336855513316
0.0034213368555133118
0.0034213368555133204
0.0034213368555133187
0.003421336855513316
0.003309330149029739
0.003309330149029739
0.0033093301490297405
0.0033093301490297405
0.0033093301490297374
0.0033093301490297413
0.0033093301490297374
0.0033093301490297387
0.003309330149029739
0.003272270068048291
1.815612442526076e-06
1.8156124425260761e-06
1.8156124425260725e-06
1.8156124425260725e-06
1.815612442526076e-06
1.8156124425260761e-06
1.8156124425260725e-06
1.8156124425260725e-06
1.815612442526076e-06
1.4217485715729168e-06
1.342968818805123e-06
1.3429688188051214e-06
1.3429688188051214e-06
1.3429688188051214e-06
1.342968818805123e-06
1.3435046217186709e-06
1.9193257465677103
2.316111218710813
2.3161112187108137
1.2194332802705121
1.2194332802705121
1.2194332802705128
1.2194332802705123
1.6006148015410724
1.6006148015410724
1.6006148015410722
1.6006148015410715
1.6006148015410715
1.6006148015410737
1.2194332802705128
1.4569458589300806
1.4569458589224926
1.4569458589173963
1.4569458589173956
1.456945858930006
1.4569458589225392
1.4569458589173967
1.4569458589173971
1.4569458589300806
0.0034213368555133204
0.0034213368555133187
0.003421336855513316
0.0034213368555133118
0.0034213368555133204
0.0034213368555133187
0.003421336855513316
0.0034213368555133118
0.0034213368555133204
0.0034213368555133187
0.003421336855513316
0.003309330149029739
0.003309330149029739
0.0033093301490297405
0.0033093301490297405
0.0033093301490297374
0.0033093301490297413
0.0033093301490297374
0.0033093301490297387
0.003309330149029739
0.003272270068048291
1.815612442526076e-06
1.8156124425260761e-06
1.8156124425260725e-06
1.8156124425260725e-06
1.815612442526076e-06
1.8156124425260761e-06
1.8156124425260725e-06
1.8156124425260725e-06
1.815612442526076e-06
1.4217485715729168e-06
1.342968818805123e-06
1.3429688188051214e-06
1.3429688188051214e-06
1.3429688188051214e-06
1.342968818805123e-06
1.3435046217186709e-06
1.9193257465677103
2.316111218710813
2.3161112187108137
1.2194332802705121
1.2194332802705121
1.2194332802705128
1.2194332802705123
1.6006148015410724
1.6006148015410724
1.6006148015410722
1.6006148015410715
1.6006148015410715
1.6006148015410737
1.2194332802705128
1.4569458589300806
1.4569458589224926
1.4569458589173963
1.4569458589173956
1.456945858930006
1.4569458589225392
1.4569458589173967
1.4569458589173971
1.4569458589300806
0.0013464533000216777
0.0013464533000216768
0.0013464533000216794
0.0013464533000216786
0.0013464533000216777
0.0013464533000216768
0.0013464533000216794
0.0013464533000216786
0.0013464533000216777
0.0013464533000216768
0.0013464533000216794
0.001392918255473407
0.0013929182554734034
0.0013929182554734026
0.0013929182554734026
0.0013929182554734043
0.0013929182554734056
0.0013929182554734047
0.0013929182554734047
0.001392918255473407
0.0014202813899818314
1.815612442526076e-06
1.8156124425260761e-06
1.8156124425260725e-06
1.8156124425260725e-06
1.815612442526076e-06
1.8156124425260761e-06
1.8156124425260725e-06
1.8156124425260725e-06
1.815612442526076e-06
1.4217485715729168e-06
1.342968818805123e-06
1.3429688188051214e-06
1.3429688188051214e-06
1.3429688188051214e-06
1.342968818805123e-06
1.3435046217186709e-06
1.9193257465677103
0.0015325398233664736
0.001532539823366475
0.0015013753310874625
0.0015013753310874625
0.0015013753310874625
0.0015013753310874625
0.0015087430048358282
0.0015087430048358287
0.001508743004835826
0.0015087430048358282
0.0015087430048358295
0.0015087430048358282
0.0015013753310874625
0.001779170391197167
0.0017791703911971622
0.0017791703911971617
0.0017791703911971583
0.0017791703911971635
0.00177917039119716
0.0017791703911971583
0.00177917039119716
0.001779170391197167
0.002398481265768733
0.002398481265768731
0.00239848126576873
0.002398481265768731
0.002398481265768733
0.002398481265768731
0.00239848126576873
0.002398481265768731
0.002398481265768733
0.002398481265768731
0.00239848126576873
0.00183461495104425
0.00183461495104425
0.001834614951044249
0.001834614951044249
0.0018346149510442516
0.00183461495104425
0.0018346149510442508
0.0018346149510442486
0.00183461495104425
0.0018599111214716527
1.815612442526076e-06
1.8156124425260761e-06
1.8156124425260725e-06
1.8156124425260725e-06
1.815612442526076e-06
1.8156124425260761e-06
1.8156124425260725e-06
1.8156124425260725e-06
1.815612442526076e-06
1.4217485715729168e-06
1.342968818805123e-06
1.3429688188051214e-06
1.3429688188051214e-06
1.3429688188051214e-06
1.342968818805123e-06
1.3435046217186709e-06
1.9193257465677103
2.316111218710813
2.3161112187108137
1.2194332802705121
1.2194332802705121
1.2194332802705128
1.2194332802705123
9.817845091951549e-08
9.81784509195154e-08
9.817845091951549e-08
9.81784509195154e-08
9.817845091951549e-08
9.81784509195154e-08
1.2194332802705128
1.0763734926492605
1.0763734926655566
1.0763734926627773
1.076373492662776
1.0763734926493398
1.0763734926655815
1.0763734926627762
1.0763734926627762
1.0763734926492605
4.996919349934928
4.9969193499366344
4.996919349935769
4.996919349935937
4.996919349934928
4.9969193499366344
4.996919349935769
4.996919349935937
4.996919349934928
4.9969193499366344
4.996919349935769
4.997947014368696
4.997947014363104
4.9979470143651925
4.9979470143651925
4.997947014363422
4.997947014366952
4.9979470143643825
4.997947014363156
4.997947014368696
9.997968125213557
10.963300342993174
10.96330034299308
10.963300342993097
10.963300342993097
10.963300342993174
10.96330034299308
10.963300342993097
10.963300342993097
10.963300342993174
11.230478479744471
11.302733422570011
11.302733422571695
11.3027334225703
11.3027334225703
11.302733422570011
11.302213865299757
2.3226980968194435
3.0501347215600223
3.0501347215600183
1.3402005723990105
1.3402005723990105
1.3402005723990102
1.3402005723990102
1.797263008437925
1.797263008437926
1.7972630084379255
1.7972630084379273
1.7972630084379253
1.7972630084379242
1.3402005723990102
1.0079571687203472
1.0079571687192286
1.0079571687322004
1.0079571687322015
1.007957168720417
1.0079571687191111
1.0079571687322004
1.0079571687322006
1.0079571687203472
0.0029374442934560763
0.002937444293456076
0.0029374442934560763
0.0029374442934560745
0.0029374442934560763
0.0029374442934560745
0.0029374442934560763
0.002937444293456076
0.0029374442934560763
0.002937444293456076
0.0029374442934560763
0.0029374442934560745
0.0029374442934560763
0.0029374442934560745
0.0029374442934560763
0.002937444293456076
0.0025430634583574196
0.0025430634583574196
0.0025430634583574196
0.0025430634583574196
0.0027055454574229803
0.002917970724988796
0.002917970724988798
0.002917970724988796
0.002917970724988798
0.002917970724988796
0.002275837649462181
0.002275837649462181
0.002275837649462181
0.002275837649462181
0.0023373008331948513
0.0028444760437397396
0.0028444760437397404
0.0028444760437397396
0.002844476043739741
0.0028444760437397396
3.2822683911207997e-07
3.2822683911207997e-07
3.2822683911207997e-07
3.2822683911207997e-07
3.2822683911207997e-07
3.2822683911207997e-07
3.2822683911207997e-07
3.2822683911207997e-07
3.2822683911207997e-07
4.966358426864067e-07
4.704407086137895e-07
4.3695107212249486e-07
4.3695107212249534e-07
4.3695107212249444e-07
4.3695107212249523e-07
4.5743639069055794e-07
7.32493807783211e-07
7.32493807783211e-07
7.324938077832118e-07
2.8179904649282843e-06
3.7340423781939803e-07
3.73404237819398e-07
5.699055108740007e-07
5.69905510873998e-07
0.0029374442934560763
0.002937444293456076
0.0029374442934560763
0.0029374442934560745
0.0029374442934560763
0.0029374442934560745
0.0029374442934560763
0.002937444293456076
0.0029374442934560763
0.002937444293456076
0.0029374442934560763
0.0029374442934560745
0.0029374442934560763
0.0029374442934560745
0.0029374442934560763
0.002937444293456076
0.0025430634583574196
0.0025430634583574196
0.0025430634583574196
0.0025430634583574196
0.0027055454574229803
0.002917970724988796
0.002917970724988798
0.002917970724988796
0.002917970724988798
0.002917970724988796
0.002275837649462181
0.002275837649462181
0.002275837649462181
0.002275837649462181
0.0023373008331948513
0.0028444760437397396
0.0028444760437397404
0.0028444760437397396
0.002844476043739741
0.0028444760437397396
3.2822683911207997e-07
3.2822683911207997e-07
3.2822683911207997e-07
3.2822683911207997e-07
3.2822683911207997e-07
3.2822683911207997e-07
3.2822683911207997e-07
3.2822683911207997e-07
3.2822683911207997e-07
4.966358426864067e-07
4.704407086137895e-07
4.3695107212249486e-07
4.3695107212249534e-07
4.3695107212249444e-07
4.3695107212249523e-07
4.5743639069055794e-07
7.32493807783211e-07
7.32493807783211e-07
7.324938077832118e-07
2.8179904649282843e-06
3.7340423781939803e-07
3.73404237819398e-07
5.699055108740007e-07
5.69905510873998e-07
0.0029374442934560763
0.002937444293456076
0.0029374442934560763
0.0029374442934560745
0.0029374442934560763
0.0029374442934560745
0.0029374442934560763
0.002937444293456076
0.0029374442934560763
0.002937444293456076
0.0029374442934560763
0.0029374442934560745
0.0029374442934560763
0.0029374442934560745
0.0029374442934560763
0.002937444293456076
0.0025430634583574196
0.0025430634583574196
0.0025430634583574196
0.0025430634583574196
0.0027055454574229803
0.002917970724988796
0.002917970724988798
0.002917970724988796
0.002917970724988798
0.002917970724988796
0.002275837649462181
0.002275837649462181
0.002275837649462181
0.002275837649462181
0.0023373008331948513
0.0028444760437397396
0.0028444760437397404
0.0028444760437397396
0.002844476043739741
0.0028444760437397396
3.2822683911207997e-07
3.2822683911207997e-07
3.2822683911207997e-07
3.2822683911207997e-07
3.2822683911207997e-07
3.2822683911207997e-07
3.2822683911207997e-07
3.2822683911207997e-07
3.2822683911207997e-07
4.966358426864067e-07
4.704407086137895e-07
4.3695107212249486e-07
4.3695107212249534e-07
4.3695107212249444e-07
4.3695107212249523e-07
4.5743639069055794e-07
7.32493807783211e-07
7.32493807783211e-07
7.324938077832118e-07
2.8179904649282843e-06
3.7340423781939803e-07
3.73404237819398e-07
5.699055108740007e-07
5.69905510873998e-07
0.001280435558746393
0.0012804355587463935
0.001280435558746393
0.0012804355587463913
0.001280435558746393
0.0012804355587463913
0.001280435558746393
0.0012804355587463935
0.001280435558746393
0.0012804355587463935
0.001280435558746393
0.0012804355587463913
0.001280435558746393
0.0012804355587463913
0.001280435558746393
0.0012804355587463935
0.0025430634583574196
0.0025430634583574196
0.0025430634583574196
0.0025430634583574196
0.00129999438670071
0.0013359516214151179
0.0013359516214151153
0.0013359516214151179
0.0013359516214151153
0.0013359516214151179
0.002275837649462181
0.002275837649462181
0.002275837649462181
0.002275837649462181
0.0013691665054739004
0.0015111549684311523
0.0015111549684311558
0.0015111549684311523
0.0015111549684311567
0.0015111549684311523
3.2822683911207997e-07
3.2822683911207997e-07
3.2822683911207997e-07
3.2822683911207997e-07
3.2822683911207997e-07
3.2822683911207997e-07
3.2822683911207997e-07
3.2822683911207997e-07
3.2822683911207997e-07
4.966358426864067e-07
4.704407086137895e-07
4.3695107212249486e-07
4.3695107212249534e-07
4.3695107212249444e-07
4.3695107212249523e-07
4.5743639069055794e-07
7.32493807783211e-07
7.32493807783211e-07
7.324938077832118e-07
2.8179904649282843e-06
7.773866562555832e-08
7.773866562555832e-08
5.699055108740007e-07
5.69905510873998e-07
0.0012804355587463917
0.0012804355587463926
0.0012804355587463917
0.0012804355587463926
0.0012804355587463917
0.0012804355587463926
0.0012804355587463917
0.0012804355587463926
0.0012804355587463917
0.0012804355587463926
0.0012804355587463917
0.0012804355587463926
0.0012804355587463917
0.0012804355587463926
0.0012804355587463917
0.0012804355587463926
0.002429245283547477
0.002429245283547477
0.002429245283547477
0.002429245283547477
0.0025628986088108868
0.0013622288168279855
0.001362228816827984
0.0013622288168279855
0.001362228816827984
0.0013622288168279855
0.004464791340999897
0.004464791340999897
0.004464791340999897
0.004464791340999897
0.004762298335836015
0.001523775096012437
0.0015237750960124376
0.001523775096012437
0.0015237750960124371
0.001523775096012437
5.328956968290817
5.328956968290817
5.328956968290817
5.328956968290817
5.328956968290817
5.328956968290817
5.328956968290817
5.328956968290817
5.328956968290817
3.521897983927159
3.717857923325752
4.0028232020424275
4.002823202042427
4.002823202042427
4.0028232020424275
3.8235669747797703
2.387790875326325
2.387790875326325
2.387790875326324
0.620167627577635
4.684002559012439
4.684002559012449
3.0689704415477483
3.0689704415477483
0.5778871645078401
0.5778871645078401
0.5778871645078401
0.5778871645078401
0.5778871645078401
0.5778871645078401
0.5778871645078401
0.5778871645078398
0.5778871645078401
0.5778871645078401
0.5778871645078401
0.5778871645078401
0.5778871645078401
0.5778871645078401
0.5778871645078401
0.5778871645078401
0.5778871645078401
0.5778871645078401
0.5778871645078401
0.5778871645078401
0.6604312559159313
0.6604312559159313
0.6604312559159313
0.6604312559159313
0.6604312559159313
0.1044308699348704
0.004501350930849752
0.004501350930849752
0.004501350930849752
0.004501350930849752
0.004501350930849752
0.004501350930849752
0.004501350930849752
0.004501350930849752
0.004501350930849752
0.003282247782240538
8.642712808266915e-07
8.642712808266915e-07
8.642712808266915e-07
8.642712808266915e-07
8.642698663365787e-07
8.642698663365787e-07
8.642698663365787e-07
8.642698663365787e-07
8.642698663365787e-07
8.642698663365787e-07
8.47778072245077e-07
8.47778072245077e-07
8.47778072245077e-07
8.47778072245077e-07
8.47778072245077e-07
8.47778072245077e-07
8.47778072245077e-07
8.47778072245077e-07
8.47778072245077e-07
8.47778072245077e-07
0.9149245886860663
0.9149245886860663
0.9149245886860663
0.9149245886860663
0.5778871645078401
0.5778871645078401
0.5778871645078401
0.5778871645078401
0.5778871645078401
0.5778871645078401
0.5778871645078401
0.5778871645078398
0.5778871645078401
0.5778871645078401
0.5778871645078401
0.5778871645078401
0.5778871645078401
0.5778871645078401
0.5778871645078401
0.5778871645078401
0.5778871645078401
0.5778871645078401
0.5778871645078401
0.5778871645078401
0.6604312559159313
0.6604312559159313
0.6604312559159313
0.6604312559159313
0.6604312559159313
0.1044308699348704
0.004501350930849752
0.004501350930849752
0.004501350930849752
0.004501350930849752
0.004501350930849752
0.004501350930849752
0.004501350930849752
0.004501350930849752
0.004501350930849752
0.003282247782240538
8.642712808266915e-07
8.642712808266915e-07
8.642712808266915e-07
8.642712808266915e-07
8.642698663365787e-07
8.642698663365787e-07
8.642698663365787e-07
8.642698663365787e-07
8.642698663365787e-07
8.642698663365787e-07
8.47778072245077e-07
8.47778072245077e-07
8.47778072245077e-07
8.47778072245077e-07
8.47778072245077e-07
8.47778072245077e-07
8.47778072245077e-07
8.47778072245077e-07
8.47778072245077e-07
8.47778072245077e-07
0.9149245886860663
0.9149245886860663
0.9149245886860663
0.9149245886860663
0.5778871645078401
0.5778871645078401
0.5778871645078401
0.5778871645078401
0.5778871645078401
0.5778871645078401
0.5778871645078401
0.5778871645078398
0.5778871645078401
0.5778871645078401
0.5778871645078401
0.5778871645078401
0.5778871645078401
0.5778871645078401
0.5778871645078401
0.5778871645078401
0.5778871645078401
0.5778871645078401
0.5778871645078401
0.5778871645078401
0.6604312559159313
0.6604312559159313
0.6604312559159313
0.6604312559159313
0.6604312559159313
0.1044308699348704
0.004501350930849752
0.004501350930849752
0.004501350930849752
0.004501350930849752
0.004501350930849752
0.004501350930849752
0.004501350930849752
0.004501350930849752
0.004501350930849752
0.003282247782240538
8.642712808266915e-07
8.642712808266915e-07
8.642712808266915e-07
8.642712808266915e-07
8.642698663365787e-07
8.642698663365787e-07
8.642698663365787e-07
8.642698663365787e-07
8.642698663365787e-07
8.642698663365787e-07
8.47778072245077e-07
8.47778072245077e-07
8.47778072245077e-07
8.47778072245077e-07
8.47778072245077e-07
8.47778072245077e-07
8.47778072245077e-07
8.47778072245077e-07
8.47778072245077e-07
8.47778072245077e-07
0.9149245886860663
0.9149245886860663
0.9149245886860663
0.9149245886860663
0.5778871645078401
0.5778871645078401
0.5778871645078401
0.5778871645078401
0.5778871645078401
0.5778871645078401
0.5778871645078401
0.5778871645078398
0.5778871645078401
0.5778871645078401
0.5778871645078401
0.5778871645078401
0.5778871645078401
0.5778871645078401
0.5778871645078401
0.5778871645078401
0.5778871645078401
0.5778871645078401
0.5778871645078401
0.5778871645078401
0.6604312559159313
0.6604312559159313
0.6604312559159313
0.6604312559159313
0.6604312559159313
0.1044308699348704
0.004501350930849752
0.004501350930849752
0.004501350930849752
0.004501350930849752
0.004501350930849752
0.004501350930849752
0.004501350930849752
0.004501350930849752
0.004501350930849752
0.003282247782240538
8.642712808266915e-07
8.642712808266915e-07
8.642712808266915e-07
8.642712808266915e-07
8.642698663365787e-07
8.642698663365787e-07
8.642698663365787e-07
8.642698663365787e-07
8.642698663365787e-07
8.642698663365787e-07
8.47778072245077e-07
8.47778072245077e-07
8.47778072245077e-07
8.47778072245077e-07
8.47778072245077e-07
8.47778072245077e-07
8.47778072245077e-07
8.47778072245077e-07
8.47778072245077e-07
8.47778072245077e-07
0.9149245886860663
0.9149245886860663
0.9149245886860663
0.9149245886860663
2.6884547134459935
2.6884547134459966
2.6884547134459966
2.6884547134459966
2.6884547134459966
2.6884547134459935
2.6884547134459935
2.6884547134459975
2.6884547134459935
2.6884547134459966
2.6884547134459966
2.6884547134459966
2.6884547134459966
2.6884547134459935
2.6884547134459935
2.6884547134459935
2.6884547134459935
2.6884547134459966
2.6884547134459966
2.6884547134459966
7.3582777601690745
7.3582777601690745
7.3582777601690745
7.3582777601690745
7.3582777601690745
9.582350759677132
9.987650122754046
9.987650122754046
9.987650122754046
9.987650122754046
9.98765012272618
9.987650122754046
9.987650122754046
9.987650122754046
9.987650122754046
9.995150957624778
12.023636181151968
12.023636181151968
12.023636181151968
12.023636181151968
7.023636388266015
7.023636388266015
7.023636388266015
7.023636388266015
7.023636388266015
7.023636388266015
7.063046317638555
7.063046317638555
7.063046317638555
7.063046317638555
7.063046317638555
7.063046317638555
7.063046317638555
7.063046317638546
7.063046317638555
7.063046317638555
1.3403039093665083
1.3403039093665083
1.3403039093665083
1.3403039093665083
0.002549657205847374
0.002549657205847374
0.002549657205847374
0.002549657205847374
0.002549657205847374
0.002549657205847374
0.002549657205847374
0.002549657205847374
0.002549657205847374
0.002549657205847374
0.002549657205847374
0.002549657205847374
0.002549657205847374
0.002549657205847374
0.002549657205847374
0.002549657205847374
0.002549657205847374
0.002549657205847374
0.002549657205847374
0.002549657205847374
0.002549657205847374
0.002549657205847374
0.002549657205847374
0.002549657205847374
0.002549657205847374
0.002549657205847374
0.002549657205847374
0.002549657205847374
0.002549657205847374
0.002549657205847374
0.002549657205847374
0.002549657205847374
0.002549657205847374
0.002549657205847374
0.002549657205847374
0.002549657205847374
0.002549657205847374
0.002549657205847374
0.002549657205847374
0.002549657205847374
0.002549657205847374
0.002549657205847374
0.002549657205847374
0.002549657205847374
0.002549657205847374
0.002549657205847374
0.002549657205847374
0.002549657205847374
0.002549657205847374
0.002549657205847374
0.002549657205847374
0.002549657205847374
0.002549657205847374
0.002549657205847374
0.002549657205847374
0.002549657205847374
0.002549657205847374
0.002549657205847374
0.002549657205847374
0.002549657205847374
0.002549657205847374
0.002549657205847374
0.002549657205847374
0.002549657205847374
0.002549657205847374
0.002549657205847374
0.002549657205847374
0.002549657205847374
0.002549657205847374
0.002549657205847374
0.002549657205847374
0.002549657205847374
0.002549657205847374
0.002549657205847374
0.002549657205847374
0.002549657205847374
0.002549657205847374
0.002549657205847374
0.002549657205847374
0.002549657205847374
0.002549657205847374
0.002549657205847374
0.002549657205847374
0.002549657205847374
0.002549657205847374
0.002549657205847374
0.002549657205847374
0.002549657205847374
0.002549657205847374
0.002549657205847374
0.002549657205847374
0.002549657205847374
0.002549657205847374
0.002549657205847374
0.002549657205847374
0.002549657205847374
0.002549657205847374
0.002549657205847374
0.002549657205847374
0.002549657205847374
0.002549657205847374
0.002549657205847374
0.002549657205847374
0.002549657205847374
0.002549657205847374
0.002549657205847374
0.002549657205847374
0.002549657205847374
0.002549657205847374
0.002549657205847374
0.002549657205847374
0.002549657205847374
0.002549657205847374
0.002549657205847374
0.002549657205847374
0.002549657205847374
0.002549657205847374
0.002549657205847374
0.002549657205847374
0.002549657205847374
0.002549657205847374
0.002549657205847374
0.002549657205847374
0.002549657205847374
0.002549657205847374
0.002549657205847374
0.002549657205847374
0.002549657205847374
0.002549657205847374
0.002549657205847374
0.002549657205847374
0.002549657205847374
0.002549657205847374
0.002549657205847374
0.002549657205847374
0.002549657205847374
0.002549657205847374
0.002549657205847374
0.002549657205847374
0.002549657205847374
0.002549657205847374
0.002549657205847374
0.002549657205847374
0.002549657205847374
0.002549657205847374
0.002549657205847374
0.002549657205847374
0.002549657205847374
0.002549657205847374
0.002549657205847374
0.002549657205847374
0.002549657205847374
0.002549657205847374
0.002549657205847374
0.002549657205847374
0.002549657205847374
0.002549657205847374
0.002549657205847374
0.002549657205847374
0.002549657205847374
0.002549657205847374
0.002549657205847374
0.002549657205847374
0.002549657205847374
0.002549657205847374
0.002549657205847374
0.002549657205847374
0.002549657205847374
0.002549657205847374
0.002549657205847374
0.002549657205847374
0.002549657205847374
0.002549657205847374
0.002549657205847374
0.002549657205847374
0.002549657205847374
0.002549657205847374
0.002549657205847374
0.002549657205847374
0.002549657205847374
0.002549657205847374
0.002549657205847374
0.002549657205847374
0.002549657205847374
0.002549657205847374
0.002549657205847374
0.002549657205847374
0.002549657205847374
0.002549657205847374
0.002549657205847374
0.002549657205847374
0.002549657205847374
0.002549657205847374
0.002549657205847374
0.002549657205847374
0.002549657205847374
0.002549657205847374
0.002549657205847374
0.002549657205847374
0.002549657205847374
0.002549657205847374
0.002549657205847374
0.002549657205847374
0.002549657205847374
0.002549657205847374
0.002549657205847374
0.002549657205847374
0.002549657205847374
0.002549657205847374
0.002549657205847374
0.002549657205847374
0.002549657205847374
0.002549657205847374
0.002549657205847374
0.002549657205847374
0.002549657205847374
0.002549657205847374
0.002549657205847374
0.002549657205847374
0.002549657205847374
0.002549657205847374
0.002549657205847374
0.002549657205847374
0.002549657205847374
0.002549657205847374
0.002549657205847374
0.002549657205847374
0.002549657205847374
0.002549657205847374
0.002549657205847374
0.002549657205847374
0.002549657205847374
0.002549657205847374
0.002549657205847374
0.002549657205847374
0.002549657205847374
0.002549657205847374
0.002549657205847374
0.002549657205847374
0.002549657205847374
0.002549657205847374
0.002549657205847374
0.002549657205847374
0.002549657205847374
0.002549657205847374
0.002549657205847374
0.002549657205847374
0.002549657205847374
0.002549657205847374
0.002549657205847374
0.002549657205847374
0.002549657205847374
0.002549657205847374
0.002549657205847374
0.002549657205847374
0.002549657205847374
0.002549657205847374
0.002549657205847374
0.002549657205847374
0.002549657205847374
0.002549657205847374
0.002549657205847374
0.002549657205847374
0.002549657205847374
0.002549657205847374
0.002549657205847374
0.002549657205847374
0.002549657205847374
0.002549657205847374
0.002549657205847374
0.002549657205847374
0.002549657205847374
0.002549657205847374
0.002549657205847374
0.002549657205847374
0.002549657205847374
0.002549657205847374
0.002549657205847374
0.002549657205847374
0.002549657205847374
0.002549657205847374
0.002549657205847374
0.002549657205847374
0.002549657205847374
0.002549657205847374
0.002549657205847374
0.002549657205847374
0.002549657205847374
0.002549657205847374
0.002549657205847374
0.002549657205847374
0.002549657205847374
0.002549657205847374
0.002549657205847374
0.002549657205847374
0.002549657205847374
0.002549657205847374
0.002549657205847374
0.002549657205847374
0.002549657205847374
