0.007895698396805166
0.0045681457828069
0.0045681457828068974
0.0045681457828068974
0.004568145782806897
0.004568145782806893
0.004568145782806892
0.004568145782806894
0.004568145782806892
0.0045681457828069
0.0045681457828068974
0.00438088189317103
0.004380881893171028
0.004380881893171026
0.0043808818931710194
0.0043808818931710255
0.004380881893171025
0.0043808818931710255
0.0043808818931710255
0.00438088189317103
0.0053726576517606865
0.9611465573358777
0.9611465573858523
0.9611465573314025
0.9611465573466289
0.9611465573085785
0.9611465573738709
0.9611465572825975
0.9611465573954885
0.9611465573358777
0.9611465573858523
5.96085200439804e-06
5.960852004398056e-06
5.960852004398057e-06
5.960852004398065e-06
5.960852004398038e-06
5.960852004398056e-06
5.96085200439805e-06
5.960852004398035e-06
5.96085200439804e-06
5.9521751865949466e-06
7.011840489426298e-06
7.0118404894262915e-06
7.011840489426305e-06
7.011840489426315e-06
7.011840489426298e-06
7.011840489426304e-06
7.011840489426304e-06
7.0118404894262974e-06
7.011840489426298e-06
7.0118404894262915e-06
1.1197872722949986
1.1197872722957531
1.1197872722955804
1.119787272295361
1.1197872722964242
1.1197872722952864
1.119787272295751
1.1197872722957791
1.1197872722949986
0.005796703766715674
0.0015766300730574048
0.0015766300730574048
0.0015766300730574053
0.0015766300730574074
0.00157663007305741
0.0015766300730574092
0.0015766300730574042
0.0015766300730574085
0.0015766300730574048
0.0015766300730574048
0.0015385590435022332
0.001538559043502237
0.0015385590435022323
0.0015385590435022336
0.0015385590435022327
0.0015385590435022327
0.0015385590435022345
0.0015385590435022327
0.0015385590435022332
0.0018735326730831543
0.001837791770779408
0.0018377917707794755
0.0018377917707793965
0.0018377917707794208
0.0018377917707793645
0.0018377917707794566
0.0018377917707793246
0.0018377917707794935
0.001837791770779408
0.0018377917707794755
5.96085200439804e-06
5.960852004398056e-06
5.960852004398057e-06
5.960852004398065e-06
5.960852004398038e-06
5.960852004398056e-06
5.96085200439805e-06
5.960852004398035e-06
5.96085200439804e-06
5.9521751865949466e-06
7.011840489426298e-06
7.0118404894262915e-06
7.011840489426305e-06
7.011840489426315e-06
7.011840489426298e-06
7.011840489426304e-06
7.011840489426304e-06
7.0118404894262974e-06
7.011840489426298e-06
7.0118404894262915e-06
0.0019097163893700376
0.0019097163893700372
0.0019097163893700333
0.0019097163893700368
0.001909716389370039
0.001909716389370035
0.0019097163893700372
0.001909716389370038
0.0019097163893700376
0.005796703766715669
0.0015766300730574098
0.0015766300730574061
0.0015766300730574057
0.001576630073057404
0.0015766300730574057
0.0015766300730574035
0.0015766300730574057
0.0015766300730574094
0.0015766300730574098
0.0015766300730574061
0.0015385590435022362
0.0015385590435022319
0.0015385590435022362
0.0015385590435022332
0.0015385590435022327
0.0015385590435022353
0.0015385590435022353
0.0015385590435022362
0.0015385590435022362
0.001873532673083154
0.006534642818258142
0.006534642818258636
0.006534642818258101
0.006534642818258247
0.0065346428182578515
0.006534642818258535
0.0065346428182576025
0.006534642818258713
0.006534642818258142
0.006534642818258636
5.96085200439804e-06
5.960852004398056e-06
5.960852004398057e-06
5.960852004398065e-06
5.960852004398038e-06
5.960852004398056e-06
5.96085200439805e-06
5.960852004398035e-06
5.96085200439804e-06
5.9521751865949466e-06
7.011840489426298e-06
7.0118404894262915e-06
7.011840489426305e-06
7.011840489426315e-06
7.011840489426298e-06
7.011840489426304e-06
7.011840489426304e-06
7.0118404894262974e-06
7.011840489426298e-06
7.0118404894262915e-06
0.0019097163893700398
0.0019097163893700368
0.001909716389370039
0.0019097163893700394
0.0019097163893700407
0.0019097163893700402
0.0019097163893700402
0.0019097163893700398
0.0019097163893700398
4.991735451991085
4.997383650574158
4.997383650566837
4.997383650549682
4.997383650572451
4.997383650556873
4.997383650569558
4.997383650554633
4.997383650566853
4.997383650574158
4.997383650566837
4.935747708153593
4.935747708148791
4.935747708162494
4.935747708148689
4.935747708158304
4.935747708152517
4.935747708161025
4.935747708178985
4.935747708153593
10.55709435111028
10.259242114043412
10.259242112436048
10.259242113880191
10.259242115321472
10.259242114858019
10.259242107470383
10.259242117135418
10.259242112956487
10.259242114043412
10.259242112436048
8.739876736037962
8.739876736069032
8.73987673676731
8.739876736584986
8.73987673566427
8.739876736857685
8.739876735873677
8.739876736479417
8.739876736037962
4.68380018731507
6.132465988855428
6.132465989244572
6.132465988810182
6.132465988638428
6.132465988855428
6.132465988940439
6.132465988478729
6.132465988569299
6.132465988855428
6.132465989244572
4.542324724819028
4.542324724820329
4.542324724819832
4.542324724818647
4.542324724826895
4.542324724817664
4.542324724813392
4.542324724834233
4.542324724819028
4.9917354519869885
5.000673119567455
5.000673119578251
5.000673119593927
5.000673119568415
5.000673119591431
5.000673119577332
5.000673119575934
5.000673119569846
5.000673119567455
5.000673119578251
5.06266896267585
5.062668962695156
5.062668962673712
5.0626689626810935
5.06266896268294
5.062668962680484
5.062668962677791
5.062668962662151
5.06266896267585
9.43966013127367
8.771242264221463
8.771242265779014
8.77124226438934
8.771242262932748
8.771242263434338
8.771242270756652
8.771242261182811
8.771242265248818
8.771242264221463
8.771242265779014
11.781183092357901
11.781183092326993
11.781183091628755
11.781183091811647
11.78118309273175
11.781183091538873
11.781183092522378
11.781183091916931
11.781183092357901
5.837260094925124
4.310504694368894
4.310504693980102
4.310504694414047
4.310504694585579
4.310504694368894
4.310504694283123
4.31050469474539
4.310504694654681
4.310504694368894
4.310504693980102
4.334071645424122
4.334071645428409
4.3340716454266905
4.334071645434325
4.3340716454231085
4.334071645425874
4.3340716454348565
4.3340716454156585
4.334071645424122
0.0035028274632962313
0.0035028274632962304
0.0035028274632962304
0.0035028274632962365
0.0035028274632962304
0.003502827463296234
0.003502827463296232
0.003502827463296234
0.0035028274632962313
0.0035028274632962304
0.0035028274632962304
0.003351976735728718
0.0033519767357287145
0.0033519767357287197
0.0033519767357287145
0.0033519767357287162
0.0033519767357287162
0.0033519767357287162
0.003351976735728715
0.003351976735728718
0.0035922524744282894
3.2317812503787246e-06
3.2317812503787216e-06
3.2317812503787212e-06
3.2317812503787212e-06
3.2317812503787212e-06
3.2317812503787216e-06
3.2317812503787212e-06
3.2317812503787136e-06
3.2317812503787246e-06
9.32199778471014e-06
1.7690524909735674e-05
1.769052490973561e-05
1.7690524909735725e-05
1.7690524909735613e-05
1.769052490973565e-05
1.7690524909735617e-05
1.769052490973567e-05
1.7690524909735617e-05
1.7690524909735674e-05
1.7547692306996605e-05
0.42921582175693956
0.4292158217567303
0.42921582175673995
0.42921582175673756
0.42921582175697026
0.4292158217568017
0.42921582175673995
0.42921582175692374
0.42921582175693956
0.4292158217567303
2.196724383113657e-05
2.1967243831136622e-05
2.1967243831136615e-05
2.1967243831136564e-05
2.1967243831136564e-05
2.1967243831136524e-05
2.196724383113663e-05
2.196724383113663e-05
2.196724383113657e-05
0.0035028274632962313
0.0035028274632962304
0.0035028274632962304
0.0035028274632962365
0.0035028274632962304
0.003502827463296234
0.003502827463296232
0.003502827463296234
0.0035028274632962313
0.0035028274632962304
0.0035028274632962304
0.003351976735728718
0.0033519767357287145
0.0033519767357287197
0.0033519767357287145
0.0033519767357287162
0.0033519767357287162
0.0033519767357287162
0.003351976735728715
0.003351976735728718
0.0035922524744282894
3.2317812503787246e-06
3.2317812503787216e-06
3.2317812503787212e-06
3.2317812503787212e-06
3.2317812503787212e-06
3.2317812503787216e-06
3.2317812503787212e-06
3.2317812503787136e-06
3.2317812503787246e-06
9.32199778471014e-06
1.7690524909735674e-05
1.769052490973561e-05
1.7690524909735725e-05
1.7690524909735613e-05
1.769052490973565e-05
1.7690524909735617e-05
1.769052490973567e-05
1.7690524909735617e-05
1.7690524909735674e-05
1.7547692306996605e-05
0.42921582175693956
0.4292158217567303
0.42921582175673995
0.42921582175673756
0.42921582175697026
0.4292158217568017
0.42921582175673995
0.42921582175692374
0.42921582175693956
0.4292158217567303
2.196724383113657e-05
2.1967243831136622e-05
2.1967243831136615e-05
2.1967243831136564e-05
2.1967243831136564e-05
2.1967243831136524e-05
2.196724383113663e-05
2.196724383113663e-05
2.196724383113657e-05
0.0014383030247601754
0.001438303024760174
0.0014383030247601754
0.0014383030247601754
0.0014383030247601732
0.001438303024760174
0.001438303024760174
0.0014383030247601758
0.0014383030247601754
0.001438303024760174
0.0014383030247601754
0.0014739215432792042
0.0014739215432792011
0.0014739215432792033
0.0014739215432792042
0.0014739215432792037
0.0014739215432792055
0.0014739215432792037
0.0014739215432792046
0.0014739215432792042
0.0016011583340804247
3.2317812503787246e-06
3.2317812503787216e-06
3.2317812503787212e-06
3.2317812503787212e-06
3.2317812503787212e-06
3.2317812503787216e-06
3.2317812503787212e-06
3.2317812503787136e-06
3.2317812503787246e-06
9.32199778471014e-06
1.7690524909735674e-05
1.769052490973561e-05
1.7690524909735725e-05
1.7690524909735613e-05
1.769052490973565e-05
1.7690524909735617e-05
1.769052490973567e-05
1.7690524909735617e-05
1.7690524909735674e-05
1.7547692306996605e-05
0.0018383696731466
0.0018383696731465965
0.0018383696731465993
0.0018383696731465986
0.001838369673146603
0.0018383696731466004
0.0018383696731465993
0.0018383696731466006
0.0018383696731466
0.0018383696731465965
2.196724383113657e-05
2.1967243831136622e-05
2.1967243831136615e-05
2.1967243831136564e-05
2.1967243831136564e-05
2.1967243831136524e-05
2.196724383113663e-05
2.196724383113663e-05
2.196724383113657e-05
0.00245466557981945
0.00245466557981945
0.0024546655798194507
0.0024546655798194524
0.0024546655798194524
0.002454665579819454
0.002454665579819454
0.002454665579819454
0.00245466557981945
0.00245466557981945
0.0024546655798194507
0.0017835081299173046
0.0017835081299173016
0.001783508129917306
0.0017835081299173037
0.0017835081299173044
0.0017835081299173044
0.001783508129917305
0.0017835081299173053
0.0017835081299173046
0.001953681700720563
3.2317812503787246e-06
3.2317812503787216e-06
3.2317812503787212e-06
3.2317812503787212e-06
3.2317812503787212e-06
3.2317812503787216e-06
3.2317812503787212e-06
3.2317812503787136e-06
3.2317812503787246e-06
9.32199778471014e-06
1.7690524909735674e-05
1.769052490973561e-05
1.7690524909735725e-05
1.7690524909735613e-05
1.769052490973565e-05
1.7690524909735617e-05
1.769052490973567e-05
1.7690524909735617e-05
1.7690524909735674e-05
1.7547692306996605e-05
2.147929122007769e-05
2.1479291220077684e-05
2.1479291220077752e-05
2.1479291220077684e-05
2.1479291220077796e-05
2.147929122007776e-05
2.1479291220077752e-05
2.1479291220077694e-05
2.147929122007769e-05
2.1479291220077684e-05
0.0035528497837175725
0.0035528497837176033
0.0035528497837175907
0.003552849783717577
0.0035528497837175673
0.0035528497837175673
0.00355284978371761
0.0035528497837175933
0.0035528497837175725
4.996842129423023
4.996842129424775
4.996842129424881
4.996842129428372
4.996842129423138
4.996842129426869
4.996842129427799
4.996842129423951
4.996842129423023
4.996842129424775
4.996842129424881
4.998041478940671
4.998041478938885
4.998041478941034
4.998041478936749
4.998041478938972
4.998041478939697
4.998041478941745
4.998041478935614
4.998041478940671
9.9972628959972
10.960942570669765
10.9609425706697
10.960942570669788
10.960942570669788
10.960942570669811
10.960942570669713
10.960942570669788
10.960942570669816
10.960942570669765
10.338473478375096
10.18390758650518
10.18390758650413
10.18390758650425
10.183907586505523
10.183907586504866
10.183907586503153
10.183907586504144
10.18390758650356
10.18390758650518
5.183908745787293
4.139716335303897
4.139716335304064
4.139716335304298
4.139716335304007
4.1397163353036746
4.139716335304099
4.139716335304298
4.139716335303688
4.139716335303897
4.139716335304064
5.142578148481956
5.14257814848233
5.142578148482751
5.142578148482978
5.142578148482259
5.142578148484295
5.142578148482453
5.142578148481982
5.142578148481956
0.003006218388567895
0.0030062183885678916
0.0030062183885678924
0.0030062183885678933
0.0030062183885678924
0.0030062183885678933
0.003006218388567895
0.0030062183885678916
0.003006218388567895
0.0030062183885678916
0.0030062183885678924
0.0030062183885678933
0.0030062183885678924
0.0030062183885678933
0.003006218388567895
0.0030062183885678916
0.0026870847365904394
0.0026870847365904386
0.0026870847365904377
0.002687084736590437
0.0026870847365904377
0.003028399916907353
0.0030283999169073567
0.003028399916907353
0.0030283999169073567
0.003028399916907353
0.0020535503748062432
0.0020535503748062454
0.0020535503748062432
0.0020535503748062454
0.0020535503748062432
0.002878550261969655
0.0028785502619696566
0.002878550261969655
0.0028785502619696557
0.0028785502619696575
1.8628100898205653e-06
1.8628100898205605e-06
1.862810089820565e-06
1.86281008982056e-06
1.8628100898205639e-06
0.0035956130926918218
0.0035956130926918226
0.0035956130926918218
0.0035956130926918226
0.0035956130926918218
1.8043080324759634e-06
1.8043080324759634e-06
1.8043080324759638e-06
1.8043080324759638e-06
1.8043080324759634e-06
4.260254489619215e-06
4.260254489619215e-06
4.260254489619215e-06
4.260254489619215e-06
4.260254489619215e-06
7.512384512428428e-05
7.512384512428339e-05
7.512384512428515e-05
7.512384512428424e-05
0.003006218388567895
0.0030062183885678916
0.0030062183885678924
0.0030062183885678933
0.0030062183885678924
0.0030062183885678933
0.003006218388567895
0.0030062183885678916
0.003006218388567895
0.0030062183885678916
0.0030062183885678924
0.0030062183885678933
0.0030062183885678924
0.0030062183885678933
0.003006218388567895
0.0030062183885678916
0.0026870847365904394
0.0026870847365904386
0.0026870847365904377
0.002687084736590437
0.0026870847365904377
0.003028399916907353
0.0030283999169073567
0.003028399916907353
0.0030283999169073567
0.003028399916907353
0.0020535503748062432
0.0020535503748062454
0.0020535503748062432
0.0020535503748062454
0.0020535503748062432
0.002878550261969655
0.0028785502619696566
0.002878550261969655
0.0028785502619696557
0.0028785502619696575
1.8628100898205653e-06
1.8628100898205605e-06
1.862810089820565e-06
1.86281008982056e-06
1.8628100898205639e-06
0.0035956130926918218
0.0035956130926918226
0.0035956130926918218
0.0035956130926918226
0.0035956130926918218
1.8043080324759634e-06
1.8043080324759634e-06
1.8043080324759638e-06
1.8043080324759638e-06
1.8043080324759634e-06
4.260254489619215e-06
4.260254489619215e-06
4.260254489619215e-06
4.260254489619215e-06
4.260254489619215e-06
7.512384512428428e-05
7.512384512428339e-05
7.512384512428515e-05
7.512384512428424e-05
0.003006218388567895
0.0030062183885678916
0.0030062183885678924
0.0030062183885678933
0.0030062183885678924
0.0030062183885678933
0.003006218388567895
0.0030062183885678916
0.003006218388567895
0.0030062183885678916
0.0030062183885678924
0.0030062183885678933
0.0030062183885678924
0.0030062183885678933
0.003006218388567895
0.0030062183885678916
0.0026870847365904394
0.0026870847365904386
0.0026870847365904377
0.002687084736590437
0.0026870847365904377
0.003028399916907353
0.0030283999169073567
0.003028399916907353
0.0030283999169073567
0.003028399916907353
0.0020535503748062432
0.0020535503748062454
0.0020535503748062432
0.0020535503748062454
0.0020535503748062432
0.002878550261969655
0.0028785502619696566
0.002878550261969655
0.0028785502619696557
0.0028785502619696575
1.8628100898205653e-06
1.8628100898205605e-06
1.862810089820565e-06
1.86281008982056e-06
1.8628100898205639e-06
0.0035956130926918218
0.0035956130926918226
0.0035956130926918218
0.0035956130926918226
0.0035956130926918218
1.8043080324759634e-06
1.8043080324759634e-06
1.8043080324759638e-06
1.8043080324759638e-06
1.8043080324759634e-06
4.260254489619215e-06
4.260254489619215e-06
4.260254489619215e-06
4.260254489619215e-06
4.260254489619215e-06
7.512384512428428e-05
7.512384512428339e-05
7.512384512428515e-05
7.512384512428424e-05
0.001364718556008374
0.0013647185560083778
0.0013647185560083758
0.0013647185560083767
0.0013647185560083758
0.0013647185560083767
0.001364718556008374
0.0013647185560083778
0.001364718556008374
0.0013647185560083778
0.0013647185560083758
0.0013647185560083767
0.0013647185560083758
0.0013647185560083767
0.001364718556008374
0.0013647185560083778
0.0012259246125454005
0.0012259246125454007
0.0012259246125454018
0.0012259246125454018
0.0012259246125454018
0.0013375391661009331
0.001337539166100934
0.001337539166100934
0.001337539166100934
0.001337539166100934
0.0013367467826383623
0.0013367467826383636
0.0013367467826383623
0.0013367467826383636
0.0013367467826383623
0.0016218222329951806
0.0016218222329951798
0.0016218222329951806
0.0016218222329951802
0.0016218222329951785
1.8628100898205653e-06
1.8628100898205605e-06
1.862810089820565e-06
1.86281008982056e-06
1.8628100898205639e-06
1.286735552428009e-06
1.2867355524280054e-06
1.286735552428009e-06
1.2867355524280054e-06
1.286735552428009e-06
1.8043080324759634e-06
1.8043080324759634e-06
1.8043080324759638e-06
1.8043080324759638e-06
1.8043080324759634e-06
0.7289975571887631
0.7289975571887632
0.7289975571887631
0.7289975571887632
0.7289975571887631
7.512384512428428e-05
7.512384512428339e-05
7.512384512428515e-05
7.512384512428424e-05
0.0013647185560083758
0.0013647185560083745
0.0013647185560083741
0.0013647185560083754
0.0013647185560083741
0.0013647185560083754
0.0013647185560083758
0.0013647185560083745
0.0013647185560083758
0.0013647185560083745
0.0013647185560083741
0.0013647185560083754
0.0013647185560083741
0.0013647185560083754
0.0013647185560083758
0.0013647185560083745
0.0032585760763123237
0.0032585760763123198
0.0032585760763123232
0.0032585760763123198
0.0032585760763123232
0.0013847901121134226
0.0013847901121134217
0.0013847901121134235
0.0013847901121134217
0.0013847901121134235
0.006663622785287948
0.006663622785287951
0.006663622785287948
0.006663622785287951
0.006663622785287948
0.0015882058213705385
0.001588205821370536
0.0015882058213705385
0.0015882058213705376
0.001588205821370538
1.6656457597815706
1.6656457597815706
1.6656457597815715
1.6656457597815701
1.6656457597815713
1.2610604996057391e-06
1.261060499605739e-06
1.2610604996057391e-06
1.261060499605739e-06
1.2610604996057391e-06
1.7195485596713438
1.7195485596713438
1.7195485596713427
1.7195485596713427
1.7195485596713438
4.260254489619215e-06
4.260254489619215e-06
4.260254489619215e-06
4.260254489619215e-06
4.260254489619215e-06
0.052656310526312713
0.052656310526312713
0.05265631052631279
0.05265631052631274
0.5680410350419309
0.5680410350419309
0.5680410350419309
0.5680410350419309
0.5680410350419309
0.5680410350419309
0.5680410350419309
0.5680410350419313
0.5680410350419309
0.5680410350419309
0.5680410350419309
0.5680410350419309
0.5680410350419309
0.5680410350419309
0.5680410350419309
0.5680410350419309
0.5680410350419309
0.5680410350419309
0.5680410350419309
0.5680410350419309
0.6936564131398185
0.6936564131398183
0.6936564131398183
0.6936564131398183
0.6936564131398183
0.1346034001343715
0.005048195108645846
0.005048195108645846
0.005048195108645846
0.00504819510864584
0.005048195108645842
0.00504819510864584
0.00504819510864584
0.005048195108645846
0.005048195108645846
0.005048227434550122
1.5822139304524183e-06
1.5822139304524183e-06
1.5822139304524183e-06
1.5822139304524183e-06
1.5821217625242418e-06
1.5821217625242418e-06
1.5821217625242418e-06
1.5821217625242418e-06
1.5821217625242418e-06
1.5821217625242418e-06
1.555518013396679e-06
1.555518013396679e-06
1.555518013396679e-06
1.555518013396679e-06
1.555518013396679e-06
1.555518013396679e-06
1.555518013396679e-06
1.5555180133966774e-06
1.555518013396679e-06
1.555518013396679e-06
0.05170512774841234
0.05170512774841242
0.05170512774841242
0.05170512774841242
0.5680410350419309
0.5680410350419309
0.5680410350419309
0.5680410350419309
0.5680410350419309
0.5680410350419309
0.5680410350419309
0.5680410350419313
0.5680410350419309
0.5680410350419309
0.5680410350419309
0.5680410350419309
0.5680410350419309
0.5680410350419309
0.5680410350419309
0.5680410350419309
0.5680410350419309
0.5680410350419309
0.5680410350419309
0.5680410350419309
0.6936564131398185
0.6936564131398183
0.6936564131398183
0.6936564131398183
0.6936564131398183
0.1346034001343715
0.005048195108645846
0.005048195108645846
0.005048195108645846
0.00504819510864584
0.005048195108645842
0.00504819510864584
0.00504819510864584
0.005048195108645846
0.005048195108645846
0.005048227434550122
1.5822139304524183e-06
1.5822139304524183e-06
1.5822139304524183e-06
1.5822139304524183e-06
1.5821217625242418e-06
1.5821217625242418e-06
1.5821217625242418e-06
1.5821217625242418e-06
1.5821217625242418e-06
1.5821217625242418e-06
1.555518013396679e-06
1.555518013396679e-06
1.555518013396679e-06
1.555518013396679e-06
1.555518013396679e-06
1.555518013396679e-06
1.555518013396679e-06
1.5555180133966774e-06
1.555518013396679e-06
1.555518013396679e-06
0.05170512774841234
0.05170512774841242
0.05170512774841242
0.05170512774841242
0.5680410350419309
0.5680410350419309
0.5680410350419309
0.5680410350419309
0.5680410350419309
0.5680410350419309
0.5680410350419309
0.5680410350419313
0.5680410350419309
0.5680410350419309
0.5680410350419309
0.5680410350419309
0.5680410350419309
0.5680410350419309
0.5680410350419309
0.5680410350419309
0.5680410350419309
0.5680410350419309
0.5680410350419309
0.5680410350419309
0.6936564131398185
0.6936564131398183
0.6936564131398183
0.6936564131398183
0.6936564131398183
0.1346034001343715
0.005048195108645846
0.005048195108645846
0.005048195108645846
0.00504819510864584
0.005048195108645842
0.00504819510864584
0.00504819510864584
0.005048195108645846
0.005048195108645846
0.005048227434550122
1.5822139304524183e-06
1.5822139304524183e-06
1.5822139304524183e-06
1.5822139304524183e-06
1.5821217625242418e-06
1.5821217625242418e-06
1.5821217625242418e-06
1.5821217625242418e-06
1.5821217625242418e-06
1.5821217625242418e-06
1.555518013396679e-06
1.555518013396679e-06
1.555518013396679e-06
1.555518013396679e-06
1.555518013396679e-06
1.555518013396679e-06
1.555518013396679e-06
1.5555180133966774e-06
1.555518013396679e-06
1.555518013396679e-06
0.05170512774841234
0.05170512774841242
0.05170512774841242
0.05170512774841242
0.5680410350419309
0.5680410350419309
0.5680410350419309
0.5680410350419309
0.5680410350419309
0.5680410350419309
0.5680410350419309
0.5680410350419313
0.5680410350419309
0.5680410350419309
0.5680410350419309
0.5680410350419309
0.5680410350419309
0.5680410350419309
0.5680410350419309
0.5680410350419309
0.5680410350419309
0.5680410350419309
0.5680410350419309
0.5680410350419309
0.6936564131398185
0.6936564131398183
0.6936564131398183
0.6936564131398183
0.6936564131398183
0.1346034001343715
0.005048195108645846
0.005048195108645846
0.005048195108645846
0.00504819510864584
0.005048195108645842
0.00504819510864584
0.00504819510864584
0.005048195108645846
0.005048195108645846
0.005048227434550122
1.5822139304524183e-06
1.5822139304524183e-06
1.5822139304524183e-06
1.5822139304524183e-06
1.5821217625242418e-06
1.5821217625242418e-06
1.5821217625242418e-06
1.5821217625242418e-06
1.5821217625242418e-06
1.5821217625242418e-06
1.555518013396679e-06
1.555518013396679e-06
1.555518013396679e-06
1.555518013396679e-06
1.555518013396679e-06
1.555518013396679e-06
1.555518013396679e-06
1.5555180133966774e-06
1.555518013396679e-06
1.555518013396679e-06
0.05170512774841234
0.05170512774841242
0.05170512774841242
0.05170512774841242
2.7278418373968036
2.7278418373968036
2.7278418373968036
2.7278418373968036
2.7278418373968036
2.7278418373968036
2.7278418373968036
2.7278418373968076
2.7278418373968036
2.7278418373968036
2.7278418373968036
2.7278418373968036
2.7278418373968036
2.7278418373968036
2.7278418373968036
2.7278418373968036
2.7278418373968036
2.7278418373968036
2.7278418373968036
2.7278418373968036
7.225379281925053
7.225379281925052
7.225379281925052
7.225379281925052
7.225379281925052
9.461666893657044
9.985450865983012
9.985450865983012
9.985450865983012
9.98545086597789
9.985450865971396
9.98545086597789
9.98545086597789
9.985450865983012
9.985450865983012
9.985450699179102
11.96084213440204
11.960842134402125
11.960842134402125
11.960842134402125
6.96084250739096
6.96084250739096
6.96084250739096
6.96084250739096
6.96084250739096
6.96084250739096
6.994307712446561
6.994307712446561
6.994307712446561
6.994307712446561
6.994307712446561
6.994307712446561
6.994307712446561
6.994307712446544
6.994307712446561
6.994307712446561
4.793252588000732
4.793252588000952
4.793252588000952
4.793252588000952
0.0026350061661601252
0.0026350061661601252
0.0026350061661601252
0.0026350061661601252
0.0026350061661601252
0.0026350061661601252
0.0026350061661601252
0.0026350061661601252
0.0026350061661601252
0.0026350061661601252
0.0026350061661601252
0.0026350061661601252
0.0026350061661601252
0.0026350061661601252
0.0026350061661601252
0.0026350061661601252
0.0026350061661601252
0.0026350061661601252
0.0026350061661601252
0.0026350061661601252
0.0026350061661601252
0.0026350061661601252
0.0026350061661601252
0.0026350061661601252
0.0026350061661601252
0.0026350061661601252
0.0026350061661601252
0.0026350061661601252
0.0026350061661601252
0.0026350061661601252
0.0026350061661601252
0.0026350061661601252
0.0026350061661601252
0.0026350061661601252
0.0026350061661601252
0.0026350061661601252
0.0026350061661601252
0.0026350061661601252
0.0026350061661601252
0.0026350061661601252
0.0026350061661601252
0.0026350061661601252
0.0026350061661601252
0.0026350061661601252
0.0026350061661601252
0.0026350061661601252
0.0026350061661601252
0.0026350061661601252
0.0026350061661601252
0.0026350061661601252
0.0026350061661601252
0.0026350061661601252
0.0026350061661601252
0.0026350061661601252
0.0026350061661601252
0.0026350061661601252
0.0026350061661601252
0.0026350061661601252
0.0026350061661601252
0.0026350061661601252
0.0026350061661601252
0.0026350061661601252
0.0026350061661601252
0.0026350061661601252
0.0026350061661601252
0.0026350061661601252
0.0026350061661601252
0.0026350061661601252
0.0026350061661601252
0.0026350061661601252
0.0026350061661601252
0.0026350061661601252
0.0026350061661601252
0.0026350061661601252
0.0026350061661601252
0.0026350061661601252
0.0026350061661601252
0.0026350061661601252
0.0026350061661601252
0.0026350061661601252
0.0026350061661601252
0.0026350061661601252
0.0026350061661601252
0.0026350061661601252
0.0026350061661601252
0.0026350061661601252
0.0026350061661601252
0.0026350061661601252
0.0026350061661601252
0.0026350061661601252
0.0026350061661601252
0.0026350061661601252
0.0026350061661601252
0.0026350061661601252
0.0026350061661601252
0.0026350061661601252
0.0026350061661601252
0.0026350061661601252
0.0026350061661601252
0.0026350061661601252
0.0026350061661601252
0.0026350061661601252
0.0026350061661601252
0.0026350061661601252
0.0026350061661601252
0.0026350061661601252
0.0026350061661601252
0.0026350061661601252
0.0026350061661601252
0.0026350061661601252
0.0026350061661601252
0.0026350061661601252
0.0026350061661601252
0.0026350061661601252
0.0026350061661601252
0.0026350061661601252
0.0026350061661601252
0.0026350061661601252
0.0026350061661601252
0.0026350061661601252
0.0026350061661601252
0.0026350061661601252
0.0026350061661601252
0.0026350061661601252
0.0026350061661601252
0.0026350061661601252
0.0026350061661601252
0.0026350061661601252
0.0026350061661601252
0.0026350061661601252
0.0026350061661601252
0.0026350061661601252
0.0026350061661601252
0.0026350061661601252
0.0026350061661601252
0.0026350061661601252
0.0026350061661601252
0.0026350061661601252
0.0026350061661601252
0.0026350061661601252
0.0026350061661601252
0.0026350061661601252
0.0026350061661601252
0.0026350061661601252
0.0026350061661601252
0.0026350061661601252
0.0026350061661601252
0.0026350061661601252
0.0026350061661601252
0.0026350061661601252
0.0026350061661601252
0.0026350061661601252
0.0026350061661601252
0.0026350061661601252
0.0026350061661601252
0.0026350061661601252
0.0026350061661601252
0.0026350061661601252
0.0026350061661601252
0.0026350061661601252
0.0026350061661601252
0.0026350061661601252
0.0026350061661601252
0.0026350061661601252
0.0026350061661601252
0.0026350061661601252
0.0026350061661601252
0.0026350061661601252
0.0026350061661601252
0.0026350061661601252
0.0026350061661601252
0.0026350061661601252
0.0026350061661601252
0.0026350061661601252
0.0026350061661601252
0.0026350061661601252
0.0026350061661601252
0.0026350061661601252
0.0026350061661601252
0.0026350061661601252
0.0026350061661601252
0.0026350061661601252
0.0026350061661601252
0.0026350061661601252
0.0026350061661601252
0.0026350061661601252
0.0026350061661601252
0.0026350061661601252
0.0026350061661601252
0.0026350061661601252
0.0026350061661601252
0.0026350061661601252
0.0026350061661601252
0.0026350061661601252
0.0026350061661601252
0.0026350061661601252
0.0026350061661601252
0.0026350061661601252
0.0026350061661601252
0.0026350061661601252
0.0026350061661601252
0.0026350061661601252
0.0026350061661601252
0.0026350061661601252
0.0026350061661601252
0.0026350061661601252
0.0026350061661601252
0.0026350061661601252
0.0026350061661601252
0.0026350061661601252
0.0026350061661601252
0.0026350061661601252
0.0026350061661601252
0.0026350061661601252
0.0026350061661601252
0.0026350061661601252
0.0026350061661601252
0.0026350061661601252
0.0026350061661601252
0.0026350061661601252
0.0026350061661601252
0.0026350061661601252
0.0026350061661601252
0.0026350061661601252
0.0026350061661601252
0.0026350061661601252
0.0026350061661601252
0.0026350061661601252
0.0026350061661601252
0.0026350061661601252
0.0026350061661601252
0.0026350061661601252
0.0026350061661601252
0.0026350061661601252
0.0026350061661601252
0.0026350061661601252
0.0026350061661601252
0.0026350061661601252
0.0026350061661601252
0.0026350061661601252
0.0026350061661601252
0.0026350061661601252
0.0026350061661601252
0.0026350061661601252
0.0026350061661601252
0.0026350061661601252
0.0026350061661601252
0.0026350061661601252
0.0026350061661601252
0.0026350061661601252
0.0026350061661601252
0.0026350061661601252
0.0026350061661601252
0.0026350061661601252
0.0026350061661601252
0.0026350061661601252
0.0026350061661601252
0.0026350061661601252
0.0026350061661601252
0.0026350061661601252
0.0026350061661601252
0.0026350061661601252
0.0026350061661601252
0.0026350061661601252
0.0026350061661601252
0.0026350061661601252
0.0026350061661601252
0.0026350061661601252
0.0026350061661601252
0.0026350061661601252
0.0026350061661601252
0.0026350061661601252
0.0026350061661601252
0.0026350061661601252
0.0026350061661601252
0.0026350061661601252
0.0026350061661601252
0.0026350061661601252
0.0026350061661601252
0.0026350061661601252
0.0026350061661601252
0.0026350061661601252
0.0026350061661601252
0.0026350061661601252
0.0026350061661601252
0.0026350061661601252
0.0026350061661601252
0.0026350061661601252
0.0026350061661601252
0.0026350061661601252
0.0026350061661601252
0.0026350061661601252
0.0026350061661601252
0.0026350061661601252
0.0026350061661601252
0.0026350061661601252
0.0026350061661601252
0.0026350061661601252
0.0026350061661601252
0.0026350061661601252
