0.008045550868926277
0.004719880817643459
0.004719880817643462
0.004719880817643461
0.004719880817643465
0.004719880817643459
0.004719880817643458
0.004719880817643461
0.004719880817643465
0.004719880817643459
0.004719880817643462
0.0046101024241893395
0.004610102424189341
0.004610102424189331
0.004610102424189336
0.0046101024241893395
0.004610102424189341
0.004610102424189342
0.004610102424189336
0.0046101024241893395
0.004757679946033582
2.5326920956124333e-06
2.532692095612429e-06
2.532692095612433e-06
2.5326920956124435e-06
2.53269209561243e-06
2.532692095612429e-06
2.532692095612436e-06
2.5326920956124435e-06
2.5326920956124333e-06
2.532692095612429e-06
3.5622455580469544e-07
3.5622455580469676e-07
3.5622455580469634e-07
3.562245558046959e-07
3.5622455580469544e-07
3.5622455580469676e-07
3.5622455580469634e-07
1.6784915213301197e-07
3.570835084160056e-07
3.570827934142636e-07
1.4473381162263124
1.447338115696621
1.4473381157788745
1.4473381159676029
1.4473381163460817
1.4473381157729883
3.0111076736694438
1.3006511459492616
1.3006511460378813
1.3006511460802561
1.4574729994731659
1.4574729995097684
1.4574729994406557
1.457472999524126
1.4574729994731659
1.4574729995097684
1.4574729994406557
1.457472999524126
1.4574729994731659
0.005964739290874114
0.001587048391211795
0.001587048391211794
0.0015870483912117936
0.001587048391211795
0.001587048391211795
0.0015870483912117958
0.0015870483912117936
0.001587048391211795
0.001587048391211795
0.001587048391211794
0.0015717322502454814
0.001571732250245484
0.0015717322502454831
0.0015717322502454823
0.0015717322502454814
0.001571732250245484
0.0015717322502454823
0.0015717322502454823
0.0015717322502454814
0.0016730810707416542
2.8006282930855325e-06
2.800628293085525e-06
2.8006282930855215e-06
2.800628293085532e-06
2.8006282930855244e-06
2.800628293085525e-06
2.800628293085526e-06
2.800628293085532e-06
2.8006282930855325e-06
2.800628293085525e-06
3.5622455580469544e-07
3.5622455580469676e-07
3.5622455580469634e-07
3.562245558046959e-07
3.5622455580469544e-07
3.5622455580469676e-07
3.5622455580469634e-07
1.6784915213301197e-07
3.570835084160056e-07
3.570827934142636e-07
0.0022420240834740007
0.002242024083473691
0.002242024083473737
0.002242024083473859
0.0022420240834740714
0.002242024083473734
0.0022820139792154573
1.3006511459492616
1.3006511460378813
1.3006511460802561
0.001906937842957662
0.0019069378429576798
0.0019069378429576503
0.0019069378429576829
0.001906937842957662
0.0019069378429576798
0.0019069378429576503
0.0019069378429576829
0.001906937842957662
0.005964739290874121
0.0015870483912117932
0.0015870483912117962
0.0015870483912117967
0.0015870483912117958
0.0015870483912117932
0.0015870483912117945
0.0015870483912117967
0.0015870483912117958
0.0015870483912117932
0.0015870483912117962
0.001571732250245481
0.0015717322502454831
0.0015717322502454827
0.001571732250245481
0.001571732250245481
0.0015717322502454831
0.0015717322502454836
0.001571732250245481
0.001571732250245481
0.001673081070741655
2.5326920956124333e-06
2.532692095612429e-06
2.532692095612433e-06
2.5326920956124435e-06
2.53269209561243e-06
2.532692095612429e-06
2.532692095612436e-06
2.5326920956124435e-06
2.5326920956124333e-06
2.532692095612429e-06
3.5622455580469544e-07
3.5622455580469676e-07
3.5622455580469634e-07
3.562245558046959e-07
3.5622455580469544e-07
3.5622455580469676e-07
3.5622455580469634e-07
1.6784915213301197e-07
3.570835084160056e-07
3.570827934142636e-07
0.002445102457915031
0.00244510245791466
0.0024451024579147155
0.0024451024579148603
0.0024451024579151127
0.0024451024579147085
3.0111076736694438
1.3006511459492616
1.3006511460378813
1.3006511460802561
0.0019069378429576633
0.001906937842957676
0.00190693784295765
0.0019069378429576798
0.0019069378429576633
0.001906937842957676
0.00190693784295765
0.0019069378429576798
0.0019069378429576633
4.991621569992853
4.997382764292247
4.997382764286262
4.997382764300256
4.997382764293106
4.997382764292247
4.997382764290603
4.997382764300256
4.997382764293106
4.997382764292247
4.997382764286262
4.8906281479351215
4.890628147926542
4.890628147935728
4.890628147927456
4.8906281479351215
4.890628147926542
4.890628147927372
4.890628147927456
4.8906281479351215
10.963342308780055
15.200534455276344
15.200534463453556
15.200534464225422
15.200534464062153
15.200534461570667
15.200534463453556
15.200534466419427
15.200534464062153
15.200534455276344
15.200534463453556
12.729169896655584
12.729169899211525
12.729169891673305
12.729169919404631
12.729169896655584
12.729169899211525
12.729169891673305
1.6784915213301197e-07
25.62789855353523
15.627898653891915
0.7371684356375651
0.7371684354648385
0.7371684355779724
0.737168435572407
0.737168435666978
0.7371684355780238
0.9643958350972054
1.3006511459492616
1.3006511460378813
1.3006511460802561
3.411879253342452
3.4118792534307913
3.4118792534520166
3.411879253619577
3.411879253342452
3.4118792534307913
3.4118792534520166
3.411879253619577
3.411879253342452
4.991621569998956
5.000661829290961
5.000661829282358
5.000661829283217
5.000661829293615
5.000661829290961
5.000661829281959
5.000661829283217
5.000661829293615
5.000661829290961
5.000661829282358
5.107662975519916
5.107662975523214
5.107662975532978
5.10766297553019
5.107662975519916
5.107662975523214
5.107662975525667
5.10766297553019
5.107662975519916
9.034598238062639
5.593150335381097
5.5931503272040475
5.59315032643224
5.593150326595444
5.593150329086905
5.5931503272040475
5.593150324237875
5.593150326595444
5.593150335381097
5.5931503272040475
12.912316051924922
12.912316049368972
12.912316056907223
12.91231602917589
12.912316051924922
12.912316049368972
12.912316056907223
31.97286672461265
3.570835084160056e-07
3.570827934142636e-07
7.810807904162898
7.810807904865346
7.810807904669919
7.810807904486769
7.810807904013736
7.810807904675763
3.0111076736694438
4.797397160890434
4.79739716053595
4.797397160366451
5.126835448084213
5.126835447959284
5.126835448007235
5.126835447756137
5.126835448084213
5.126835447959284
5.126835448007235
5.126835447756137
5.126835448084213
0.00361578778528063
0.0036157877852806258
0.003615787785280631
0.003615787785280632
0.00361578778528063
0.0036157877852806258
0.003615787785280631
0.003615787785280632
0.00361578778528063
0.0036157877852806258
0.003615787785280631
0.0034742625121520283
0.0034742625121520214
0.003474262512152022
0.0034742625121520257
0.0034742625121520283
0.0034742625121520236
0.003474262512152022
0.003474262512152022
0.0034742625121520283
0.0034484037948875096
2.732301137635728e-06
2.7323011376357315e-06
2.7323011376357315e-06
2.7323011376357315e-06
2.732301137635721e-06
2.732301137635728e-06
2.7323011376357243e-06
2.7323011376357243e-06
2.732301137635728e-06
3.5693647296317912e-06
4.703313176274224e-06
4.70331317627421e-06
4.7033131762742115e-06
4.7033131762742115e-06
4.703313176274224e-06
5.109876813103642e-06
2.6443134007387683
2.6443134007387634
2.6443134007388416
1.2954489580814812
1.2954489580815174
1.2954489580815174
1.2954489580814808
1.7737618276473466
1.7737618276468443
1.7737618276472644
1.773761827647346
1.7737618276473455
1.7737618276468459
1.2954489580815174
1.669724330514182
1.6697243305140177
1.6697243304912106
1.6697243304912104
1.669724330514183
1.6697243305140177
1.6697243304912106
1.6697243304912104
1.669724330514182
0.00361578778528063
0.0036157877852806258
0.003615787785280631
0.003615787785280632
0.00361578778528063
0.0036157877852806258
0.003615787785280631
0.003615787785280632
0.00361578778528063
0.0036157877852806258
0.003615787785280631
0.0034742625121520283
0.0034742625121520214
0.003474262512152022
0.0034742625121520257
0.0034742625121520283
0.0034742625121520236
0.003474262512152022
0.003474262512152022
0.0034742625121520283
0.0034484037948875096
2.732301137635728e-06
2.7323011376357315e-06
2.7323011376357315e-06
2.7323011376357315e-06
2.732301137635721e-06
2.732301137635728e-06
2.7323011376357243e-06
2.7323011376357243e-06
2.732301137635728e-06
3.5693647296317912e-06
4.703313176274224e-06
4.70331317627421e-06
4.7033131762742115e-06
4.7033131762742115e-06
4.703313176274224e-06
5.109876813103642e-06
2.6443134007387683
2.6443134007387634
2.6443134007388416
1.2954489580814812
1.2954489580815174
1.2954489580815174
1.2954489580814808
1.7737618276473466
1.7737618276468443
1.7737618276472644
1.773761827647346
1.7737618276473455
1.7737618276468459
1.2954489580815174
1.669724330514182
1.6697243305140177
1.6697243304912106
1.6697243304912104
1.669724330514183
1.6697243305140177
1.6697243304912106
1.6697243304912104
1.669724330514182
0.0014437494187574673
0.0014437494187574669
0.0014437494187574654
0.001443749418757468
0.0014437494187574673
0.001443749418757465
0.0014437494187574654
0.001443749418757468
0.0014437494187574673
0.0014437494187574669
0.0014437494187574654
0.0014888691567257347
0.001488869156725732
0.0014888691567257325
0.0014888691567257338
0.0014888691567257338
0.0014888691567257347
0.0014888691567257325
0.0014888691567257325
0.0014888691567257347
0.0015288209295858755
2.732301137635728e-06
2.7323011376357315e-06
2.7323011376357315e-06
2.7323011376357315e-06
2.732301137635721e-06
2.732301137635728e-06
2.7323011376357243e-06
2.7323011376357243e-06
2.732301137635728e-06
3.5693647296317912e-06
4.703313176274224e-06
4.70331317627421e-06
4.7033131762742115e-06
4.7033131762742115e-06
4.703313176274224e-06
5.109876813103642e-06
0.001602712711548794
0.0016027127115487922
0.0016027127115487913
0.0015602250253007753
0.0015602250253007744
0.0015602250253007744
0.0015602250253007753
0.0015276140660241053
0.0015276140660241055
0.0015276140660241042
0.0015276140660241064
0.0015276140660241064
0.0015276140660241055
0.0015602250253007744
0.0018981669136788335
0.0018981669136788344
0.001898166913678825
0.0018981669136788277
0.0018981669136788335
0.0018981669136788344
0.001898166913678825
0.0018981669136788277
0.0018981669136788335
0.002386498544350325
0.0023864985443503234
0.0023864985443503225
0.0023864985443503243
0.002386498544350325
0.00238649854435032
0.0023864985443503225
0.0023864985443503243
0.002386498544350325
0.0023864985443503234
0.0023864985443503225
0.001767431760140953
0.001767431760140954
0.001767431760140953
0.0017674317601409566
0.0017674317601409561
0.001767431760140953
0.001767431760140953
0.001767431760140953
0.001767431760140953
0.0018009288210390916
2.732301137635728e-06
2.7323011376357315e-06
2.7323011376357315e-06
2.7323011376357315e-06
2.732301137635721e-06
2.732301137635728e-06
2.7323011376357243e-06
2.7323011376357243e-06
2.732301137635728e-06
3.5693647296317912e-06
4.703313176274224e-06
4.70331317627421e-06
4.7033131762742115e-06
4.7033131762742115e-06
4.703313176274224e-06
5.109876813103642e-06
2.6443134007387683
2.6443134007387634
2.6443134007388416
1.2954489580814812
1.2954489580815174
1.2954489580815174
1.2954489580814808
2.860266322976738e-07
2.860266322976738e-07
2.860266322976738e-07
2.860266322976738e-07
2.860266322976738e-07
2.860266322976738e-07
1.2954489580815174
2.85941183534153e-06
2.859411835341526e-06
2.8594118353415257e-06
2.859411835341526e-06
2.85941183534153e-06
2.859411835341526e-06
2.8594118353415257e-06
2.859411835341526e-06
2.85941183534153e-06
4.996890854576711
4.996890854577474
4.996890854581031
4.996890854576588
4.996890854576711
4.996890854578119
4.996890854581031
4.996890854576588
4.996890854576711
4.996890854577474
4.996890854581031
4.998079997224064
4.998079997227822
4.998079997225033
4.998079997225726
4.998079997221657
4.998079997230931
4.998079997225033
4.998079997225033
4.998079997224064
9.998057863748175
10.735971694020636
10.735971694020684
10.735971694020702
10.735971694020702
10.735971694020673
10.735971694020707
10.735971694020638
10.735971694020638
10.735971694020636
10.563994712962018
10.428977317792153
10.428977317792345
10.428977317792324
10.428977317792324
10.428977317792153
10.394835584249819
2.0654580419257496
2.0654580419257664
2.065458041925528
1.1120948571485603
1.112094857148452
1.112094857148452
1.112094857148561
1.4509499829477597
1.4509499829487644
1.4509499829479247
1.4509499829477606
1.4509499829477603
1.4509499829487618
1.112094857148452
1.6586519175247643
1.6586519175250927
1.6586519175707086
1.6586519175707068
1.6586519175247643
1.6586519175250927
1.6586519175707066
1.6586519175707068
1.6586519175247643
0.0031154547349336766
0.0031154547349336766
0.0031154547349336766
0.0031154547349336766
0.0031154547349336766
0.0031154547349336766
0.0031154547349336766
0.0031154547349336766
0.0031154547349336766
0.0031154547349336766
0.0031154547349336766
0.0031154547349336766
0.0031154547349336766
0.0031154547349336766
0.0031154547349336766
0.0031154547349336766
0.0028631311546315277
0.002863131154631527
0.0028631311546315303
0.002863131154631527
0.0028631311546315303
0.003112385525971668
0.0031123855259716712
0.0031123855259716712
0.0031123855259716712
0.0031123855259716712
0.002343747656898681
0.002343747656898681
0.002343747656898681
0.002343747656898681
0.002343747656898682
0.003028162761327343
0.003028162761327342
0.003028162761327343
0.003028162761327342
0.003028162761327343
5.747198601448379e-07
5.747198601448379e-07
5.747198601448379e-07
5.747198601448379e-07
5.747198601448379e-07
5.747198601448379e-07
5.747198601448379e-07
5.74719860144837e-07
5.747198601448379e-07
9.425759967258696e-08
5.926679308880822e-07
5.926679308880822e-07
5.926679308880829e-07
5.926679308880822e-07
5.926679308880822e-07
5.926679308880822e-07
5.926679308880829e-07
5.926679308880822e-07
5.926679308880822e-07
7.473573220976586e-07
0.0031004021763877928
2.5019577045971174e-06
6.295534944391627e-07
6.295534944391628e-07
0.0031154547349336766
0.0031154547349336766
0.0031154547349336766
0.0031154547349336766
0.0031154547349336766
0.0031154547349336766
0.0031154547349336766
0.0031154547349336766
0.0031154547349336766
0.0031154547349336766
0.0031154547349336766
0.0031154547349336766
0.0031154547349336766
0.0031154547349336766
0.0031154547349336766
0.0031154547349336766
0.0028631311546315277
0.002863131154631527
0.0028631311546315303
0.002863131154631527
0.0028631311546315303
0.003112385525971668
0.0031123855259716712
0.0031123855259716712
0.0031123855259716712
0.0031123855259716712
0.002343747656898681
0.002343747656898681
0.002343747656898681
0.002343747656898681
0.002343747656898682
0.003028162761327343
0.003028162761327342
0.003028162761327343
0.003028162761327342
0.003028162761327343
5.747198601448379e-07
5.747198601448379e-07
5.747198601448379e-07
5.747198601448379e-07
5.747198601448379e-07
5.747198601448379e-07
5.747198601448379e-07
5.74719860144837e-07
5.747198601448379e-07
9.425759967258696e-08
5.926679308880822e-07
5.926679308880822e-07
5.926679308880829e-07
5.926679308880822e-07
5.926679308880822e-07
5.926679308880822e-07
5.926679308880829e-07
5.926679308880822e-07
5.926679308880822e-07
7.473573220976586e-07
0.0031004021763877928
2.5019577045971174e-06
6.295534944391627e-07
6.295534944391628e-07
0.0031154547349336766
0.0031154547349336766
0.0031154547349336766
0.0031154547349336766
0.0031154547349336766
0.0031154547349336766
0.0031154547349336766
0.0031154547349336766
0.0031154547349336766
0.0031154547349336766
0.0031154547349336766
0.0031154547349336766
0.0031154547349336766
0.0031154547349336766
0.0031154547349336766
0.0031154547349336766
0.0028631311546315277
0.002863131154631527
0.0028631311546315303
0.002863131154631527
0.0028631311546315303
0.003112385525971668
0.0031123855259716712
0.0031123855259716712
0.0031123855259716712
0.0031123855259716712
0.002343747656898681
0.002343747656898681
0.002343747656898681
0.002343747656898681
0.002343747656898682
0.003028162761327343
0.003028162761327342
0.003028162761327343
0.003028162761327342
0.003028162761327343
5.747198601448379e-07
5.747198601448379e-07
5.747198601448379e-07
5.747198601448379e-07
5.747198601448379e-07
5.747198601448379e-07
5.747198601448379e-07
5.74719860144837e-07
5.747198601448379e-07
9.425759967258696e-08
5.926679308880822e-07
5.926679308880822e-07
5.926679308880829e-07
5.926679308880822e-07
5.926679308880822e-07
5.926679308880822e-07
5.926679308880829e-07
5.926679308880822e-07
5.926679308880822e-07
7.473573220976586e-07
0.0031004021763877928
2.5019577045971174e-06
6.295534944391627e-07
6.295534944391628e-07
0.0013698954167754268
0.001369895416775427
0.0013698954167754268
0.001369895416775427
0.0013698954167754268
0.001369895416775427
0.0013698954167754268
0.001369895416775427
0.0013698954167754268
0.001369895416775427
0.0013698954167754268
0.001369895416775427
0.0013698954167754268
0.001369895416775427
0.0013698954167754268
0.001369895416775427
0.0013324166592004992
0.001332416659200503
0.001332416659200503
0.001332416659200503
0.001332416659200503
0.001374989166884794
0.0013749891668847927
0.0013749891668847927
0.0013749891668847927
0.0013749891668847927
0.0013780840432049176
0.0013780840432049194
0.0013780840432049176
0.0013780840432049194
0.001378084043204919
0.0015602868487443057
0.0015602868487443048
0.0015602868487443057
0.0015602868487443048
0.0015602868487443057
5.747198601448379e-07
5.747198601448379e-07
5.747198601448379e-07
5.747198601448379e-07
5.747198601448379e-07
5.747198601448379e-07
5.747198601448379e-07
5.74719860144837e-07
5.747198601448379e-07
9.425759967258696e-08
5.926679308880822e-07
5.926679308880822e-07
5.926679308880829e-07
5.926679308880822e-07
5.926679308880822e-07
5.926679308880822e-07
5.926679308880829e-07
5.926679308880822e-07
5.926679308880822e-07
7.473573220976586e-07
2.813703177504675e-07
2.5019577045971174e-06
6.295534944391627e-07
6.295534944391628e-07
0.0013698954167754268
0.0013698954167754263
0.0013698954167754268
0.0013698954167754263
0.0013698954167754268
0.0013698954167754263
0.0013698954167754268
0.0013698954167754263
0.0013698954167754268
0.0013698954167754263
0.0013698954167754268
0.0013698954167754263
0.0013698954167754268
0.0013698954167754263
0.0013698954167754268
0.0013698954167754263
0.0027801074859289954
0.00278010748592899
0.0027801074859289893
0.00278010748592899
0.0027801074859289893
0.0013995726463258895
0.0013995726463258895
0.0013995726463258895
0.0013995726463258895
0.0013995726463258895
0.0059486322881111406
0.005948632288111139
0.0059486322881111406
0.005948632288111139
0.005948632288111139
0.00156605830347892
0.0015660583034789212
0.00156605830347892
0.0015660583034789212
0.00156605830347892
3.4967134551248726
3.4967134551248726
3.4967134551248753
3.496713455124872
3.4967134551248726
3.4967134551248726
3.496713455124869
3.4967134551248744
3.4967134551248726
21.32068185841867
3.3908185639158392
3.3908185639158392
3.3908185639158392
3.3908185639158392
3.3908185639158406
3.3908185639158406
3.3908185639158392
3.3908185639158406
3.3908185639158392
2.6889822711014846
0.0031004021763877928
0.8032176011597801
3.1921318438560933
3.1921318438560933
0.5768455664218071
0.5768455664218072
0.5768455664218072
0.5768455664218072
0.5768455664218072
0.5768455664218071
0.5768455664218071
0.5768455664218071
0.5768455664218071
0.5768455664218072
0.5768455664218072
0.5768455664218072
0.5768455664218072
0.5768455664218071
0.5768455664218071
0.5768455664218071
0.5768455664218071
0.5768455664218072
0.5768455664218072
0.5768455664218072
0.6656061521779164
0.6656061521779164
0.6656061521779164
0.6656061521779164
0.6656061521779164
0.10759785112447584
0.004367347410622337
0.004367347410622337
0.004367347410622337
0.004367347410622339
0.004367347410622339
0.004367347410622339
0.004367347410622339
0.004367347410622337
0.004367347410622337
0.004367347410622337
1.0019213945423427e-06
1.0019213945423427e-06
1.0019213945423427e-06
1.0019213945423427e-06
1.0019193772479068e-06
1.0019193772479068e-06
1.0019193772479068e-06
1.0019193772479068e-06
1.0019193772479068e-06
1.0019193772479068e-06
2.9069258408063307e-06
2.9069258408063307e-06
2.9069258408063307e-06
2.9069258408063307e-06
2.9069258408063307e-06
2.9069258408063307e-06
2.9069258408063307e-06
2.9069258408063307e-06
2.9069258408063307e-06
2.9069258408063307e-06
1.0000004823131128
1.0000004823131128
1.0000004823131128
1.0000004823131128
0.5768455664218071
0.5768455664218072
0.5768455664218072
0.5768455664218072
0.5768455664218072
0.5768455664218071
0.5768455664218071
0.5768455664218071
0.5768455664218071
0.5768455664218072
0.5768455664218072
0.5768455664218072
0.5768455664218072
0.5768455664218071
0.5768455664218071
0.5768455664218071
0.5768455664218071
0.5768455664218072
0.5768455664218072
0.5768455664218072
0.6656061521779164
0.6656061521779164
0.6656061521779164
0.6656061521779164
0.6656061521779164
0.10759785112447584
0.004367347410622337
0.004367347410622337
0.004367347410622337
0.004367347410622339
0.004367347410622339
0.004367347410622339
0.004367347410622339
0.004367347410622337
0.004367347410622337
0.004367347410622337
1.0019213945423427e-06
1.0019213945423427e-06
1.0019213945423427e-06
1.0019213945423427e-06
1.0019193772479068e-06
1.0019193772479068e-06
1.0019193772479068e-06
1.0019193772479068e-06
1.0019193772479068e-06
1.0019193772479068e-06
2.9069258408063307e-06
2.9069258408063307e-06
2.9069258408063307e-06
2.9069258408063307e-06
2.9069258408063307e-06
2.9069258408063307e-06
2.9069258408063307e-06
2.9069258408063307e-06
2.9069258408063307e-06
2.9069258408063307e-06
1.0000004823131128
1.0000004823131128
1.0000004823131128
1.0000004823131128
0.5768455664218071
0.5768455664218072
0.5768455664218072
0.5768455664218072
0.5768455664218072
0.5768455664218071
0.5768455664218071
0.5768455664218071
0.5768455664218071
0.5768455664218072
0.5768455664218072
0.5768455664218072
0.5768455664218072
0.5768455664218071
0.5768455664218071
0.5768455664218071
0.5768455664218071
0.5768455664218072
0.5768455664218072
0.5768455664218072
0.6656061521779164
0.6656061521779164
0.6656061521779164
0.6656061521779164
0.6656061521779164
0.10759785112447584
0.004367347410622337
0.004367347410622337
0.004367347410622337
0.004367347410622339
0.004367347410622339
0.004367347410622339
0.004367347410622339
0.004367347410622337
0.004367347410622337
0.004367347410622337
1.0019213945423427e-06
1.0019213945423427e-06
1.0019213945423427e-06
1.0019213945423427e-06
1.0019193772479068e-06
1.0019193772479068e-06
1.0019193772479068e-06
1.0019193772479068e-06
1.0019193772479068e-06
1.0019193772479068e-06
2.9069258408063307e-06
2.9069258408063307e-06
2.9069258408063307e-06
2.9069258408063307e-06
2.9069258408063307e-06
2.9069258408063307e-06
2.9069258408063307e-06
2.9069258408063307e-06
2.9069258408063307e-06
2.9069258408063307e-06
1.0000004823131128
1.0000004823131128
1.0000004823131128
1.0000004823131128
0.5768455664218071
0.5768455664218072
0.5768455664218072
0.5768455664218072
0.5768455664218072
0.5768455664218071
0.5768455664218071
0.5768455664218071
0.5768455664218071
0.5768455664218072
0.5768455664218072
0.5768455664218072
0.5768455664218072
0.5768455664218071
0.5768455664218071
0.5768455664218071
0.5768455664218071
0.5768455664218072
0.5768455664218072
0.5768455664218072
0.6656061521779164
0.6656061521779164
0.6656061521779164
0.6656061521779164
0.6656061521779164
0.10759785112447584
0.004367347410622337
0.004367347410622337
0.004367347410622337
0.004367347410622339
0.004367347410622339
0.004367347410622339
0.004367347410622339
0.004367347410622337
0.004367347410622337
0.004367347410622337
1.0019213945423427e-06
1.0019213945423427e-06
1.0019213945423427e-06
1.0019213945423427e-06
1.0019193772479068e-06
1.0019193772479068e-06
1.0019193772479068e-06
1.0019193772479068e-06
1.0019193772479068e-06
1.0019193772479068e-06
2.9069258408063307e-06
2.9069258408063307e-06
2.9069258408063307e-06
2.9069258408063307e-06
2.9069258408063307e-06
2.9069258408063307e-06
2.9069258408063307e-06
2.9069258408063307e-06
2.9069258408063307e-06
2.9069258408063307e-06
1.0000004823131128
1.0000004823131128
1.0000004823131128
1.0000004823131128
2.692621607260054
2.692621607260053
2.692621607260053
2.692621607260053
2.692621607260053
2.692621607260054
2.692621607260054
2.692621607260054
2.692621607260054
2.692621607260053
2.692621607260053
2.692621607260053
2.692621607260053
2.692621607260054
2.692621607260054
2.692621607260054
2.692621607260054
2.692621607260053
2.692621607260053
2.692621607260053
7.337578588908921
7.337578588908921
7.337578588908921
7.337578588908921
7.337578588908921
9.569675155600134
9.989300648464763
9.989300648464763
9.989300648464763
9.989300648490262
9.989300648490262
9.989300648490262
9.989300648490262
9.989300648464763
9.989300648464763
9.989300648464763
12.00577556611578
12.00577556611578
12.00577556611578
12.00577556611578
7.005775805055343
7.005775805055349
7.005775805055349
7.005775805055349
7.005775805055349
7.005775805055343
5.6918324802871005
5.6918324802871005
5.6918324802871005
5.691832480287071
5.691832480287071
5.691832480287071
5.691832480287071
5.6918324802871005
5.6918324802871005
5.6918324802871005
1.0000004823131128
1.0000004823131128
1.0000004823131128
1.0000004823131128
0.0027084650097847396
0.0027084650097847396
0.0027084650097847396
0.0027084650097847396
0.0027084650097847396
0.0027084650097847396
0.0027084650097847396
0.0027084650097847396
0.0027084650097847396
0.0027084650097847396
0.0027084650097847396
0.0027084650097847396
0.0027084650097847396
0.0027084650097847396
0.0027084650097847396
0.0027084650097847396
0.0027084650097847396
0.0027084650097847396
0.0027084650097847396
0.0027084650097847396
0.0027084650097847396
0.0027084650097847396
0.0027084650097847396
0.0027084650097847396
0.0027084650097847396
0.0027084650097847396
0.0027084650097847396
0.0027084650097847396
0.0027084650097847396
0.0027084650097847396
0.0027084650097847396
0.0027084650097847396
0.0027084650097847396
0.0027084650097847396
0.0027084650097847396
0.0027084650097847396
0.0027084650097847396
0.0027084650097847396
0.0027084650097847396
0.0027084650097847396
0.0027084650097847396
0.0027084650097847396
0.0027084650097847396
0.0027084650097847396
0.0027084650097847396
0.0027084650097847396
0.0027084650097847396
0.0027084650097847396
0.0027084650097847396
0.0027084650097847396
0.0027084650097847396
0.0027084650097847396
0.0027084650097847396
0.0027084650097847396
0.0027084650097847396
0.0027084650097847396
0.0027084650097847396
0.0027084650097847396
0.0027084650097847396
0.0027084650097847396
0.0027084650097847396
0.0027084650097847396
0.0027084650097847396
0.0027084650097847396
0.0027084650097847396
0.0027084650097847396
0.0027084650097847396
0.0027084650097847396
0.0027084650097847396
0.0027084650097847396
0.0027084650097847396
0.0027084650097847396
0.0027084650097847396
0.0027084650097847396
0.0027084650097847396
0.0027084650097847396
0.0027084650097847396
0.0027084650097847396
0.0027084650097847396
0.0027084650097847396
0.0027084650097847396
0.0027084650097847396
0.0027084650097847396
0.0027084650097847396
0.0027084650097847396
0.0027084650097847396
0.0027084650097847396
0.0027084650097847396
0.0027084650097847396
0.0027084650097847396
0.0027084650097847396
0.0027084650097847396
0.0027084650097847396
0.0027084650097847396
0.0027084650097847396
0.0027084650097847396
0.0027084650097847396
0.0027084650097847396
0.0027084650097847396
0.0027084650097847396
0.0027084650097847396
0.0027084650097847396
0.0027084650097847396
0.0027084650097847396
0.0027084650097847396
0.0027084650097847396
0.0027084650097847396
0.0027084650097847396
0.0027084650097847396
0.0027084650097847396
0.0027084650097847396
0.0027084650097847396
0.0027084650097847396
0.0027084650097847396
0.0027084650097847396
0.0027084650097847396
0.0027084650097847396
0.0027084650097847396
0.0027084650097847396
0.0027084650097847396
0.0027084650097847396
0.0027084650097847396
0.0027084650097847396
0.0027084650097847396
0.0027084650097847396
0.0027084650097847396
0.0027084650097847396
0.0027084650097847396
0.0027084650097847396
0.0027084650097847396
0.0027084650097847396
0.0027084650097847396
0.0027084650097847396
0.0027084650097847396
0.0027084650097847396
0.0027084650097847396
0.0027084650097847396
0.0027084650097847396
0.0027084650097847396
0.0027084650097847396
0.0027084650097847396
0.0027084650097847396
0.0027084650097847396
0.0027084650097847396
0.0027084650097847396
0.0027084650097847396
0.0027084650097847396
0.0027084650097847396
0.0027084650097847396
0.0027084650097847396
0.0027084650097847396
0.0027084650097847396
0.0027084650097847396
0.0027084650097847396
0.0027084650097847396
0.0027084650097847396
0.0027084650097847396
0.0027084650097847396
0.0027084650097847396
0.0027084650097847396
0.0027084650097847396
0.0027084650097847396
0.0027084650097847396
0.0027084650097847396
0.0027084650097847396
0.0027084650097847396
0.0027084650097847396
0.0027084650097847396
0.0027084650097847396
0.0027084650097847396
0.0027084650097847396
0.0027084650097847396
0.0027084650097847396
0.0027084650097847396
0.0027084650097847396
0.0027084650097847396
0.0027084650097847396
0.0027084650097847396
0.0027084650097847396
0.0027084650097847396
0.0027084650097847396
0.0027084650097847396
0.0027084650097847396
0.0027084650097847396
0.0027084650097847396
0.0027084650097847396
0.0027084650097847396
0.0027084650097847396
0.0027084650097847396
0.0027084650097847396
0.0027084650097847396
0.0027084650097847396
0.0027084650097847396
0.0027084650097847396
0.0027084650097847396
0.0027084650097847396
0.0027084650097847396
0.0027084650097847396
0.0027084650097847396
0.0027084650097847396
0.0027084650097847396
0.0027084650097847396
0.0027084650097847396
0.0027084650097847396
0.0027084650097847396
0.0027084650097847396
0.0027084650097847396
0.0027084650097847396
0.0027084650097847396
0.0027084650097847396
0.0027084650097847396
0.0027084650097847396
0.0027084650097847396
0.0027084650097847396
0.0027084650097847396
0.0027084650097847396
0.0027084650097847396
0.0027084650097847396
0.0027084650097847396
0.0027084650097847396
0.0027084650097847396
0.0027084650097847396
0.0027084650097847396
0.0027084650097847396
0.0027084650097847396
0.0027084650097847396
0.0027084650097847396
0.0027084650097847396
0.0027084650097847396
0.0027084650097847396
0.0027084650097847396
0.0027084650097847396
0.0027084650097847396
0.0027084650097847396
0.0027084650097847396
0.0027084650097847396
0.0027084650097847396
0.0027084650097847396
0.0027084650097847396
0.0027084650097847396
0.0027084650097847396
0.0027084650097847396
0.0027084650097847396
0.0027084650097847396
0.0027084650097847396
0.0027084650097847396
0.0027084650097847396
0.0027084650097847396
0.0027084650097847396
0.0027084650097847396
0.0027084650097847396
0.0027084650097847396
0.0027084650097847396
0.0027084650097847396
0.0027084650097847396
0.0027084650097847396
0.0027084650097847396
0.0027084650097847396
0.0027084650097847396
0.0027084650097847396
0.0027084650097847396
0.0027084650097847396
0.0027084650097847396
0.0027084650097847396
0.0027084650097847396
0.0027084650097847396
0.0027084650097847396
0.0027084650097847396
0.0027084650097847396
0.0027084650097847396
0.0027084650097847396
0.0027084650097847396
0.0027084650097847396
0.0027084650097847396
0.0027084650097847396
0.0027084650097847396
0.0027084650097847396
0.0027084650097847396
0.0027084650097847396
0.0027084650097847396
0.0027084650097847396
0.0027084650097847396
0.0027084650097847396
0.0027084650097847396
0.0027084650097847396
0.0027084650097847396
0.0027084650097847396
0.0027084650097847396
0.0027084650097847396
0.0027084650097847396
0.0027084650097847396
0.0027084650097847396
0.0027084650097847396
0.0027084650097847396
0.0027084650097847396
0.0027084650097847396
0.0027084650097847396
0.0027084650097847396
0.0027084650097847396
0.0027084650097847396
