4.995034633978599
5.01252952024657
49.99830656234373
50.01257625970749
54.99936453527153
55.0103005861826
98.3478821396257
82.29748534856705
99.99999999999997
71.51185137257374
34.16749677412734
42.59801403177276
39.66064260255206
43.69561529350734
0.015127982354250452
0.014530212712522477
0.014814304619186532
0.014675673019739915
0.012153907077042366
0.006671959311222131
4.995034633978599
5.012529520240915
99.9999999999999
49.99830656234373
50.01257625968136
99.99383806059986
54.99936453527153
55.010300586062705
89.80915469176406
66.1066864767423
100.00000000000004
70.98988751485791
29.730953361514437
100.00000000000001
0.9624279841921026
100.0
100.0
16.37426687255651
39.66064260255206
68.39236191369754
0.4860317590776743
0.015127982354250452
0.016167795540926132
0.0
0.014814304619186532
0.01884956873761587
0.0
0.012153907077042368
0.012994107163603504
0.006671959311222131
0.005484307725818208
55.00738071232631
54.98153648551451
0.014652174995551711
55.013425462619296
55.01730860662223
0.014600746153226145
99.99999999999999
99.99992400321078
32.25829222968067
100.0
100.00000000000001
51.04301003402799
89.8852153389768
100.0
28.687949566679155
31.22508916390399
31.89958454740047
0.01690306639533115
8.22619814055545
8.465174418022544
0.014525271259931388
0.027680948033533617
0.011851193302266014
0.014542199177593355
0.02779840523186256
0.011847588333321092
0.0137706009600818
0.01305295860810873
0.01334391862244425
