0.010451732208910963
0.006169459136588203
0.006169459136588211
0.0061694591365882056
0.00616945913658821
0.006169459136588215
0.006169459136588213
0.006169459136588206
0.006169459136588203
0.006169459136588203
0.006169459136588211
0.006011278517428406
0.006011278517428409
0.0060112785174284145
0.006011278517428409
0.006011278517428409
0.006011278517428409
0.0060112785174284145
0.006011278517428406
0.006011278517428406
0.0063707340121937905
2.0593528860514143e-05
2.0593528860514204e-05
2.0593528860514095e-05
2.059352886051417e-05
2.0593528860514092e-05
2.059352886051421e-05
2.0593528860514214e-05
2.0593528860514237e-05
2.0593528860514143e-05
6.10090093550658e-07
5.508250795876587e-07
5.508250795876587e-07
5.508250795876571e-07
5.508250795876578e-07
5.508250795876587e-07
5.508250795876587e-07
5.508250795876571e-07
3.407805805916657e-07
4.779779337994856e-07
4.779762862284834e-07
3.7966841575667423
3.7966841567357967
3.7966841571624905
3.796684157114437
3.796684157567712
3.7966841567686673
3.796684157162491
3.796684157114437
3.7966841575667423
3.7966841567357967
0.9442414005040533
0.9442414005006607
0.9442414005043044
0.9442414005008206
0.9442414005040549
0.9442414005122142
0.9442414005146935
0.9442414005011216
0.9442414005040533
0.00778727807772711
0.00206646980602285
0.0020664698060228466
0.0020664698060228475
0.002066469806022846
0.0020664698060228444
0.002066469806022849
0.0020664698060228488
0.00206646980602285
0.00206646980602285
0.0020664698060228466
0.002042722625736801
0.002042722625736803
0.002042722625736801
0.002042722625736803
0.002042722625736803
0.002042722625736803
0.002042722625736801
0.002042722625736801
0.002042722625736801
0.0022238337775466067
4.010013831075244e-05
4.010013831075321e-05
4.010013831075291e-05
4.010013831075298e-05
4.0100138310752776e-05
4.010013831075283e-05
4.01001383107529e-05
4.0100138310752404e-05
4.010013831075244e-05
6.10090093550658e-07
5.508250795876587e-07
5.508250795876587e-07
5.508250795876571e-07
5.508250795876578e-07
5.508250795876587e-07
5.508250795876587e-07
5.508250795876571e-07
3.407805805916657e-07
4.779779337994856e-07
4.779762862284834e-07
0.0024287407069406657
0.002428740706940565
0.0024287407069406154
0.002428740706940611
0.0024287407069406657
0.0024287407069405703
0.0024287407069406154
0.002428740706940611
0.0024287407069406657
0.002428740706940565
0.0024887176424941
0.002488717642494095
0.002488717642494095
0.0024887176424940967
0.0024887176424940936
0.0024887176424941123
0.002488717642494115
0.0024887176424940967
0.0024887176424941
0.007787278077727119
0.0020664698060228505
0.00206646980602285
0.002066469806022851
0.002066469806022852
0.0020664698060228505
0.0020664698060228466
0.002066469806022852
0.0020664698060228505
0.0020664698060228505
0.00206646980602285
0.002042722625736805
0.0020427226257368042
0.002042722625736802
0.002042722625736803
0.002042722625736803
0.0020427226257368042
0.002042722625736802
0.002042722625736805
0.002042722625736805
0.0022238337775466023
5.729191584509293e-07
5.729191584509309e-07
5.729191584509309e-07
5.729191584509317e-07
5.729191584509309e-07
5.729191584509293e-07
5.72919158450931e-07
5.7291915845093e-07
5.729191584509293e-07
6.10090093550658e-07
5.508250795876587e-07
5.508250795876587e-07
5.508250795876571e-07
5.508250795876578e-07
5.508250795876587e-07
5.508250795876587e-07
5.508250795876571e-07
3.407805805916657e-07
4.779779337994856e-07
4.779762862284834e-07
0.0024287407069406657
0.002428740706940565
0.002428740706940618
0.0024287407069406067
0.0024287407069406683
0.0024287407069405703
0.002428740706940618
0.0024287407069406067
0.0024287407069406657
0.002428740706940565
0.002488717642494096
0.002488717642494094
0.002488717642494096
0.002488717642494097
0.0024887176424940975
0.002488717642494113
0.0024887176424941157
0.0024887176424940984
0.002488717642494096
4.989082307743176
4.996591443363853
4.996591443368275
4.996591443369271
4.99659144337029
4.996591443373988
4.996591443360762
4.996591443359688
4.996591443363853
4.996591443363853
4.996591443368275
4.963527377247107
4.963527377245314
4.963527377259999
4.963527377246229
4.963527377246229
4.963527377245314
4.963527377259999
4.963527377247107
4.963527377247107
10.300395536313049
15.5575386436926
15.55753864368972
15.557538644372247
15.557538643692824
15.557538643853578
15.557538643692869
15.557538643694102
15.557538643692647
15.5575386436926
6.10090093550658e-07
13.567690649383515
13.567690656489606
13.567690651125707
13.567690661381931
13.567690649383515
13.567690656489606
13.567690651125707
3.407805805916657e-07
27.199004300448415
17.199004447570314
8.556511258287572e-07
8.556511258287565e-07
8.556511258287566e-07
8.556511258287581e-07
8.556511258287572e-07
8.556511258287556e-07
8.556511258287566e-07
8.556511258287581e-07
8.556511258287572e-07
8.556511258287565e-07
4.436392723869213
4.436392723896873
4.436392723895127
4.436392723800317
4.436392723869235
4.4363927238913226
4.436392723890134
4.43639272380674
4.436392723869213
4.989082307736079
5.000863540704744
5.000863540699599
5.000863540708013
5.000863540708294
5.000863540703575
5.000863540714069
5.000863540699847
5.000863540704744
5.000863540704744
5.000863540699599
5.034252980116642
5.034252980119639
5.034252980119801
5.034252980114472
5.034252980114472
5.034252980119639
5.034252980119801
5.034252980116642
5.034252980116642
9.696662627044637
4.615428163701937
4.615428163702006
4.61542816302196
4.615428163701915
4.615428163538519
4.615428163702258
4.615428163702507
4.615428163702415
4.615428163701937
25.639868865312327
12.679190660346011
12.679190653239846
12.679190658603774
12.679190648347586
12.679190660346011
12.679190653239846
12.679190658603774
30.097285375273074
4.779779337994856e-07
4.779762862284834e-07
6.198458754389719
6.198458755220667
6.1984587547939745
6.198458754842028
6.198458754388756
6.198458755187797
6.198458754793977
6.198458754842028
6.198458754389719
6.198458755220667
4.614392411040363
4.614392411016112
4.614392411014206
4.6143924111125
4.6143924110403445
4.6143924110101
4.614392411008809
4.614392411105794
4.614392411040363
0.004703750542157485
0.004703750542157485
0.004703750542157485
0.004703750542157487
0.004703750542157486
0.004703750542157485
0.004703750542157486
0.004703750542157487
0.004703750542157485
0.004703750542157485
0.004703750542157485
0.00453107010773368
0.004531070107733674
0.004531070107733671
0.004531070107733677
0.004531070107733671
0.0045310701077336734
0.004531070107733671
0.004531070107733677
0.00453107010773368
0.004583677446090861
2.77333268040059e-06
2.7733326804005947e-06
2.7733326804005942e-06
2.7733326804005942e-06
2.77333268040059e-06
2.7733326804005947e-06
2.7733326804005942e-06
2.7733326804005942e-06
2.6154336794182482e-06
1.0879376099502845e-06
1.0879376099502847e-06
1.0879376099502845e-06
1.0879376099502845e-06
1.0879376099502845e-06
1.8143424260323942e-06
3.7465751764596464
3.746575176463277
3.746575176463176
3.746575176459647
1.748612182140055
1.7486121821384557
1.7486121821387113
1.7584718380491204
1.4497519691654592
1.449751969164975
1.449751969164975
1.449751969165459
1.4497519691654592
1.449751969164975
1.7717696326205266
1.7717696326244272
1.7717696326220462
1.7717696326205266
1.7717696326205266
1.7717696326244272
1.7717696326220447
1.7717696326205266
1.7717696326205266
1.7717696326244272
0.004703750542157485
0.004703750542157485
0.004703750542157485
0.004703750542157487
0.004703750542157486
0.004703750542157485
0.004703750542157486
0.004703750542157487
0.004703750542157485
0.004703750542157485
0.004703750542157485
0.00453107010773368
0.004531070107733674
0.004531070107733671
0.004531070107733677
0.004531070107733671
0.0045310701077336734
0.004531070107733671
0.004531070107733677
0.00453107010773368
0.004583677446090861
2.77333268040059e-06
2.7733326804005947e-06
2.7733326804005942e-06
2.7733326804005942e-06
2.77333268040059e-06
2.7733326804005947e-06
2.7733326804005942e-06
2.7733326804005942e-06
2.6154336794182482e-06
1.0879376099502845e-06
1.0879376099502847e-06
1.0879376099502845e-06
1.0879376099502845e-06
1.0879376099502845e-06
1.8143424260323942e-06
3.7465751764596464
3.746575176463277
3.746575176463176
3.746575176459647
1.748612182140055
1.7486121821384557
1.7486121821387113
1.7584718380491204
1.4497519691654592
1.449751969164975
1.449751969164975
1.449751969165459
1.4497519691654592
1.449751969164975
1.7717696326205266
1.7717696326244272
1.7717696326220462
1.7717696326205266
1.7717696326205266
1.7717696326244272
1.7717696326220447
1.7717696326205266
1.7717696326205266
1.7717696326244272
0.0018825002771969274
0.0018825002771969263
0.0018825002771969274
0.0018825002771969256
0.001882500277196927
0.0018825002771969263
0.001882500277196927
0.0018825002771969256
0.0018825002771969274
0.0018825002771969263
0.0018825002771969274
0.0019391287840506766
0.001939128784050678
0.001939128784050678
0.001939128784050677
0.0019391287840506823
0.0019391287840506766
0.001939128784050678
0.001939128784050677
0.0019391287840506766
0.0020102346839246856
2.77333268040059e-06
2.7733326804005947e-06
2.7733326804005942e-06
2.7733326804005942e-06
2.77333268040059e-06
2.7733326804005947e-06
2.7733326804005942e-06
2.7733326804005942e-06
2.6154336794182482e-06
1.0879376099502845e-06
1.0879376099502847e-06
1.0879376099502845e-06
1.0879376099502845e-06
1.0879376099502845e-06
1.8143424260323942e-06
0.0027881215073714606
0.002788121507371463
0.0027881215073714606
0.002788121507371458
0.002674440514110469
0.0026744405141104675
0.0026744405141104675
0.0026520226639392126
0.001891920506619
0.0018919205066190022
0.0018919205066190022
0.001891920506619
0.001891920506619
0.0018919205066190022
0.0018383231452249278
0.0018383231452249258
0.0018383231452249287
0.0018383231452249278
0.0018383231452249278
0.0018383231452249258
0.0018383231452249287
0.0018383231452249278
0.0018383231452249278
0.0018383231452249258
0.0031221471477453134
0.003122147147745315
0.0031221471477453134
0.0031221471477453186
0.003122147147745313
0.003122147147745315
0.003122147147745313
0.0031221471477453186
0.0031221471477453134
0.003122147147745315
0.0031221471477453134
0.002373149698352591
0.0023731496983525964
0.0023731496983525916
0.0023731496983525908
0.002373149698352592
0.0023731496983525934
0.0023731496983525916
0.0023731496983525908
0.002373149698352591
0.002448596730789432
2.77333268040059e-06
2.7733326804005947e-06
2.7733326804005942e-06
2.7733326804005942e-06
2.77333268040059e-06
2.7733326804005947e-06
2.7733326804005942e-06
2.7733326804005942e-06
2.6154336794182482e-06
1.0879376099502845e-06
1.0879376099502847e-06
1.0879376099502845e-06
1.0879376099502845e-06
1.0879376099502845e-06
1.8143424260323942e-06
1.9528145674324356e-07
1.9528145674324333e-07
1.9528145674324356e-07
1.9528145674324333e-07
1.9528109723920027e-07
1.9528109723920027e-07
1.9528109723920027e-07
1.9885329441843112e-07
1.4497519691654592
1.449751969164975
1.449751969164975
1.449751969165459
1.4497519691654592
1.449751969164975
0.7598386179718296
0.759838617967588
0.7598386179721098
0.7598386179718291
0.7598386179718296
0.759838617967588
0.7598386179721099
0.7598386179718291
0.7598386179718296
0.759838617967588
4.995937528511399
4.995937528513104
4.995937528511399
4.995937528513234
4.995937528513191
4.995937528513104
4.995937528513191
4.995937528513234
4.995937528511399
4.995937528513104
4.995937528511399
4.997336497179654
4.99733649718754
4.997336497180146
4.997336497185937
4.997336497185065
4.997336497186227
4.997336497180146
4.997336497185937
4.997336497179654
9.997084040828602
11.24100339090829
11.241003390908366
11.241003390908428
11.241003390908428
11.24100339090829
11.241003390908366
11.241003390908428
11.241003390908428
11.315884812509772
13.16280024840439
13.162800248404194
13.162800248404157
13.16280024840439
13.16280024840439
11.896475056861986
2.504062598044352
2.504062598037092
2.504062598037296
2.504062598044346
1.5001036286713045
1.500103628674503
1.5001036286739902
1.4804067197563706
0.6488552293026225
0.6488552293040744
0.6488552293040744
0.6488552293026231
0.6488552293026225
0.6488552293040744
0.6947864251417076
0.6947864251381467
0.694786425138389
0.694786425141708
0.6947864251417076
0.6947864251381467
0.6947864251383915
0.694786425141708
0.6947864251417076
0.6947864251381467
0.004060425579723478
0.004060425579723481
0.004060425579723478
0.004060425579723481
0.004060425579723478
0.004060425579723481
0.004060425579723478
0.004060425579723481
0.004060425579723478
0.004060425579723481
0.004060425579723478
0.004060425579723481
0.004060425579723478
0.004060425579723481
0.004060425579723478
0.004060425579723481
0.003696889843343429
0.003696889843343428
0.003696889843343431
0.003696889843343429
0.003696889843343431
0.004065810366026791
0.004065810366026792
0.00406581036602679
0.004065810366026792
0.00406581036602679
0.0030629507795259135
0.0030629507795259152
0.0030629507795259135
0.0030629507795259152
0.0030629507795259135
0.003946537746309928
0.003946537746309928
0.003946537746309928
0.003946537746309927
0.003946537746309929
6.713494750404678e-07
6.713494750404678e-07
6.71349475040467e-07
6.71349475040467e-07
6.71349475040467e-07
6.71349475040467e-07
6.713494750404678e-07
6.713494750404678e-07
6.713494750404678e-07
1.0988431275689724e-06
8.391134209646654e-07
7.856081781892787e-07
7.856081781892787e-07
7.856081781892787e-07
7.856081781892787e-07
7.856081781892787e-07
7.856081781892787e-07
7.856081781892787e-07
7.856081781892787e-07
3.1110938149603553e-06
0.004084854207972507
0.004084854207972507
0.004084854207972507
0.004084854207972507
0.004060425579723478
0.004060425579723481
0.004060425579723478
0.004060425579723481
0.004060425579723478
0.004060425579723481
0.004060425579723478
0.004060425579723481
0.004060425579723478
0.004060425579723481
0.004060425579723478
0.004060425579723481
0.004060425579723478
0.004060425579723481
0.004060425579723478
0.004060425579723481
0.003696889843343429
0.003696889843343428
0.003696889843343431
0.003696889843343429
0.003696889843343431
0.004065810366026791
0.004065810366026792
0.00406581036602679
0.004065810366026792
0.00406581036602679
0.0030629507795259135
0.0030629507795259152
0.0030629507795259135
0.0030629507795259152
0.0030629507795259135
0.003946537746309928
0.003946537746309928
0.003946537746309928
0.003946537746309927
0.003946537746309929
6.713494750404678e-07
6.713494750404678e-07
6.71349475040467e-07
6.71349475040467e-07
6.71349475040467e-07
6.71349475040467e-07
6.713494750404678e-07
6.713494750404678e-07
6.713494750404678e-07
1.0988431275689724e-06
8.391134209646654e-07
7.856081781892787e-07
7.856081781892787e-07
7.856081781892787e-07
7.856081781892787e-07
7.856081781892787e-07
7.856081781892787e-07
7.856081781892787e-07
7.856081781892787e-07
3.1110938149603553e-06
0.004084854207972507
0.004084854207972507
0.004084854207972507
0.004084854207972507
0.004060425579723478
0.004060425579723481
0.004060425579723478
0.004060425579723481
0.004060425579723478
0.004060425579723481
0.004060425579723478
0.004060425579723481
0.004060425579723478
0.004060425579723481
0.004060425579723478
0.004060425579723481
0.004060425579723478
0.004060425579723481
0.004060425579723478
0.004060425579723481
0.003696889843343429
0.003696889843343428
0.003696889843343431
0.003696889843343429
0.003696889843343431
0.004065810366026791
0.004065810366026792
0.00406581036602679
0.004065810366026792
0.00406581036602679
0.0030629507795259135
0.0030629507795259152
0.0030629507795259135
0.0030629507795259152
0.0030629507795259135
0.003946537746309928
0.003946537746309928
0.003946537746309928
0.003946537746309927
0.003946537746309929
6.713494750404678e-07
6.713494750404678e-07
6.71349475040467e-07
6.71349475040467e-07
6.71349475040467e-07
6.71349475040467e-07
6.713494750404678e-07
6.713494750404678e-07
6.713494750404678e-07
1.0988431275689724e-06
8.391134209646654e-07
7.856081781892787e-07
7.856081781892787e-07
7.856081781892787e-07
7.856081781892787e-07
7.856081781892787e-07
7.856081781892787e-07
7.856081781892787e-07
7.856081781892787e-07
3.1110938149603553e-06
0.004084854207972507
0.004084854207972507
0.004084854207972507
0.004084854207972507
0.0017852649155640937
0.0017852649155640945
0.0017852649155640937
0.0017852649155640945
0.0017852649155640937
0.0017852649155640945
0.0017852649155640937
0.0017852649155640945
0.0017852649155640937
0.0017852649155640945
0.0017852649155640937
0.0017852649155640945
0.0017852649155640937
0.0017852649155640945
0.0017852649155640937
0.0017852649155640945
0.0017050341453228126
0.0017050341453228113
0.00170503414532281
0.0017050341453228113
0.00170503414532281
0.0017821377198934266
0.0017821377198934249
0.0017821377198934249
0.0017821377198934249
0.0017821377198934249
0.0017892345298925981
0.0017892345298926007
0.0017892345298925981
0.0017892345298926007
0.0017892345298925981
0.0020295234076748115
0.0020295234076748102
0.0020295234076748115
0.0020295234076748094
0.002029523407674811
6.713494750404678e-07
6.713494750404678e-07
6.71349475040467e-07
6.71349475040467e-07
6.71349475040467e-07
6.71349475040467e-07
6.713494750404678e-07
6.713494750404678e-07
6.713494750404678e-07
1.0988431275689724e-06
8.391134209646654e-07
7.856081781892787e-07
7.856081781892787e-07
7.856081781892787e-07
7.856081781892787e-07
7.856081781892787e-07
7.856081781892787e-07
7.856081781892787e-07
7.856081781892787e-07
3.1110938149603553e-06
0.004084854207972507
0.004084854207972507
0.004084854207972507
0.004084854207972507
0.0017852649155640928
0.0017852649155640932
0.0017852649155640928
0.0017852649155640932
0.0017852649155640928
0.0017852649155640932
0.0017852649155640928
0.0017852649155640932
0.0017852649155640928
0.0017852649155640932
0.0017852649155640928
0.0017852649155640932
0.0017852649155640928
0.0017852649155640932
0.0017852649155640928
0.0017852649155640932
0.0038553814425360006
0.003855381442535997
0.003855381442535991
0.003855381442535999
0.003855381442535991
0.0018117009394927473
0.0018117009394927504
0.0018117009394927495
0.0018117009394927504
0.0018117009394927495
0.0074520907792676614
0.007452090779267671
0.0074520907792676614
0.007452090779267671
0.0074520907792676614
0.0020206434269628764
0.002020643426962875
0.0020206434269628764
0.002020643426962875
0.0020206434269628747
5.125438407615547
5.125438407615547
5.1254384076155475
5.1254384076155475
5.1254384076155475
5.1254384076155475
5.125438407615547
5.125438407615547
5.125438407615547
3.1314994577582658
4.10076703640639
4.380054051668245
4.380054051668238
4.3800540516682425
4.380054051668245
4.380054051668245
4.380054051668238
4.3800540516682425
4.380054051668245
1.10598754615866
2.505494521499837e-06
2.505494521499837e-06
2.505494521499837e-06
2.505494521499837e-06
0.5734823322098989
0.5734823322098989
0.5734823322098989
0.5734823322098989
0.5734823322098989
0.5734823322098989
0.5734823322098989
0.5734823322098987
0.5734823322098989
0.5734823322098989
0.5734823322098989
0.5734823322098989
0.5734823322098989
0.5734823322098989
0.5734823322098989
0.5734823322098989
0.5734823322098989
0.5734823322098989
0.5734823322098989
0.5734823322098989
0.675373933431452
0.675373933431452
0.675373933431452
0.675373933431452
0.675373933431452
0.10140148874240489
0.0063610936781817815
0.0063610936781817815
0.0063610936781817815
0.0063610936781817815
0.006361093678181784
0.0063610936781817815
0.0063610936781817815
0.0063610936781817815
0.0063610936781817815
0.002923285531556676
1.6834606962853266e-06
1.6834606962853266e-06
1.6834606962853266e-06
1.6834606962853266e-06
1.683451039912031e-06
1.683451039912031e-06
1.683451039912031e-06
1.683451039912031e-06
1.683451039912031e-06
1.683451039912031e-06
1.5504050524036384e-06
1.5504050524036384e-06
1.5504050524036384e-06
1.5504050524036384e-06
1.5504050524036384e-06
1.5504050524036384e-06
1.5504050524036384e-06
1.5504050524036384e-06
1.5504050524036384e-06
1.5504050524036384e-06
1.25000024102151
1.2500002410215096
1.2500002410215096
1.2500002410215096
0.5734823322098989
0.5734823322098989
0.5734823322098989
0.5734823322098989
0.5734823322098989
0.5734823322098989
0.5734823322098989
0.5734823322098987
0.5734823322098989
0.5734823322098989
0.5734823322098989
0.5734823322098989
0.5734823322098989
0.5734823322098989
0.5734823322098989
0.5734823322098989
0.5734823322098989
0.5734823322098989
0.5734823322098989
0.5734823322098989
0.675373933431452
0.675373933431452
0.675373933431452
0.675373933431452
0.675373933431452
0.10140148874240489
0.0063610936781817815
0.0063610936781817815
0.0063610936781817815
0.0063610936781817815
0.006361093678181784
0.0063610936781817815
0.0063610936781817815
0.0063610936781817815
0.0063610936781817815
0.002923285531556676
1.6834606962853266e-06
1.6834606962853266e-06
1.6834606962853266e-06
1.6834606962853266e-06
1.683451039912031e-06
1.683451039912031e-06
1.683451039912031e-06
1.683451039912031e-06
1.683451039912031e-06
1.683451039912031e-06
1.5504050524036384e-06
1.5504050524036384e-06
1.5504050524036384e-06
1.5504050524036384e-06
1.5504050524036384e-06
1.5504050524036384e-06
1.5504050524036384e-06
1.5504050524036384e-06
1.5504050524036384e-06
1.5504050524036384e-06
1.25000024102151
1.2500002410215096
1.2500002410215096
1.2500002410215096
0.5734823322098989
0.5734823322098989
0.5734823322098989
0.5734823322098989
0.5734823322098989
0.5734823322098989
0.5734823322098989
0.5734823322098987
0.5734823322098989
0.5734823322098989
0.5734823322098989
0.5734823322098989
0.5734823322098989
0.5734823322098989
0.5734823322098989
0.5734823322098989
0.5734823322098989
0.5734823322098989
0.5734823322098989
0.5734823322098989
0.675373933431452
0.675373933431452
0.675373933431452
0.675373933431452
0.675373933431452
0.10140148874240489
0.0063610936781817815
0.0063610936781817815
0.0063610936781817815
0.0063610936781817815
0.006361093678181784
0.0063610936781817815
0.0063610936781817815
0.0063610936781817815
0.0063610936781817815
0.002923285531556676
1.6834606962853266e-06
1.6834606962853266e-06
1.6834606962853266e-06
1.6834606962853266e-06
1.683451039912031e-06
1.683451039912031e-06
1.683451039912031e-06
1.683451039912031e-06
1.683451039912031e-06
1.683451039912031e-06
1.5504050524036384e-06
1.5504050524036384e-06
1.5504050524036384e-06
1.5504050524036384e-06
1.5504050524036384e-06
1.5504050524036384e-06
1.5504050524036384e-06
1.5504050524036384e-06
1.5504050524036384e-06
1.5504050524036384e-06
1.25000024102151
1.2500002410215096
1.2500002410215096
1.2500002410215096
0.5734823322098989
0.5734823322098989
0.5734823322098989
0.5734823322098989
0.5734823322098989
0.5734823322098989
0.5734823322098989
0.5734823322098987
0.5734823322098989
0.5734823322098989
0.5734823322098989
0.5734823322098989
0.5734823322098989
0.5734823322098989
0.5734823322098989
0.5734823322098989
0.5734823322098989
0.5734823322098989
0.5734823322098989
0.5734823322098989
0.675373933431452
0.675373933431452
0.675373933431452
0.675373933431452
0.675373933431452
0.10140148874240489
0.0063610936781817815
0.0063610936781817815
0.0063610936781817815
0.0063610936781817815
0.006361093678181784
0.0063610936781817815
0.0063610936781817815
0.0063610936781817815
0.0063610936781817815
0.002923285531556676
1.6834606962853266e-06
1.6834606962853266e-06
1.6834606962853266e-06
1.6834606962853266e-06
1.683451039912031e-06
1.683451039912031e-06
1.683451039912031e-06
1.683451039912031e-06
1.683451039912031e-06
1.683451039912031e-06
1.5504050524036384e-06
1.5504050524036384e-06
1.5504050524036384e-06
1.5504050524036384e-06
1.5504050524036384e-06
1.5504050524036384e-06
1.5504050524036384e-06
1.5504050524036384e-06
1.5504050524036384e-06
1.5504050524036384e-06
1.25000024102151
1.2500002410215096
1.2500002410215096
1.2500002410215096
2.7060773104563034
2.7060773104563047
2.7060773104563047
2.7060773104563047
2.7060773104563047
2.7060773104563034
2.7060773104563034
2.7060773104563016
2.7060773104563034
2.7060773104563047
2.7060773104563047
2.7060773104563047
2.7060773104563047
2.7060773104563034
2.7060773104563034
2.7060773104563034
2.7060773104563034
2.7060773104563047
2.7060773104563047
2.7060773104563047
7.298509750369066
7.298509750369066
7.298509750369066
7.298509750369066
7.298509750369066
9.59454501849846
9.982185249952302
9.982185249952302
9.982185249952302
9.982185249952302
9.98218524999756
9.982185249952302
9.982185249952302
9.982185249952302
9.982185249952302
10.00535053753978
12.044006534341259
12.044006534341259
12.044006534341259
12.044006534341259
7.044006939984602
7.044006939984602
7.044006939984602
7.044006939984602
7.044006939984602
7.044006939984602
7.219393961990509
7.219393961990509
7.219393961990509
7.219393961990509
7.219393961990509
7.219393961990509
7.219393961990509
7.219393961990524
7.219393961990509
7.219393961990509
2.4769663895573084e-06
2.476966389557312e-06
2.476966389557312e-06
2.476966389557312e-06
0.0035273425045785154
0.0035273425045785154
0.0035273425045785154
0.0035273425045785154
0.0035273425045785154
0.0035273425045785154
0.0035273425045785154
0.0035273425045785154
0.0035273425045785154
0.0035273425045785154
0.0035273425045785154
0.0035273425045785154
0.0035273425045785154
0.0035273425045785154
0.0035273425045785154
0.0035273425045785154
0.0035273425045785154
0.0035273425045785154
0.0035273425045785154
0.0035273425045785154
0.0035273425045785154
0.0035273425045785154
0.0035273425045785154
0.0035273425045785154
0.0035273425045785154
0.0035273425045785154
0.0035273425045785154
0.0035273425045785154
0.0035273425045785154
0.0035273425045785154
0.0035273425045785154
0.0035273425045785154
0.0035273425045785154
0.0035273425045785154
0.0035273425045785154
0.0035273425045785154
0.0035273425045785154
0.0035273425045785154
0.0035273425045785154
0.0035273425045785154
0.0035273425045785154
0.0035273425045785154
0.0035273425045785154
0.0035273425045785154
0.0035273425045785154
0.0035273425045785154
0.0035273425045785154
0.0035273425045785154
0.0035273425045785154
0.0035273425045785154
0.0035273425045785154
0.0035273425045785154
0.0035273425045785154
0.0035273425045785154
0.0035273425045785154
0.0035273425045785154
0.0035273425045785154
0.0035273425045785154
0.0035273425045785154
0.0035273425045785154
0.0035273425045785154
0.0035273425045785154
0.0035273425045785154
0.0035273425045785154
0.0035273425045785154
0.0035273425045785154
0.0035273425045785154
0.0035273425045785154
0.0035273425045785154
0.0035273425045785154
0.0035273425045785154
0.0035273425045785154
0.0035273425045785154
0.0035273425045785154
0.0035273425045785154
0.0035273425045785154
0.0035273425045785154
0.0035273425045785154
0.0035273425045785154
0.0035273425045785154
0.0035273425045785154
0.0035273425045785154
0.0035273425045785154
0.0035273425045785154
0.0035273425045785154
0.0035273425045785154
0.0035273425045785154
0.0035273425045785154
0.0035273425045785154
0.0035273425045785154
0.0035273425045785154
0.0035273425045785154
0.0035273425045785154
0.0035273425045785154
0.0035273425045785154
0.0035273425045785154
0.0035273425045785154
0.0035273425045785154
0.0035273425045785154
0.0035273425045785154
0.0035273425045785154
0.0035273425045785154
0.0035273425045785154
0.0035273425045785154
0.0035273425045785154
0.0035273425045785154
0.0035273425045785154
0.0035273425045785154
0.0035273425045785154
0.0035273425045785154
0.0035273425045785154
0.0035273425045785154
0.0035273425045785154
0.0035273425045785154
0.0035273425045785154
0.0035273425045785154
0.0035273425045785154
0.0035273425045785154
0.0035273425045785154
0.0035273425045785154
0.0035273425045785154
0.0035273425045785154
0.0035273425045785154
0.0035273425045785154
0.0035273425045785154
0.0035273425045785154
0.0035273425045785154
0.0035273425045785154
0.0035273425045785154
0.0035273425045785154
0.0035273425045785154
0.0035273425045785154
0.0035273425045785154
0.0035273425045785154
0.0035273425045785154
0.0035273425045785154
0.0035273425045785154
0.0035273425045785154
0.0035273425045785154
0.0035273425045785154
0.0035273425045785154
0.0035273425045785154
0.0035273425045785154
0.0035273425045785154
0.0035273425045785154
0.0035273425045785154
0.0035273425045785154
0.0035273425045785154
0.0035273425045785154
0.0035273425045785154
0.0035273425045785154
0.0035273425045785154
0.0035273425045785154
0.0035273425045785154
0.0035273425045785154
0.0035273425045785154
0.0035273425045785154
0.0035273425045785154
0.0035273425045785154
0.0035273425045785154
0.0035273425045785154
0.0035273425045785154
0.0035273425045785154
0.0035273425045785154
0.0035273425045785154
0.0035273425045785154
0.0035273425045785154
0.0035273425045785154
0.0035273425045785154
0.0035273425045785154
0.0035273425045785154
0.0035273425045785154
0.0035273425045785154
0.0035273425045785154
0.0035273425045785154
0.0035273425045785154
0.0035273425045785154
0.0035273425045785154
0.0035273425045785154
0.0035273425045785154
0.0035273425045785154
0.0035273425045785154
0.0035273425045785154
0.0035273425045785154
0.0035273425045785154
0.0035273425045785154
0.0035273425045785154
0.0035273425045785154
0.0035273425045785154
0.0035273425045785154
0.0035273425045785154
0.0035273425045785154
0.0035273425045785154
0.0035273425045785154
0.0035273425045785154
0.0035273425045785154
0.0035273425045785154
0.0035273425045785154
0.0035273425045785154
0.0035273425045785154
0.0035273425045785154
0.0035273425045785154
0.0035273425045785154
0.0035273425045785154
0.0035273425045785154
0.0035273425045785154
0.0035273425045785154
0.0035273425045785154
0.0035273425045785154
0.0035273425045785154
0.0035273425045785154
0.0035273425045785154
0.0035273425045785154
0.0035273425045785154
0.0035273425045785154
0.0035273425045785154
0.0035273425045785154
0.0035273425045785154
0.0035273425045785154
0.0035273425045785154
0.0035273425045785154
0.0035273425045785154
0.0035273425045785154
0.0035273425045785154
0.0035273425045785154
0.0035273425045785154
0.0035273425045785154
0.0035273425045785154
0.0035273425045785154
0.0035273425045785154
0.0035273425045785154
0.0035273425045785154
0.0035273425045785154
0.0035273425045785154
0.0035273425045785154
0.0035273425045785154
0.0035273425045785154
0.0035273425045785154
0.0035273425045785154
0.0035273425045785154
0.0035273425045785154
0.0035273425045785154
0.0035273425045785154
0.0035273425045785154
0.0035273425045785154
0.0035273425045785154
0.0035273425045785154
0.0035273425045785154
0.0035273425045785154
0.0035273425045785154
0.0035273425045785154
0.0035273425045785154
0.0035273425045785154
0.0035273425045785154
0.0035273425045785154
0.0035273425045785154
0.0035273425045785154
0.0035273425045785154
0.0035273425045785154
0.0035273425045785154
0.0035273425045785154
0.0035273425045785154
0.0035273425045785154
0.0035273425045785154
0.0035273425045785154
0.0035273425045785154
0.0035273425045785154
0.0035273425045785154
0.0035273425045785154
0.0035273425045785154
0.0035273425045785154
0.0035273425045785154
0.0035273425045785154
0.0035273425045785154
0.0035273425045785154
0.0035273425045785154
0.0035273425045785154
0.0035273425045785154
0.0035273425045785154
0.0035273425045785154
0.0035273425045785154
0.0035273425045785154
0.0035273425045785154
0.0035273425045785154
0.0035273425045785154
0.0035273425045785154
0.0035273425045785154
0.0035273425045785154
0.0035273425045785154
0.0035273425045785154
0.0035273425045785154
0.0035273425045785154
0.0035273425045785154
0.0035273425045785154
0.0035273425045785154
0.0035273425045785154
0.0035273425045785154
0.0035273425045785154
0.0035273425045785154
0.0035273425045785154
