4.9937276262877575
5.015373780195932
49.997831135371044
50.015519986532894
54.99868933922257
55.01366719526185
100.00000000000003
60.52566565663925
100.0
78.44565506561455
30.1943160608132
44.94178905025693
40.582278735728636
41.85655043366687
0.018946097475253044
0.017735440699661924
0.018187492016694593
0.018027869085383282
0.015019154938290393
0.008241876151286184
4.9937276262877575
5.015373780199866
100.00000000000011
49.997831135371044
50.01551998644845
99.99999999999997
54.99868933922257
55.0136671953463
90.83418445399826
72.96526336005329
100.00000000000003
96.57091092223328
31.27756792319487
100.00000000000001
4.019127767797715
70.51066994121094
100.0
0.0
40.582278735728636
64.79528876145872
0.48319321041376356
0.018946097475253044
0.017735440699661917
0.011374362422731848
0.018187492016694593
0.027112481603778396
0.011336231205677387
0.015019154938290393
0.02594724569430496
0.008241876151286184
0.007039445084142154
55.00870739682221
54.97613110620632
0.018239399078623996
55.01210224853644
54.99476873711771
0.018194637978851267
100.00000000000007
99.99997303508589
35.444163247793234
99.99999999999999
99.99999311918191
60.777662551949625
100.0
100.0
30.20506252371579
57.005001111616124
64.97717978753269
0.021113569550610795
8.226351400326795
8.467884432218725
0.018100367178201317
0.03370005838005329
0.014215596320419892
0.018143855702648003
0.033845433738590044
0.014196446772303372
0.01706869192799075
0.01609262251604739
0.016483752302572367
