0.16304227980360067
0.15379547594092055
0.1537954759275473
0.15379547594356383
0.15379547594333767
0.15379547594251977
0.15379547594260115
0.1537954759282566
0.15379547592831047
0.1537954759274371
0.1537954759275084
0.15170861007083727
0.15170861007225384
0.15170861007143105
0.15170861005661063
0.15170861005736477
0.15170861007066488
0.151708610070707
0.15170861005652544
0.15170861005682212
0.16252078084756758
0.16512058427725967
0.16512058431771745
0.1651205842755364
0.16512058431753082
0.16512058431759657
0.1651205842794127
0.16512058431985696
0.16512058431364532
0.16512058427322412
0.16512058427717763
0.164240942212278
0.16424094225335417
0.16424094225318764
0.16424094225321706
0.16424094225265687
0.16424094225279884
0.1642409422505232
0.1642409422527281
0.16424094225226507
1.025012881821808e-06
8.463284603722661e-07
8.463284603722765e-07
8.463284603722757e-07
8.463284603722695e-07
8.463284603722655e-07
8.463284603722664e-07
8.463284603722575e-07
8.463284603722648e-07
8.463284603722639e-07
8.463284603722745e-07
8.454026721258791e-07
8.45402672125871e-07
8.454026721258787e-07
8.454026721258817e-07
8.454026721258814e-07
8.454026721258835e-07
8.454026721258728e-07
8.454026721258841e-07
8.454026721258734e-07
0.005044348875182609
0.0008419606219304507
0.0008419606219296662
0.0008419606219304627
0.0008419606219304624
0.000841960621930459
0.0008419606219304618
0.0008419606219296687
0.000841960621929669
0.0008419606219296662
0.000841960621929669
0.0008403511394313942
0.0008403511394313956
0.000840351139431391
0.0008403511394306164
0.0008403511394306174
0.0008403511394313878
0.0008403511394313906
0.0008403511394306134
0.0008403511394306182
0.0008924634160111356
0.000866206298690101
0.0008662062986922333
0.00086620629869009
0.0008662062986922298
0.0008662062986922334
0.0008662062986901074
0.0008662062986922373
0.000866206298692205
0.0008662062986900689
0.0008662062986900951
0.0008738584427914798
0.0008738584427936639
0.0008738584427936691
0.0008738584427936635
0.000873858442793667
0.0008738584427936681
0.0008738584427936622
0.0008738584427936675
0.0008738584427936682
1.025012881821808e-06
8.463284603722661e-07
8.463284603722765e-07
8.463284603722757e-07
8.463284603722695e-07
8.463284603722655e-07
8.463284603722664e-07
8.463284603722575e-07
8.463284603722648e-07
8.463284603722639e-07
8.463284603722745e-07
8.454026721258791e-07
8.45402672125871e-07
8.454026721258787e-07
8.454026721258817e-07
8.454026721258814e-07
8.454026721258835e-07
8.454026721258728e-07
8.454026721258841e-07
8.454026721258734e-07
0.005044348875182613
0.0006024239965717048
0.000602423996571303
0.0006024239965717106
0.0006024239965717118
0.0006024239965717087
0.000602423996571711
0.0006024239965713056
0.0006024239965713058
0.0006024239965713036
0.0006024239965713056
0.0006015613685853686
0.000601561368585371
0.0006015613685853677
0.0006015613685849702
0.0006015613685849717
0.0006015613685853664
0.0006015613685853674
0.0006015613685849701
0.0006015613685849706
0.0006338721260291935
8.811933429155998e-06
8.811933429160972e-06
8.811933429156429e-06
8.81193342916105e-06
8.811933429161023e-06
8.811933429155268e-06
8.811933429160447e-06
8.811933429162861e-06
8.811933429157745e-06
8.811933429155915e-06
9.475157497615864e-06
9.475157497621356e-06
9.47515749762142e-06
9.475157497621388e-06
9.475157497621637e-06
9.475157497621656e-06
9.475157497622476e-06
9.475157497621612e-06
9.475157497621835e-06
1.025012881821808e-06
8.463284603722661e-07
8.463284603722765e-07
8.463284603722757e-07
8.463284603722695e-07
8.463284603722655e-07
8.463284603722664e-07
8.463284603722575e-07
8.463284603722648e-07
8.463284603722639e-07
8.463284603722745e-07
8.454026721258791e-07
8.45402672125871e-07
8.454026721258787e-07
8.454026721258817e-07
8.454026721258814e-07
8.454026721258835e-07
8.454026721258728e-07
8.454026721258841e-07
8.454026721258734e-07
2.3718487544433002
3.9504633168580368
3.950463307784362
3.9504633186234748
3.9504633184568023
3.9504633179719746
3.9504633179380892
3.950463308268004
3.950463308278969
3.950463307765955
3.95046330771172
4.691572136128844e-06
4.691572136128845e-06
4.6915721361288395e-06
4.69157213612878e-06
4.691572136128763e-06
4.691572136128812e-06
4.6915721361288395e-06
4.691572136128814e-06
4.691572136128841e-06
4.702997875297058e-06
15.888442847188866
15.88844326489409
15.888442832899168
15.888443262946858
15.888443264005554
15.888442866970692
15.888443284633661
15.888443223906304
15.88844280650311
15.888442846940723
4.50458614453802
4.504586179158003
4.5045861791177515
4.504586179137801
4.504586178641414
4.504586178707462
4.504586177029048
4.5045861787233425
4.504586178316762
1.025012881821808e-06
10.070480008990495
10.070480008801711
10.070480011168206
10.070479918873056
10.070480079040465
10.070480081020698
10.070480010371087
10.07048008357228
10.07048008213041
10.07048008323007
4.846149714642252
4.846149729308861
4.846149728583864
4.846149728288308
4.846149743979705
4.84614974307641
4.846149727846448
4.84614974311243
4.846149729201314
7.957279184733305
0.018698055657385436
0.01869805565699696
0.01869805565738873
0.018698055657391178
0.018698055657390945
0.018698055657393308
0.01869805565699692
0.01869805565700043
0.018698055656998426
0.018698055657001323
16.31948234686296
16.31948236377991
16.319482356185393
16.319482178507666
16.31948218687772
16.31948234796178
16.31948234745961
16.319482179270473
16.319482180950708
38.90855227144375
10.926767180548586
10.926767381194521
10.92676717217641
10.926767380774521
10.926767380994576
10.926767190179113
10.926767391338581
10.926767361164389
10.92676716043759
10.926767180029817
5.4542167421750465
5.454216793045905
5.454216792916282
5.454216792967511
5.4542167923917795
5.454216792400262
5.454216789876046
5.454216792648731
5.454216791774311
1.025012881821808e-06
5.72362186346891
5.72362186475034
5.723621864681698
5.723621833591181
5.72362188674485
5.723621889387384
5.723621863181508
5.7236218900616915
5.723621889286375
5.723621890151168
5.715152372145583e-06
5.715152372145483e-06
5.7151523721453944e-06
5.715152372145216e-06
5.715152372144939e-06
5.715152372144811e-06
5.715152372144709e-06
5.71515237214481e-06
5.715152372144648e-06
0.1270485838065275
0.1270485838074263
0.12704858380716852
0.1270485837997358
0.12704858380720332
0.12704858380717415
0.12704858380718065
0.1270485838139769
0.12704858380713008
0.1270485838139451
0.1270485838145783
0.12998394174322953
0.1299839417431942
0.12998394173708727
0.1299839417371108
0.1299839417370587
0.12998394173681235
0.12998394173681066
0.12998394173618144
0.1299839417361909
3.117859528510469e-06
2.6054019359781744e-06
2.6054019359781604e-06
2.6054019359781367e-06
2.6054019359781553e-06
2.6054019359782244e-06
2.6054019359781854e-06
2.6054019359781947e-06
2.6054019359781714e-06
2.605401935978184e-06
2.605401935978136e-06
2.6082646640752955e-06
2.6082646640753574e-06
2.6082646640753205e-06
2.608264664075337e-06
2.608264664075324e-06
2.6082646640753358e-06
2.608264664075334e-06
2.608264664075381e-06
2.6671647716595294e-06
8.105057121285181e-07
6.697117897929791e-07
6.69711789792979e-07
6.697117897929749e-07
6.697117897929731e-07
6.697117897929719e-07
6.697117897929762e-07
6.697117897929757e-07
6.697117897929729e-07
6.697117897929726e-07
6.697117897929797e-07
6.69533385330198e-07
6.695333853301977e-07
6.695333853301953e-07
6.695333853301915e-07
6.69533385330201e-07
6.695333853301915e-07
6.695333853301956e-07
6.695333853301916e-07
6.695333853301982e-07
0.1270485838065275
0.1270485838074263
0.12704858380716852
0.1270485837997358
0.12704858380720332
0.12704858380717415
0.12704858380718065
0.1270485838139769
0.12704858380713008
0.1270485838139451
0.1270485838145783
0.12998394174322953
0.1299839417431942
0.12998394173708727
0.1299839417371108
0.1299839417370587
0.12998394173681235
0.12998394173681066
0.12998394173618144
0.1299839417361909
3.117859528510469e-06
2.6054019359781744e-06
2.6054019359781604e-06
2.6054019359781367e-06
2.6054019359781553e-06
2.6054019359782244e-06
2.6054019359781854e-06
2.6054019359781947e-06
2.6054019359781714e-06
2.605401935978184e-06
2.605401935978136e-06
2.6082646640752955e-06
2.6082646640753574e-06
2.6082646640753205e-06
2.608264664075337e-06
2.608264664075324e-06
2.6082646640753358e-06
2.608264664075334e-06
2.608264664075381e-06
2.6671647716595294e-06
8.105057121285181e-07
6.697117897929791e-07
6.69711789792979e-07
6.697117897929749e-07
6.697117897929731e-07
6.697117897929719e-07
6.697117897929762e-07
6.697117897929757e-07
6.697117897929729e-07
6.697117897929726e-07
6.697117897929797e-07
6.69533385330198e-07
6.695333853301977e-07
6.695333853301953e-07
6.695333853301915e-07
6.69533385330201e-07
6.695333853301915e-07
6.695333853301956e-07
6.695333853301916e-07
6.695333853301982e-07
0.0005781981080924457
0.0005781981080924493
0.0005781981080924475
0.0005781981080922176
0.0005781981080924484
0.0005781981080924471
0.0005781981080924479
0.0005781981080926759
0.0005781981080924468
0.0005781981080926748
0.000578198108092677
0.0005889397781833983
0.000588939778183398
0.0005889397781831934
0.0005889397781831926
0.0005889397781831922
0.0005889397781831925
0.0005889397781831927
0.0005889397781831908
0.000588939778183191
5.248914800159516e-06
3.0407980382578983e-06
3.0407980382577738e-06
3.0407980382578204e-06
3.0407980382578996e-06
3.0407980382578936e-06
3.040798038257901e-06
3.040798038257773e-06
3.040798038257921e-06
3.0407980382580194e-06
3.0407980382579106e-06
3.023783466449729e-06
3.023783466449746e-06
3.0237834664497505e-06
3.0237834664497433e-06
3.023783466449713e-06
3.0237834664497433e-06
3.023783466449768e-06
3.023783466449751e-06
3.1838784435165338e-06
8.105057121285181e-07
6.697117897929791e-07
6.69711789792979e-07
6.697117897929749e-07
6.697117897929731e-07
6.697117897929719e-07
6.697117897929762e-07
6.697117897929757e-07
6.697117897929729e-07
6.697117897929726e-07
6.697117897929797e-07
6.69533385330198e-07
6.695333853301977e-07
6.695333853301953e-07
6.695333853301915e-07
6.69533385330201e-07
6.695333853301915e-07
6.695333853301956e-07
6.695333853301916e-07
6.695333853301982e-07
1.1436741413308065
1.1436741413887823
1.1436741413845544
1.1436741407901574
1.1436741413757867
1.1436741413680502
1.1436741413740052
1.1436741419150316
1.1436741413735232
1.1436741419009244
1.1436741419576666
4.753295602959675e-06
4.753295602959674e-06
4.7532956029596695e-06
4.753295602959777e-06
4.753295602959671e-06
4.753295602959742e-06
4.753295602959643e-06
4.753295602959609e-06
4.753295602959605e-06
1.8883186535555818e-06
4.5736006447714614e-06
4.573600644771503e-06
4.573600644771444e-06
4.573600644771471e-06
4.573600644771604e-06
4.573600644771568e-06
4.573600644771612e-06
4.573600644771524e-06
4.5736006447715716e-06
4.5736006447714775e-06
2.6694317152749932e-06
2.669431715275009e-06
2.669431715275013e-06
2.669431715275026e-06
2.6694317152750517e-06
2.669431715274984e-06
2.669431715275042e-06
2.669431715275074e-06
3.477309093746208e-06
8.105057121285181e-07
3.3164858936609804e-06
3.3164858936609435e-06
3.316485893660969e-06
3.3164858936609185e-06
3.316485893660946e-06
3.3164858936609215e-06
3.316485893660969e-06
3.316485893660984e-06
3.3164858936609287e-06
3.3164858936609054e-06
2.9865466239648725e-06
2.9865466239649166e-06
2.986546623964903e-06
2.9865466239649047e-06
2.9865466239649064e-06
2.986546623964875e-06
2.9865466239649153e-06
2.9865466239649026e-06
2.986546623964904e-06
4.709861290688531
4.7098612919022
4.70986129160433
4.709861282072557
4.709861291540325
4.709861291611278
4.709861291590181
4.709861300195934
4.709861291701771
4.7098613002792495
4.7098613012112605
3.384959589297844
3.384959589323733
3.3849595855057957
3.384959585514958
3.38495958552764
3.384959585319416
3.3849595853121306
3.384959584927882
3.384959584921319
3.137565971220667e-06
3.504347749356679
3.5043477418710576
3.504347741449354
3.5043477497535123
3.504347750147033
3.504347750067453
3.5043477414515314
3.504347749338311
3.5043477572571105
3.504347749338296
20.682140356999728
20.682140344933202
20.68214034580583
20.682140347018223
20.682140347294546
20.68214034519143
20.68214034453102
20.68214037046895
0.00011772854676811236
8.105057121285181e-07
1.0778481225419367
1.0778481226110028
1.0778481222184926
1.0778481225924657
1.0778481226132726
1.0778481221765683
1.0778481226136507
1.077848122571772
1.0778481225635583
1.077848122583943
10.130943606185632
10.130943610027765
10.130943608893025
10.130943609292094
10.130943608163653
10.130943609391926
10.130943605733243
10.130943610069295
10.130943637792654
4.465391357611069e-06
4.4653913576110686e-06
4.465391357611065e-06
4.4653913576110686e-06
4.465391357611091e-06
4.465391357611091e-06
4.465391357611064e-06
4.465391357611094e-06
4.4653913576110914e-06
4.4653913576110635e-06
4.465391357611068e-06
4.465391357611042e-06
4.465391357611069e-06
4.465391357611064e-06
4.465391357611064e-06
4.465391357611091e-06
4.486737291930416e-06
4.486737291930446e-06
4.4867372919304196e-06
4.486737291930419e-06
4.391446824232099e-06
4.35804608268217e-06
4.358046082682169e-06
4.358046082682194e-06
4.358046082682168e-06
4.358046082682166e-06
4.263485194905547e-06
4.263485194905547e-06
4.263485194905523e-06
4.263485194905574e-06
4.2634851949055165e-06
4.267687818848979e-06
4.267687818848931e-06
4.267687818848982e-06
4.267687818848979e-06
4.267687818849011e-06
4.297702157892316e-06
4.297702157892257e-06
4.2977021578922565e-06
4.297702157892286e-06
4.330133916117864e-06
4.718019030947257e-06
4.718019030947264e-06
4.718019030947289e-06
4.718019030947236e-06
4.718019030947294e-06
4.831240947286552e-06
4.831240947286524e-06
4.831240947286546e-06
4.831240947286524e-06
4.8312409472865775e-06
5.291536766486313e-06
5.291536766486313e-06
5.291536766486343e-06
5.291536766486281e-06
5.2915367664862865e-06
4.7978416970854055e-06
4.797841697085433e-06
4.797841697085406e-06
4.79784169708543e-06
4.465391357611069e-06
4.4653913576110686e-06
4.465391357611065e-06
4.4653913576110686e-06
4.465391357611091e-06
4.465391357611091e-06
4.465391357611064e-06
4.465391357611094e-06
4.4653913576110914e-06
4.4653913576110635e-06
4.465391357611068e-06
4.465391357611042e-06
4.465391357611069e-06
4.465391357611064e-06
4.465391357611064e-06
4.465391357611091e-06
4.486737291930416e-06
4.486737291930446e-06
4.4867372919304196e-06
4.486737291930419e-06
4.391446824232099e-06
4.35804608268217e-06
4.358046082682169e-06
4.358046082682194e-06
4.358046082682168e-06
4.358046082682166e-06
4.263485194905547e-06
4.263485194905547e-06
4.263485194905523e-06
4.263485194905574e-06
4.2634851949055165e-06
4.267687818848979e-06
4.267687818848931e-06
4.267687818848982e-06
4.267687818848979e-06
4.267687818849011e-06
4.297702157892316e-06
4.297702157892257e-06
4.2977021578922565e-06
4.297702157892286e-06
4.330133916117864e-06
4.718019030947257e-06
4.718019030947264e-06
4.718019030947289e-06
4.718019030947236e-06
4.718019030947294e-06
4.831240947286552e-06
4.831240947286524e-06
4.831240947286546e-06
4.831240947286524e-06
4.8312409472865775e-06
5.291536766486313e-06
5.291536766486313e-06
5.291536766486343e-06
5.291536766486281e-06
5.2915367664862865e-06
4.7978416970854055e-06
4.797841697085433e-06
4.797841697085406e-06
4.79784169708543e-06
4.465391357611069e-06
4.4653913576110686e-06
4.465391357611065e-06
4.4653913576110686e-06
4.465391357611091e-06
4.465391357611091e-06
4.465391357611064e-06
4.465391357611094e-06
4.4653913576110914e-06
4.4653913576110635e-06
4.465391357611068e-06
4.465391357611042e-06
4.465391357611069e-06
4.465391357611064e-06
4.465391357611064e-06
4.465391357611091e-06
4.486737291930416e-06
4.486737291930446e-06
4.4867372919304196e-06
4.486737291930419e-06
4.391446824232099e-06
4.35804608268217e-06
4.358046082682169e-06
4.358046082682194e-06
4.358046082682168e-06
4.358046082682166e-06
4.263485194905547e-06
4.263485194905547e-06
4.263485194905523e-06
4.263485194905574e-06
4.2634851949055165e-06
4.267687818848979e-06
4.267687818848931e-06
4.267687818848982e-06
4.267687818848979e-06
4.267687818849011e-06
4.297702157892316e-06
4.297702157892257e-06
4.2977021578922565e-06
4.297702157892286e-06
4.330133916117864e-06
4.718019030947257e-06
4.718019030947264e-06
4.718019030947289e-06
4.718019030947236e-06
4.718019030947294e-06
4.831240947286552e-06
4.831240947286524e-06
4.831240947286546e-06
4.831240947286524e-06
4.8312409472865775e-06
5.291536766486313e-06
5.291536766486313e-06
5.291536766486343e-06
5.291536766486281e-06
5.2915367664862865e-06
4.7978416970854055e-06
4.797841697085433e-06
4.797841697085406e-06
4.79784169708543e-06
0.007965437274071634
0.007965437274071546
0.007965437274071363
0.00796543727407157
0.007965437274071474
0.007965437274071705
0.00796543727407141
0.007965437274071441
0.007965437274071794
0.007965437274071728
0.007965437274071403
0.007965437274071431
0.007965437274071435
0.007965437274071773
0.007965437274071518
0.007965437274071549
0.0075957578458756845
0.007595757845875816
0.007595757845875612
0.0075957578458756385
0.009723439509027876
0.009282792856368271
0.009282792856368308
0.009282792856368214
0.009282792856368214
0.009282792856368417
4.953379262058661e-06
4.95337926205869e-06
4.9533792620587115e-06
4.953379262058696e-06
4.953379262058688e-06
4.979196918474325e-06
4.979196918474244e-06
4.9791969184742975e-06
4.9791969184743416e-06
4.979196918474325e-06
4.641692927017608e-06
4.641692927017628e-06
4.641692927017628e-06
4.641692927017632e-06
4.76319229606226e-06
5.0057440875318e-06
5.005744087531769e-06
5.005744087531825e-06
5.0057440875317695e-06
5.005744087531795e-06
2.825060566996504e-06
2.825060566996516e-06
2.825060566996519e-06
2.8250605669965145e-06
2.8250605669965298e-06
2.9642742673221466e-06
2.9642742673221335e-06
2.9642742673221326e-06
2.964274267322146e-06
2.964274267322107e-06
2.8375033956188563e-06
2.8375033956188042e-06
2.8375033956188174e-06
2.8375033956188313e-06
0.00870873529268858
0.008708735292688495
0.008708735292688286
0.008708735292688353
0.00870873529268876
0.008708735292688325
0.008708735292688528
0.008708735292688381
0.008708735292688419
0.008708735292688187
0.008708735292688672
0.008708735292688534
0.008708735292688537
0.008708735292688575
0.008708735292688624
0.008708735292688487
0.00799231013260216
0.007992310132602138
0.007992310132602081
0.007992310132601937
0.010202839420475772
0.012560916427025655
0.012560916427025379
0.012560916427025873
0.012560916427025953
0.012560916427025875
0.014070312790960236
0.014070312790960268
0.014070312790959997
0.014070312790960245
0.014070312790960002
0.015204281540967587
0.015204281540967812
0.01520428154096721
0.01520428154096729
0.01520428154096726
0.013358393950741631
0.013358393950741608
0.013358393950742264
0.013358393950742302
0.3286375764709944
1.385806787624198e-05
1.3858067876241911e-05
1.3858067876241945e-05
1.385806787624197e-05
1.3858067876242092e-05
1.3015595593193457e-05
1.3015595593193478e-05
1.301559559319345e-05
1.3015595593193439e-05
1.3015595593193427e-05
1.965051209660034e-06
1.9650512096600305e-06
1.9650512096600182e-06
1.965051209660019e-06
1.965051209660046e-06
1.30564095986755e-05
1.3056409598675493e-05
1.305640959867552e-05
1.3056409598675554e-05
4.2985672450817805e-06
4.298567245081799e-06
4.2985672450818025e-06
4.298567245081872e-06
4.29856724508185e-06
4.298567245081775e-06
4.298567245081952e-06
4.298567245081864e-06
4.298567245081759e-06
4.298567245081766e-06
4.298567245081779e-06
4.298567245081853e-06
4.298567245081778e-06
4.298567245081914e-06
4.298567245081811e-06
4.298567245081809e-06
4.2985672450819186e-06
4.298567245081891e-06
4.298567245081883e-06
4.296839025341717e-06
4.3297590857902014e-06
4.329759085790123e-06
4.329759085790125e-06
4.329759085789951e-06
4.329759085790178e-06
4.329759085789936e-06
4.329759085790152e-06
4.32975908579015e-06
4.329759085790152e-06
4.329759085790162e-06
4.329759085790125e-06
4.336233415893571e-06
4.346123887630953e-06
4.3461238876312095e-06
4.346123887630953e-06
4.346123887630919e-06
4.346123887630945e-06
4.346123887630939e-06
4.346123887631007e-06
4.4272774153367505e-06
6.49683030248559e-06
6.496830302485435e-06
6.496830302485487e-06
6.496830302485575e-06
6.496830302485464e-06
6.4968303024855746e-06
6.496830302485627e-06
6.496830302485489e-06
6.4968303024856576e-06
6.49683030248555e-06
6.496830302485524e-06
6.4968303024855525e-06
6.49683030248549e-06
6.496830302485824e-06
6.496830302485852e-06
6.49683030248579e-06
6.4785295233330605e-06
6.478529523333107e-06
6.478529523333063e-06
6.4785295233330495e-06
4.2985672450817805e-06
4.298567245081799e-06
4.2985672450818025e-06
4.298567245081872e-06
4.29856724508185e-06
4.298567245081775e-06
4.298567245081952e-06
4.298567245081864e-06
4.298567245081759e-06
4.298567245081766e-06
4.298567245081779e-06
4.298567245081853e-06
4.298567245081778e-06
4.298567245081914e-06
4.298567245081811e-06
4.298567245081809e-06
4.2985672450819186e-06
4.298567245081891e-06
4.298567245081883e-06
4.296839025341717e-06
4.3297590857902014e-06
4.329759085790123e-06
4.329759085790125e-06
4.329759085789951e-06
4.329759085790178e-06
4.329759085789936e-06
4.329759085790152e-06
4.32975908579015e-06
4.329759085790152e-06
4.329759085790162e-06
4.329759085790125e-06
4.336233415893571e-06
4.346123887630953e-06
4.3461238876312095e-06
4.346123887630953e-06
4.346123887630919e-06
4.346123887630945e-06
4.346123887630939e-06
4.346123887631007e-06
4.4272774153367505e-06
6.49683030248559e-06
6.496830302485435e-06
6.496830302485487e-06
6.496830302485575e-06
6.496830302485464e-06
6.4968303024855746e-06
6.496830302485627e-06
6.496830302485489e-06
6.4968303024856576e-06
6.49683030248555e-06
6.496830302485524e-06
6.4968303024855525e-06
6.49683030248549e-06
6.496830302485824e-06
6.496830302485852e-06
6.49683030248579e-06
6.4785295233330605e-06
6.478529523333107e-06
6.478529523333063e-06
6.4785295233330495e-06
4.2985672450817805e-06
4.298567245081799e-06
4.2985672450818025e-06
4.298567245081872e-06
4.29856724508185e-06
4.298567245081775e-06
4.298567245081952e-06
4.298567245081864e-06
4.298567245081759e-06
4.298567245081766e-06
4.298567245081779e-06
4.298567245081853e-06
4.298567245081778e-06
4.298567245081914e-06
4.298567245081811e-06
4.298567245081809e-06
4.2985672450819186e-06
4.298567245081891e-06
4.298567245081883e-06
4.296839025341717e-06
4.3297590857902014e-06
4.329759085790123e-06
4.329759085790125e-06
4.329759085789951e-06
4.329759085790178e-06
4.329759085789936e-06
4.329759085790152e-06
4.32975908579015e-06
4.329759085790152e-06
4.329759085790162e-06
4.329759085790125e-06
4.336233415893571e-06
4.346123887630953e-06
4.3461238876312095e-06
4.346123887630953e-06
4.346123887630919e-06
4.346123887630945e-06
4.346123887630939e-06
4.346123887631007e-06
4.4272774153367505e-06
6.49683030248559e-06
6.496830302485435e-06
6.496830302485487e-06
6.496830302485575e-06
6.496830302485464e-06
6.4968303024855746e-06
6.496830302485627e-06
6.496830302485489e-06
6.4968303024856576e-06
6.49683030248555e-06
6.496830302485524e-06
6.4968303024855525e-06
6.49683030248549e-06
6.496830302485824e-06
6.496830302485852e-06
6.49683030248579e-06
6.4785295233330605e-06
6.478529523333107e-06
6.478529523333063e-06
6.4785295233330495e-06
4.2985672450817805e-06
4.298567245081799e-06
4.2985672450818025e-06
4.298567245081872e-06
4.29856724508185e-06
4.298567245081775e-06
4.298567245081952e-06
4.298567245081864e-06
4.298567245081759e-06
4.298567245081766e-06
4.298567245081779e-06
4.298567245081853e-06
4.298567245081778e-06
4.298567245081914e-06
4.298567245081811e-06
4.298567245081809e-06
4.2985672450819186e-06
4.298567245081891e-06
4.298567245081883e-06
4.296839025341717e-06
4.3297590857902014e-06
4.329759085790123e-06
4.329759085790125e-06
4.329759085789951e-06
4.329759085790178e-06
4.329759085789936e-06
4.329759085790152e-06
4.32975908579015e-06
4.329759085790152e-06
4.329759085790162e-06
4.329759085790125e-06
4.336233415893571e-06
4.346123887630953e-06
4.3461238876312095e-06
4.346123887630953e-06
4.346123887630919e-06
4.346123887630945e-06
4.346123887630939e-06
4.346123887631007e-06
4.4272774153367505e-06
6.49683030248559e-06
6.496830302485435e-06
6.496830302485487e-06
6.496830302485575e-06
6.496830302485464e-06
6.4968303024855746e-06
6.496830302485627e-06
6.496830302485489e-06
6.4968303024856576e-06
6.49683030248555e-06
6.496830302485524e-06
6.4968303024855525e-06
6.49683030248549e-06
6.496830302485824e-06
6.496830302485852e-06
6.49683030248579e-06
6.4785295233330605e-06
6.478529523333107e-06
6.478529523333063e-06
6.4785295233330495e-06
5.035535735734548
5.035535735726152
5.0355357357175725
5.035535743660348
5.03553574367942
5.035535735705192
5.035535751369398
5.035535743305751
5.0355357352906
5.035535735290349
5.035535735668226
5.035535743797293
5.035535735574958
5.035535743280767
5.035535735207789
5.035535735127014
5.035535743204883
5.035535743235622
5.035535742553803
4.653613580917666
10.575409100046185
10.57540910349498
10.575409100415083
10.575409036545727
10.575409099781021
10.575409036546493
10.575409103335039
10.575409099869349
10.575409103335605
10.575409103663306
10.575409103332525
10.54220929710057
10.49383772210113
10.49383779990318
10.493837728906827
10.493837728973212
10.493837728656723
10.493837725468762
10.493837732277026
0.00021523494566181797
4.953209044217087
4.953209044919293
4.953209044695451
4.953209044304039
4.953209044546512
4.953209044189666
4.953209043477569
4.953209044588126
4.953209044160652
4.9532090441881405
4.953209044636083
4.9532090446009285
4.953209044601638
4.953209052498535
4.9532090528629995
4.9532090528569555
5.243377116305615
5.243377116381152
5.243377116341672
5.2433771162003495
0.00039529272329907547
0.00039529272329907607
0.0003952927232990757
0.0003952927232990755
0.0003952927232990755
0.0003952927232990753
0.00039529272329907585
0.0003952927232990755
0.00039529272329907585
0.00039529272329907596
0.0003952927232990753
0.00039529272329907596
0.00039529272329907514
0.00039529272329907563
0.00039529272329907547
0.00039529272329907563
0.0003952927232990755
0.0003952927232990753
0.0003952927232990751
0.00039529272329907563
0.00039529272329907574
0.0003952927232990755
0.0003952927232990757
0.00039529272329907574
0.00039529272329907596
0.00039529272329907563
0.00039529272329907585
0.0003952927232990755
0.0003952927232990755
0.00039529272329907487
0.00039529272329907585
0.0003952927232990755
0.00039529272329907574
0.0003952927232990762
0.00039529272329907585
0.00039529272329907563
0.00039529272329907585
0.0003952927232990754
0.00039529272329907585
0.0003952927232990755
0.00039529272329907536
0.0003952927232990754
0.00039529272329907547
0.00039529272329907585
0.0003952927232990756
0.0003952927232990756
0.000395292723299076
0.00039529272329907563
0.00039529272329907525
0.0003952927232990757
0.00039529272329907596
0.0003952927232990762
0.00039529272329907547
0.00039529272329907525
0.00039529272329907574
0.0003952927232990752
0.00039529272329907563
0.00039529272329907563
0.0003952927232990753
0.0003952927232990756
0.00039529272329907547
0.00039529272329907607
0.0003952927232990757
0.0003952927232990755
0.0003952927232990755
0.0003952927232990753
0.00039529272329907585
0.0003952927232990755
0.00039529272329907585
0.00039529272329907596
0.0003952927232990753
0.00039529272329907596
0.00039529272329907514
0.00039529272329907563
0.00039529272329907547
0.00039529272329907563
0.0003952927232990755
0.0003952927232990753
0.0003952927232990751
0.00039529272329907563
0.00039529272329907574
0.0003952927232990755
0.0003952927232990757
0.00039529272329907574
0.00039529272329907596
0.00039529272329907563
0.00039529272329907585
0.0003952927232990755
0.0003952927232990755
0.00039529272329907487
0.00039529272329907585
0.0003952927232990755
0.00039529272329907574
0.0003952927232990762
0.00039529272329907585
0.00039529272329907563
0.00039529272329907585
0.0003952927232990754
0.00039529272329907585
0.0003952927232990755
0.00039529272329907536
0.0003952927232990754
0.00039529272329907547
0.00039529272329907585
0.0003952927232990756
0.0003952927232990756
0.000395292723299076
0.00039529272329907563
0.00039529272329907525
0.0003952927232990757
0.00039529272329907596
0.0003952927232990762
0.00039529272329907547
0.00039529272329907525
0.00039529272329907574
0.0003952927232990752
0.00039529272329907563
0.00039529272329907563
0.0003952927232990753
0.0003952927232990756
0.00039529272329907547
0.00039529272329907607
0.0003952927232990757
0.0003952927232990755
0.0003952927232990755
0.0003952927232990753
0.00039529272329907585
0.0003952927232990755
0.00039529272329907585
0.00039529272329907596
0.0003952927232990753
0.00039529272329907596
0.00039529272329907514
0.00039529272329907563
0.00039529272329907547
0.00039529272329907563
0.0003952927232990755
0.0003952927232990753
0.0003952927232990751
0.00039529272329907563
0.00039529272329907574
0.0003952927232990755
0.0003952927232990757
0.00039529272329907574
0.00039529272329907596
0.00039529272329907563
0.00039529272329907585
0.0003952927232990755
0.0003952927232990755
0.00039529272329907487
0.00039529272329907585
0.0003952927232990755
0.00039529272329907574
0.0003952927232990762
0.00039529272329907585
0.00039529272329907563
0.00039529272329907585
0.0003952927232990754
0.00039529272329907585
0.0003952927232990755
0.00039529272329907536
0.0003952927232990754
0.00039529272329907547
0.00039529272329907585
0.0003952927232990756
0.0003952927232990756
0.000395292723299076
0.00039529272329907563
0.00039529272329907525
0.0003952927232990757
0.00039529272329907596
0.0003952927232990762
0.00039529272329907547
0.00039529272329907525
0.00039529272329907574
0.0003952927232990752
0.00039529272329907563
0.00039529272329907563
0.0003952927232990753
0.0003952927232990756
0.00039529272329907547
0.00039529272329907607
0.0003952927232990757
0.0003952927232990755
0.0003952927232990755
0.0003952927232990753
0.00039529272329907585
0.0003952927232990755
0.00039529272329907585
0.00039529272329907596
0.0003952927232990753
0.00039529272329907596
0.00039529272329907514
0.00039529272329907563
0.00039529272329907547
0.00039529272329907563
0.0003952927232990755
0.0003952927232990753
0.0003952927232990751
0.00039529272329907563
0.00039529272329907574
0.0003952927232990755
0.0003952927232990757
0.00039529272329907574
0.00039529272329907596
0.00039529272329907563
0.00039529272329907585
0.0003952927232990755
0.0003952927232990755
0.00039529272329907487
0.00039529272329907585
0.0003952927232990755
0.00039529272329907574
0.0003952927232990762
0.00039529272329907585
0.00039529272329907563
0.00039529272329907585
0.0003952927232990754
0.00039529272329907585
0.0003952927232990755
0.00039529272329907536
0.0003952927232990754
0.00039529272329907547
0.00039529272329907585
0.0003952927232990756
0.0003952927232990756
0.000395292723299076
0.00039529272329907563
0.00039529272329907525
0.0003952927232990757
0.00039529272329907596
0.0003952927232990762
0.00039529272329907547
0.00039529272329907525
0.00039529272329907574
0.0003952927232990752
0.00039529272329907563
0.00039529272329907563
0.0003952927232990753
0.0003952927232990756
0.00039529272329907547
0.00039529272329907607
0.0003952927232990757
0.0003952927232990755
0.0003952927232990755
0.0003952927232990753
0.00039529272329907585
0.0003952927232990755
0.00039529272329907585
0.00039529272329907596
0.0003952927232990753
0.00039529272329907596
0.00039529272329907514
0.00039529272329907563
0.00039529272329907547
0.00039529272329907563
0.0003952927232990755
0.0003952927232990753
0.0003952927232990751
0.00039529272329907563
0.00039529272329907574
0.0003952927232990755
0.0003952927232990757
0.00039529272329907574
0.00039529272329907596
0.00039529272329907563
0.00039529272329907585
0.0003952927232990755
0.0003952927232990755
0.00039529272329907487
0.00039529272329907585
0.0003952927232990755
0.00039529272329907574
0.0003952927232990762
0.00039529272329907585
0.00039529272329907563
0.00039529272329907585
0.0003952927232990754
0.00039529272329907585
0.0003952927232990755
0.00039529272329907536
0.0003952927232990754
0.00039529272329907547
0.00039529272329907585
0.0003952927232990756
0.0003952927232990756
0.000395292723299076
0.00039529272329907563
0.00039529272329907525
0.0003952927232990757
0.00039529272329907596
0.0003952927232990762
0.00039529272329907547
0.00039529272329907525
0.00039529272329907574
0.0003952927232990752
0.00039529272329907563
0.00039529272329907563
0.0003952927232990753
0.0003952927232990756
