4.994603939641342
5.013539896667362
49.99815820985597
50.01361615610486
54.99918966463365
55.01139530930523
100.0
80.75685459720364
100.0
77.13496500049327
40.24261909774171
43.59889850694154
38.43667425975843
46.144957503757844
0.016377523365830655
0.015648086179336565
0.015956135707263647
0.01583097145907398
0.013143469742077002
0.007223623922697744
4.994603939641342
5.01353989666126
99.99999999999986
49.99815820985597
50.013616156044876
100.0
54.99918966463365
55.01139530927857
90.06076382489077
79.97110892737479
99.99999999999997
56.91832480287089
26.35953491485308
100.0
4.016252719311161
73.28853905752966
100.0
0.0
38.43667425975843
36.77503197118634
0.4856704431118575
0.016377523365830655
0.01802032919821738
0.010162929016240468
0.015956135707263647
0.020141883501828863
0.010111556722867527
0.013143469742077002
0.018006227559157015
0.007223623922697744
0.005964739290874114
55.00793212795365
54.979699937789114
0.01587048391211795
55.01341429677996
55.0105210002181
0.015818671322951
99.99999999999996
99.99994853707493
27.965792312404528
100.0
100.0
61.17954495555956
93.76739155713756
100.0
36.05176088771581
47.083673961477814
58.53017583357929
0.018308062641802444
8.226262548530295
8.465465651524116
0.015726382410879376
0.029715866965569347
0.012688772228889535
0.01575050313693923
0.029838033278377564
0.012675567500754333
0.014906849596935088
0.01413504866467039
0.014447247845395507
