4.992323861753568
5.019053734913163
49.99740937007587
50.019070441835
54.99862942042456
55.01645240800148
100.00000000000003
82.27996873230367
100.00000000000003
78.34786922634791
37.736559484150064
41.8951383426205
39.28664504416149
44.45257961818187
0.023512420972118926
0.02204437555063247
0.022612690931252705
0.02235006963701957
0.01855243715172109
0.010185982697068545
4.992323861753568
5.01905373491038
100.0
49.99740937007587
50.01907044156901
99.99999999999994
54.99862942042456
55.01645240805277
90.7524526294896
82.51277524850258
100.00000000000003
62.3100497296349
22.85142025172695
99.99999999999999
8.200012981909977
63.59631142246858
88.41125055449322
0.0
39.28664504416148
42.105115760552955
0.4826058010886197
0.023512420972118926
0.02204437555063247
0.014381914288245413
0.022612690931252705
0.03441360099560304
0.014346302992202074
0.01855243715172109
0.03276228489064154
0.010185982697068545
0.00852430312957444
55.01109796749586
54.971957389261526
0.022396019480873268
55.01667589756083
55.00448246764198
0.02234031221240776
99.9999999999999
99.99995577465418
37.564963067558466
100.0
99.99999114022224
67.68238602416989
100.0
100.0
29.335598278672137
53.31054421248925
57.840072995248775
0.02587486622496942
8.226803893973033
8.468008823573864
0.022203639346991873
0.0422009587300296
0.018011854695431324
0.022255682366590958
0.042404495534176995
0.01797787369521334
0.021045740558750716
0.019917355128577285
0.020371965394137097
