8.685449457598146
0.036048414735131894
0.050274345934999964
376.6228271190513
418.35420383932615
0.0019640926391568192
0.0019640926391568192
0.0019640926391568192
21.91205836427525
381.977591512551
0.011412356909602791
0.011412356909602791
0.011412356909602791
0.17488868707884136
0.6953754873611955
0.010125449553430982
0.010125449553430982
0.010125449553430982
0.010125449553430982
400.84293479091025
0.06401093190290406
0.06401093190290406
0.06401093190290406
0.06401093190290406
0.06401093190290406
