4.994110223151601
5.01462525988003
49.9980339977642
50.01478851555158
54.99940753130122
55.01184224782893
95.9745684936818
82.13833062340456
94.04143703857889
61.24367991429665
60.32349387090307
36.12424788872951
42.00217553610462
39.01556307185999
0.01689819879009613
0.017258120337261672
0.017415633406029363
0.01706434477060613
0.014522783243001833
0.007840323679597944
4.994110223151601
5.014625259877687
99.99999999999989
49.9980339977642
50.014788515531
99.99078271401075
54.99940753130122
55.01184224772242
89.68638767017973
59.11958739336856
100.00000000000003
69.92149160052067
0.0
69.55879669959941
16.650214912500424
89.96790363466222
100.00000000000001
0.024794047143991155
42.00217553610462
73.65295328721606
0.020530475851124413
0.01689819879009613
0.03435735639792102
0.029362694486410924
0.017415633406029363
0.03562355048477395
0.029362694486410924
0.014522783243001833
0.035767285572300946
0.007840323679597944
0.006489899112668131
55.00860340818673
54.97805860970225
0.01728489261198882
55.01677866834808
55.02140793791107
0.017220446361268675
100.00000000000009
99.99980554030535
36.87524977828729
100.00000000000001
99.99996842918515
42.7421140355271
100.00000000000003
100.0
21.675120103512047
55.581593886764125
67.14733363245165
0.019917723211893234
0.06907171443397389
0.03726541204708299
0.017120172114709568
0.03371532165769183
0.01670343738962355
0.01709004205787855
0.03397412549744199
0.01680289310658133
0.016160503460301366
0.015346861357227522
0.015680647359195873
