0.008934298958312
0.005248203555154678
0.005248203555154684
0.005248203555154687
0.0052482035551546895
0.005248203555154678
0.005248203555154684
0.005248203555154687
0.0052482035551546825
0.005248203555154678
0.005248203555154684
0.005130277607350906
0.0051302776073508995
0.005130277607350909
0.005130277607350906
0.005130277607350899
0.005130277607350899
0.005130277607350909
0.005130277607350906
0.005130277607350906
0.005466506124719477
0.016699919698408467
0.016699919698402028
0.016699919698406233
0.0166999196984089
0.016699919698408467
0.016699919698407548
0.01669991969840629
0.0166999196984089
0.016699919698408467
1.6447702156687287e-06
3.8875514405721237e-07
3.8875514405721317e-07
3.8875514405721237e-07
3.887551440572128e-07
3.887551440572132e-07
3.887551440572128e-07
3.8875514405721237e-07
1.429044453277443e-07
3.973666171282355e-07
3.973660013007757e-07
3.3551933635737288
3.3551933631198425
3.3551933631737247
3.3551933630305966
3.3551933635737288
3.3551933631198425
3.355193363173724
3.3551933630306245
3.3551933635737288
3.3551933631198425
0.9556310133996239
0.9556310134090097
0.9556310133838447
0.9556310133993431
0.9556310133996239
0.9556310133938719
0.9556310133838447
0.9556310133993432
0.9556310133996239
0.0066183363370494325
0.0017452058886052316
0.0017452058886052303
0.0017452058886052299
0.0017452058886052316
0.0017452058886052316
0.0017452058886052303
0.0017452058886052299
0.0017452058886052307
0.0017452058886052316
0.0017452058886052303
0.001728207414397399
0.001728207414397399
0.0017282074143974014
0.001728207414397399
0.0017282074143974034
0.0017282074143974003
0.0017282074143974014
0.001728207414397399
0.001728207414397399
0.0018566073657817093
0.016699919698408467
0.016699919698402028
0.016699919698406233
0.0166999196984089
0.016699919698408467
0.016699919698407548
0.01669991969840629
0.0166999196984089
0.016699919698408467
1.6447702156687287e-06
3.8875514405721237e-07
3.8875514405721317e-07
3.8875514405721237e-07
3.887551440572128e-07
3.887551440572132e-07
3.887551440572128e-07
3.8875514405721237e-07
1.429044453277443e-07
3.973666171282355e-07
3.973660013007757e-07
0.0020508428177363693
0.0020508428177363268
0.002050842817736332
0.002050842817736317
0.0020508428177363693
0.0020508428177363268
0.002050842817736332
0.002050842817736317
0.0020508428177363693
0.0020508428177363268
0.0021015594208527834
0.0021015594208527925
0.0021015594208527617
0.002101559420852783
0.0021015594208527834
0.0021015594208527747
0.0021015594208527617
0.002101559420852783
0.0021015594208527834
0.006618336337049429
0.0017452058886052303
0.0017452058886052333
0.0017452058886052307
0.0017452058886052312
0.0017452058886052303
0.0017452058886052333
0.0017452058886052307
0.0017452058886052303
0.0017452058886052303
0.0017452058886052333
0.001728207414397399
0.0017282074143973982
0.001728207414397403
0.001728207414397399
0.001728207414397402
0.0017282074143974016
0.001728207414397403
0.001728207414397399
0.001728207414397399
0.001856607365781713
0.016699919698408467
0.016699919698402028
0.016699919698406233
0.0166999196984089
0.016699919698408467
0.016699919698407548
0.01669991969840629
0.0166999196984089
0.016699919698408467
1.6447702156687287e-06
3.8875514405721237e-07
3.8875514405721317e-07
3.8875514405721237e-07
3.887551440572128e-07
3.887551440572132e-07
3.887551440572128e-07
3.8875514405721237e-07
1.429044453277443e-07
3.973666171282355e-07
3.973660013007757e-07
0.0020508428177363706
0.0020508428177363237
0.002050842817736331
0.0020508428177363185
0.0020508428177363706
0.0020508428177363237
0.002050842817736331
0.0020508428177363185
0.0020508428177363706
0.0020508428177363237
0.002101559420852782
0.002101559420852793
0.0021015594208527635
0.0021015594208527812
0.002101559420852782
0.0021015594208527743
0.0021015594208527635
0.0021015594208527812
0.002101559420852782
4.990747102044441
4.9971163975669795
4.997116397565724
4.997116397564761
4.997116397574003
4.9971163975669795
4.997116397565724
4.997116397564761
4.9971163975676856
4.9971163975669795
4.997116397565724
4.971705777118971
4.97170577711458
4.971705777127728
4.971705777118971
4.9717057771320965
4.971705777130391
4.971705777127728
4.971705777118971
4.971705777118971
10.230227026113768
15.782211937466576
15.782211940290642
15.782211938891898
15.782211937436365
15.782211937466576
15.782211937370171
15.782211938863592
15.782211937436365
15.782211937466576
1.6447702156687287e-06
12.793631760411408
12.793631767742985
12.793631782182528
12.793631782909317
12.79363176041148
12.79363176774295
12.793631782182633
1.429044453277443e-07
25.970391996977312
15.97039211138247
0.6361048379866666
0.6361048379606095
0.6361048379600122
0.6361048379674252
0.6361048379866666
0.6361048379606095
0.6361048379600122
0.6361048379674267
0.6361048379866666
0.6361048379606095
4.4149239496079495
4.414923949594674
4.414923949606666
4.414923949602259
4.4149239496079495
4.414923949601893
4.414923949606666
4.414923949602259
4.4149239496079495
4.99074710204785
5.000732245209144
5.000732245207858
5.000732245207721
5.000732245214213
5.000732245209144
5.000732245207858
5.000732245207721
5.0007322452118865
5.000732245209144
5.000732245207858
5.026382104472809
5.0263821044796
5.026382104476076
5.026382104472809
5.026382104480367
5.026382104483704
5.026382104476076
5.026382104472809
5.026382104472809
9.767267471061615
4.1683298182238975
4.168329815413308
4.168329816784548
4.168329818222617
4.1683298182238975
4.16832981828022
4.168329816783453
4.168329818222617
4.1683298182238975
21.451403616654346
13.309009521270028
13.309009513938568
13.309009499498986
13.309009498772157
13.30900952127006
13.309009513938376
13.309009499499078
36.60150137067809
3.973666171282355e-07
3.973660013007757e-07
6.004601055269435
6.004601055749384
6.004601055696093
6.00460105583181
6.004601055269435
6.004601055749384
6.00460105569609
6.004601055831784
6.004601055269435
6.004601055749384
4.625244619477583
4.625244619481477
4.625244619494645
4.6252446194835475
4.625244619477583
4.625244619489401
4.625244619494645
4.6252446194835475
4.625244619477583
0.0039964097406785404
0.003996409740678543
0.00399640974067854
0.003996409740678544
0.0039964097406785404
0.003996409740678543
0.00399640974067854
0.003996409740678544
0.0039964097406785404
0.003996409740678543
0.00399640974067854
0.00388528387185174
0.0038852838718517425
0.003885283871851739
0.0038852838718517416
0.0038852838718517356
0.0038852838718517442
0.003885283871851739
0.003885283871851738
0.00388528387185174
0.003941752289792995
1.6295654801939836e-06
1.6295654801939792e-06
1.6295654801939813e-06
1.6295654801939813e-06
1.629565480193977e-06
1.6295654801939769e-06
1.6295654801939826e-06
1.6295654801939826e-06
9.375114248345125e-07
4.541165712670348e-07
4.5411657126703677e-07
4.5411657126703677e-07
4.541165712670348e-07
2.5861185069850876e-06
3.3866667042510668
3.3866667042510676
3.3866667042510668
3.3866667042510676
3.3866667042510668
1.626704850708059
1.8230353733029612
1.823757770107517
1.8237577701101586
1.4687648516560805
1.4687648516544776
1.4687648516544776
1.4687648516560805
1.4687648516560805
1.4687648516544776
1.4687648516544776
1.8237577701101586
1.8237577701085883
1.8237577701075174
1.823757770107517
1.8237577701101582
1.8237577701085883
1.8237577701075172
1.823757770107517
1.8237577701101586
0.0039964097406785404
0.003996409740678543
0.00399640974067854
0.003996409740678544
0.0039964097406785404
0.003996409740678543
0.00399640974067854
0.003996409740678544
0.0039964097406785404
0.003996409740678543
0.00399640974067854
0.00388528387185174
0.0038852838718517425
0.003885283871851739
0.0038852838718517416
0.0038852838718517356
0.0038852838718517442
0.003885283871851739
0.003885283871851738
0.00388528387185174
0.003941752289792995
1.6295654801939836e-06
1.6295654801939792e-06
1.6295654801939813e-06
1.6295654801939813e-06
1.629565480193977e-06
1.6295654801939769e-06
1.6295654801939826e-06
1.6295654801939826e-06
9.375114248345125e-07
4.541165712670348e-07
4.5411657126703677e-07
4.5411657126703677e-07
4.541165712670348e-07
2.5861185069850876e-06
3.3866667042510668
3.3866667042510676
3.3866667042510668
3.3866667042510676
3.3866667042510668
1.626704850708059
1.8230353733029612
1.823757770107517
1.8237577701101586
1.4687648516560805
1.4687648516544776
1.4687648516544776
1.4687648516560805
1.4687648516560805
1.4687648516544776
1.4687648516544776
1.8237577701101586
1.8237577701085883
1.8237577701075174
1.823757770107517
1.8237577701101582
1.8237577701085883
1.8237577701075172
1.823757770107517
1.8237577701101586
0.0015907340280574575
0.0015907340280574523
0.001590734028057457
0.001590734028057458
0.0015907340280574575
0.0015907340280574523
0.001590734028057457
0.001590734028057458
0.0015907340280574575
0.0015907340280574523
0.001590734028057457
0.0016428305521779586
0.0016428305521779582
0.0016428305521779595
0.0016428305521779569
0.001642830552177959
0.0016428305521779603
0.0016428305521779586
0.001642830552177959
0.0016428305521779586
0.0016929910333365874
1.6295654801939836e-06
1.6295654801939792e-06
1.6295654801939813e-06
1.6295654801939813e-06
1.629565480193977e-06
1.6295654801939769e-06
1.6295654801939826e-06
1.6295654801939826e-06
9.375114248345125e-07
4.541165712670348e-07
4.5411657126703677e-07
4.5411657126703677e-07
4.541165712670348e-07
2.5861185069850876e-06
0.0025721631708171245
0.00257216317081712
0.0025721631708171227
0.00257216317081712
0.0025721631708171245
0.002475158218887965
0.0021051648118385357
0.0014466255326351372
0.0014466255326351367
0.0014803272023418176
0.0014803272023418172
0.0014803272023418172
0.0014803272023418176
0.0014803272023418176
0.0014803272023418172
0.0014803272023418172
0.0014466255326351367
0.0014466255326351367
0.0014466255326351372
0.0014466255326351372
0.0014466255326351367
0.0014466255326351367
0.0014466255326351372
0.0014466255326351372
0.0014466255326351367
0.0026397950166821777
0.0026397950166821777
0.002639795016682177
0.002639795016682174
0.0026397950166821777
0.0026397950166821777
0.002639795016682177
0.002639795016682174
0.0026397950166821777
0.0026397950166821777
0.002639795016682177
0.0021370129367713916
0.0021370129367713933
0.0021370129367713933
0.0021370129367713963
0.0021370129367713924
0.002137012936771394
0.002137012936771396
0.0021370129367713946
0.0021370129367713916
0.0021983970869873556
1.6295654801939836e-06
1.6295654801939792e-06
1.6295654801939813e-06
1.6295654801939813e-06
1.629565480193977e-06
1.6295654801939769e-06
1.6295654801939826e-06
1.6295654801939826e-06
9.375114248345125e-07
4.541165712670348e-07
4.5411657126703677e-07
4.5411657126703677e-07
4.541165712670348e-07
2.5861185069850876e-06
1.7528622456518368e-07
1.7528622456518333e-07
1.752862245651829e-07
1.7528622456518333e-07
1.7528622456518368e-07
1.7528542572831345e-07
2.324400577201385e-07
0.71724915386106
0.7172491538580984
1.4687648516560805
1.4687648516544776
1.4687648516544776
1.4687648516560805
1.4687648516560805
1.4687648516544776
1.4687648516544776
0.7172491538580984
0.7172491538612256
0.7172491538610598
0.71724915386106
0.7172491538580988
0.7172491538612256
0.7172491538610599
0.71724915386106
0.7172491538580984
4.996561926145813
4.996561926142158
4.996561926142638
4.996561926147587
4.996561926145813
4.996561926142158
4.996561926142638
4.996561926147587
4.996561926145813
4.996561926142158
4.996561926142638
4.997459635706363
4.997459635710779
4.997459635708791
4.997459635706421
4.99745963570647
4.997459635715226
4.997459635704016
4.997459635713569
4.997459635706363
9.997234678929495
11.455567146555044
11.455567146555063
11.455567146555044
11.455567146555044
11.455567146555063
11.455567146555069
11.455567146555083
11.455567146555083
12.530712262879046
15.2256112955717
15.225611295569005
15.225611295569005
15.2256112955717
10.917552924169586
3.2240951936226088
3.224095193622605
3.2240951936226057
3.224095193622604
3.224095193622607
1.7441168539751737
1.3518255989421155
0.6337904564412276
0.6337904564389051
0.5922272051675174
0.5922272051723261
0.5922272051723261
0.5922272051675174
0.5922272051675174
0.5922272051723261
0.5922272051723261
0.6337904564389051
0.6337904564389177
0.6337904564412278
0.6337904564412276
0.6337904564389055
0.6337904564389177
0.633790456441228
0.6337904564412276
0.6337904564389051
0.0034245091063922393
0.003424509106392238
0.0034245091063922393
0.0034245091063922393
0.0034245091063922393
0.0034245091063922393
0.0034245091063922393
0.003424509106392238
0.0034245091063922393
0.003424509106392238
0.0034245091063922393
0.0034245091063922393
0.0034245091063922393
0.0034245091063922393
0.0034245091063922393
0.003424509106392238
0.0031187127273793126
0.003118712727379311
0.003118712727379311
0.003118712727379311
0.003118712727379311
0.003430586798482652
0.003430586798482653
0.0034305867984826496
0.003430586798482653
0.0034305867984826496
0.002746051791598779
0.0027460517915987785
0.002746051791598779
0.0027460517915987785
0.0027460517915987807
0.00334620715880599
0.0033462071588059874
0.00334620715880599
0.0033462071588059874
0.003346207158805989
4.1033497344202434e-07
4.1033497344202434e-07
4.1033497344202434e-07
4.1033497344202434e-07
4.1033497344202434e-07
4.1033497344202434e-07
4.1033497344202434e-07
4.1033497344202434e-07
4.1033497344202434e-07
6.657478386372067e-07
8.445948475033972e-07
8.445948475033972e-07
8.445948475033951e-07
8.445948475033972e-07
8.445948475033972e-07
8.445948475033972e-07
8.445948475033951e-07
8.445948475033982e-07
8.445948475033972e-07
9.125090681059883e-06
0.003024659753187218
0.003024659753187218
0.003024659753187218
0.003024659753187218
0.0034245091063922393
0.003424509106392238
0.0034245091063922393
0.0034245091063922393
0.0034245091063922393
0.0034245091063922393
0.0034245091063922393
0.003424509106392238
0.0034245091063922393
0.003424509106392238
0.0034245091063922393
0.0034245091063922393
0.0034245091063922393
0.0034245091063922393
0.0034245091063922393
0.003424509106392238
0.0031187127273793126
0.003118712727379311
0.003118712727379311
0.003118712727379311
0.003118712727379311
0.003430586798482652
0.003430586798482653
0.0034305867984826496
0.003430586798482653
0.0034305867984826496
0.002746051791598779
0.0027460517915987785
0.002746051791598779
0.0027460517915987785
0.0027460517915987807
0.00334620715880599
0.0033462071588059874
0.00334620715880599
0.0033462071588059874
0.003346207158805989
4.1033497344202434e-07
4.1033497344202434e-07
4.1033497344202434e-07
4.1033497344202434e-07
4.1033497344202434e-07
4.1033497344202434e-07
4.1033497344202434e-07
4.1033497344202434e-07
4.1033497344202434e-07
6.657478386372067e-07
8.445948475033972e-07
8.445948475033972e-07
8.445948475033951e-07
8.445948475033972e-07
8.445948475033972e-07
8.445948475033972e-07
8.445948475033951e-07
8.445948475033982e-07
8.445948475033972e-07
9.125090681059883e-06
0.003024659753187218
0.003024659753187218
0.003024659753187218
0.003024659753187218
0.0034245091063922393
0.003424509106392238
0.0034245091063922393
0.0034245091063922393
0.0034245091063922393
0.0034245091063922393
0.0034245091063922393
0.003424509106392238
0.0034245091063922393
0.003424509106392238
0.0034245091063922393
0.0034245091063922393
0.0034245091063922393
0.0034245091063922393
0.0034245091063922393
0.003424509106392238
0.0031187127273793126
0.003118712727379311
0.003118712727379311
0.003118712727379311
0.003118712727379311
0.003430586798482652
0.003430586798482653
0.0034305867984826496
0.003430586798482653
0.0034305867984826496
0.002746051791598779
0.0027460517915987785
0.002746051791598779
0.0027460517915987785
0.0027460517915987807
0.00334620715880599
0.0033462071588059874
0.00334620715880599
0.0033462071588059874
0.003346207158805989
4.1033497344202434e-07
4.1033497344202434e-07
4.1033497344202434e-07
4.1033497344202434e-07
4.1033497344202434e-07
4.1033497344202434e-07
4.1033497344202434e-07
4.1033497344202434e-07
4.1033497344202434e-07
6.657478386372067e-07
8.445948475033972e-07
8.445948475033972e-07
8.445948475033951e-07
8.445948475033972e-07
8.445948475033972e-07
8.445948475033972e-07
8.445948475033951e-07
8.445948475033982e-07
8.445948475033972e-07
9.125090681059883e-06
0.003024659753187218
0.003024659753187218
0.003024659753187218
0.003024659753187218
0.0015059338974579815
0.0015059338974579809
0.0015059338974579815
0.0015059338974579809
0.0015059338974579815
0.0015059338974579809
0.0015059338974579815
0.0015059338974579809
0.0015059338974579815
0.0015059338974579809
0.0015059338974579815
0.0015059338974579809
0.0015059338974579815
0.0015059338974579809
0.0015059338974579815
0.0015059338974579809
0.0014398209263531366
0.0014398209263531375
0.0014398209263531375
0.0014398209263531375
0.0014398209263531375
0.0015052542656537099
0.0015052542656537073
0.0015052542656537103
0.0015052542656537073
0.0015052542656537103
0.0015257670644931397
0.0015257670644931375
0.0015257670644931397
0.0015257670644931375
0.0015257670644931375
0.001680280318895977
0.0016802803188959757
0.001680280318895977
0.0016802803188959757
0.0016802803188959775
4.1033497344202434e-07
4.1033497344202434e-07
4.1033497344202434e-07
4.1033497344202434e-07
4.1033497344202434e-07
4.1033497344202434e-07
4.1033497344202434e-07
4.1033497344202434e-07
4.1033497344202434e-07
6.657478386372067e-07
8.445948475033972e-07
8.445948475033972e-07
8.445948475033951e-07
8.445948475033972e-07
8.445948475033972e-07
8.445948475033972e-07
8.445948475033951e-07
8.445948475033982e-07
8.445948475033972e-07
9.125090681059883e-06
0.003024659753187218
0.003024659753187218
0.003024659753187218
0.003024659753187218
0.0015059338974579815
0.0015059338974579793
0.0015059338974579815
0.0015059338974579785
0.0015059338974579815
0.0015059338974579785
0.0015059338974579815
0.0015059338974579793
0.0015059338974579815
0.0015059338974579793
0.0015059338974579815
0.0015059338974579785
0.0015059338974579815
0.0015059338974579785
0.0015059338974579815
0.0015059338974579793
0.0032650413334213836
0.003265041333421382
0.0032650413334213827
0.003265041333421382
0.0032650413334213827
0.001520929024095732
0.0015209290240957324
0.0015209290240957324
0.0015209290240957324
0.0015209290240957324
0.005201706629834546
0.005201706629834544
0.005201706629834546
0.005201706629834544
0.005201706629834541
0.0016668719324349362
0.0016668719324349362
0.0016668719324349362
0.0016668719324349362
0.0016668719324349345
5.78231576670276
5.78231576670276
5.78231576670276
5.78231576670276
5.78231576670276
5.78231576670276
5.78231576670276
5.78231576670276
5.78231576670276
3.5638967578391987
2.8088870994160926
2.8088870994160926
2.808887099416091
2.808887099416089
2.8088870994160926
2.8088870994160926
2.808887099416091
2.8088870994160917
2.8088870994160926
0.25667355296291694
0.0027358417662149285
0.0027358417662149285
0.0027358417662149285
0.0027358417662149285
0.572778566224007
0.572778566224007
0.572778566224007
0.572778566224007
0.572778566224007
0.572778566224007
0.572778566224007
0.5727785662240062
0.572778566224007
0.572778566224007
0.572778566224007
0.572778566224007
0.572778566224007
0.572778566224007
0.572778566224007
0.572778566224007
0.572778566224007
0.572778566224007
0.572778566224007
0.572778566224007
0.6745892376050366
0.6745892376050372
0.6745892376050372
0.6745892376050372
0.6745892376050372
0.09925530821458584
0.006561804655710739
0.006561804655710739
0.006561804655710739
0.006561804655710739
0.006561804655710739
0.006561804655710739
0.006561804655710739
0.006561804655710739
0.006561804655710739
0.0010558165999631996
1.1530588124771389e-06
1.1530588124771389e-06
1.1530588124771389e-06
1.1530588124771389e-06
1.1530515431388e-06
1.1530515431388e-06
1.1530515431388e-06
1.1530515431388e-06
1.1530515431388e-06
1.1530515431388e-06
9.740982721826891e-07
9.740982721826891e-07
9.740982721826891e-07
9.740982721826891e-07
9.740982721826891e-07
9.740982721826891e-07
9.740982721826891e-07
9.740982721826891e-07
9.740982721826891e-07
9.740982721826891e-07
1.0009473705214
1.0009473705213985
1.0009473705213985
1.0009473705213985
0.572778566224007
0.572778566224007
0.572778566224007
0.572778566224007
0.572778566224007
0.572778566224007
0.572778566224007
0.5727785662240062
0.572778566224007
0.572778566224007
0.572778566224007
0.572778566224007
0.572778566224007
0.572778566224007
0.572778566224007
0.572778566224007
0.572778566224007
0.572778566224007
0.572778566224007
0.572778566224007
0.6745892376050366
0.6745892376050372
0.6745892376050372
0.6745892376050372
0.6745892376050372
0.09925530821458584
0.006561804655710739
0.006561804655710739
0.006561804655710739
0.006561804655710739
0.006561804655710739
0.006561804655710739
0.006561804655710739
0.006561804655710739
0.006561804655710739
0.0010558165999631996
1.1530588124771389e-06
1.1530588124771389e-06
1.1530588124771389e-06
1.1530588124771389e-06
1.1530515431388e-06
1.1530515431388e-06
1.1530515431388e-06
1.1530515431388e-06
1.1530515431388e-06
1.1530515431388e-06
9.740982721826891e-07
9.740982721826891e-07
9.740982721826891e-07
9.740982721826891e-07
9.740982721826891e-07
9.740982721826891e-07
9.740982721826891e-07
9.740982721826891e-07
9.740982721826891e-07
9.740982721826891e-07
1.0009473705214
1.0009473705213985
1.0009473705213985
1.0009473705213985
0.572778566224007
0.572778566224007
0.572778566224007
0.572778566224007
0.572778566224007
0.572778566224007
0.572778566224007
0.5727785662240062
0.572778566224007
0.572778566224007
0.572778566224007
0.572778566224007
0.572778566224007
0.572778566224007
0.572778566224007
0.572778566224007
0.572778566224007
0.572778566224007
0.572778566224007
0.572778566224007
0.6745892376050366
0.6745892376050372
0.6745892376050372
0.6745892376050372
0.6745892376050372
0.09925530821458584
0.006561804655710739
0.006561804655710739
0.006561804655710739
0.006561804655710739
0.006561804655710739
0.006561804655710739
0.006561804655710739
0.006561804655710739
0.006561804655710739
0.0010558165999631996
1.1530588124771389e-06
1.1530588124771389e-06
1.1530588124771389e-06
1.1530588124771389e-06
1.1530515431388e-06
1.1530515431388e-06
1.1530515431388e-06
1.1530515431388e-06
1.1530515431388e-06
1.1530515431388e-06
9.740982721826891e-07
9.740982721826891e-07
9.740982721826891e-07
9.740982721826891e-07
9.740982721826891e-07
9.740982721826891e-07
9.740982721826891e-07
9.740982721826891e-07
9.740982721826891e-07
9.740982721826891e-07
1.0009473705214
1.0009473705213985
1.0009473705213985
1.0009473705213985
0.572778566224007
0.572778566224007
0.572778566224007
0.572778566224007
0.572778566224007
0.572778566224007
0.572778566224007
0.5727785662240062
0.572778566224007
0.572778566224007
0.572778566224007
0.572778566224007
0.572778566224007
0.572778566224007
0.572778566224007
0.572778566224007
0.572778566224007
0.572778566224007
0.572778566224007
0.572778566224007
0.6745892376050366
0.6745892376050372
0.6745892376050372
0.6745892376050372
0.6745892376050372
0.09925530821458584
0.006561804655710739
0.006561804655710739
0.006561804655710739
0.006561804655710739
0.006561804655710739
0.006561804655710739
0.006561804655710739
0.006561804655710739
0.006561804655710739
0.0010558165999631996
1.1530588124771389e-06
1.1530588124771389e-06
1.1530588124771389e-06
1.1530588124771389e-06
1.1530515431388e-06
1.1530515431388e-06
1.1530515431388e-06
1.1530515431388e-06
1.1530515431388e-06
1.1530515431388e-06
9.740982721826891e-07
9.740982721826891e-07
9.740982721826891e-07
9.740982721826891e-07
9.740982721826891e-07
9.740982721826891e-07
9.740982721826891e-07
9.740982721826891e-07
9.740982721826891e-07
9.740982721826891e-07
1.0009473705214
1.0009473705213985
1.0009473705213985
1.0009473705213985
2.7088903084752403
2.7088903084752403
2.7088903084752403
2.7088903084752403
2.7088903084752403
2.7088903084752403
2.7088903084752403
2.7088903084752385
2.7088903084752403
2.7088903084752403
2.7088903084752403
2.7088903084752403
2.7088903084752403
2.7088903084752403
2.7088903084752403
2.7088903084752403
2.7088903084752403
2.7088903084752403
2.7088903084752403
2.7088903084752403
7.301646825599178
7.301646825599171
7.301646825599171
7.301646825599171
7.301646825599171
9.603116493774948
9.978565224151216
9.978565224151216
9.978565224151216
9.978565224151216
9.978565224173044
9.978565224151216
9.978565224151216
9.978565224151216
9.978565224151216
10.021332034284722
12.057301595037108
12.05730159503708
12.05730159503708
12.05730159503708
7.0573018738686235
7.057301873868628
7.057301873868628
7.057301873868628
7.057301873868628
7.0573018738686235
7.435467189370698
7.435467189370698
7.435467189370698
7.435467189370698
7.435467189370698
7.435467189370698
7.435467189370698
7.435467189370648
7.435467189370698
7.435467189370698
0.9962133729137727
0.9962133729137784
0.9962133729137784
0.9962133729137784
0.002972476627000148
0.002972476627000148
0.002972476627000148
0.002972476627000148
0.002972476627000148
0.002972476627000148
0.002972476627000148
0.002972476627000148
0.002972476627000148
0.002972476627000148
0.002972476627000148
0.002972476627000148
0.002972476627000148
0.002972476627000148
0.002972476627000148
0.002972476627000148
0.002972476627000148
0.002972476627000148
0.002972476627000148
0.002972476627000148
0.002972476627000148
0.002972476627000148
0.002972476627000148
0.002972476627000148
0.002972476627000148
0.002972476627000148
0.002972476627000148
0.002972476627000148
0.002972476627000148
0.002972476627000148
0.002972476627000148
0.002972476627000148
0.002972476627000148
0.002972476627000148
0.002972476627000148
0.002972476627000148
0.002972476627000148
0.002972476627000148
0.002972476627000148
0.002972476627000148
0.002972476627000148
0.002972476627000148
0.002972476627000148
0.002972476627000148
0.002972476627000148
0.002972476627000148
0.002972476627000148
0.002972476627000148
0.002972476627000148
0.002972476627000148
0.002972476627000148
0.002972476627000148
0.002972476627000148
0.002972476627000148
0.002972476627000148
0.002972476627000148
0.002972476627000148
0.002972476627000148
0.002972476627000148
0.002972476627000148
0.002972476627000148
0.002972476627000148
0.002972476627000148
0.002972476627000148
0.002972476627000148
0.002972476627000148
0.002972476627000148
0.002972476627000148
0.002972476627000148
0.002972476627000148
0.002972476627000148
0.002972476627000148
0.002972476627000148
0.002972476627000148
0.002972476627000148
0.002972476627000148
0.002972476627000148
0.002972476627000148
0.002972476627000148
0.002972476627000148
0.002972476627000148
0.002972476627000148
0.002972476627000148
0.002972476627000148
0.002972476627000148
0.002972476627000148
0.002972476627000148
0.002972476627000148
0.002972476627000148
0.002972476627000148
0.002972476627000148
0.002972476627000148
0.002972476627000148
0.002972476627000148
0.002972476627000148
0.002972476627000148
0.002972476627000148
0.002972476627000148
0.002972476627000148
0.002972476627000148
0.002972476627000148
0.002972476627000148
0.002972476627000148
0.002972476627000148
0.002972476627000148
0.002972476627000148
0.002972476627000148
0.002972476627000148
0.002972476627000148
0.002972476627000148
0.002972476627000148
0.002972476627000148
0.002972476627000148
0.002972476627000148
0.002972476627000148
0.002972476627000148
0.002972476627000148
0.002972476627000148
0.002972476627000148
0.002972476627000148
0.002972476627000148
0.002972476627000148
0.002972476627000148
0.002972476627000148
0.002972476627000148
0.002972476627000148
0.002972476627000148
0.002972476627000148
0.002972476627000148
0.002972476627000148
0.002972476627000148
0.002972476627000148
0.002972476627000148
0.002972476627000148
0.002972476627000148
0.002972476627000148
0.002972476627000148
0.002972476627000148
0.002972476627000148
0.002972476627000148
0.002972476627000148
0.002972476627000148
0.002972476627000148
0.002972476627000148
0.002972476627000148
0.002972476627000148
0.002972476627000148
0.002972476627000148
0.002972476627000148
0.002972476627000148
0.002972476627000148
0.002972476627000148
0.002972476627000148
0.002972476627000148
0.002972476627000148
0.002972476627000148
0.002972476627000148
0.002972476627000148
0.002972476627000148
0.002972476627000148
0.002972476627000148
0.002972476627000148
0.002972476627000148
0.002972476627000148
0.002972476627000148
0.002972476627000148
0.002972476627000148
0.002972476627000148
0.002972476627000148
0.002972476627000148
0.002972476627000148
0.002972476627000148
0.002972476627000148
0.002972476627000148
0.002972476627000148
0.002972476627000148
0.002972476627000148
0.002972476627000148
0.002972476627000148
0.002972476627000148
0.002972476627000148
0.002972476627000148
0.002972476627000148
0.002972476627000148
0.002972476627000148
0.002972476627000148
0.002972476627000148
0.002972476627000148
0.002972476627000148
0.002972476627000148
0.002972476627000148
0.002972476627000148
0.002972476627000148
0.002972476627000148
0.002972476627000148
0.002972476627000148
0.002972476627000148
0.002972476627000148
0.002972476627000148
0.002972476627000148
0.002972476627000148
0.002972476627000148
0.002972476627000148
0.002972476627000148
0.002972476627000148
0.002972476627000148
0.002972476627000148
0.002972476627000148
0.002972476627000148
0.002972476627000148
0.002972476627000148
0.002972476627000148
0.002972476627000148
0.002972476627000148
0.002972476627000148
0.002972476627000148
0.002972476627000148
0.002972476627000148
0.002972476627000148
0.002972476627000148
0.002972476627000148
0.002972476627000148
0.002972476627000148
0.002972476627000148
0.002972476627000148
0.002972476627000148
0.002972476627000148
0.002972476627000148
0.002972476627000148
0.002972476627000148
0.002972476627000148
0.002972476627000148
0.002972476627000148
0.002972476627000148
0.002972476627000148
0.002972476627000148
0.002972476627000148
0.002972476627000148
0.002972476627000148
0.002972476627000148
0.002972476627000148
0.002972476627000148
0.002972476627000148
0.002972476627000148
0.002972476627000148
0.002972476627000148
0.002972476627000148
0.002972476627000148
0.002972476627000148
0.002972476627000148
0.002972476627000148
0.002972476627000148
0.002972476627000148
0.002972476627000148
0.002972476627000148
0.002972476627000148
0.002972476627000148
0.002972476627000148
0.002972476627000148
0.002972476627000148
0.002972476627000148
0.002972476627000148
0.002972476627000148
0.002972476627000148
0.002972476627000148
0.002972476627000148
0.002972476627000148
0.002972476627000148
0.002972476627000148
0.002972476627000148
0.002972476627000148
0.002972476627000148
0.002972476627000148
0.002972476627000148
0.002972476627000148
0.002972476627000148
0.002972476627000148
0.002972476627000148
0.002972476627000148
0.002972476627000148
0.002972476627000148
0.002972476627000148
0.002972476627000148
0.002972476627000148
0.002972476627000148
0.002972476627000148
0.002972476627000148
0.002972476627000148
0.002972476627000148
0.002972476627000148
0.002972476627000148
0.002972476627000148
0.002972476627000148
0.002972476627000148
0.002972476627000148
0.002972476627000148
0.002972476627000148
0.002972476627000148
0.002972476627000148
0.002972476627000148
