5.328099527658988
5.012446074038159
53.331599848942545
50.01241487745549
58.665850076577215
55.01057055431039
94.70797810487497
89.06458778147726
78.17810364700992
83.27252205800247
59.074970730655664
56.070294101950864
39.89358221378916
39.01529717996091
0.015940078621626868
0.014446162966446111
0.015703489857015508
0.014565497956671666
0.011618793284971968
0.0069964490137828204
4.662087086701614
5.012446074039455
100.00000000000053
46.66514986782473
50.01241487753732
99.99999999999994
51.33261881700507
55.01057055460166
90.56736997618096
82.99694527515788
95.73978213555412
69.20842621399612
81.0675266697907
88.20450692755036
19.180912118975307
55.99964785159589
65.69262276573915
0.012888391382175823
44.10772421149438
45.01529714953078
0.3204366554483415
0.01394756879392351
0.019178485650409027
0.0
0.013740553624888567
0.018998829395961116
0.0
0.010166444124350471
0.015998751661485226
0.006121892887059968
0.005267332192288633
55.007450199085675
54.982993863696706
0.014414439702044283
55.01154324520235
55.01171037824052
0.014376493716689616
100.00000000000057
99.89419497655561
5.872310281429287
97.5830174325296
98.30616498369601
22.505770311435207
78.0626093471873
72.6025080539656
5.7354439981387
51.869888885262085
51.9971668377883
0.016604948084050348
8.49323826202155
8.646916354375197
0.014279121196199914
0.027589650027932733
0.011863337573239504
0.014291582428307647
0.027512551155605337
0.011922039593710082
0.01359510686142557
0.012830870915668133
0.01311834190084278
