4.993876387375063
5.015474632285953
49.99793702056246
50.015487896363254
54.99889583297471
55.01344252768156
100.00000000000003
59.95833335702105
99.99999999999999
98.7867790254229
31.545087272061355
36.50726538797174
39.82168029903901
43.3930584493112
0.018974051286351712
0.0178073776138813
0.01844342923834326
0.017997250779674158
0.015597746056131578
0.008261565174003655
4.993876387375063
5.01547463228302
99.99999999999987
49.99793702056246
50.01548789638002
100.00000000000003
54.99889583297471
55.01344252778342
90.60120038374491
72.73481755985745
99.99999999999997
97.57418622781363
28.560699932762862
99.99999999999999
0.0
72.36278526751047
100.0
0.030873032297598094
39.821680299039016
61.17777284384346
0.48335279280821913
0.018974051286351712
0.01780737761388129
0.030873032297598094
0.01844342923834326
0.0378342175283953
0.030873032297598094
0.015597746056131578
0.04680918403465111
0.008261565174003655
0.006872366590725266
55.00914071858572
54.97734106411449
0.018191240290085064
55.01334196087012
55.00256959536356
0.018151014386884413
100.00000000000009
99.99996817666025
33.48125493395245
100.00000000000004
99.9999924118461
60.689167796362725
99.7380570952009
98.67307884634853
27.07518346346103
41.817558926003244
51.82738805937913
0.02098410644295972
8.226235390799362
8.467850326406236
0.017974894482829434
0.035772771161223474
0.017618559772400393
0.018007727532379322
0.03674168974057849
0.017493758406651294
0.017034878144606788
0.016153915205196052
0.016523130348007294
