5.328738754986733
5.010913489243679
53.33218011841886
50.01014192855524
58.66576686068864
55.00964217904368
94.73988399333831
89.17750527377154
77.95286095972192
83.36946454988023
60.45901080801029
58.12250477406688
39.99615444527842
39.01243727288471
0.014067072543920527
0.012625209288863688
0.013907849290401423
0.012699543530234586
0.010606706136426208
0.006138778441020771
4.662646410613392
5.010913489247103
99.99999999999903
46.6656576036165
50.0181827093871
100.00000000000028
51.33254600310256
55.00964217907699
90.68212518632669
83.01437021961908
95.67568528280566
70.77992735187942
81.1704875586741
88.35365145264578
19.2311580557294
56.681438426549825
66.29185746453557
0.021087231015315927
40.13704454849909
41.322905677722886
0.31382118410516685
0.012308688475930463
0.015378871649597961
0.021087231015315927
0.012169368129101245
0.026663998122127247
0.021087231015315927
0.00928086786937293
0.033113510920543474
0.0053714311358931755
0.0046285798523912815
55.00652374299995
54.98332410228297
0.012643748995471464
55.0089705009041
55.005137379480814
0.012630880213342972
99.99999999999937
100.00000000000003
5.8775025064026645
96.76480081460873
96.35612266267988
22.200530922535282
79.6349749643635
72.55964354258376
2.995287510684172
50.127308865807876
50.04501186779831
0.014594041119245312
8.519608180347504
8.672802370013848
0.012514165136511973
0.02534799832335741
0.012466992043512124
0.012522435310023023
0.02557532073904456
0.01245576890582312
0.011907426553211926
0.011255693676477042
0.011510209576913951
