0.007333005036834027
0.0043368437559195205
0.004336843755919522
0.004336843755919521
0.0043368437559195205
0.0043368437559195205
0.004336843755919522
0.004336843755919521
0.0043368437559195205
0.0043368437559195205
0.004336843755919522
0.004203822514416605
0.004203822514416611
0.004203822514416615
0.004203822514416609
0.004203822514416609
0.00420382251441661
0.004203822514416615
0.004203822514416605
0.004203822514416605
0.004552199107038271
0.32871937030896864
0.3287193702789078
0.328719370273463
0.3287193702725119
0.32871937030896864
0.3287193702789078
0.3287193703016078
0.3287193702725119
0.32871937030896864
0.3287193702789078
2.5457423209486386e-07
2.545742320948638e-07
2.5457423209486344e-07
2.5457423209486365e-07
2.5457423209486386e-07
2.545742320948638e-07
2.5457423209486344e-07
2.5457423209486365e-07
2.5457423209486386e-07
2.545740226335461e-07
1.583250969402018
1.5832509693804375
1.5832509693838335
1.5832509695813277
1.583250969402018
1.5832509694018715
1.583250969577612
1.5832509695742705
1.583250969402018
1.5832509693804375
1.1855661954344674
1.1855661955523469
1.185566195552348
1.1855661954365624
1.1855661954343006
1.1855661955431753
1.1855661955431753
1.1855661954853318
1.1855661954344674
0.005484307725818208
0.0014652174995551715
0.0014652174995551702
0.0014652174995551728
0.0014652174995551707
0.0014652174995551707
0.0014652174995551702
0.0014652174995551728
0.0014652174995551707
0.0014652174995551715
0.0014652174995551702
0.0014456852934155969
0.0014456852934155964
0.0014456852934155982
0.0014456852934155986
0.0014456852934155986
0.0014456852934155947
0.0014456852934155982
0.0014456852934155969
0.0014456852934155969
0.0015895785124857692
0.0017096566797265055
0.0017096566797263327
0.0017096566797262936
0.0017096566797262876
0.0017096566797265055
0.0017096566797263327
0.0017096566797264482
0.0017096566797262876
0.0017096566797265055
0.0017096566797263327
2.800297057609295e-07
2.8002970576092934e-07
2.800297057609289e-07
2.800297057609284e-07
2.800297057609295e-07
2.8002970576092934e-07
2.800297057609289e-07
2.800297057609284e-07
2.800297057609295e-07
2.8002940592794583e-07
1.583250969402018
1.5832509693804375
1.5832509693838335
1.5832509695813277
1.583250969402018
1.5832509694018715
1.583250969577612
1.5832509695742705
1.583250969402018
1.5832509693804375
0.0017637513037145566
0.001763751303714614
0.001763751303714614
0.0017637513037145587
0.0017637513037145566
0.0017637513037146208
0.0017637513037146208
0.0017637513037145806
0.0017637513037145566
0.00548430772581821
0.0014652174995551707
0.001465217499555171
0.001465217499555172
0.001465217499555171
0.001465217499555171
0.001465217499555171
0.001465217499555172
0.001465217499555171
0.0014652174995551707
0.001465217499555171
0.0014456852934156
0.0014456852934155951
0.0014456852934155969
0.001445685293415596
0.001445685293415596
0.0014456852934155977
0.0014456852934155969
0.0014456852934156
0.0014456852934156
0.001589578512485771
0.32871937030896864
0.3287193702789078
0.328719370273463
0.3287193702725119
0.32871937030896864
0.3287193702789078
0.3287193703016078
0.3287193702725119
0.32871937030896864
0.3287193702789078
2.5457423209486386e-07
2.545742320948638e-07
2.5457423209486344e-07
2.5457423209486365e-07
2.5457423209486386e-07
2.545742320948638e-07
2.5457423209486344e-07
2.5457423209486365e-07
2.5457423209486386e-07
2.545740226335461e-07
1.583250969402018
1.5832509693804375
1.5832509693838335
1.5832509695813277
1.583250969402018
1.5832509694018715
1.583250969577612
1.5832509695742705
1.583250969402018
1.5832509693804375
0.0017637513037145583
0.001763751303714615
0.001763751303714615
0.0017637513037145592
0.0017637513037145583
0.00176375130371462
0.00176375130371462
0.001763751303714582
0.0017637513037145583
4.992292480112861
4.9975828623337195
4.997582862331876
4.997582862345701
4.997582862333204
4.997582862333204
4.997582862331876
4.997582862345701
4.997582862333204
4.9975828623337195
4.997582862331876
4.916909433913301
4.916909433911411
4.916909433910113
4.916909433912918
4.916909433912918
4.9169094339032196
4.916909433910113
4.916909433913301
4.916909433913301
10.728989030520879
13.22133729852495
13.221337295403547
13.221337295405764
13.221337295969773
13.22133729852495
13.221337295403547
13.22133728435379
13.221337295969773
13.22133729852495
13.221337295403547
16.385981716877343
16.385981749906275
16.385981738572116
16.38598173754887
16.385981716877343
16.385981749906275
16.385981738572116
16.38598173754887
16.385981716877343
9.902056652879784
1.6104906441670375e-06
1.6104906441670326e-06
1.6104906441670362e-06
1.6104906441670345e-06
1.6104906441670375e-06
1.6104906441670398e-06
1.6104906441670345e-06
1.6104906441670343e-06
1.6104906441670375e-06
1.6104906441670326e-06
3.9562030211379247
3.9562030216433786
3.9562030216433786
3.9562030211610284
3.956203021136083
3.9562030216470347
3.9562030216470347
3.9562030217045616
3.9562030211379247
4.992292480118517
5.000613232627511
5.000613232627958
5.000613232643134
5.0006132326375585
5.0006132326375585
5.000613232627958
5.000613232643134
5.0006132326375585
5.000613232627511
5.000613232627958
5.081567041365168
5.081567041363703
5.081567041347246
5.081567041348136
5.081567041348136
5.08156704135598
5.081567041347246
5.081567041365168
5.081567041365168
9.268851016462412
6.119519759070717
6.119519762252154
6.119519762260767
6.119519761698633
6.119519759070717
6.119519762252154
6.119519773256446
6.119519761698633
6.119519759070717
6.119519762252154
10.56020868946497
10.560208656436206
10.560208667770228
10.560208668793532
10.56020868946497
10.560208656436206
10.560208667770228
10.560208668793532
10.56020868946497
7.044133867325531
5.250246775025945
5.250246775090674
5.250246775080478
5.250246774488009
5.250246775025945
5.250246775026384
5.250246774499151
5.250246774509183
5.250246775025945
5.250246775090674
4.854704946001341
4.854704945378003
4.8547049453780104
4.854704945976137
4.85470494600336
4.8547049453835065
4.8547049453835065
4.8547049453838405
4.854704946001341
0.0033169271441708067
0.0033169271441708136
0.003316927144170817
0.0033169271441708093
0.0033169271441708145
0.0033169271441708076
0.0033169271441708067
0.0033169271441708067
0.0033169271441708067
0.0033169271441708136
0.003316927144170817
0.0031552359431224896
0.0031552359431224896
0.003155235943122489
0.0031552359431224904
0.00315523594312249
0.003155235943122487
0.003155235943122489
0.0031552359431224917
0.0031552359431224896
0.0031825976423147584
4.050498936447127e-06
4.050498936447128e-06
4.050498936447124e-06
4.050498936447124e-06
4.050498936447124e-06
4.050498936447137e-06
4.05049893644713e-06
4.05049893644713e-06
4.050498936447127e-06
2.713372219772785e-06
1.4887913685505709e-06
1.4887913685505728e-06
1.4887913685505713e-06
1.4887913685505713e-06
1.4887913685505709e-06
2.4001959119780325e-06
2.564716090283784
2.5647160902837807
2.564716090283785
1.2597525235550735
1.259752523555074
1.259752523555075
1.2597525235550733
1.7038598762185315
1.7038598762185315
1.7038598762185329
1.7038598762185315
1.7038598762185315
2.100870294769084
1.4798240253629684
1.4798240253147554
1.4798240253565214
1.479824025362969
1.4798240253629684
1.4798240253147554
1.4798240253565214
1.479824025362969
1.4798240253629684
1.4798240253147554
0.0033169271441708067
0.0033169271441708136
0.003316927144170817
0.0033169271441708093
0.0033169271441708145
0.0033169271441708076
0.0033169271441708067
0.0033169271441708067
0.0033169271441708067
0.0033169271441708136
0.003316927144170817
0.0031552359431224896
0.0031552359431224896
0.003155235943122489
0.0031552359431224904
0.00315523594312249
0.003155235943122487
0.003155235943122489
0.0031552359431224917
0.0031552359431224896
0.0031825976423147584
4.050498936447127e-06
4.050498936447128e-06
4.050498936447124e-06
4.050498936447124e-06
4.050498936447124e-06
4.050498936447137e-06
4.05049893644713e-06
4.05049893644713e-06
4.050498936447127e-06
2.713372219772785e-06
1.4887913685505709e-06
1.4887913685505728e-06
1.4887913685505713e-06
1.4887913685505713e-06
1.4887913685505709e-06
2.4001959119780325e-06
2.564716090283784
2.5647160902837807
2.564716090283785
1.2597525235550735
1.259752523555074
1.259752523555075
1.2597525235550733
1.7038598762185315
1.7038598762185315
1.7038598762185329
1.7038598762185315
1.7038598762185315
2.100870294769084
1.4798240253629684
1.4798240253147554
1.4798240253565214
1.479824025362969
1.4798240253629684
1.4798240253147554
1.4798240253565214
1.479824025362969
1.4798240253629684
1.4798240253147554
0.0013347641242360212
0.0013347641242360206
0.0013347641242360216
0.0013347641242360203
0.0013347641242360212
0.0013347641242360214
0.0013347641242360197
0.0013347641242360212
0.0013347641242360212
0.0013347641242360206
0.0013347641242360216
0.0013713741368698517
0.0013713741368698512
0.00137137413686985
0.001371374136869853
0.0013713741368698517
0.0013713741368698525
0.00137137413686985
0.0013713741368698534
0.0013713741368698517
0.0014264071160896318
4.050498936447127e-06
4.050498936447128e-06
4.050498936447124e-06
4.050498936447124e-06
4.050498936447124e-06
4.050498936447137e-06
4.05049893644713e-06
4.05049893644713e-06
4.050498936447127e-06
2.713372219772785e-06
1.4887913685505709e-06
1.4887913685505728e-06
1.4887913685505713e-06
1.4887913685505713e-06
1.4887913685505709e-06
2.4001959119780325e-06
0.0015484289936790673
0.0015484289936790673
0.0015484289936790678
0.0014792183054544398
0.0014792183054544402
0.0014792183054544385
0.0014792183054544421
0.0016023601484918236
0.0016023601484918245
0.0016023601484918245
0.001602360148491824
0.001602360148491824
0.001593278793035348
0.0016005268038238572
0.0016005268038238448
0.001600526803823857
0.0016005268038238572
0.0016005268038238572
0.0016005268038238448
0.001600526803823857
0.0016005268038238572
0.0016005268038238572
0.0016005268038238448
0.002214645461505935
0.0022146454615059323
0.002214645461505936
0.002214645461505933
0.002214645461505932
0.0022146454615059328
0.002214645461505932
0.002214645461505935
0.002214645461505935
0.0022146454615059323
0.002214645461505936
0.0015476273992400332
0.0015476273992400364
0.0015476273992400342
0.0015476273992400342
0.0015476273992400325
0.001547627399240035
0.0015476273992400342
0.0015476273992400338
0.0015476273992400332
0.0015990089730273619
4.050498936447127e-06
4.050498936447128e-06
4.050498936447124e-06
4.050498936447124e-06
4.050498936447124e-06
4.050498936447137e-06
4.05049893644713e-06
4.05049893644713e-06
4.050498936447127e-06
2.713372219772785e-06
1.4887913685505709e-06
1.4887913685505728e-06
1.4887913685505713e-06
1.4887913685505713e-06
1.4887913685505709e-06
2.4001959119780325e-06
2.564716090283784
2.5647160902837807
2.564716090283785
1.2597525235550735
1.259752523555074
1.259752523555075
1.2597525235550733
1.103736040765905e-07
1.103736040765904e-07
1.103736040765905e-07
1.103736040765905e-07
1.103736040765905e-07
6.440098681263113e-07
1.408411636051234
1.4084116361315802
1.4084116360453958
1.4084116360512346
1.408411636051234
1.4084116361315802
1.4084116360453958
1.4084116360512349
1.408411636051234
1.4084116361315802
4.997121564261711
4.997121564261335
4.99712156425984
4.997121564261831
4.997121564260775
4.997121564265481
4.997121564267584
4.997121564261711
4.997121564261711
4.997121564261335
4.99712156425984
4.9984290524359585
4.998429052433284
4.998429052433533
4.998429052435613
4.99842905243417
4.998429052432468
4.998429052433533
4.9984290524341715
4.9984290524359585
9.9982675607965
10.437642739080145
10.43764273908017
10.437642739080179
10.437642739080179
10.437642739080307
10.43764273907999
10.437642739080204
10.437642739080204
10.437642739080145
10.652297871992015
11.187865129857872
11.187865129857661
11.187865129857853
11.187865129857853
11.187865129857872
10.736791066476648
2.30430416772505
2.304304167725062
2.304304167725047
1.2192649621460667
1.219264962146068
1.2192649621460636
1.2192649621460683
1.5906791689100408
1.590679168910042
1.5906791689100395
1.5906791689100406
1.590679168910042
0.7966666847010703
0.6303413342983982
0.630341334314479
0.6303413343171311
0.6303413342983976
0.6303413342983982
0.630341334314479
0.6303413343171311
0.6303413342983979
0.6303413342983982
0.630341334314479
0.002859432887979087
0.0028594328879790842
0.0028594328879790834
0.0028594328879790834
0.0028594328879790834
0.0028594328879790834
0.002859432887979087
0.0028594328879790842
0.002859432887979087
0.0028594328879790842
0.0028594328879790834
0.0028594328879790834
0.0028594328879790834
0.0028594328879790834
0.002859432887979087
0.0028594328879790842
0.002616251926491837
0.0026162519264918394
0.002616251926491837
0.002616251926491837
0.002616251926491837
0.0028616472273006914
0.0028616472273006906
0.002861647227300692
0.0028616472273006906
0.002861647227300692
0.001985480025903521
0.001985480025903521
0.001985480025903521
0.001985480025903521
0.001985480025903521
0.002762308914764103
0.0027623089147641037
0.002762308914764103
0.0027623089147641037
0.0027623089147641037
3.183839039527503e-07
3.183839039527503e-07
3.183839039527503e-07
3.183839039527503e-07
3.183839039527503e-07
3.183839039527503e-07
3.183839039527503e-07
3.183839039527503e-07
3.183839039527503e-07
1.0319582807047379e-06
3.42268100197858e-07
3.42268100197858e-07
3.4226810019785805e-07
3.4226810019785885e-07
3.42268100197858e-07
3.42268100197858e-07
5.656376933673744e-07
6.273515939441166e-07
6.273515939441164e-07
6.273515939441164e-07
4.7187617829110984e-07
4.7187617829110984e-07
4.71876178291109e-07
4.7187617829111026e-07
0.002859432887979087
0.0028594328879790842
0.0028594328879790834
0.0028594328879790834
0.0028594328879790834
0.0028594328879790834
0.002859432887979087
0.0028594328879790842
0.002859432887979087
0.0028594328879790842
0.0028594328879790834
0.0028594328879790834
0.0028594328879790834
0.0028594328879790834
0.002859432887979087
0.0028594328879790842
0.002616251926491837
0.0026162519264918394
0.002616251926491837
0.002616251926491837
0.002616251926491837
0.0028616472273006914
0.0028616472273006906
0.002861647227300692
0.0028616472273006906
0.002861647227300692
0.001985480025903521
0.001985480025903521
0.001985480025903521
0.001985480025903521
0.001985480025903521
0.002762308914764103
0.0027623089147641037
0.002762308914764103
0.0027623089147641037
0.0027623089147641037
3.183839039527503e-07
3.183839039527503e-07
3.183839039527503e-07
3.183839039527503e-07
3.183839039527503e-07
3.183839039527503e-07
3.183839039527503e-07
3.183839039527503e-07
3.183839039527503e-07
1.0319582807047379e-06
3.42268100197858e-07
3.42268100197858e-07
3.4226810019785805e-07
3.4226810019785885e-07
3.42268100197858e-07
3.42268100197858e-07
5.656376933673744e-07
6.273515939441166e-07
6.273515939441164e-07
6.273515939441164e-07
4.7187617829110984e-07
4.7187617829110984e-07
4.71876178291109e-07
4.7187617829111026e-07
0.002859432887979087
0.0028594328879790842
0.0028594328879790834
0.0028594328879790834
0.0028594328879790834
0.0028594328879790834
0.002859432887979087
0.0028594328879790842
0.002859432887979087
0.0028594328879790842
0.0028594328879790834
0.0028594328879790834
0.0028594328879790834
0.0028594328879790834
0.002859432887979087
0.0028594328879790842
0.002616251926491837
0.0026162519264918394
0.002616251926491837
0.002616251926491837
0.002616251926491837
0.0028616472273006914
0.0028616472273006906
0.002861647227300692
0.0028616472273006906
0.002861647227300692
0.001985480025903521
0.001985480025903521
0.001985480025903521
0.001985480025903521
0.001985480025903521
0.002762308914764103
0.0027623089147641037
0.002762308914764103
0.0027623089147641037
0.0027623089147641037
3.183839039527503e-07
3.183839039527503e-07
3.183839039527503e-07
3.183839039527503e-07
3.183839039527503e-07
3.183839039527503e-07
3.183839039527503e-07
3.183839039527503e-07
3.183839039527503e-07
1.0319582807047379e-06
3.42268100197858e-07
3.42268100197858e-07
3.4226810019785805e-07
3.4226810019785885e-07
3.42268100197858e-07
3.42268100197858e-07
5.656376933673744e-07
6.273515939441166e-07
6.273515939441164e-07
6.273515939441164e-07
4.7187617829110984e-07
4.7187617829110984e-07
4.71876178291109e-07
4.7187617829111026e-07
0.0012648150080032975
0.0012648150080032984
0.0012648150080032988
0.0012648150080032988
0.0012648150080032988
0.0012648150080032988
0.0012648150080032975
0.0012648150080032984
0.0012648150080032975
0.0012648150080032984
0.0012648150080032988
0.0012648150080032988
0.0012648150080032988
0.0012648150080032988
0.0012648150080032975
0.0012648150080032984
0.0012124848527715708
0.0012124848527715695
0.0012124848527715704
0.0012124848527715706
0.0012124848527715704
0.0012648223973723502
0.0012648223973723528
0.001264822397372351
0.0012648223973723528
0.001264822397372351
0.001243601519527149
0.0012436015195271485
0.001243601519527149
0.0012436015195271485
0.001243601519527149
0.0014761974354807657
0.0014761974354807665
0.0014761974354807657
0.0014761974354807665
0.0014761974354807665
3.183839039527503e-07
3.183839039527503e-07
3.183839039527503e-07
3.183839039527503e-07
3.183839039527503e-07
3.183839039527503e-07
3.183839039527503e-07
3.183839039527503e-07
3.183839039527503e-07
1.0319582807047379e-06
3.42268100197858e-07
3.42268100197858e-07
3.4226810019785805e-07
3.4226810019785885e-07
3.42268100197858e-07
3.42268100197858e-07
5.656376933673744e-07
6.273515939441166e-07
6.273515939441164e-07
6.273515939441164e-07
4.7187617829110984e-07
4.7187617829110984e-07
4.71876178291109e-07
4.7187617829111026e-07
0.0012648150080032984
0.0012648150080032984
0.001264815008003298
0.001264815008003298
0.001264815008003298
0.001264815008003298
0.0012648150080032984
0.0012648150080032984
0.0012648150080032984
0.0012648150080032984
0.001264815008003298
0.001264815008003298
0.001264815008003298
0.001264815008003298
0.0012648150080032984
0.0012648150080032984
0.0026398557262702193
0.002639855726270221
0.0026398557262702228
0.002639855726270221
0.0026398557262702228
0.0012887866739293829
0.0012887866739293833
0.0012887866739293825
0.0012887866739293833
0.0012887866739293825
0.006635914783408827
0.006635914783408843
0.006635914783408827
0.006635914783408843
0.006635914783408827
0.0014692395028461991
0.0014692395028462
0.0014692395028461991
0.0014692395028462
0.0014692395028462
5.554042590396086
5.554042590396086
5.554042590396086
5.554042590396086
5.554042590396086
5.554042590396086
5.554042590396086
5.554042590396086
5.554042590396086
1.7135032235607182
5.166499701915449
5.166499701915449
5.166499701915443
5.166499701915437
5.166499701915449
5.166499701915449
3.126231282725032
2.8186928797517865
2.818692879751788
2.818692879751788
3.7474063944723097
3.7474063944723097
3.747406394472312
3.747406394472312
0.5747116990365438
0.5747116990365438
0.5747116990365438
0.5747116990365438
0.5747116990365438
0.5747116990365438
0.5747116990365438
0.5747116990365441
0.5747116990365438
0.5747116990365438
0.5747116990365438
0.5747116990365438
0.5747116990365438
0.5747116990365438
0.5747116990365438
0.5747116990365438
0.5747116990365438
0.5747116990365438
0.5747116990365438
0.5747116990365438
0.6718692044009369
0.6718692044009367
0.6718692044009367
0.6718692044009367
0.6718692044009367
0.13103032567686537
0.0035246812812171264
0.0035246812812171264
0.0035246812812171264
0.003524681281217124
0.0035246812812171255
0.003524681281217124
0.003524681281217124
0.0035246812812171264
0.0035246812812171264
0.0035246812812171264
8.926729236165378e-07
8.926729236165378e-07
8.926729236165378e-07
8.926729236165378e-07
8.926708457008898e-07
8.926708457008896e-07
8.926708457008896e-07
8.926708457008896e-07
8.926708457008896e-07
8.926708457008898e-07
8.42457359519289e-07
8.42457359519289e-07
8.42457359519289e-07
8.424573595192889e-07
8.424573595192889e-07
8.424573595192889e-07
8.424573595192889e-07
8.424573595192906e-07
8.42457359519289e-07
8.42457359519289e-07
1.1906170268113403
1.1906170268113407
1.1906170268113407
1.1906170268113407
0.5747116990365438
0.5747116990365438
0.5747116990365438
0.5747116990365438
0.5747116990365438
0.5747116990365438
0.5747116990365438
0.5747116990365441
0.5747116990365438
0.5747116990365438
0.5747116990365438
0.5747116990365438
0.5747116990365438
0.5747116990365438
0.5747116990365438
0.5747116990365438
0.5747116990365438
0.5747116990365438
0.5747116990365438
0.5747116990365438
0.6718692044009369
0.6718692044009367
0.6718692044009367
0.6718692044009367
0.6718692044009367
0.13103032567686537
0.0035246812812171264
0.0035246812812171264
0.0035246812812171264
0.003524681281217124
0.0035246812812171255
0.003524681281217124
0.003524681281217124
0.0035246812812171264
0.0035246812812171264
0.0035246812812171264
8.926729236165378e-07
8.926729236165378e-07
8.926729236165378e-07
8.926729236165378e-07
8.926708457008898e-07
8.926708457008896e-07
8.926708457008896e-07
8.926708457008896e-07
8.926708457008896e-07
8.926708457008898e-07
8.42457359519289e-07
8.42457359519289e-07
8.42457359519289e-07
8.424573595192889e-07
8.424573595192889e-07
8.424573595192889e-07
8.424573595192889e-07
8.424573595192906e-07
8.42457359519289e-07
8.42457359519289e-07
1.1906170268113403
1.1906170268113407
1.1906170268113407
1.1906170268113407
0.5747116990365438
0.5747116990365438
0.5747116990365438
0.5747116990365438
0.5747116990365438
0.5747116990365438
0.5747116990365438
0.5747116990365441
0.5747116990365438
0.5747116990365438
0.5747116990365438
0.5747116990365438
0.5747116990365438
0.5747116990365438
0.5747116990365438
0.5747116990365438
0.5747116990365438
0.5747116990365438
0.5747116990365438
0.5747116990365438
0.6718692044009369
0.6718692044009367
0.6718692044009367
0.6718692044009367
0.6718692044009367
0.13103032567686537
0.0035246812812171264
0.0035246812812171264
0.0035246812812171264
0.003524681281217124
0.0035246812812171255
0.003524681281217124
0.003524681281217124
0.0035246812812171264
0.0035246812812171264
0.0035246812812171264
8.926729236165378e-07
8.926729236165378e-07
8.926729236165378e-07
8.926729236165378e-07
8.926708457008898e-07
8.926708457008896e-07
8.926708457008896e-07
8.926708457008896e-07
8.926708457008896e-07
8.926708457008898e-07
8.42457359519289e-07
8.42457359519289e-07
8.42457359519289e-07
8.424573595192889e-07
8.424573595192889e-07
8.424573595192889e-07
8.424573595192889e-07
8.424573595192906e-07
8.42457359519289e-07
8.42457359519289e-07
1.1906170268113403
1.1906170268113407
1.1906170268113407
1.1906170268113407
0.5747116990365438
0.5747116990365438
0.5747116990365438
0.5747116990365438
0.5747116990365438
0.5747116990365438
0.5747116990365438
0.5747116990365441
0.5747116990365438
0.5747116990365438
0.5747116990365438
0.5747116990365438
0.5747116990365438
0.5747116990365438
0.5747116990365438
0.5747116990365438
0.5747116990365438
0.5747116990365438
0.5747116990365438
0.5747116990365438
0.6718692044009369
0.6718692044009367
0.6718692044009367
0.6718692044009367
0.6718692044009367
0.13103032567686537
0.0035246812812171264
0.0035246812812171264
0.0035246812812171264
0.003524681281217124
0.0035246812812171255
0.003524681281217124
0.003524681281217124
0.0035246812812171264
0.0035246812812171264
0.0035246812812171264
8.926729236165378e-07
8.926729236165378e-07
8.926729236165378e-07
8.926729236165378e-07
8.926708457008898e-07
8.926708457008896e-07
8.926708457008896e-07
8.926708457008896e-07
8.926708457008896e-07
8.926708457008898e-07
8.42457359519289e-07
8.42457359519289e-07
8.42457359519289e-07
8.424573595192889e-07
8.424573595192889e-07
8.424573595192889e-07
8.424573595192889e-07
8.424573595192906e-07
8.42457359519289e-07
8.42457359519289e-07
1.1906170268113403
1.1906170268113407
1.1906170268113407
1.1906170268113407
2.7011566122387998
2.7011566122387998
2.7011566122387998
2.7011566122387998
2.7011566122387998
2.7011566122387998
2.7011566122387998
2.7011566122388015
2.7011566122387998
2.7011566122387998
2.7011566122387998
2.7011566122387998
2.7011566122387998
2.7011566122387998
2.7011566122387998
2.7011566122387998
2.7011566122387998
2.7011566122387998
2.7011566122387998
2.7011566122387998
7.312525996593297
7.312525996593276
7.312525996593276
7.312525996593276
7.312525996593276
9.475914800529075
9.993216103234174
9.993216103234174
9.993216103234174
9.993216103233738
9.993216103222021
9.993216103233738
9.993216103233738
9.993216103234174
9.993216103234174
9.993216103234174
11.980915342315976
11.980915342315976
11.980915342315976
11.980915342315976
6.9809155537500525
6.9809155537500125
6.9809155537500125
6.9809155537500125
6.9809155537500125
6.9809155537500525
7.098988751485798
7.098988751485798
7.098988751485798
7.098988751485784
7.098988751485784
7.098988751485784
7.098988751485784
7.0989887514857895
7.098988751485798
7.098988751485798
0.23753373251235851
0.23753373251235846
0.23753373251235846
0.23753373251235846
0.0024888311370929407
0.0024888311370929407
0.0024888311370929407
0.0024888311370929407
0.0024888311370929407
0.0024888311370929407
0.0024888311370929407
0.0024888311370929407
0.0024888311370929407
0.0024888311370929407
0.0024888311370929407
0.0024888311370929407
0.0024888311370929407
0.0024888311370929407
0.0024888311370929407
0.0024888311370929407
0.0024888311370929407
0.0024888311370929407
0.0024888311370929407
0.0024888311370929407
0.0024888311370929407
0.0024888311370929407
0.0024888311370929407
0.0024888311370929407
0.0024888311370929407
0.0024888311370929407
0.0024888311370929407
0.0024888311370929407
0.0024888311370929407
0.0024888311370929407
0.0024888311370929407
0.0024888311370929407
0.0024888311370929407
0.0024888311370929407
0.0024888311370929407
0.0024888311370929407
0.0024888311370929407
0.0024888311370929407
0.0024888311370929407
0.0024888311370929407
0.0024888311370929407
0.0024888311370929407
0.0024888311370929407
0.0024888311370929407
0.0024888311370929407
0.0024888311370929407
0.0024888311370929407
0.0024888311370929407
0.0024888311370929407
0.0024888311370929407
0.0024888311370929407
0.0024888311370929407
0.0024888311370929407
0.0024888311370929407
0.0024888311370929407
0.0024888311370929407
0.0024888311370929407
0.0024888311370929407
0.0024888311370929407
0.0024888311370929407
0.0024888311370929407
0.0024888311370929407
0.0024888311370929407
0.0024888311370929407
0.0024888311370929407
0.0024888311370929407
0.0024888311370929407
0.0024888311370929407
0.0024888311370929407
0.0024888311370929407
0.0024888311370929407
0.0024888311370929407
0.0024888311370929407
0.0024888311370929407
0.0024888311370929407
0.0024888311370929407
0.0024888311370929407
0.0024888311370929407
0.0024888311370929407
0.0024888311370929407
0.0024888311370929407
0.0024888311370929407
0.0024888311370929407
0.0024888311370929407
0.0024888311370929407
0.0024888311370929407
0.0024888311370929407
0.0024888311370929407
0.0024888311370929407
0.0024888311370929407
0.0024888311370929407
0.0024888311370929407
0.0024888311370929407
0.0024888311370929407
0.0024888311370929407
0.0024888311370929407
0.0024888311370929407
0.0024888311370929407
0.0024888311370929407
0.0024888311370929407
0.0024888311370929407
0.0024888311370929407
0.0024888311370929407
0.0024888311370929407
0.0024888311370929407
0.0024888311370929407
0.0024888311370929407
0.0024888311370929407
0.0024888311370929407
0.0024888311370929407
0.0024888311370929407
0.0024888311370929407
0.0024888311370929407
0.0024888311370929407
0.0024888311370929407
0.0024888311370929407
0.0024888311370929407
0.0024888311370929407
0.0024888311370929407
0.0024888311370929407
0.0024888311370929407
0.0024888311370929407
0.0024888311370929407
0.0024888311370929407
0.0024888311370929407
0.0024888311370929407
0.0024888311370929407
0.0024888311370929407
0.0024888311370929407
0.0024888311370929407
0.0024888311370929407
0.0024888311370929407
0.0024888311370929407
0.0024888311370929407
0.0024888311370929407
0.0024888311370929407
0.0024888311370929407
0.0024888311370929407
0.0024888311370929407
0.0024888311370929407
0.0024888311370929407
0.0024888311370929407
0.0024888311370929407
0.0024888311370929407
0.0024888311370929407
0.0024888311370929407
0.0024888311370929407
0.0024888311370929407
0.0024888311370929407
0.0024888311370929407
0.0024888311370929407
0.0024888311370929407
0.0024888311370929407
0.0024888311370929407
0.0024888311370929407
0.0024888311370929407
0.0024888311370929407
0.0024888311370929407
0.0024888311370929407
0.0024888311370929407
0.0024888311370929407
0.0024888311370929407
0.0024888311370929407
0.0024888311370929407
0.0024888311370929407
0.0024888311370929407
0.0024888311370929407
0.0024888311370929407
0.0024888311370929407
0.0024888311370929407
0.0024888311370929407
0.0024888311370929407
0.0024888311370929407
0.0024888311370929407
0.0024888311370929407
0.0024888311370929407
0.0024888311370929407
0.0024888311370929407
0.0024888311370929407
0.0024888311370929407
0.0024888311370929407
0.0024888311370929407
0.0024888311370929407
0.0024888311370929407
0.0024888311370929407
0.0024888311370929407
0.0024888311370929407
0.0024888311370929407
0.0024888311370929407
0.0024888311370929407
0.0024888311370929407
0.0024888311370929407
0.0024888311370929407
0.0024888311370929407
0.0024888311370929407
0.0024888311370929407
0.0024888311370929407
0.0024888311370929407
0.0024888311370929407
0.0024888311370929407
0.0024888311370929407
0.0024888311370929407
0.0024888311370929407
0.0024888311370929407
0.0024888311370929407
0.0024888311370929407
0.0024888311370929407
0.0024888311370929407
0.0024888311370929407
0.0024888311370929407
0.0024888311370929407
0.0024888311370929407
0.0024888311370929407
0.0024888311370929407
0.0024888311370929407
0.0024888311370929407
0.0024888311370929407
0.0024888311370929407
0.0024888311370929407
0.0024888311370929407
0.0024888311370929407
0.0024888311370929407
0.0024888311370929407
0.0024888311370929407
0.0024888311370929407
0.0024888311370929407
0.0024888311370929407
0.0024888311370929407
0.0024888311370929407
0.0024888311370929407
0.0024888311370929407
0.0024888311370929407
0.0024888311370929407
0.0024888311370929407
0.0024888311370929407
0.0024888311370929407
0.0024888311370929407
0.0024888311370929407
0.0024888311370929407
0.0024888311370929407
0.0024888311370929407
0.0024888311370929407
0.0024888311370929407
0.0024888311370929407
0.0024888311370929407
0.0024888311370929407
0.0024888311370929407
0.0024888311370929407
0.0024888311370929407
0.0024888311370929407
0.0024888311370929407
0.0024888311370929407
0.0024888311370929407
0.0024888311370929407
0.0024888311370929407
0.0024888311370929407
0.0024888311370929407
0.0024888311370929407
0.0024888311370929407
0.0024888311370929407
0.0024888311370929407
0.0024888311370929407
0.0024888311370929407
0.0024888311370929407
0.0024888311370929407
0.0024888311370929407
0.0024888311370929407
0.0024888311370929407
0.0024888311370929407
0.0024888311370929407
0.0024888311370929407
0.0024888311370929407
0.0024888311370929407
0.0024888311370929407
0.0024888311370929407
0.0024888311370929407
0.0024888311370929407
0.0024888311370929407
0.0024888311370929407
0.0024888311370929407
0.0024888311370929407
0.0024888311370929407
0.0024888311370929407
0.0024888311370929407
0.0024888311370929407
0.0024888311370929407
0.0024888311370929407
0.0024888311370929407
0.0024888311370929407
0.0024888311370929407
0.0024888311370929407
0.0024888311370929407
0.0024888311370929407
0.0024888311370929407
0.0024888311370929407
0.0024888311370929407
0.0024888311370929407
0.0024888311370929407
0.0024888311370929407
0.0024888311370929407
