0.0071819907112103554
0.00413414084068464
0.004134140840684641
0.004134140840684643
0.004134140840684635
0.0041341408406846405
0.004134140840684645
0.00413414084068464
0.004134140840684639
0.00413414084068464
0.004134140840684641
0.0039782448151771035
0.003978244815177112
0.003978244815177112
0.003978244815177113
0.003978244815177122
0.003978244815177111
0.003978244815177109
0.003978244815177111
0.0039782448151771035
0.004727593529941257
0.9585097440924304
0.9585097440797347
0.9585097442110022
0.9585097441439919
0.9585097440982386
0.9585097440838692
0.9585097441680572
0.9585097440968391
0.9585097440924304
0.9585097440797347
3.972645386546655e-06
3.9726453865466556e-06
3.97264538654665e-06
3.972645386546649e-06
3.972645386546649e-06
3.972645386546657e-06
3.972645386546652e-06
3.972645386546661e-06
3.972645386546655e-06
3.966442386573959e-06
4.963212968163397e-06
4.9632129681634035e-06
4.963212968163412e-06
4.9632129681634145e-06
4.963212968163409e-06
4.9632129681634035e-06
4.963212968163403e-06
4.9632129681634085e-06
4.963212968163397e-06
4.9632129681634035e-06
1.1200759381239516
1.1200759381254903
1.1200759381247385
1.1200759381255467
1.1200759381259682
1.1200759381250736
1.1200759381263494
1.1200759381253174
1.1200759381239516
0.005267332192288633
0.0014414439702044295
0.001441443970204428
0.001441443970204428
0.0014414439702044271
0.001441443970204432
0.0014414439702044254
0.0014414439702044276
0.0014414439702044284
0.0014414439702044295
0.001441443970204428
0.0014073460293445538
0.0014073460293445525
0.0014073460293445564
0.0014073460293445572
0.001407346029344552
0.001407346029344553
0.0014073460293445542
0.0014073460293445577
0.0014073460293445538
0.0017103794525886284
0.0016793866570743946
0.0016793866570743846
0.0016793866570744968
0.0016793866570744352
0.0016793866570744
0.0016793866570743816
0.0016793866570744564
0.0016793866570743938
0.0016793866570743946
0.0016793866570743846
3.972645386546655e-06
3.9726453865466556e-06
3.97264538654665e-06
3.972645386546649e-06
3.972645386546649e-06
3.972645386546657e-06
3.972645386546652e-06
3.972645386546661e-06
3.972645386546655e-06
3.966442386573959e-06
4.963212968163397e-06
4.9632129681634035e-06
4.963212968163412e-06
4.9632129681634145e-06
4.963212968163409e-06
4.9632129681634035e-06
4.963212968163403e-06
4.9632129681634085e-06
4.963212968163397e-06
4.9632129681634035e-06
0.0017430415178450458
0.0017430415178450475
0.0017430415178450488
0.0017430415178450497
0.0017430415178450484
0.0017430415178450497
0.0017430415178450488
0.0017430415178450484
0.0017430415178450458
0.005267332192288637
0.0014414439702044284
0.0014414439702044276
0.001441443970204428
0.0014414439702044271
0.0014414439702044313
0.0014414439702044278
0.0014414439702044258
0.0014414439702044284
0.0014414439702044284
0.0014414439702044276
0.0014073460293445555
0.0014073460293445546
0.001407346029344555
0.0014073460293445542
0.0014073460293445564
0.0014073460293445577
0.0014073460293445538
0.0014073460293445564
0.0014073460293445555
0.0017103794525886293
0.006428714299771446
0.006428714299771338
0.006428714299772229
0.006428714299771777
0.0064287142997714606
0.006428714299771368
0.006428714299771959
0.006428714299771479
0.006428714299771446
0.006428714299771338
3.972645386546655e-06
3.9726453865466556e-06
3.97264538654665e-06
3.972645386546649e-06
3.972645386546649e-06
3.972645386546657e-06
3.972645386546652e-06
3.972645386546661e-06
3.972645386546655e-06
3.966442386573959e-06
4.963212968163397e-06
4.9632129681634035e-06
4.963212968163412e-06
4.9632129681634145e-06
4.963212968163409e-06
4.9632129681634035e-06
4.963212968163403e-06
4.9632129681634085e-06
4.963212968163397e-06
4.9632129681634035e-06
0.0017430415178450484
0.0017430415178450475
0.001743041517845047
0.0017430415178450497
0.0017430415178450493
0.0017430415178450427
0.0017430415178450454
0.0017430415178450493
0.0017430415178450484
4.992459641084805
4.997628421648468
4.99762842168946
4.9976284216727285
4.997628421644337
4.997628421661354
4.997628421680048
4.997628421671784
4.997628421642026
4.997628421648468
4.99762842168946
4.918604377970477
4.918604377983817
4.9186043779708
4.9186043779972675
4.918604378009158
4.918604377985016
4.918604378002115
4.918604377961708
4.918604377970477
10.713371831496966
10.256538602043237
10.25653860221848
10.256538593716133
10.25653859365281
10.256538589354165
10.256538596279652
10.25653859333679
10.2565385951512
10.256538602043237
10.25653860221848
8.696181964101356
8.696181962099473
8.696181961803656
8.696181963293405
8.696181963704896
8.69618196543743
8.696181961813878
8.696181962821722
8.696181964101356
4.650942012258697
6.13531231793832
6.13531231732007
6.135312316729597
6.135312317667891
6.135312317558477
6.135312317623012
6.135312317562506
6.135312317544373
6.13531231793832
6.13531231732007
4.542432975221661
4.542432975220531
4.542432975222246
4.542432975255221
4.542432975228612
4.542432975222347
4.542432975221007
4.542432975253642
4.542432975221661
4.992459641083511
5.0006051060620935
5.000605106020254
5.000605106026679
5.000605106059597
5.0006051060464305
5.000605106029559
5.00060510602671
5.000605106063432
5.0006051060620935
5.000605106020254
5.07994043587729
5.079940435882012
5.079940435893106
5.0799404358599975
5.079940435850796
5.079940435871164
5.079940435864201
5.079940435904764
5.07994043587729
9.283817243637179
8.776845902968411
8.77684590280596
8.776845911176924
8.776845911307305
8.776845915651611
8.776845908740482
8.776845911599272
8.77684590985609
8.776845902968411
8.77684590280596
11.848339944176544
11.848339946178461
11.84833994647325
11.848339944983762
11.848339944572704
11.848339942840367
11.848339946463598
11.848339945455761
11.848339944176544
5.893580210517094
4.301545774089114
4.301545774706123
4.301545775297001
4.301545774358985
4.30154577446849
4.301545774405075
4.30154577446454
4.3015457744830705
4.301545774089114
4.301545774706123
4.334007139742467
4.334007139754026
4.334007139750694
4.334007139728762
4.334007139744695
4.334007139749255
4.334007139763324
4.3340071397313595
4.334007139742467
0.0031716078851846733
0.0031716078851846807
0.0031716078851846824
0.0031716078851846815
0.0031716078851846824
0.0031716078851846824
0.003171607885184682
0.003171607885184678
0.0031716078851846733
0.0031716078851846807
0.0031716078851846824
0.003037725704088486
0.0030377257040884852
0.0030377257040884844
0.003037725704088486
0.0030377257040884844
0.0030377257040884844
0.003037725704088486
0.003037725704088487
0.003037725704088486
0.0032100464055557594
2.4521978554832263e-06
2.452197855483223e-06
2.452197855483223e-06
2.452197855483223e-06
2.452197855483223e-06
2.4521978554832297e-06
2.452197855483223e-06
2.4521978554832234e-06
2.4521978554832263e-06
5.125432625692124e-06
9.103748861439067e-06
9.103748861439057e-06
9.10374886143906e-06
9.103748861439035e-06
9.1037488614391e-06
9.103748861439059e-06
9.103748861439055e-06
9.103748861439075e-06
9.103748861439067e-06
9.048853180233607e-06
0.29016004660115136
0.2901600466011799
0.2901600466011503
0.2901600466012024
0.290160046601168
0.29016004660112665
0.2901600466011503
0.290160046601253
0.29016004660115136
0.2901600466011799
1.5583697670816416e-05
1.5583697670816426e-05
1.5583697670816446e-05
1.5583697670816423e-05
1.5583697670816477e-05
1.5583697670816494e-05
1.5583697670816585e-05
1.558369767081653e-05
1.5583697670816416e-05
0.0031716078851846733
0.0031716078851846807
0.0031716078851846824
0.0031716078851846815
0.0031716078851846824
0.0031716078851846824
0.003171607885184682
0.003171607885184678
0.0031716078851846733
0.0031716078851846807
0.0031716078851846824
0.003037725704088486
0.0030377257040884852
0.0030377257040884844
0.003037725704088486
0.0030377257040884844
0.0030377257040884844
0.003037725704088486
0.003037725704088487
0.003037725704088486
0.0032100464055557594
2.4521978554832263e-06
2.452197855483223e-06
2.452197855483223e-06
2.452197855483223e-06
2.452197855483223e-06
2.4521978554832297e-06
2.452197855483223e-06
2.4521978554832234e-06
2.4521978554832263e-06
5.125432625692124e-06
9.103748861439067e-06
9.103748861439057e-06
9.10374886143906e-06
9.103748861439035e-06
9.1037488614391e-06
9.103748861439059e-06
9.103748861439055e-06
9.103748861439075e-06
9.103748861439067e-06
9.048853180233607e-06
0.29016004660115136
0.2901600466011799
0.2901600466011503
0.2901600466012024
0.290160046601168
0.29016004660112665
0.2901600466011503
0.290160046601253
0.29016004660115136
0.2901600466011799
1.5583697670816416e-05
1.5583697670816426e-05
1.5583697670816446e-05
1.5583697670816423e-05
1.5583697670816477e-05
1.5583697670816494e-05
1.5583697670816585e-05
1.558369767081653e-05
1.5583697670816416e-05
0.001315170868557307
0.0013151708685573088
0.0013151708685573088
0.0013151708685573105
0.0013151708685573075
0.0013151708685573105
0.0013151708685573092
0.0013151708685573097
0.001315170868557307
0.0013151708685573088
0.0013151708685573088
0.001346487900226309
0.0013464879002263095
0.0013464879002263116
0.0013464879002263082
0.0013464879002263103
0.0013464879002263086
0.0013464879002263086
0.001346487900226309
0.001346487900226309
0.0014617407747210434
2.4521978554832263e-06
2.452197855483223e-06
2.452197855483223e-06
2.452197855483223e-06
2.452197855483223e-06
2.4521978554832297e-06
2.452197855483223e-06
2.4521978554832234e-06
2.4521978554832263e-06
5.125432625692124e-06
9.103748861439067e-06
9.103748861439057e-06
9.10374886143906e-06
9.103748861439035e-06
9.1037488614391e-06
9.103748861439059e-06
9.103748861439055e-06
9.103748861439075e-06
9.103748861439067e-06
9.048853180233607e-06
0.0016776069545531742
0.0016776069545531764
0.001677606954553176
0.001677606954553176
0.0016776069545531742
0.0016776069545531738
0.001677606954553176
0.001677606954553175
0.0016776069545531742
0.0016776069545531764
1.5583697670816416e-05
1.5583697670816426e-05
1.5583697670816446e-05
1.5583697670816423e-05
1.5583697670816477e-05
1.5583697670816494e-05
1.5583697670816585e-05
1.558369767081653e-05
1.5583697670816416e-05
0.002219499384291488
0.002219499384291487
0.002219499384291485
0.002219499384291487
0.0022194993842914877
0.0022194993842914873
0.002219499384291488
0.002219499384291485
0.002219499384291488
0.002219499384291487
0.002219499384291485
0.0016111450386783702
0.0016111450386783706
0.0016111450386783693
0.0016111450386783706
0.0016111450386783702
0.0016111450386783693
0.0016111450386783706
0.001611145038678372
0.0016111450386783702
0.001761297404838353
2.4521978554832263e-06
2.452197855483223e-06
2.452197855483223e-06
2.452197855483223e-06
2.452197855483223e-06
2.4521978554832297e-06
2.452197855483223e-06
2.4521978554832234e-06
2.4521978554832263e-06
5.125432625692124e-06
9.103748861439067e-06
9.103748861439057e-06
9.10374886143906e-06
9.103748861439035e-06
9.1037488614391e-06
9.103748861439059e-06
9.103748861439055e-06
9.103748861439075e-06
9.103748861439067e-06
9.048853180233607e-06
0.29016004660115136
0.2901600466011799
0.2901600466011503
0.2901600466012024
0.290160046601168
0.29016004660112665
0.2901600466011503
0.290160046601253
0.29016004660115136
0.2901600466011799
0.0032190647235414514
0.0032190647235414366
0.003219064723541432
0.0032190647235414514
0.003219064723541473
0.0032190647235414787
0.0032190647235414297
0.0032190647235414227
0.0032190647235414514
4.997142620575627
4.997142620570384
4.997142620571842
4.997142620573448
4.997142620575944
4.997142620574066
4.997142620574132
4.997142620571051
4.997142620575627
4.997142620570384
4.997142620571842
4.998231198834529
4.998231198834268
4.998231198833241
4.998231198838914
4.998231198832572
4.998231198834581
4.998231198838525
4.998231198835685
4.998231198834529
9.997620721055805
10.880672805610882
10.880672805610848
10.880672805610935
10.880672805610935
10.880672805610967
10.880672805610898
10.880672805610935
10.880672805610885
10.880672805610882
10.427402983340386
10.24857070977743
10.248570709777738
10.248570709777388
10.248570709778097
10.248570709778067
10.248570709778098
10.248570709777537
10.248570709778415
10.24857070977743
5.248571330177757
4.127850099695454
4.12785009969525
4.127850099695211
4.127850099694931
4.127850099694881
4.127850099695278
4.127850099695211
4.127850099694869
4.127850099695454
4.12785009969525
5.144896343078255
5.144896343076829
5.144896343075343
5.1448963430770265
5.144896343076274
5.144896343078722
5.144896343077655
5.144896343076986
5.144896343078255
0.002749471340329359
0.00274947134032936
0.002749471340329361
0.002749471340329359
0.002749471340329361
0.002749471340329359
0.002749471340329359
0.00274947134032936
0.002749471340329359
0.00274947134032936
0.002749471340329361
0.002749471340329359
0.002749471340329361
0.002749471340329359
0.002749471340329359
0.00274947134032936
0.002475709679636469
0.0024757096796364673
0.002475709679636468
0.00247570967963647
0.002475709679636468
0.002769428783370978
0.0027694287833709788
0.002769428783370977
0.0027694287833709788
0.002769428783370977
0.0018993417663234512
0.0018993417663234519
0.0018993417663234512
0.0018993417663234519
0.0018993417663234519
0.002634710665157297
0.002634710665157297
0.002634710665157297
0.0026347106651573014
0.0026347106651573022
1.2267890633242587e-06
1.2267890633242587e-06
1.2267890633242555e-06
1.2267890633242572e-06
0.0028061235476682543
0.002411933147931921
0.002411933147931921
0.002411933147931921
0.002411933147931921
0.002411933147931921
1.1998370597660238e-06
1.1998370597660238e-06
1.1998370597660272e-06
1.1998370597660272e-06
1.1998370597660238e-06
2.713754436507194e-06
2.713754436507194e-06
2.713754436507194e-06
2.713754436507194e-06
2.713754436507194e-06
5.6128619499306524e-05
5.61286194993069e-05
5.612861949930651e-05
5.612861949930651e-05
0.002749471340329359
0.00274947134032936
0.002749471340329361
0.002749471340329359
0.002749471340329361
0.002749471340329359
0.002749471340329359
0.00274947134032936
0.002749471340329359
0.00274947134032936
0.002749471340329361
0.002749471340329359
0.002749471340329361
0.002749471340329359
0.002749471340329359
0.00274947134032936
0.002475709679636469
0.0024757096796364673
0.002475709679636468
0.00247570967963647
0.002475709679636468
0.002769428783370978
0.0027694287833709788
0.002769428783370977
0.0027694287833709788
0.002769428783370977
0.0018993417663234512
0.0018993417663234519
0.0018993417663234512
0.0018993417663234519
0.0018993417663234519
0.002634710665157297
0.002634710665157297
0.002634710665157297
0.0026347106651573014
0.0026347106651573022
1.2267890633242587e-06
1.2267890633242587e-06
1.2267890633242555e-06
1.2267890633242572e-06
0.0028061235476682543
0.002411933147931921
0.002411933147931921
0.002411933147931921
0.002411933147931921
0.002411933147931921
1.1998370597660238e-06
1.1998370597660238e-06
1.1998370597660272e-06
1.1998370597660272e-06
1.1998370597660238e-06
2.713754436507194e-06
2.713754436507194e-06
2.713754436507194e-06
2.713754436507194e-06
2.713754436507194e-06
5.6128619499306524e-05
5.61286194993069e-05
5.612861949930651e-05
5.612861949930651e-05
0.002749471340329359
0.00274947134032936
0.002749471340329361
0.002749471340329359
0.002749471340329361
0.002749471340329359
0.002749471340329359
0.00274947134032936
0.002749471340329359
0.00274947134032936
0.002749471340329361
0.002749471340329359
0.002749471340329361
0.002749471340329359
0.002749471340329359
0.00274947134032936
0.002475709679636469
0.0024757096796364673
0.002475709679636468
0.00247570967963647
0.002475709679636468
0.002769428783370978
0.0027694287833709788
0.002769428783370977
0.0027694287833709788
0.002769428783370977
0.0018993417663234512
0.0018993417663234519
0.0018993417663234512
0.0018993417663234519
0.0018993417663234519
0.002634710665157297
0.002634710665157297
0.002634710665157297
0.0026347106651573014
0.0026347106651573022
1.2267890633242587e-06
1.2267890633242587e-06
1.2267890633242555e-06
1.2267890633242572e-06
0.0028061235476682543
0.002411933147931921
0.002411933147931921
0.002411933147931921
0.002411933147931921
0.002411933147931921
1.1998370597660238e-06
1.1998370597660238e-06
1.1998370597660272e-06
1.1998370597660272e-06
1.1998370597660238e-06
2.713754436507194e-06
2.713754436507194e-06
2.713754436507194e-06
2.713754436507194e-06
2.713754436507194e-06
5.6128619499306524e-05
5.61286194993069e-05
5.612861949930651e-05
5.612861949930651e-05
0.0012491520596656167
0.0012491520596656198
0.0012491520596656194
0.0012491520596656207
0.0012491520596656194
0.0012491520596656207
0.0012491520596656167
0.0012491520596656198
0.0012491520596656167
0.0012491520596656198
0.0012491520596656194
0.0012491520596656207
0.0012491520596656194
0.0012491520596656207
0.0012491520596656167
0.0012491520596656198
0.001122306018742137
0.0011223060187421378
0.001122306018742136
0.0011223060187421352
0.001122306018742136
0.0012209275136541974
0.0012209275136541987
0.0012209275136541987
0.0012209275136541987
0.0012209275136541987
0.0012211102571377406
0.0012211102571377406
0.0012211102571377406
0.0012211102571377406
0.0012211102571377406
0.0014784334430460505
0.0014784334430460522
0.0014784334430460505
0.0014784334430460518
0.0014784334430460488
1.2267890633242587e-06
1.2267890633242587e-06
1.2267890633242555e-06
1.2267890633242572e-06
9.014707057765954e-07
0.002411933147931921
0.002411933147931921
0.002411933147931921
0.002411933147931921
0.002411933147931921
1.1998370597660238e-06
1.1998370597660238e-06
1.1998370597660272e-06
1.1998370597660272e-06
1.1998370597660238e-06
0.7955824156601486
0.795582415660149
0.7955824156601486
0.795582415660149
0.7955824156601486
5.6128619499306524e-05
5.61286194993069e-05
5.612861949930651e-05
5.612861949930651e-05
0.0012491520596656176
0.0012491520596656154
0.0012491520596656167
0.0012491520596656172
0.0012491520596656167
0.0012491520596656172
0.0012491520596656176
0.0012491520596656154
0.0012491520596656176
0.0012491520596656154
0.0012491520596656167
0.0012491520596656172
0.0012491520596656167
0.0012491520596656172
0.0012491520596656176
0.0012491520596656154
0.0028850074784719146
0.002885007478471918
0.002885007478471913
0.0028850074784719155
0.002885007478471913
0.0012727634076781142
0.0012727634076781147
0.0012727634076781138
0.0012727634076781147
0.0012727634076781138
0.006001773533576395
0.006001773533576383
0.006001773533576395
0.006001773533576383
0.006001773533576383
0.0014578775585174198
0.0014578775585174176
0.0014578775585174198
0.001457877558517419
0.0014578775585174176
1.7566836681346067
1.7566836681346054
1.7566836681346043
1.7566836681346067
0.0028061235476682543
0.002411933147931921
0.002411933147931921
0.002411933147931921
0.002411933147931921
0.002411933147931921
1.7962072324797935
1.7962072324797935
1.7962072324797937
1.7962072324797937
1.7962072324797935
2.713754436507194e-06
2.713754436507194e-06
2.713754436507194e-06
2.713754436507194e-06
2.713754436507194e-06
0.052546074014459085
0.05254607401445905
0.05254607401445905
0.052546074014459
0.5696710951618453
0.5696710951618453
0.5696710951618453
0.5696710951618453
0.5696710951618453
0.5696710951618453
0.5696710951618453
0.5696710951618454
0.5696710951618453
0.5696710951618453
0.5696710951618453
0.5696710951618453
0.5696710951618453
0.5696710951618453
0.5696710951618453
0.5696710951618453
0.5696710951618453
0.5696710951618453
0.5696710951618453
0.5696710951618453
0.6932651043032967
0.6932651043032969
0.6932651043032969
0.6932651043032969
0.6932651043032969
0.10819932063044432
0.004514510454224465
0.004514510454224465
0.004514510454224465
0.004514510454224463
0.004514510454224467
0.004514510454224463
0.004514510454224463
0.004514510454224465
0.004514510454224465
0.004514510454224465
1.0475907008480948e-06
1.0475907008480948e-06
1.0475907008480948e-06
1.0475907008480948e-06
1.0475513188163032e-06
1.0475513188163032e-06
1.0475513188163032e-06
1.0475513188163032e-06
1.0475513188163032e-06
1.0475513188163032e-06
1.1217654106835982e-06
1.1217654106835982e-06
1.1217654106835982e-06
1.1217654106835982e-06
1.1217654106835982e-06
1.1217654106835982e-06
1.1217654106835982e-06
1.1217654106835982e-06
1.1217654106835982e-06
1.1217654106835982e-06
0.052113192511747446
0.05211319251174748
0.05211319251174748
0.05211319251174748
0.5696710951618453
0.5696710951618453
0.5696710951618453
0.5696710951618453
0.5696710951618453
0.5696710951618453
0.5696710951618453
0.5696710951618454
0.5696710951618453
0.5696710951618453
0.5696710951618453
0.5696710951618453
0.5696710951618453
0.5696710951618453
0.5696710951618453
0.5696710951618453
0.5696710951618453
0.5696710951618453
0.5696710951618453
0.5696710951618453
0.6932651043032967
0.6932651043032969
0.6932651043032969
0.6932651043032969
0.6932651043032969
0.10819932063044432
0.004514510454224465
0.004514510454224465
0.004514510454224465
0.004514510454224463
0.004514510454224467
0.004514510454224463
0.004514510454224463
0.004514510454224465
0.004514510454224465
0.004514510454224465
1.0475907008480948e-06
1.0475907008480948e-06
1.0475907008480948e-06
1.0475907008480948e-06
1.0475513188163032e-06
1.0475513188163032e-06
1.0475513188163032e-06
1.0475513188163032e-06
1.0475513188163032e-06
1.0475513188163032e-06
1.1217654106835982e-06
1.1217654106835982e-06
1.1217654106835982e-06
1.1217654106835982e-06
1.1217654106835982e-06
1.1217654106835982e-06
1.1217654106835982e-06
1.1217654106835982e-06
1.1217654106835982e-06
1.1217654106835982e-06
0.052113192511747446
0.05211319251174748
0.05211319251174748
0.05211319251174748
0.5696710951618453
0.5696710951618453
0.5696710951618453
0.5696710951618453
0.5696710951618453
0.5696710951618453
0.5696710951618453
0.5696710951618454
0.5696710951618453
0.5696710951618453
0.5696710951618453
0.5696710951618453
0.5696710951618453
0.5696710951618453
0.5696710951618453
0.5696710951618453
0.5696710951618453
0.5696710951618453
0.5696710951618453
0.5696710951618453
0.6932651043032967
0.6932651043032969
0.6932651043032969
0.6932651043032969
0.6932651043032969
0.10819932063044432
0.004514510454224465
0.004514510454224465
0.004514510454224465
0.004514510454224463
0.004514510454224467
0.004514510454224463
0.004514510454224463
0.004514510454224465
0.004514510454224465
0.004514510454224465
1.0475907008480948e-06
1.0475907008480948e-06
1.0475907008480948e-06
1.0475907008480948e-06
1.0475513188163032e-06
1.0475513188163032e-06
1.0475513188163032e-06
1.0475513188163032e-06
1.0475513188163032e-06
1.0475513188163032e-06
1.1217654106835982e-06
1.1217654106835982e-06
1.1217654106835982e-06
1.1217654106835982e-06
1.1217654106835982e-06
1.1217654106835982e-06
1.1217654106835982e-06
1.1217654106835982e-06
1.1217654106835982e-06
1.1217654106835982e-06
0.052113192511747446
0.05211319251174748
0.05211319251174748
0.05211319251174748
0.5696710951618453
0.5696710951618453
0.5696710951618453
0.5696710951618453
0.5696710951618453
0.5696710951618453
0.5696710951618453
0.5696710951618454
0.5696710951618453
0.5696710951618453
0.5696710951618453
0.5696710951618453
0.5696710951618453
0.5696710951618453
0.5696710951618453
0.5696710951618453
0.5696710951618453
0.5696710951618453
0.5696710951618453
0.5696710951618453
0.6932651043032967
0.6932651043032969
0.6932651043032969
0.6932651043032969
0.6932651043032969
0.10819932063044432
0.004514510454224465
0.004514510454224465
0.004514510454224465
0.004514510454224463
0.004514510454224467
0.004514510454224463
0.004514510454224463
0.004514510454224465
0.004514510454224465
0.004514510454224465
1.0475907008480948e-06
1.0475907008480948e-06
1.0475907008480948e-06
1.0475907008480948e-06
1.0475513188163032e-06
1.0475513188163032e-06
1.0475513188163032e-06
1.0475513188163032e-06
1.0475513188163032e-06
1.0475513188163032e-06
1.1217654106835982e-06
1.1217654106835982e-06
1.1217654106835982e-06
1.1217654106835982e-06
1.1217654106835982e-06
1.1217654106835982e-06
1.1217654106835982e-06
1.1217654106835982e-06
1.1217654106835982e-06
1.1217654106835982e-06
0.052113192511747446
0.05211319251174748
0.05211319251174748
0.05211319251174748
2.721319777143828
2.721319777143828
2.721319777143828
2.721319777143828
2.721319777143828
2.721319777143828
2.721319777143828
2.721319777143827
2.721319777143828
2.721319777143828
2.721319777143828
2.721319777143828
2.721319777143828
2.721319777143828
2.721319777143828
2.721319777143828
2.721319777143828
2.721319777143828
2.721319777143828
2.721319777143828
7.226943017471868
7.22694301747188
7.22694301747188
7.22694301747188
7.22694301747188
9.567266889508664
9.987168884599168
9.987168884599168
9.987168884599168
9.987168884603435
9.98716888461566
9.987168884603435
9.987168884603435
9.987168884599168
9.987168884599168
9.987168884599168
12.05673684559993
12.05673684559993
12.05673684559993
12.05673684559993
7.0567370989635405
7.0567370989635405
7.0567370989635405
7.0567370989635405
7.0567370989635405
7.0567370989635405
6.920842621399612
6.920842621399612
6.920842621399612
6.920842621399612
6.920842621399612
6.920842621399612
6.920842621399612
6.920842621399607
6.920842621399612
6.920842621399612
4.791601307351872
4.7916013073516215
4.7916013073516215
4.7916013073516215
0.002411933147931921
0.002411933147931921
0.002411933147931921
0.002411933147931921
0.002411933147931921
0.002411933147931921
0.002411933147931921
0.002411933147931921
0.002411933147931921
0.002411933147931921
0.002411933147931921
0.002411933147931921
0.002411933147931921
0.002411933147931921
0.002411933147931921
0.002411933147931921
0.002411933147931921
0.002411933147931921
0.002411933147931921
0.002411933147931921
0.002411933147931921
0.002411933147931921
0.002411933147931921
0.002411933147931921
0.002411933147931921
0.002411933147931921
0.002411933147931921
0.002411933147931921
0.002411933147931921
0.002411933147931921
0.002411933147931921
0.002411933147931921
0.002411933147931921
0.002411933147931921
0.002411933147931921
0.002411933147931921
0.002411933147931921
0.002411933147931921
0.002411933147931921
0.002411933147931921
0.002411933147931921
0.002411933147931921
0.002411933147931921
0.002411933147931921
0.002411933147931921
0.002411933147931921
0.002411933147931921
0.002411933147931921
0.002411933147931921
0.002411933147931921
0.002411933147931921
0.002411933147931921
0.002411933147931921
0.002411933147931921
0.002411933147931921
0.002411933147931921
0.002411933147931921
0.002411933147931921
0.002411933147931921
0.002411933147931921
0.002411933147931921
0.002411933147931921
0.002411933147931921
0.002411933147931921
0.002411933147931921
0.002411933147931921
0.002411933147931921
0.002411933147931921
0.002411933147931921
0.002411933147931921
0.002411933147931921
0.002411933147931921
0.002411933147931921
0.002411933147931921
0.002411933147931921
0.002411933147931921
0.002411933147931921
0.002411933147931921
0.002411933147931921
0.002411933147931921
0.002411933147931921
0.002411933147931921
0.002411933147931921
0.002411933147931921
0.002411933147931921
0.002411933147931921
0.002411933147931921
0.002411933147931921
0.002411933147931921
0.002411933147931921
0.002411933147931921
0.002411933147931921
0.002411933147931921
0.002411933147931921
0.002411933147931921
0.002411933147931921
0.002411933147931921
0.002411933147931921
0.002411933147931921
0.002411933147931921
0.002411933147931921
0.002411933147931921
0.002411933147931921
0.002411933147931921
0.002411933147931921
0.002411933147931921
0.002411933147931921
0.002411933147931921
0.002411933147931921
0.002411933147931921
0.002411933147931921
0.002411933147931921
0.002411933147931921
0.002411933147931921
0.002411933147931921
0.002411933147931921
0.002411933147931921
0.002411933147931921
0.002411933147931921
0.002411933147931921
0.002411933147931921
0.002411933147931921
0.002411933147931921
0.002411933147931921
0.002411933147931921
0.002411933147931921
0.002411933147931921
0.002411933147931921
0.002411933147931921
0.002411933147931921
0.002411933147931921
0.002411933147931921
0.002411933147931921
0.002411933147931921
0.002411933147931921
0.002411933147931921
0.002411933147931921
0.002411933147931921
0.002411933147931921
0.002411933147931921
0.002411933147931921
0.002411933147931921
0.002411933147931921
0.002411933147931921
0.002411933147931921
0.002411933147931921
0.002411933147931921
0.002411933147931921
0.002411933147931921
0.002411933147931921
0.002411933147931921
0.002411933147931921
0.002411933147931921
0.002411933147931921
0.002411933147931921
0.002411933147931921
0.002411933147931921
0.002411933147931921
0.002411933147931921
0.002411933147931921
0.002411933147931921
0.002411933147931921
0.002411933147931921
0.002411933147931921
0.002411933147931921
0.002411933147931921
0.002411933147931921
0.002411933147931921
0.002411933147931921
0.002411933147931921
0.002411933147931921
0.002411933147931921
0.002411933147931921
0.002411933147931921
0.002411933147931921
0.002411933147931921
0.002411933147931921
0.002411933147931921
0.002411933147931921
0.002411933147931921
0.002411933147931921
0.002411933147931921
0.002411933147931921
0.002411933147931921
0.002411933147931921
0.002411933147931921
0.002411933147931921
0.002411933147931921
0.002411933147931921
0.002411933147931921
0.002411933147931921
0.002411933147931921
0.002411933147931921
0.002411933147931921
0.002411933147931921
0.002411933147931921
0.002411933147931921
0.002411933147931921
0.002411933147931921
0.002411933147931921
0.002411933147931921
0.002411933147931921
0.002411933147931921
0.002411933147931921
0.002411933147931921
0.002411933147931921
0.002411933147931921
0.002411933147931921
0.002411933147931921
0.002411933147931921
0.002411933147931921
0.002411933147931921
0.002411933147931921
0.002411933147931921
0.002411933147931921
0.002411933147931921
0.002411933147931921
0.002411933147931921
0.002411933147931921
0.002411933147931921
0.002411933147931921
0.002411933147931921
0.002411933147931921
0.002411933147931921
0.002411933147931921
0.002411933147931921
0.002411933147931921
0.002411933147931921
0.002411933147931921
0.002411933147931921
0.002411933147931921
0.002411933147931921
0.002411933147931921
0.002411933147931921
0.002411933147931921
0.002411933147931921
0.002411933147931921
0.002411933147931921
0.002411933147931921
0.002411933147931921
0.002411933147931921
0.002411933147931921
0.002411933147931921
0.002411933147931921
0.002411933147931921
0.002411933147931921
0.002411933147931921
0.002411933147931921
0.002411933147931921
0.002411933147931921
0.002411933147931921
0.002411933147931921
0.002411933147931921
0.002411933147931921
0.002411933147931921
0.002411933147931921
0.002411933147931921
0.002411933147931921
0.002411933147931921
0.002411933147931921
0.002411933147931921
0.002411933147931921
0.002411933147931921
0.002411933147931921
0.002411933147931921
0.002411933147931921
0.002411933147931921
0.002411933147931921
0.002411933147931921
0.002411933147931921
0.002411933147931921
0.002411933147931921
0.002411933147931921
0.002411933147931921
0.002411933147931921
0.002411933147931921
0.002411933147931921
0.002411933147931921
0.002411933147931921
0.002411933147931921
0.002411933147931921
0.002411933147931921
0.002411933147931921
0.002411933147931921
0.002411933147931921
0.002411933147931921
0.002411933147931921
0.002411933147931921
0.002411933147931921
0.002411933147931921
0.002411933147931921
0.002411933147931921
0.002411933147931921
0.002411933147931921
0.002411933147931921
0.002411933147931921
0.002411933147931921
0.002411933147931921
0.002411933147931921
0.002411933147931921
