4.995083417411928
5.0123195796127575
49.99831915076936
50.01236264133902
54.99912932334466
55.01061736684976
100.00000000000001
82.08321635973479
99.99999999999997
72.29263232427869
42.074840059357506
44.96429255335698
40.64967228609927
41.72971214676902
0.015186693911198777
0.014255978238654172
0.014748791810488798
0.014402408480388876
0.011976951263514456
0.006579584183879526
4.995083417411928
5.012319579619202
100.00000000000016
49.99831915076936
50.01236264140312
99.99999999999994
54.99912932334466
55.01061736710625
90.34825073215083
81.50134765384689
100.00000000000001
59.055960394042096
23.72107445669668
100.00000000000001
16.666652838168012
69.99485788732906
94.01052762628886
0.02472311057444361
40.64967228609927
45.55963455709199
0.4836748808450496
0.015186693911198777
0.014255978238654174
0.0
0.014748791810488798
0.030455920803237467
0.0
0.011976951263514456
0.01276667675702707
0.006579584183879526
0.005478050358942417
55.00717784394811
54.981454156083885
0.01445550507169889
55.011006901112275
55.003335874786785
0.014414720477736495
100.0000000000001
99.99997299514216
35.57881351076618
99.99999999999997
99.99998456875596
61.65138542929561
100.0
100.0
34.16661954628388
46.91309381535479
54.27457718847181
0.0166964081385778
8.225983648394568
8.46778228364001
0.014320051286422365
0.027555149230463594
0.011509630292614976
0.01434513321515168
0.02731334431610543
0.011602248308354872
0.013580564800143025
0.012874972340595599
0.013159168367759055
