0.006317656086180942
0.0036167629596048803
0.003616762959604881
0.003616762959604882
0.0036167629596048773
0.003616762959604877
0.0036167629596048794
0.0036167629596048764
0.0036167629596048803
0.0036167629596048803
0.003616762959604881
0.0034958839469828224
0.003495883946982821
0.0034958839469828194
0.003495883946982818
0.0034958839469828246
0.003495883946982824
0.003495883946982826
0.0034958839469828285
0.0034958839469828224
0.004359357328302294
0.9534294778715016
0.9534294779229863
0.9534294778502425
0.9534294778971399
0.9534294778068209
0.9534294778892676
0.9534294778449381
0.9534294777814555
0.9534294778715016
0.9534294779229863
5.059947675234091e-06
5.0599476752340825e-06
5.059947675234088e-06
5.05994767523409e-06
5.059947675234089e-06
5.05994767523409e-06
5.059947675234093e-06
5.059947675234084e-06
5.059947675234091e-06
5.0518396353217086e-06
0.02580904725651117
0.025809047256510866
0.025809047256510124
0.0258090472565109
0.02580904725651113
0.025809047256510755
0.02580904725651083
0.025809047256510835
0.02580904725651117
0.025809047256510866
1.0955258371790484
1.0955258371787215
1.095525837178697
1.0955258371788992
1.0955258371785364
1.0955258371786192
1.0955258371784562
1.0955258371784138
1.0955258371790484
0.004628579852391282
0.0012643748995471468
0.0012643748995471466
0.0012643748995471462
0.0012643748995471462
0.001264374899547147
0.0012643748995471464
0.0012643748995471453
0.0012643748995471462
0.0012643748995471468
0.0012643748995471466
0.001234404085145321
0.0012344040851453213
0.0012344040851453215
0.001234404085145318
0.0012344040851453202
0.0012344040851453228
0.0012344040851453221
0.0012344040851453228
0.001234404085145321
0.001521243447035085
0.0014745619543061101
0.001474561954306146
0.001474561954306101
0.0014745619543061294
0.0014745619543060744
0.0014745619543061255
0.001474561954306095
0.0014745619543060505
0.0014745619543061101
0.001474561954306146
5.059947675234091e-06
5.0599476752340825e-06
5.059947675234088e-06
5.05994767523409e-06
5.059947675234089e-06
5.05994767523409e-06
5.059947675234093e-06
5.059947675234084e-06
5.059947675234091e-06
5.0518396353217086e-06
0.02580904725651117
0.025809047256510866
0.025809047256510124
0.0258090472565109
0.02580904725651113
0.025809047256510755
0.02580904725651083
0.025809047256510835
0.02580904725651117
0.025809047256510866
0.001534424904563532
0.0015344249045635338
0.0015344249045635319
0.0015344249045635319
0.0015344249045635317
0.001534424904563532
0.0015344249045635353
0.001534424904563535
0.001534424904563532
0.004628579852391284
0.0012643748995471472
0.0012643748995471468
0.0012643748995471468
0.0012643748995471462
0.001264374899547147
0.0012643748995471475
0.0012643748995471475
0.0012643748995471485
0.0012643748995471472
0.0012643748995471468
0.0012344040851453208
0.0012344040851453245
0.0012344040851453239
0.0012344040851453245
0.001234404085145322
0.0012344040851453221
0.0012344040851453224
0.0012344040851453226
0.0012344040851453208
0.0015212434470350856
0.006345441584269266
0.006345441584269634
0.006345441584269111
0.006345441584269441
0.006345441584268786
0.006345441584269397
0.006345441584269029
0.006345441584268595
0.006345441584269266
0.006345441584269634
5.059947675234091e-06
5.0599476752340825e-06
5.059947675234088e-06
5.05994767523409e-06
5.059947675234089e-06
5.05994767523409e-06
5.059947675234093e-06
5.059947675234084e-06
5.059947675234091e-06
5.0518396353217086e-06
0.02580904725651117
0.025809047256510866
0.025809047256510124
0.0258090472565109
0.02580904725651113
0.025809047256510755
0.02580904725651083
0.025809047256510835
0.02580904725651117
0.025809047256510866
0.001534424904563536
0.0015344249045635338
0.0015344249045635304
0.0015344249045635345
0.0015344249045635334
0.0015344249045635332
0.001534424904563534
0.001534424904563534
0.001534424904563536
4.99337829287558
4.998074919117482
4.998074919111317
4.998074919117702
4.998074919102617
4.998074919133735
4.998074919105019
4.99807491910163
4.99807491913226
4.998074919117482
4.998074919111317
4.936316803980545
4.936316803989732
4.936316803993838
4.936316803992802
4.93631680401375
4.9363168040004375
4.93631680400821
4.936316804003105
4.936316803980545
10.555495061779746
10.250963335655754
10.250963332229642
10.250963336620341
10.250963330569354
10.250963338330399
10.250963343715119
10.250963334736127
10.250963334103892
10.250963335655754
10.250963332229642
8.796760059826324
8.796760060593103
8.796760060512373
8.796760057881283
8.79676005947844
8.796760058807253
8.796760057540329
8.796760058726006
8.796760059826324
4.708876482701382
5.816930112190495
5.816930112147471
5.816930112208773
5.816930112148524
5.81693011218754
5.816930112116669
5.816930112178112
5.816930112147278
5.816930112190495
5.816930112147471
4.568932297609155
4.568932297613787
4.56893229760969
4.568932297606367
4.568932297611276
4.568932297615232
4.568932297605094
4.568932297612801
4.568932297609155
4.993378292872155
5.000444478191893
5.000444478186994
5.000444478186114
5.000444478198349
5.000444478168076
5.0004444781989905
5.000444478203166
5.000444478176873
5.000444478191893
5.000444478186994
5.062395146492375
5.062395146470532
5.062395146470362
5.0623951464757475
5.062395146464219
5.062395146461238
5.062395146453506
5.062395146474648
5.062395146492375
9.441779367580143
8.787789888428472
8.787789891802948
8.78778988748503
8.787789893489105
8.787789885818402
8.787789880351188
8.787789889374599
8.78778989007019
8.787789888428472
8.787789891802948
11.691450084426544
11.691450083660284
11.691450083741524
11.69145008637199
11.6914500847752
11.691450085446604
11.691450086713209
11.691450085527348
11.691450084426544
5.779334026954038
4.105795557154799
4.105795557197292
4.105795557135725
4.105795557195767
4.105795557158034
4.105795557228489
4.1057955571671
4.105795557196659
4.105795557154799
4.105795557197292
4.332475506417686
4.332475506415613
4.332475506418246
4.332475506418591
4.332475506418048
4.332475506410393
4.332475506421472
4.332475506412761
4.332475506417686
0.00279776680983274
0.0027977668098327396
0.0027977668098327396
0.002797766809832739
0.0027977668098327344
0.00279776680983274
0.00279776680983274
0.0027977668098327383
0.00279776680983274
0.0027977668098327396
0.0027977668098327396
0.0026998760999733247
0.002699876099973332
0.0026998760999733273
0.002699876099973328
0.002699876099973323
0.0026998760999733264
0.0026998760999733256
0.002699876099973326
0.0026998760999733247
0.0029109765087601434
2.2098503850142472e-06
2.209850385014245e-06
2.209850385014246e-06
2.209850385014246e-06
2.20985038501425e-06
2.209850385014252e-06
2.209850385014246e-06
2.209850385014249e-06
2.2098503850142472e-06
3.080258490162538e-06
3.1571635798602803e-06
3.1571635798602756e-06
3.157163579860273e-06
3.1571635798602786e-06
3.157163579860275e-06
3.1571635798602777e-06
3.157163579860273e-06
3.1571635798602786e-06
3.1571635798602803e-06
3.15628726660051e-06
0.6406442429693298
0.6406442429674208
0.6406442429685683
0.6406442429695612
0.6406442429687744
0.6406442429676347
0.6406442429672764
0.6406442429670548
0.6406442429693298
0.6406442429674208
7.870805636316937e-06
7.870805636316937e-06
7.87080563631693e-06
7.870805636316932e-06
7.870805636316933e-06
7.87080563631693e-06
7.870805636316932e-06
7.870805636316932e-06
7.870805636316937e-06
0.00279776680983274
0.0027977668098327396
0.0027977668098327396
0.002797766809832739
0.0027977668098327344
0.00279776680983274
0.00279776680983274
0.0027977668098327383
0.00279776680983274
0.0027977668098327396
0.0027977668098327396
0.0026998760999733247
0.002699876099973332
0.0026998760999733273
0.002699876099973328
0.002699876099973323
0.0026998760999733264
0.0026998760999733256
0.002699876099973326
0.0026998760999733247
0.0029109765087601434
2.2098503850142472e-06
2.209850385014245e-06
2.209850385014246e-06
2.209850385014246e-06
2.20985038501425e-06
2.209850385014252e-06
2.209850385014246e-06
2.209850385014249e-06
2.2098503850142472e-06
3.080258490162538e-06
3.1571635798602803e-06
3.1571635798602756e-06
3.157163579860273e-06
3.1571635798602786e-06
3.157163579860275e-06
3.1571635798602777e-06
3.157163579860273e-06
3.1571635798602786e-06
3.1571635798602803e-06
3.15628726660051e-06
0.6406442429693298
0.6406442429674208
0.6406442429685683
0.6406442429695612
0.6406442429687744
0.6406442429676347
0.6406442429672764
0.6406442429670548
0.6406442429693298
0.6406442429674208
7.870805636316937e-06
7.870805636316937e-06
7.87080563631693e-06
7.870805636316932e-06
7.870805636316933e-06
7.87080563631693e-06
7.870805636316932e-06
7.870805636316932e-06
7.870805636316937e-06
0.0011552688241454213
0.0011552688241454217
0.0011552688241454224
0.0011552688241454226
0.0011552688241454221
0.0011552688241454206
0.001155268824145423
0.0011552688241454217
0.0011552688241454213
0.0011552688241454217
0.0011552688241454224
0.0011856052361585757
0.0011856052361585783
0.0011856052361585772
0.0011856052361585775
0.0011856052361585766
0.0011856052361585762
0.0011856052361585777
0.0011856052361585792
0.0011856052361585757
0.001294816566499295
2.2098503850142472e-06
2.209850385014245e-06
2.209850385014246e-06
2.209850385014246e-06
2.20985038501425e-06
2.209850385014252e-06
2.209850385014246e-06
2.209850385014249e-06
2.2098503850142472e-06
3.080258490162538e-06
3.1571635798602803e-06
3.1571635798602756e-06
3.157163579860273e-06
3.1571635798602786e-06
3.157163579860275e-06
3.1571635798602777e-06
3.157163579860273e-06
3.1571635798602786e-06
3.1571635798602803e-06
3.15628726660051e-06
0.0014752883226260133
0.0014752883226260085
0.0014752883226260114
0.001475288322626013
0.0014752883226260122
0.001475288322626011
0.0014752883226260096
0.0014752883226260098
0.0014752883226260133
0.0014752883226260085
9.514531011380557e-06
9.514531011380555e-06
9.51453101138055e-06
9.514531011380543e-06
9.514531011380564e-06
9.514531011380565e-06
9.51453101138055e-06
9.514531011380543e-06
9.514531011380557e-06
0.0020931705474413463
0.002093170547441348
0.002093170547441348
0.0020931705474413463
0.0020931705474413454
0.002093170547441346
0.002093170547441347
0.0020931705474413454
0.0020931705474413463
0.002093170547441348
0.002093170547441348
0.0015250953348687345
0.0015250953348687347
0.001525095334868735
0.001525095334868733
0.0015250953348687312
0.0015250953348687351
0.0015250953348687336
0.001525095334868734
0.0015250953348687345
0.0016802965934753819
2.2098503850142472e-06
2.209850385014245e-06
2.209850385014246e-06
2.209850385014246e-06
2.20985038501425e-06
2.209850385014252e-06
2.209850385014246e-06
2.209850385014249e-06
2.2098503850142472e-06
3.080258490162538e-06
3.1571635798602803e-06
3.1571635798602756e-06
3.157163579860273e-06
3.1571635798602786e-06
3.157163579860275e-06
3.1571635798602777e-06
3.157163579860273e-06
3.1571635798602786e-06
3.1571635798602803e-06
3.15628726660051e-06
0.2708239266318155
0.2708239266316439
0.2708239266316589
0.2708239266318495
0.27082392663208477
0.27082392663106164
0.2708239266312002
0.2708239266315765
0.2708239266318155
0.2708239266316439
5.9204206092522325e-05
5.920420609252222e-05
5.920420609252205e-05
5.9204206092522176e-05
5.92042060925224e-05
5.9204206092521966e-05
5.9204206092522243e-05
5.92042060925224e-05
5.9204206092522325e-05
4.997344628170961
4.9973446281766165
4.997344628176364
4.997344628171255
4.997344628174466
4.997344628170268
4.997344628174549
4.9973446281740825
4.997344628170961
4.9973446281766165
4.997344628176364
4.998228618779111
4.998228618784949
4.998228618785895
4.998228618787664
4.9982286187769525
4.998228618782048
4.998228618780945
4.998228618782026
4.998228618779111
9.99754151356619
11.113736297999226
11.113736297999191
11.113736297999267
11.113736297999267
11.113736297999171
11.113736297999127
11.113736297999267
11.113736297999223
11.113736297999226
10.799800142786648
10.780400416732826
10.780400416732514
10.780400416732572
10.780400416732622
10.780400416732608
10.780400416732702
10.780400416732455
10.780400416732594
10.780400416732826
5.7804008150846675
3.446416631357153
3.446416631361252
3.4464166313588596
3.4464166313568456
3.4464166313579674
3.4464166313613935
3.446416631362044
3.446416631362201
3.446416631357153
3.446416631361252
5.315464979920969
5.315464979921175
5.315464979921384
5.315464979920567
5.315464979920988
5.315464979921711
5.315464979920273
5.315464979920459
5.315464979920969
0.002401415379615505
0.002401415379615504
0.002401415379615505
0.002401415379615504
0.002401415379615505
0.002401415379615504
0.002401415379615505
0.002401415379615504
0.002401415379615505
0.002401415379615504
0.002401415379615505
0.002401415379615504
0.002401415379615505
0.002401415379615504
0.002401415379615505
0.002401415379615504
0.0020101951631024593
0.0020101951631024593
0.0020101951631024593
0.0020101951631024597
0.0021584279725368537
0.0024319082696578737
0.002431908269657872
0.002431908269657873
0.002431908269657872
0.002431908269657873
0.0017090381689843011
0.0017090381689842994
0.0017090381689843011
0.0017090381689842994
0.0017090381689843011
0.00230108667939655
0.002301086679396548
0.00230108667939655
0.002301086679396548
0.00230108667939655
1.3931130278032684e-06
1.3931130278032684e-06
1.393113027803272e-06
1.3239899760566252e-06
0.0023946859676982454
0.0028728841851303898
0.002872884185130389
0.0028728841851303898
0.002872884185130389
0.0028728841851303898
1.372336688285189e-06
1.372336688285189e-06
1.3723366882851897e-06
1.3723366882851897e-06
1.372336688285189e-06
3.8107564289850467e-06
3.810756428985047e-06
3.8107564289850467e-06
3.810756428985047e-06
3.8107564289850467e-06
0.0005334087199290124
0.0005334087199290124
0.0005334087199290124
0.0005334087199290124
0.002401415379615505
0.002401415379615504
0.002401415379615505
0.002401415379615504
0.002401415379615505
0.002401415379615504
0.002401415379615505
0.002401415379615504
0.002401415379615505
0.002401415379615504
0.002401415379615505
0.002401415379615504
0.002401415379615505
0.002401415379615504
0.002401415379615505
0.002401415379615504
0.0020101951631024593
0.0020101951631024593
0.0020101951631024593
0.0020101951631024597
0.0021584279725368537
0.0024319082696578737
0.002431908269657872
0.002431908269657873
0.002431908269657872
0.002431908269657873
0.0017090381689843011
0.0017090381689842994
0.0017090381689843011
0.0017090381689842994
0.0017090381689843011
0.00230108667939655
0.002301086679396548
0.00230108667939655
0.002301086679396548
0.00230108667939655
1.3931130278032684e-06
1.3931130278032684e-06
1.393113027803272e-06
1.3239899760566252e-06
0.0023946859676982454
0.0028728841851303898
0.002872884185130389
0.0028728841851303898
0.002872884185130389
0.0028728841851303898
1.372336688285189e-06
1.372336688285189e-06
1.3723366882851897e-06
1.3723366882851897e-06
1.372336688285189e-06
3.8107564289850467e-06
3.810756428985047e-06
3.8107564289850467e-06
3.810756428985047e-06
3.8107564289850467e-06
0.0005334087199290124
0.0005334087199290124
0.0005334087199290124
0.0005334087199290124
0.002401415379615505
0.002401415379615504
0.002401415379615505
0.002401415379615504
0.002401415379615505
0.002401415379615504
0.002401415379615505
0.002401415379615504
0.002401415379615505
0.002401415379615504
0.002401415379615505
0.002401415379615504
0.002401415379615505
0.002401415379615504
0.002401415379615505
0.002401415379615504
0.0020101951631024593
0.0020101951631024593
0.0020101951631024593
0.0020101951631024597
0.0021584279725368537
0.0024319082696578737
0.002431908269657872
0.002431908269657873
0.002431908269657872
0.002431908269657873
0.0017090381689843011
0.0017090381689842994
0.0017090381689843011
0.0017090381689842994
0.0017090381689843011
0.00230108667939655
0.002301086679396548
0.00230108667939655
0.002301086679396548
0.00230108667939655
1.3931130278032684e-06
1.3931130278032684e-06
1.393113027803272e-06
1.3239899760566252e-06
0.0023946859676982454
0.0028728841851303898
0.002872884185130389
0.0028728841851303898
0.002872884185130389
0.0028728841851303898
1.372336688285189e-06
1.372336688285189e-06
1.3723366882851897e-06
1.3723366882851897e-06
1.372336688285189e-06
3.8107564289850467e-06
3.810756428985047e-06
3.8107564289850467e-06
3.810756428985047e-06
3.8107564289850467e-06
0.0005334087199290124
0.0005334087199290124
0.0005334087199290124
0.0005334087199290124
0.0010959497732203
0.0010959497732203
0.0010959497732203009
0.0010959497732203006
0.0010959497732203009
0.0010959497732203006
0.0010959497732203
0.0010959497732203
0.0010959497732203
0.0010959497732203
0.0010959497732203009
0.0010959497732203006
0.0010959497732203009
0.0010959497732203006
0.0010959497732203
0.0010959497732203
0.0020101951631024593
0.0020101951631024593
0.0020101951631024593
0.0020101951631024597
0.0009748634306052694
0.0010785996263342967
0.0010785996263342967
0.0010785996263342965
0.0010785996263342967
0.0010785996263342965
0.0010876474888749158
0.0010876474888749156
0.0010876474888749158
0.0010876474888749156
0.0010876474888749158
0.0012902978565235172
0.001290297856523517
0.0012902978565235172
0.001290297856523517
0.0012902978565235174
1.3931130278032684e-06
1.3931130278032684e-06
1.393113027803272e-06
1.3239899760566252e-06
1.0492880926798162e-06
1.0493179249931532e-06
1.0493179249931534e-06
1.0493179249931532e-06
1.0493179249931534e-06
1.0493179249931532e-06
1.372336688285189e-06
1.372336688285189e-06
1.3723366882851897e-06
1.3723366882851897e-06
1.372336688285189e-06
0.646380161439419
0.6463801614394189
0.646380161439419
0.6463801614394189
0.646380161439419
0.0005334087199290124
0.0005334087199290124
0.0005334087199290124
0.0005334087199290124
0.0010959497732202978
0.0010959497732202985
0.001095949773220298
0.0010959497732202976
0.001095949773220298
0.0010959497732202976
0.0010959497732202978
0.0010959497732202985
0.0010959497732202978
0.0010959497732202985
0.001095949773220298
0.0010959497732202976
0.001095949773220298
0.0010959497732202976
0.0010959497732202978
0.0010959497732202985
0.002477088309031883
0.00247708830903188
0.00247708830903188
0.0024770883090318827
0.0026248391343417035
0.0011394293331818245
0.0011394293331818248
0.0011394293331818252
0.0011394293331818248
0.0011394293331818252
0.004707659375183994
0.004707659375183995
0.004707659375183994
0.004707659375183995
0.004707659375183994
0.0012612986417063217
0.001261298641706321
0.0012612986417063217
0.001261298641706321
0.0012612986417063201
1.7659004337711461
1.7659004337711461
1.7659004337711461
1.858075755404046
0.0023946859676982454
1.0044010371495728e-06
1.0044010371495743e-06
1.0044010371495728e-06
1.0044010371495743e-06
1.0044010371495728e-06
1.792695971854234
1.792695971854234
1.792695971854235
1.792695971854235
1.792695971854234
3.8107564289850467e-06
3.810756428985047e-06
3.8107564289850467e-06
3.810756428985047e-06
3.8107564289850467e-06
0.018701790488227267
0.018701790488227267
0.018701790488227267
0.018701790488227267
0.5698816904288609
0.5698816904288613
0.5698816904288613
0.5698816904288613
0.5698816904288613
0.5698816904288609
0.5698816904288609
0.5698816904288609
0.5698816904288609
0.5698816904288613
0.5698816904288613
0.5698816904288613
0.5698816904288613
0.5698816904288609
0.5698816904288609
0.5698816904288609
0.5698816904288609
0.5698816904288613
0.5698816904288613
0.5698816904288613
0.6934143642772138
0.6934143642772138
0.6934143642772138
0.6934143642772138
0.6934143642772138
0.09045667641260767
0.005099674456565203
0.005099674456565203
0.005099674456565203
0.005099674456565203
0.005099674456565203
0.005099674456565203
0.005099674456565203
0.005099674456565203
0.005099674456565203
0.004039013977537117
1.1903003748336815e-06
1.1903003748336836e-06
1.1903003748336836e-06
1.1903003748336836e-06
1.1902765758101604e-06
1.1902765758101604e-06
1.1902765758101604e-06
1.1902765758101604e-06
1.1902765758101604e-06
1.1902765758101604e-06
1.1838429142975091e-06
1.1838429142975091e-06
1.1838429142975091e-06
1.1838429142975091e-06
1.1838429142975091e-06
1.1838429142975091e-06
1.1838429142975091e-06
1.1838429142975057e-06
1.1838429142975091e-06
1.1838429142975091e-06
0.04888941281504047
0.04888941281504048
0.04888941281504048
0.04888941281504048
0.5698816904288609
0.5698816904288613
0.5698816904288613
0.5698816904288613
0.5698816904288613
0.5698816904288609
0.5698816904288609
0.5698816904288609
0.5698816904288609
0.5698816904288613
0.5698816904288613
0.5698816904288613
0.5698816904288613
0.5698816904288609
0.5698816904288609
0.5698816904288609
0.5698816904288609
0.5698816904288613
0.5698816904288613
0.5698816904288613
0.6934143642772138
0.6934143642772138
0.6934143642772138
0.6934143642772138
0.6934143642772138
0.09045667641260767
0.005099674456565203
0.005099674456565203
0.005099674456565203
0.005099674456565203
0.005099674456565203
0.005099674456565203
0.005099674456565203
0.005099674456565203
0.005099674456565203
0.004039013977537117
1.1903003748336815e-06
1.1903003748336836e-06
1.1903003748336836e-06
1.1903003748336836e-06
1.1902765758101604e-06
1.1902765758101604e-06
1.1902765758101604e-06
1.1902765758101604e-06
1.1902765758101604e-06
1.1902765758101604e-06
1.1838429142975091e-06
1.1838429142975091e-06
1.1838429142975091e-06
1.1838429142975091e-06
1.1838429142975091e-06
1.1838429142975091e-06
1.1838429142975091e-06
1.1838429142975057e-06
1.1838429142975091e-06
1.1838429142975091e-06
0.04888941281504047
0.04888941281504048
0.04888941281504048
0.04888941281504048
0.5698816904288609
0.5698816904288613
0.5698816904288613
0.5698816904288613
0.5698816904288613
0.5698816904288609
0.5698816904288609
0.5698816904288609
0.5698816904288609
0.5698816904288613
0.5698816904288613
0.5698816904288613
0.5698816904288613
0.5698816904288609
0.5698816904288609
0.5698816904288609
0.5698816904288609
0.5698816904288613
0.5698816904288613
0.5698816904288613
0.6934143642772138
0.6934143642772138
0.6934143642772138
0.6934143642772138
0.6934143642772138
0.09045667641260767
0.005099674456565203
0.005099674456565203
0.005099674456565203
0.005099674456565203
0.005099674456565203
0.005099674456565203
0.005099674456565203
0.005099674456565203
0.005099674456565203
0.004039013977537117
1.1903003748336815e-06
1.1903003748336836e-06
1.1903003748336836e-06
1.1903003748336836e-06
1.1902765758101604e-06
1.1902765758101604e-06
1.1902765758101604e-06
1.1902765758101604e-06
1.1902765758101604e-06
1.1902765758101604e-06
1.1838429142975091e-06
1.1838429142975091e-06
1.1838429142975091e-06
1.1838429142975091e-06
1.1838429142975091e-06
1.1838429142975091e-06
1.1838429142975091e-06
1.1838429142975057e-06
1.1838429142975091e-06
1.1838429142975091e-06
0.04888941281504047
0.04888941281504048
0.04888941281504048
0.04888941281504048
0.5698816904288609
0.5698816904288613
0.5698816904288613
0.5698816904288613
0.5698816904288613
0.5698816904288609
0.5698816904288609
0.5698816904288609
0.5698816904288609
0.5698816904288613
0.5698816904288613
0.5698816904288613
0.5698816904288613
0.5698816904288609
0.5698816904288609
0.5698816904288609
0.5698816904288609
0.5698816904288613
0.5698816904288613
0.5698816904288613
0.6934143642772138
0.6934143642772138
0.6934143642772138
0.6934143642772138
0.6934143642772138
0.09045667641260767
0.005099674456565203
0.005099674456565203
0.005099674456565203
0.005099674456565203
0.005099674456565203
0.005099674456565203
0.005099674456565203
0.005099674456565203
0.005099674456565203
0.004039013977537117
1.1903003748336815e-06
1.1903003748336836e-06
1.1903003748336836e-06
1.1903003748336836e-06
1.1902765758101604e-06
1.1902765758101604e-06
1.1902765758101604e-06
1.1902765758101604e-06
1.1902765758101604e-06
1.1902765758101604e-06
1.1838429142975091e-06
1.1838429142975091e-06
1.1838429142975091e-06
1.1838429142975091e-06
1.1838429142975091e-06
1.1838429142975091e-06
1.1838429142975091e-06
1.1838429142975057e-06
1.1838429142975091e-06
1.1838429142975091e-06
0.04888941281504047
0.04888941281504048
0.04888941281504048
0.04888941281504048
2.7204780015752514
2.72047800157525
2.72047800157525
2.72047800157525
2.72047800157525
2.7204780015752514
2.7204780015752514
2.7204780015752505
2.7204780015752514
2.72047800157525
2.72047800157525
2.72047800157525
2.72047800157525
2.7204780015752514
2.7204780015752514
2.7204780015752514
2.7204780015752514
2.72047800157525
2.72047800157525
2.72047800157525
7.226346482803925
7.226346482803925
7.226346482803925
7.226346482803925
7.226346482803925
9.638233590728696
9.982945074868018
9.982945074868018
9.982945074868018
9.982945074868018
9.982945074868018
9.982945074868018
9.982945074868018
9.982945074868018
9.982945074868018
9.988496710761387
12.066759503394891
12.066759503394879
12.066759503394879
12.066759503394879
7.066759791986603
7.066759791986603
7.066759791986603
7.066759791986603
7.066759791986603
7.066759791986603
7.077992735187944
7.077992735187944
7.077992735187944
7.077992735187944
7.077992735187944
7.077992735187944
7.077992735187944
7.077992735187943
7.077992735187944
7.077992735187944
4.804514181879723
4.804514181879643
4.804514181879643
4.804514181879643
0.0021087231015315924
0.0021087231015315924
0.0021087231015315924
0.0021087231015315924
0.0021087231015315924
0.0021087231015315924
0.0021087231015315924
0.0021087231015315924
0.0021087231015315924
0.0021087231015315924
0.0021087231015315924
0.0021087231015315924
0.0021087231015315924
0.0021087231015315924
0.0021087231015315924
0.0021087231015315924
0.0021087231015315924
0.0021087231015315924
0.0021087231015315924
0.0021087231015315924
0.0021087231015315924
0.0021087231015315924
0.0021087231015315924
0.0021087231015315924
0.0021087231015315924
0.0021087231015315924
0.0021087231015315924
0.0021087231015315924
0.0021087231015315924
0.0021087231015315924
0.0021087231015315924
0.0021087231015315924
0.0021087231015315924
0.0021087231015315924
0.0021087231015315924
0.0021087231015315924
0.0021087231015315924
0.0021087231015315924
0.0021087231015315924
0.0021087231015315924
0.0021087231015315924
0.0021087231015315924
0.0021087231015315924
0.0021087231015315924
0.0021087231015315924
0.0021087231015315924
0.0021087231015315924
0.0021087231015315924
0.0021087231015315924
0.0021087231015315924
0.0021087231015315924
0.0021087231015315924
0.0021087231015315924
0.0021087231015315924
0.0021087231015315924
0.0021087231015315924
0.0021087231015315924
0.0021087231015315924
0.0021087231015315924
0.0021087231015315924
0.0021087231015315924
0.0021087231015315924
0.0021087231015315924
0.0021087231015315924
0.0021087231015315924
0.0021087231015315924
0.0021087231015315924
0.0021087231015315924
0.0021087231015315924
0.0021087231015315924
0.0021087231015315924
0.0021087231015315924
0.0021087231015315924
0.0021087231015315924
0.0021087231015315924
0.0021087231015315924
0.0021087231015315924
0.0021087231015315924
0.0021087231015315924
0.0021087231015315924
0.0021087231015315924
0.0021087231015315924
0.0021087231015315924
0.0021087231015315924
0.0021087231015315924
0.0021087231015315924
0.0021087231015315924
0.0021087231015315924
0.0021087231015315924
0.0021087231015315924
0.0021087231015315924
0.0021087231015315924
0.0021087231015315924
0.0021087231015315924
0.0021087231015315924
0.0021087231015315924
0.0021087231015315924
0.0021087231015315924
0.0021087231015315924
0.0021087231015315924
0.0021087231015315924
0.0021087231015315924
0.0021087231015315924
0.0021087231015315924
0.0021087231015315924
0.0021087231015315924
0.0021087231015315924
0.0021087231015315924
0.0021087231015315924
0.0021087231015315924
0.0021087231015315924
0.0021087231015315924
0.0021087231015315924
0.0021087231015315924
0.0021087231015315924
0.0021087231015315924
0.0021087231015315924
0.0021087231015315924
0.0021087231015315924
0.0021087231015315924
0.0021087231015315924
0.0021087231015315924
0.0021087231015315924
0.0021087231015315924
0.0021087231015315924
0.0021087231015315924
0.0021087231015315924
0.0021087231015315924
0.0021087231015315924
0.0021087231015315924
0.0021087231015315924
0.0021087231015315924
0.0021087231015315924
0.0021087231015315924
0.0021087231015315924
0.0021087231015315924
0.0021087231015315924
0.0021087231015315924
0.0021087231015315924
0.0021087231015315924
0.0021087231015315924
0.0021087231015315924
0.0021087231015315924
0.0021087231015315924
0.0021087231015315924
0.0021087231015315924
0.0021087231015315924
0.0021087231015315924
0.0021087231015315924
0.0021087231015315924
0.0021087231015315924
0.0021087231015315924
0.0021087231015315924
0.0021087231015315924
0.0021087231015315924
0.0021087231015315924
0.0021087231015315924
0.0021087231015315924
0.0021087231015315924
0.0021087231015315924
0.0021087231015315924
0.0021087231015315924
0.0021087231015315924
0.0021087231015315924
0.0021087231015315924
0.0021087231015315924
0.0021087231015315924
0.0021087231015315924
0.0021087231015315924
0.0021087231015315924
0.0021087231015315924
0.0021087231015315924
0.0021087231015315924
0.0021087231015315924
0.0021087231015315924
0.0021087231015315924
0.0021087231015315924
0.0021087231015315924
0.0021087231015315924
0.0021087231015315924
0.0021087231015315924
0.0021087231015315924
0.0021087231015315924
0.0021087231015315924
0.0021087231015315924
0.0021087231015315924
0.0021087231015315924
0.0021087231015315924
0.0021087231015315924
0.0021087231015315924
0.0021087231015315924
0.0021087231015315924
0.0021087231015315924
0.0021087231015315924
0.0021087231015315924
0.0021087231015315924
0.0021087231015315924
0.0021087231015315924
0.0021087231015315924
0.0021087231015315924
0.0021087231015315924
0.0021087231015315924
0.0021087231015315924
0.0021087231015315924
0.0021087231015315924
0.0021087231015315924
0.0021087231015315924
0.0021087231015315924
0.0021087231015315924
0.0021087231015315924
0.0021087231015315924
0.0021087231015315924
0.0021087231015315924
0.0021087231015315924
0.0021087231015315924
0.0021087231015315924
0.0021087231015315924
0.0021087231015315924
0.0021087231015315924
0.0021087231015315924
0.0021087231015315924
0.0021087231015315924
0.0021087231015315924
0.0021087231015315924
0.0021087231015315924
0.0021087231015315924
0.0021087231015315924
0.0021087231015315924
0.0021087231015315924
0.0021087231015315924
0.0021087231015315924
0.0021087231015315924
0.0021087231015315924
0.0021087231015315924
0.0021087231015315924
0.0021087231015315924
0.0021087231015315924
0.0021087231015315924
0.0021087231015315924
0.0021087231015315924
0.0021087231015315924
0.0021087231015315924
0.0021087231015315924
0.0021087231015315924
0.0021087231015315924
0.0021087231015315924
0.0021087231015315924
0.0021087231015315924
0.0021087231015315924
0.0021087231015315924
0.0021087231015315924
0.0021087231015315924
0.0021087231015315924
0.0021087231015315924
0.0021087231015315924
0.0021087231015315924
0.0021087231015315924
0.0021087231015315924
0.0021087231015315924
0.0021087231015315924
0.0021087231015315924
0.0021087231015315924
0.0021087231015315924
0.0021087231015315924
0.0021087231015315924
0.0021087231015315924
0.0021087231015315924
0.0021087231015315924
0.0021087231015315924
0.0021087231015315924
0.0021087231015315924
0.0021087231015315924
0.0021087231015315924
0.0021087231015315924
0.0021087231015315924
0.0021087231015315924
0.0021087231015315924
0.0021087231015315924
0.0021087231015315924
0.0021087231015315924
0.0021087231015315924
0.0021087231015315924
0.0021087231015315924
0.0021087231015315924
0.0021087231015315924
0.0021087231015315924
0.0021087231015315924
0.0021087231015315924
0.0021087231015315924
0.0021087231015315924
0.0021087231015315924
0.0021087231015315924
0.0021087231015315924
0.0021087231015315924
0.0021087231015315924
0.0021087231015315924
0.0021087231015315924
0.0021087231015315924
0.0021087231015315924
0.0021087231015315924
