2.5590224135833743
0.25607418717015407
46.68324245949504
67.44621237252281
46.65556016980729
84.55275503266424
80.14216193400446
37.88698551078556
81.42150529683707
96.22265884352566
62.04195508096511
72.9461075050564
39.79015710209848
38.902168296756344
0.018046699731607777
0.017495561332796904
0.014458088517331647
0.012888001315360772
0.009291539597132963
0.004569051393603448
2.2391446118854526
4.779192064946287
99.99999999999997
48.537705519067956
49.78219433459406
100.00000000000006
46.65573964756438
0.006728852657464914
99.99999999999986
99.99999999999994
99.99975162727762
78.71557941401811
75.5946119910399
100.00000000000001
22.221350296442047
52.56106545909124
94.75024550128083
0.5687750763249595
45.72978342534455
49.62967151791881
0.0
0.015790862265156802
0.021651513995382572
0.006401093190290403
0.01265082745266519
0.021576640107244423
0.01066848865048401
0.008130097147491341
0.024758799800470053
0.003997919969403017
3.228499630156159e-05
59.413975968138175
37.55844184364965
4.814896255726445
72.52882509794253
68.066760447202
6.6653534702382515
100.00000000000034
75.59872296002067
0.000817686894264927
84.72865184785618
79.1741899218409
25.854086368316608
85.07130748075048
78.58915145213184
17.373067266014623
57.45368149288669
54.683177731667755
9.747022112673923
9.94979273468816
9.951066034629195
0.010398248272275588
0.01484505902962802
0.009916944662080813
0.010781121760165518
0.023101061092377875
0.011123531398186462
0.010078083150095535
0.0
0.010383750555209513
