4.995129567760148
5.012116388686498
49.99873860985657
50.01133209807757
54.999354028727915
55.010012181845234
100.0
60.049547444071344
99.99999999999999
71.29569515911665
30.25203433401281
43.289869307490406
40.70373556674461
41.60896852357722
0.014929321816239016
0.014022348553663312
0.014499882416017167
0.014175998669533903
0.012252611741566269
0.006480835110834887
4.995129567760148
5.012116388686053
99.99999999999989
49.99873860985657
50.02104237635653
100.00000000000001
54.999354028727915
55.019380823976604
91.01939674596154
72.8326620379515
99.99999999999999
94.9427594173099
27.691764572448854
99.99999999999997
16.665279075807003
71.56588725405737
99.99999999999999
0.0
40.70373556674461
64.11671061344732
0.483679748417815
0.014929321816239016
0.01402234855366331
0.02437058162898316
0.014499882416017169
0.02970852395209606
0.02437058162898316
0.012252611741566269
0.03693820796465545
0.006480835110834887
0.0054053872511493455
55.00704001626964
54.97945225754966
0.014227876231445669
55.00870622347537
54.989715391567444
0.014196653418874775
100.00000000000007
99.9999866752513
34.58364903815913
100.00000000000004
99.99999385686095
56.13425347871324
100.0
100.0
30.260404511298862
52.66847913480802
60.68997347996527
0.016443024125321507
8.225976680546815
8.467781397813695
0.014100240274351828
0.02808553894649384
0.013893352381828938
0.014125628429549765
0.028870564256980678
0.013790234997261234
0.013345464493422506
0.02437058162898316
0.012961670221669767
