0.011199128471952983
0.006722200396336863
0.006722200396336856
0.006722200396336852
0.006722200396336859
0.006722200396336863
0.006722200396336868
0.006722200396336852
0.006722200396336863
0.006722200396336863
0.006722200396336856
0.006571341304193884
0.006571341304193877
0.006571341304193881
0.006571341304193872
0.006571341304193874
0.00657134130419387
0.00657134130419387
0.006571341304193872
0.006571341304193884
0.006947469243732737
0.03059853125342863
0.03059853125342494
0.03059853125342411
0.03059853125342502
0.030598531253428016
0.03059853125342494
0.030598531253423936
0.03059853125342655
0.03059853125342863
3.0934928235648698e-06
6.745967523058575e-07
6.745967523058558e-07
6.745967523058559e-07
6.745967523058542e-07
6.745967523058559e-07
6.745967523058558e-07
6.745967523058542e-07
6.746110390123239e-07
6.76639815249264e-07
6.766479015667989e-07
3.7288767114818486
3.7288767112755767
3.728876711054267
3.72887671095574
3.7288767114756682
3.7288767112755634
3.7288767109530108
3.7288767110682124
3.7288767114818486
3.7288767112755767
1.0357492368278407
1.035749236818383
1.0357492368284373
1.0357492368282541
1.0357492368282541
1.0357492368177803
1.0357492368253538
1.0357492368282541
1.0357492368278407
0.00843949864663254
0.002197110632916413
0.002197110632916413
0.0021971106329164132
0.002197110632916411
0.002197110632916413
0.0021971106329164132
0.0021971106329164132
0.002197110632916413
0.002197110632916413
0.002197110632916413
0.002176342188868451
0.0021763421888684534
0.0021763421888684503
0.0021763421888684516
0.0021763421888684503
0.0021763421888684516
0.0021763421888684516
0.0021763421888684516
0.002176342188868451
0.0023280329236351482
0.03059853125342863
0.03059853125342494
0.03059853125342411
0.03059853125342502
0.030598531253428016
0.03059853125342494
0.030598531253423936
0.03059853125342655
0.03059853125342863
3.0934928235648698e-06
6.745967523058575e-07
6.745967523058558e-07
6.745967523058559e-07
6.745967523058542e-07
6.745967523058559e-07
6.745967523058558e-07
6.745967523058542e-07
6.746110390123239e-07
6.76639815249264e-07
6.766479015667989e-07
0.0025870076468520998
0.002587007646852052
0.0025870076468520044
0.0025870076468519853
0.0025870076468520946
0.002587007646852052
0.0025870076468519835
0.0025870076468520087
0.0025870076468520998
0.002587007646852052
0.0026500905639048646
0.0026500905639048316
0.0026500905639048646
0.0026500905639048607
0.0026500905639048607
0.00265009056390483
0.002650090563904855
0.0026500905639048607
0.0026500905639048646
0.008439498646632541
0.002197110632916411
0.0021971106329164115
0.002197110632916409
0.0021971106329164132
0.002197110632916411
0.0021971106329164132
0.002197110632916409
0.002197110632916411
0.002197110632916411
0.0021971106329164115
0.002176342188868452
0.0021763421888684503
0.0021763421888684516
0.0021763421888684486
0.0021763421888684525
0.00217634218886845
0.002176342188868449
0.0021763421888684486
0.002176342188868452
0.0023280329236351482
0.03059853125342863
0.03059853125342494
0.03059853125342411
0.03059853125342502
0.030598531253428016
0.03059853125342494
0.030598531253423936
0.03059853125342655
0.03059853125342863
3.0934928235648698e-06
6.745967523058575e-07
6.745967523058558e-07
6.745967523058559e-07
6.745967523058542e-07
6.745967523058559e-07
6.745967523058558e-07
6.745967523058542e-07
6.746110390123239e-07
6.76639815249264e-07
6.766479015667989e-07
0.0025870076468520954
0.002587007646852052
0.002587007646852006
0.0025870076468519883
0.002587007646852092
0.002587007646852052
0.0025870076468519883
0.0025870076468520044
0.0025870076468520954
0.002587007646852052
0.00265009056390486
0.0026500905639048346
0.0026500905639048594
0.002650090563904861
0.002650090563904861
0.0026500905639048346
0.0026500905639048554
0.002650090563904861
0.00265009056390486
4.988305714093634
4.996364072750264
4.9963640727490795
4.996364072747957
4.996364072751474
4.996364072750264
4.996364072753459
4.996364072747957
4.996364072750264
4.996364072750264
4.9963640727490795
4.980235992930265
4.980235992935377
4.980235992927002
4.980235992925609
4.980235992926401
4.980235992926568
4.9802359929327435
4.980235992925609
4.980235992930265
10.147465846329492
15.613355815616071
15.61335581618431
15.613355815608623
15.61335581621455
15.61335581617918
15.61335581618431
15.613355815637457
15.613355816198268
15.613355815616071
3.0934928235648698e-06
13.510544164524132
13.51054417350952
13.510544174388226
13.510544177267693
13.510544165757139
13.51054417350952
13.51054417992331
6.746110390123239e-07
25.904874425241196
15.904737678492282
0.7097788839128709
0.709778883914656
0.7097788839020571
0.7097788838939674
0.7097788839126529
0.7097788839146558
0.7097788839027585
0.7097788838980154
0.7097788839128709
0.709778883914656
4.252817321888725
4.252817321871572
4.2528173218670515
4.252817321894688
4.252817321894688
4.252817321871839
4.252817321868437
4.252817321894688
4.252817321888725
4.988305714092828
5.000919134825187
5.000919134831286
5.00091913482392
5.000919134822953
5.000919134825187
5.000919134829357
5.00091913482392
5.000919134825187
5.000919134825187
5.000919134831286
5.017358923997921
5.017358923997868
5.017358923999704
5.017358923996624
5.017358923993385
5.0173589240016705
5.01735892400022
5.017358923996624
5.017358923997921
9.849448961432657
4.295129948469849
4.295129947889608
4.29512994844998
4.295129947876025
4.295129947904432
4.295129947889608
4.295129948451232
4.295129947874699
4.295129948469849
21.305674768447933
12.412107433265442
12.412107424279982
12.412107423401169
12.412107420521798
12.412107432032267
12.412107424279982
12.412107417866023
25.922650755347963
6.76639815249264e-07
6.766479015667989e-07
5.556171855001256
5.556171855205744
5.556171855439656
5.556171855546269
5.556171855007653
5.5561718552057595
5.55617185554021
5.556171855429748
5.556171855001256
5.556171855205744
4.706137462050713
4.706137462077325
4.706137462071789
4.706137462044329
4.706137462044329
4.706137462077653
4.706137462073489
4.706137462044329
4.706137462050713
0.005100634232319689
0.00510063423231967
0.00510063423231968
0.005100634232319675
0.005100634232319681
0.00510063423231967
0.005100634232319677
0.005100634232319675
0.005100634232319689
0.00510063423231967
0.00510063423231968
0.004946719628617512
0.004946719628617508
0.004946719628617513
0.004946719628617515
0.004946719628617513
0.004946719628617508
0.004946719628617513
0.004946719628617513
0.004946719628617512
0.005008562034864896
2.568357266777243e-06
2.5683572667772442e-06
2.568357266777243e-06
2.568357266777243e-06
2.5683572667772506e-06
2.568357266777242e-06
2.5683572667772417e-06
2.5683572667772417e-06
1.375097446576669e-06
7.768048824607936e-07
7.768048824607954e-07
7.768048824607972e-07
7.768048824607936e-07
5.8540385671962504e-05
4.2453637155645305
4.2453637155645305
4.2453637155641415
4.24536371556415
4.245363715564529
2.059355847747893
1.8327110769616028
1.4906488612136273
1.4906488612139892
1.4906488612139894
1.4906488612136273
1.4906488612136273
1.490648861213991
1.8327110769622468
1.8327110769616028
1.832711076961602
1.8327110769635433
1.8327110769622468
1.8327110769616028
1.8327110769616024
1.8327110769635433
1.8327110769622468
1.8327110769616028
1.832711076961602
1.8327110769635433
0.005100634232319689
0.00510063423231967
0.00510063423231968
0.005100634232319675
0.005100634232319681
0.00510063423231967
0.005100634232319677
0.005100634232319675
0.005100634232319689
0.00510063423231967
0.00510063423231968
0.004946719628617512
0.004946719628617508
0.004946719628617513
0.004946719628617515
0.004946719628617513
0.004946719628617508
0.004946719628617513
0.004946719628617513
0.004946719628617512
0.005008562034864896
2.568357266777243e-06
2.5683572667772442e-06
2.568357266777243e-06
2.568357266777243e-06
2.5683572667772506e-06
2.568357266777242e-06
2.5683572667772417e-06
2.5683572667772417e-06
1.375097446576669e-06
7.768048824607936e-07
7.768048824607954e-07
7.768048824607972e-07
7.768048824607936e-07
5.8540385671962504e-05
4.2453637155645305
4.2453637155645305
4.2453637155641415
4.24536371556415
4.245363715564529
2.059355847747893
1.8327110769616028
1.4906488612136273
1.4906488612139892
1.4906488612139894
1.4906488612136273
1.4906488612136273
1.490648861213991
1.8327110769622468
1.8327110769616028
1.832711076961602
1.8327110769635433
1.8327110769622468
1.8327110769616028
1.8327110769616024
1.8327110769635433
1.8327110769622468
1.8327110769616028
1.832711076961602
1.8327110769635433
0.0019992009344837825
0.0019992009344837794
0.0019992009344837833
0.001999200934483782
0.0019992009344837825
0.0019992009344837794
0.0019992009344837773
0.001999200934483782
0.0019992009344837825
0.0019992009344837794
0.0019992009344837833
0.002065420721100941
0.00206542072110094
0.002065420721100942
0.0020654207211009408
0.002065420721100941
0.00206542072110094
0.002065420721100942
0.002065420721100942
0.002065420721100941
0.00212380811462986
2.568357266777243e-06
2.5683572667772442e-06
2.568357266777243e-06
2.568357266777243e-06
2.5683572667772506e-06
2.568357266777242e-06
2.5683572667772417e-06
2.5683572667772417e-06
1.375097446576669e-06
7.768048824607936e-07
7.768048824607954e-07
7.768048824607972e-07
7.768048824607936e-07
5.8540385671962504e-05
0.0036252339170870676
0.003625233917087066
0.0036252339170870676
0.003625233917087064
0.0036252339170870667
0.0024797365698769375
0.0017662912329259133
0.001799721776467455
0.0017997217764674563
0.0017997217764674563
0.001799721776467455
0.001799721776467455
0.0017997217764674563
0.001766291232925915
0.0017662912329259133
0.001766291232925915
0.0017662912329259159
0.001766291232925915
0.0017662912329259133
0.001766291232925915
0.0017662912329259159
0.001766291232925915
0.0017662912329259133
0.001766291232925915
0.0017662912329259159
0.003329183198021437
0.0033291831980214385
0.0033291831980214377
0.0033291831980214394
0.003329183198021437
0.0033291831980214385
0.003329183198021437
0.0033291831980214394
0.003329183198021437
0.0033291831980214385
0.0033291831980214377
0.0026396568718773106
0.0026396568718773158
0.0026396568718773158
0.002639656871877311
0.0026396568718773106
0.0026396568718773158
0.0026396568718773158
0.0026396568718773158
0.0026396568718773106
0.0027106197184365555
2.568357266777243e-06
2.5683572667772442e-06
2.568357266777243e-06
2.568357266777243e-06
2.5683572667772506e-06
2.568357266777242e-06
2.5683572667772417e-06
2.5683572667772417e-06
1.375097446576669e-06
7.768048824607936e-07
7.768048824607954e-07
7.768048824607972e-07
7.768048824607936e-07
5.8540385671962504e-05
3.3076048098101077e-07
3.3076048098101003e-07
3.3076048098101077e-07
3.3076048098101003e-07
3.3076048098101003e-07
5.676480614451744e-07
0.7750771769955437
1.4906488612136273
1.4906488612139892
1.4906488612139894
1.4906488612136273
1.4906488612136273
1.490648861213991
0.7750771769956593
0.7750771769955437
0.7750771769955426
0.7750771769929912
0.7750771769956593
0.7750771769955437
0.7750771769955438
0.7750771769929912
0.7750771769956593
0.7750771769955437
0.7750771769955426
0.7750771769929912
4.995654699654998
4.995654699653318
4.995654699652261
4.995654699654657
4.995654699655628
4.995654699653318
4.995654699653057
4.995654699654657
4.995654699654998
4.995654699653318
4.995654699652261
4.996899184537897
4.99689918454002
4.996899184538688
4.9968991845416975
4.9968991845393615
4.99689918454002
4.996899184538688
4.996899184538688
4.996899184537897
9.996645346564925
11.556749520239288
11.556749520239256
11.556749520239276
11.556749520239276
11.556749520239261
11.556749520239256
11.556749520239288
11.556749520239288
12.906205322016175
15.144825823027576
15.144825823026466
15.144825823025377
15.144825823027576
10.06779097264601
1.5056483448429634
1.5056483448429607
1.5056483448437414
1.5056483448437235
1.5056483448429656
0.8788107019775588
0.5577373558262528
0.5262571688563975
0.5262571688553105
0.5262571688553097
0.5262571688563975
0.5262571688563975
0.5262571688553066
0.5577373558248481
0.5577373558262528
0.5577373558262532
0.5577373558249229
0.5577373558248481
0.5577373558262528
0.5577373558262534
0.5577373558249229
0.5577373558248481
0.5577373558262528
0.5577373558262532
0.5577373558249229
0.0043722914488471985
0.004372291448847198
0.0043722914488471985
0.004372291448847201
0.0043722914488471985
0.004372291448847201
0.0043722914488471985
0.004372291448847198
0.0043722914488471985
0.004372291448847198
0.0043722914488471985
0.004372291448847201
0.0043722914488471985
0.004372291448847201
0.0043722914488471985
0.004372291448847198
0.003987641922132355
0.0039876419221323576
0.003987641922132354
0.0039876419221323576
0.003987641922132354
0.004378028601581439
0.004378028601581439
0.004378028601581443
0.004378028601581439
0.004378028601581443
0.003480141796406278
0.00348014179640628
0.003480141796406278
0.00348014179640628
0.003480141796406278
0.004273223257836756
0.004273223257836758
0.004273223257836756
0.004273223257836758
0.004273223257836756
6.960196577368054e-07
6.960196577368054e-07
6.960196577368054e-07
6.960196577368054e-07
6.960196577368054e-07
6.960196577368054e-07
6.960196577368054e-07
6.960196577368054e-07
6.960196577368054e-07
1.1222098827422038e-06
1.0124868106148498e-06
1.0124868106148498e-06
1.0124868106148543e-06
1.0124868106148481e-06
1.0124868106148498e-06
1.0124868106148498e-06
1.0124868106148543e-06
1.0124868106148481e-06
1.0124868106148498e-06
0.00312617213140148
0.004355228321264897
2.1444528323212215e-05
9.52073923934166e-07
9.520739239341719e-07
0.0043722914488471985
0.004372291448847198
0.0043722914488471985
0.004372291448847201
0.0043722914488471985
0.004372291448847201
0.0043722914488471985
0.004372291448847198
0.0043722914488471985
0.004372291448847198
0.0043722914488471985
0.004372291448847201
0.0043722914488471985
0.004372291448847201
0.0043722914488471985
0.004372291448847198
0.003987641922132355
0.0039876419221323576
0.003987641922132354
0.0039876419221323576
0.003987641922132354
0.004378028601581439
0.004378028601581439
0.004378028601581443
0.004378028601581439
0.004378028601581443
0.003480141796406278
0.00348014179640628
0.003480141796406278
0.00348014179640628
0.003480141796406278
0.004273223257836756
0.004273223257836758
0.004273223257836756
0.004273223257836758
0.004273223257836756
6.960196577368054e-07
6.960196577368054e-07
6.960196577368054e-07
6.960196577368054e-07
6.960196577368054e-07
6.960196577368054e-07
6.960196577368054e-07
6.960196577368054e-07
6.960196577368054e-07
1.1222098827422038e-06
1.0124868106148498e-06
1.0124868106148498e-06
1.0124868106148543e-06
1.0124868106148481e-06
1.0124868106148498e-06
1.0124868106148498e-06
1.0124868106148543e-06
1.0124868106148481e-06
1.0124868106148498e-06
0.00312617213140148
0.004355228321264897
2.1444528323212215e-05
9.52073923934166e-07
9.520739239341719e-07
0.0043722914488471985
0.004372291448847198
0.0043722914488471985
0.004372291448847201
0.0043722914488471985
0.004372291448847201
0.0043722914488471985
0.004372291448847198
0.0043722914488471985
0.004372291448847198
0.0043722914488471985
0.004372291448847201
0.0043722914488471985
0.004372291448847201
0.0043722914488471985
0.004372291448847198
0.003987641922132355
0.0039876419221323576
0.003987641922132354
0.0039876419221323576
0.003987641922132354
0.004378028601581439
0.004378028601581439
0.004378028601581443
0.004378028601581439
0.004378028601581443
0.003480141796406278
0.00348014179640628
0.003480141796406278
0.00348014179640628
0.003480141796406278
0.004273223257836756
0.004273223257836758
0.004273223257836756
0.004273223257836758
0.004273223257836756
6.960196577368054e-07
6.960196577368054e-07
6.960196577368054e-07
6.960196577368054e-07
6.960196577368054e-07
6.960196577368054e-07
6.960196577368054e-07
6.960196577368054e-07
6.960196577368054e-07
1.1222098827422038e-06
1.0124868106148498e-06
1.0124868106148498e-06
1.0124868106148543e-06
1.0124868106148481e-06
1.0124868106148498e-06
1.0124868106148498e-06
1.0124868106148543e-06
1.0124868106148481e-06
1.0124868106148498e-06
0.00312617213140148
0.004355228321264897
2.1444528323212215e-05
9.52073923934166e-07
9.520739239341719e-07
0.001899731548377492
0.001899731548377493
0.001899731548377492
0.0018997315483774899
0.001899731548377492
0.0018997315483774899
0.001899731548377492
0.001899731548377493
0.001899731548377492
0.001899731548377493
0.001899731548377492
0.0018997315483774899
0.001899731548377492
0.0018997315483774899
0.001899731548377492
0.001899731548377493
0.0018083310200797248
0.001808331020079723
0.0018083310200797248
0.001808331020079723
0.0018083310200797248
0.0018932430115279877
0.0018932430115279873
0.0018932430115279877
0.0018932430115279873
0.0018932430115279877
0.0019126952007792533
0.0019126952007792524
0.0019126952007792533
0.0019126952007792524
0.0019126952007792533
0.0021185029377996586
0.0021185029377996634
0.0021185029377996586
0.0021185029377996634
0.0021185029377996595
6.960196577368054e-07
6.960196577368054e-07
6.960196577368054e-07
6.960196577368054e-07
6.960196577368054e-07
6.960196577368054e-07
6.960196577368054e-07
6.960196577368054e-07
6.960196577368054e-07
1.1222098827422038e-06
1.0124868106148498e-06
1.0124868106148498e-06
1.0124868106148543e-06
1.0124868106148481e-06
1.0124868106148498e-06
1.0124868106148498e-06
1.0124868106148543e-06
1.0124868106148481e-06
1.0124868106148498e-06
0.00312617213140148
0.004355228321264897
2.1444528323212215e-05
9.52073923934166e-07
9.520739239341719e-07
0.0018997315483774925
0.0018997315483774914
0.0018997315483774925
0.0018997315483774925
0.0018997315483774925
0.0018997315483774925
0.0018997315483774925
0.0018997315483774914
0.0018997315483774925
0.0018997315483774914
0.0018997315483774925
0.0018997315483774925
0.0018997315483774925
0.0018997315483774925
0.0018997315483774925
0.0018997315483774914
0.004139353985309794
0.004139353985309791
0.004139353985309793
0.004139353985309791
0.004139353985309793
0.0019156532952874052
0.0019156532952874052
0.0019156532952874052
0.0019156532952874052
0.0019156532952874052
0.006841141187366758
0.006841141187366744
0.006841141187366758
0.006841141187366744
0.006841141187366758
0.0021068056970841606
0.002106805697084156
0.0021068056970841606
0.002106805697084156
0.0021068056970841623
5.741066303902839
5.741066303902839
5.741066303902839
5.741066303902839
5.741066303902839
5.741066303902839
5.741066303902839
5.741066303902839
5.741066303902839
3.560572340872233
3.944858056644127
3.944858056644127
3.944858056644123
3.944858056644125
3.944858056644127
3.944858056644127
3.944858056644123
3.944858056644125
3.944858056644127
0.008935441169236063
7.398313803597148e-06
0.1893048707010035
4.196081501653067
4.196081501653062
0.57215331776056
0.5721533177605599
0.5721533177605599
0.5721533177605599
0.5721533177605599
0.57215331776056
0.57215331776056
0.5721533177605608
0.57215331776056
0.5721533177605599
0.5721533177605599
0.5721533177605599
0.5721533177605599
0.57215331776056
0.57215331776056
0.57215331776056
0.57215331776056
0.5721533177605599
0.5721533177605599
0.5721533177605599
0.6743481857952626
0.6743481857952626
0.6743481857952626
0.6743481857952626
0.6743481857952626
0.09923343339248392
0.007843685808852245
0.007843685808852245
0.007843685808852245
0.007843685808852257
0.00784368580885225
0.007843685808852257
0.007843685808852257
0.007843685808852245
0.007843685808852245
0.0012349240143281026
1.9365845668178306e-06
1.9365845668178306e-06
1.9365845668178306e-06
1.9365845668178306e-06
1.936549386156014e-06
1.936549386156014e-06
1.936549386156014e-06
1.936549386156014e-06
1.936549386156014e-06
1.936549386156014e-06
1.6447791506758708e-06
1.6447791506758708e-06
1.6447791506758708e-06
1.6447791506758746e-06
1.6447791506758746e-06
1.6447791506758746e-06
1.6447791506758746e-06
1.6447791506758708e-06
1.6447791506758708e-06
1.6447791506758708e-06
1.2499993752319287
1.2499993752319287
1.2499993752319287
1.2499993752319287
0.57215331776056
0.5721533177605599
0.5721533177605599
0.5721533177605599
0.5721533177605599
0.57215331776056
0.57215331776056
0.5721533177605608
0.57215331776056
0.5721533177605599
0.5721533177605599
0.5721533177605599
0.5721533177605599
0.57215331776056
0.57215331776056
0.57215331776056
0.57215331776056
0.5721533177605599
0.5721533177605599
0.5721533177605599
0.6743481857952626
0.6743481857952626
0.6743481857952626
0.6743481857952626
0.6743481857952626
0.09923343339248392
0.007843685808852245
0.007843685808852245
0.007843685808852245
0.007843685808852257
0.00784368580885225
0.007843685808852257
0.007843685808852257
0.007843685808852245
0.007843685808852245
0.0012349240143281026
1.9365845668178306e-06
1.9365845668178306e-06
1.9365845668178306e-06
1.9365845668178306e-06
1.936549386156014e-06
1.936549386156014e-06
1.936549386156014e-06
1.936549386156014e-06
1.936549386156014e-06
1.936549386156014e-06
1.6447791506758708e-06
1.6447791506758708e-06
1.6447791506758708e-06
1.6447791506758746e-06
1.6447791506758746e-06
1.6447791506758746e-06
1.6447791506758746e-06
1.6447791506758708e-06
1.6447791506758708e-06
1.6447791506758708e-06
1.2499993752319287
1.2499993752319287
1.2499993752319287
1.2499993752319287
0.57215331776056
0.5721533177605599
0.5721533177605599
0.5721533177605599
0.5721533177605599
0.57215331776056
0.57215331776056
0.5721533177605608
0.57215331776056
0.5721533177605599
0.5721533177605599
0.5721533177605599
0.5721533177605599
0.57215331776056
0.57215331776056
0.57215331776056
0.57215331776056
0.5721533177605599
0.5721533177605599
0.5721533177605599
0.6743481857952626
0.6743481857952626
0.6743481857952626
0.6743481857952626
0.6743481857952626
0.09923343339248392
0.007843685808852245
0.007843685808852245
0.007843685808852245
0.007843685808852257
0.00784368580885225
0.007843685808852257
0.007843685808852257
0.007843685808852245
0.007843685808852245
0.0012349240143281026
1.9365845668178306e-06
1.9365845668178306e-06
1.9365845668178306e-06
1.9365845668178306e-06
1.936549386156014e-06
1.936549386156014e-06
1.936549386156014e-06
1.936549386156014e-06
1.936549386156014e-06
1.936549386156014e-06
1.6447791506758708e-06
1.6447791506758708e-06
1.6447791506758708e-06
1.6447791506758746e-06
1.6447791506758746e-06
1.6447791506758746e-06
1.6447791506758746e-06
1.6447791506758708e-06
1.6447791506758708e-06
1.6447791506758708e-06
1.2499993752319287
1.2499993752319287
1.2499993752319287
1.2499993752319287
0.57215331776056
0.5721533177605599
0.5721533177605599
0.5721533177605599
0.5721533177605599
0.57215331776056
0.57215331776056
0.5721533177605608
0.57215331776056
0.5721533177605599
0.5721533177605599
0.5721533177605599
0.5721533177605599
0.57215331776056
0.57215331776056
0.57215331776056
0.57215331776056
0.5721533177605599
0.5721533177605599
0.5721533177605599
0.6743481857952626
0.6743481857952626
0.6743481857952626
0.6743481857952626
0.6743481857952626
0.09923343339248392
0.007843685808852245
0.007843685808852245
0.007843685808852245
0.007843685808852257
0.00784368580885225
0.007843685808852257
0.007843685808852257
0.007843685808852245
0.007843685808852245
0.0012349240143281026
1.9365845668178306e-06
1.9365845668178306e-06
1.9365845668178306e-06
1.9365845668178306e-06
1.936549386156014e-06
1.936549386156014e-06
1.936549386156014e-06
1.936549386156014e-06
1.936549386156014e-06
1.936549386156014e-06
1.6447791506758708e-06
1.6447791506758708e-06
1.6447791506758708e-06
1.6447791506758746e-06
1.6447791506758746e-06
1.6447791506758746e-06
1.6447791506758746e-06
1.6447791506758708e-06
1.6447791506758708e-06
1.6447791506758708e-06
1.2499993752319287
1.2499993752319287
1.2499993752319287
1.2499993752319287
2.711394410254603
2.7113944102546013
2.7113944102546013
2.7113944102546013
2.7113944102546013
2.711394410254603
2.711394410254603
2.7113944102546017
2.711394410254603
2.7113944102546013
2.7113944102546013
2.7113944102546013
2.7113944102546013
2.711394410254603
2.711394410254603
2.711394410254603
2.711394410254603
2.7113944102546013
2.7113944102546013
2.7113944102546013
7.302613592639194
7.302613592639194
7.302613592639194
7.302613592639194
7.302613592639194
9.603293596923493
9.975327622456565
9.975327622456565
9.975327622456565
9.975327622448805
9.975327622476804
9.975327622448805
9.975327622448805
9.975327622456565
9.975327622456565
10.029232928456869
12.063007921381795
12.063007921381795
12.063007921381795
12.063007921381795
7.063008390450429
7.063008390450429
7.063008390450429
7.063008390450429
7.063008390450429
7.063008390450429
7.428734781371427
7.428734781371427
7.428734781371427
7.428734781371507
7.428734781371507
7.428734781371507
7.428734781371507
7.428734781371427
7.428734781371427
7.428734781371427
6.493293021448091e-06
6.493293021448091e-06
6.493293021448091e-06
6.493293021448091e-06
0.003778770511530165
0.003778770511530165
0.003778770511530165
0.003778770511530165
0.003778770511530165
0.003778770511530165
0.003778770511530165
0.003778770511530165
0.003778770511530165
0.003778770511530165
0.003778770511530165
0.003778770511530165
0.003778770511530165
0.003778770511530165
0.003778770511530165
0.003778770511530165
0.003778770511530165
0.003778770511530165
0.003778770511530165
0.003778770511530165
0.003778770511530165
0.003778770511530165
0.003778770511530165
0.003778770511530165
0.003778770511530165
0.003778770511530165
0.003778770511530165
0.003778770511530165
0.003778770511530165
0.003778770511530165
0.003778770511530165
0.003778770511530165
0.003778770511530165
0.003778770511530165
0.003778770511530165
0.003778770511530165
0.003778770511530165
0.003778770511530165
0.003778770511530165
0.003778770511530165
0.003778770511530165
0.003778770511530165
0.003778770511530165
0.003778770511530165
0.003778770511530165
0.003778770511530165
0.003778770511530165
0.003778770511530165
0.003778770511530165
0.003778770511530165
0.003778770511530165
0.003778770511530165
0.003778770511530165
0.003778770511530165
0.003778770511530165
0.003778770511530165
0.003778770511530165
0.003778770511530165
0.003778770511530165
0.003778770511530165
0.003778770511530165
0.003778770511530165
0.003778770511530165
0.003778770511530165
0.003778770511530165
0.003778770511530165
0.003778770511530165
0.003778770511530165
0.003778770511530165
0.003778770511530165
0.003778770511530165
0.003778770511530165
0.003778770511530165
0.003778770511530165
0.003778770511530165
0.003778770511530165
0.003778770511530165
0.003778770511530165
0.003778770511530165
0.003778770511530165
0.003778770511530165
0.003778770511530165
0.003778770511530165
0.003778770511530165
0.003778770511530165
0.003778770511530165
0.003778770511530165
0.003778770511530165
0.003778770511530165
0.003778770511530165
0.003778770511530165
0.003778770511530165
0.003778770511530165
0.003778770511530165
0.003778770511530165
0.003778770511530165
0.003778770511530165
0.003778770511530165
0.003778770511530165
0.003778770511530165
0.003778770511530165
0.003778770511530165
0.003778770511530165
0.003778770511530165
0.003778770511530165
0.003778770511530165
0.003778770511530165
0.003778770511530165
0.003778770511530165
0.003778770511530165
0.003778770511530165
0.003778770511530165
0.003778770511530165
0.003778770511530165
0.003778770511530165
0.003778770511530165
0.003778770511530165
0.003778770511530165
0.003778770511530165
0.003778770511530165
0.003778770511530165
0.003778770511530165
0.003778770511530165
0.003778770511530165
0.003778770511530165
0.003778770511530165
0.003778770511530165
0.003778770511530165
0.003778770511530165
0.003778770511530165
0.003778770511530165
0.003778770511530165
0.003778770511530165
0.003778770511530165
0.003778770511530165
0.003778770511530165
0.003778770511530165
0.003778770511530165
0.003778770511530165
0.003778770511530165
0.003778770511530165
0.003778770511530165
0.003778770511530165
0.003778770511530165
0.003778770511530165
0.003778770511530165
0.003778770511530165
0.003778770511530165
0.003778770511530165
0.003778770511530165
0.003778770511530165
0.003778770511530165
0.003778770511530165
0.003778770511530165
0.003778770511530165
0.003778770511530165
0.003778770511530165
0.003778770511530165
0.003778770511530165
0.003778770511530165
0.003778770511530165
0.003778770511530165
0.003778770511530165
0.003778770511530165
0.003778770511530165
0.003778770511530165
0.003778770511530165
0.003778770511530165
0.003778770511530165
0.003778770511530165
0.003778770511530165
0.003778770511530165
0.003778770511530165
0.003778770511530165
0.003778770511530165
0.003778770511530165
0.003778770511530165
0.003778770511530165
0.003778770511530165
0.003778770511530165
0.003778770511530165
0.003778770511530165
0.003778770511530165
0.003778770511530165
0.003778770511530165
0.003778770511530165
0.003778770511530165
0.003778770511530165
0.003778770511530165
0.003778770511530165
0.003778770511530165
0.003778770511530165
0.003778770511530165
0.003778770511530165
0.003778770511530165
0.003778770511530165
0.003778770511530165
0.003778770511530165
0.003778770511530165
0.003778770511530165
0.003778770511530165
0.003778770511530165
0.003778770511530165
0.003778770511530165
0.003778770511530165
0.003778770511530165
0.003778770511530165
0.003778770511530165
0.003778770511530165
0.003778770511530165
0.003778770511530165
0.003778770511530165
0.003778770511530165
0.003778770511530165
0.003778770511530165
0.003778770511530165
0.003778770511530165
0.003778770511530165
0.003778770511530165
0.003778770511530165
0.003778770511530165
0.003778770511530165
0.003778770511530165
0.003778770511530165
0.003778770511530165
0.003778770511530165
0.003778770511530165
0.003778770511530165
0.003778770511530165
0.003778770511530165
0.003778770511530165
0.003778770511530165
0.003778770511530165
0.003778770511530165
0.003778770511530165
0.003778770511530165
0.003778770511530165
0.003778770511530165
0.003778770511530165
0.003778770511530165
0.003778770511530165
0.003778770511530165
0.003778770511530165
0.003778770511530165
0.003778770511530165
0.003778770511530165
0.003778770511530165
0.003778770511530165
0.003778770511530165
0.003778770511530165
0.003778770511530165
0.003778770511530165
0.003778770511530165
0.003778770511530165
0.003778770511530165
0.003778770511530165
0.003778770511530165
0.003778770511530165
0.003778770511530165
0.003778770511530165
0.003778770511530165
0.003778770511530165
0.003778770511530165
0.003778770511530165
0.003778770511530165
0.003778770511530165
0.003778770511530165
0.003778770511530165
0.003778770511530165
0.003778770511530165
0.003778770511530165
0.003778770511530165
0.003778770511530165
0.003778770511530165
0.003778770511530165
0.003778770511530165
0.003778770511530165
0.003778770511530165
0.003778770511530165
0.003778770511530165
0.003778770511530165
0.003778770511530165
0.003778770511530165
0.003778770511530165
0.003778770511530165
0.003778770511530165
0.003778770511530165
0.003778770511530165
0.003778770511530165
0.003778770511530165
0.003778770511530165
0.003778770511530165
0.003778770511530165
0.003778770511530165
0.003778770511530165
0.003778770511530165
0.003778770511530165
0.003778770511530165
0.003778770511530165
0.003778770511530165
